#!ascii label  , from subject sub-v1s8x0051341_ses-1 vox2ras=TkReg
1551
51044  -31.278  -35.637  83.271 0.0000000000
70887  -44.454  -13.321  67.902 0.0000000000
57575  -33.818  -27.789  73.095 0.0000000000
50218  -0.816  -36.596  84.128 0.0000000000
116064  -16.257  -38.926  89.696 0.0000000000
53702  -7.773  -32.427  79.630 0.0000000000
55642  -7.155  -31.481  88.181 0.0000000000
64689  -38.285  -20.322  71.149 0.0000000000
56660  -2.448  -29.456  74.112 0.0000000000
49291  -2.190  -37.477  92.316 0.0000000000
54755  -30.152  -32.559  77.180 0.0000000000
134241  -26.105  -37.504  83.297 0.0000000000
46589  -24.464  -39.251  86.084 0.0000000000
121613  -46.545  -11.544  64.457 0.0000000000
60380  -37.404  -25.399  71.771 0.0000000000
49360  -13.972  -37.719  84.787 0.0000000000
58440  -2.730  -27.374  79.020 0.0000000000
53661  -3.638  -33.590  81.912 0.0000000000
52738  -3.731  -34.382  78.367 0.0000000000
50249  -1.509  -37.427  79.408 0.0000000000
50155  -10.928  -36.066  93.260 0.0000000000
51788  -6.875  -34.086  94.572 0.0000000000
116072  -31.128  -26.368  75.964 0.0000000000
47457  -21.761  -38.853  89.964 0.0000000000
45648  -18.801  -41.522  87.538 0.0000000000
54687  -6.992  -32.309  85.004 0.0000000000
118497  -3.030  -34.129  87.132 0.0000000000
66453  -42.585  -17.730  68.952 0.0000000000
50986  -13.140  -35.246  89.806 0.0000000000
51856  -14.522  -33.571  85.295 0.0000000000
55749  -6.013  -30.557  75.921 0.0000000000
119211  -1.986  -33.769  73.847 0.0000000000
115203  -8.732  -31.300  91.984 0.0000000000
54631  -3.367  -33.157  91.476 0.0000000000
131344  -0.360  -36.316  88.954 0.0000000000
123296  -32.016  -32.888  82.832 0.0000000000
130202  -30.725  -35.722  81.322 0.0000000000
52728  -31.159  -33.643  80.593 0.0000000000
49382  -28.890  -37.778  82.970 0.0000000000
115942  -27.998  -37.259  81.160 0.0000000000
47507  -28.062  -37.944  84.936 0.0000000000
71795  -45.483  -12.143  65.847 0.0000000000
138099  -41.214  -15.170  67.951 0.0000000000
71784  -41.769  -11.784  66.416 0.0000000000
71804  -43.373  -11.696  64.937 0.0000000000
57588  -35.438  -27.831  72.014 0.0000000000
58504  -31.617  -26.492  72.625 0.0000000000
58546  -32.606  -27.370  70.940 0.0000000000
57628  -34.434  -28.450  69.847 0.0000000000
52703  -1.612  -34.647  83.629 0.0000000000
51895  -2.391  -35.026  81.169 0.0000000000
120114  -1.369  -37.310  82.297 0.0000000000
121206  -0.587  -39.006  80.621 0.0000000000
48464  -0.848  -38.909  83.068 0.0000000000
138064  -9.926  -36.847  91.206 0.0000000000
49305  -8.588  -36.529  92.664 0.0000000000
123642  -29.349  -25.663  78.133 0.0000000000
56615  -29.982  -29.943  78.995 0.0000000000
55756  -28.900  -30.916  76.720 0.0000000000
57515  -28.372  -28.175  78.524 0.0000000000
58465  -28.162  -26.902  76.369 0.0000000000
131094  -24.005  -37.479  89.278 0.0000000000
46604  -22.389  -39.069  85.001 0.0000000000
45660  -21.802  -40.680  86.821 0.0000000000
74221  -43.202  -9.425  62.076 0.0000000000
75025  -43.037  -8.461  60.247 0.0000000000
54674  -6.828  -31.847  86.479 0.0000000000
53626  -4.658  -34.059  85.810 0.0000000000
54667  -5.324  -33.213  87.812 0.0000000000
65565  -40.659  -19.269  69.685 0.0000000000
62107  -35.555  -23.266  69.405 0.0000000000
64693  -36.782  -20.690  69.232 0.0000000000
65583  -38.284  -19.298  67.866 0.0000000000
51819  -14.092  -34.128  91.724 0.0000000000
52648  -14.591  -33.483  90.252 0.0000000000
57497  -7.178  -29.075  79.661 0.0000000000
57511  -6.230  -28.938  78.115 0.0000000000
54743  -7.483  -31.317  77.825 0.0000000000
138723  -1.965  -36.354  76.270 0.0000000000
52758  -2.565  -34.527  75.538 0.0000000000
51089  -1.707  -35.739  74.202 0.0000000000
55565  -10.015  -31.641  93.963 0.0000000000
50943  -5.266  -34.772  94.055 0.0000000000
53561  -4.854  -33.085  93.374 0.0000000000
51808  -2.456  -34.821  92.001 0.0000000000
52647  -1.895  -34.695  89.511 0.0000000000
50157  -0.719  -37.185  90.944 0.0000000000
54728  -30.543  -31.747  79.839 0.0000000000
47471  -26.158  -38.837  87.561 0.0000000000
47487  -27.133  -38.527  86.102 0.0000000000
124947  -25.863  -38.283  84.850 0.0000000000
74217  -46.733  -9.832  63.178 0.0000000000
72654  -42.825  -10.938  63.090 0.0000000000
62926  -37.551  -22.672  72.110 0.0000000000
59508  -35.949  -25.957  68.843 0.0000000000
45621  -15.400  -40.704  88.595 0.0000000000
48427  -15.039  -38.030  87.861 0.0000000000
115110  -2.694  -28.371  76.261 0.0000000000
53675  -5.000  -32.987  81.623 0.0000000000
117470  -4.968  -32.832  78.817 0.0000000000
52732  -3.580  -34.147  80.593 0.0000000000
120941  -2.608  -35.845  79.218 0.0000000000
125783  -1.530  -37.597  77.017 0.0000000000
51799  -12.005  -34.092  95.308 0.0000000000
53548  -9.846  -32.887  94.708 0.0000000000
50947  -8.689  -34.676  94.621 0.0000000000
50955  -6.702  -35.473  94.130 0.0000000000
58479  -32.132  -27.359  74.760 0.0000000000
59434  -29.814  -25.505  74.314 0.0000000000
46548  -18.948  -39.699  90.701 0.0000000000
46566  -22.834  -39.857  88.843 0.0000000000
45626  -20.077  -40.875  88.895 0.0000000000
45624  -18.004  -41.714  90.120 0.0000000000
55697  -8.467  -30.256  81.559 0.0000000000
132456  -8.306  -29.754  83.240 0.0000000000
53666  -7.833  -32.249  82.145 0.0000000000
53651  -4.913  -33.684  83.761 0.0000000000
53636  -2.760  -34.012  84.291 0.0000000000
52682  -1.247  -35.165  85.206 0.0000000000
69178  -43.798  -15.688  68.443 0.0000000000
67406  -39.748  -17.689  67.359 0.0000000000
51810  -13.414  -34.363  93.605 0.0000000000
50971  -12.479  -35.619  90.991 0.0000000000
116506  -11.034  -36.697  89.108 0.0000000000
50208  -16.736  -36.029  86.258 0.0000000000
52679  -16.897  -33.550  86.252 0.0000000000
124981  -15.278  -32.720  87.432 0.0000000000
51841  -13.238  -34.333  87.590 0.0000000000
51007  -11.577  -35.493  86.491 0.0000000000
57483  -2.800  -28.353  80.102 0.0000000000
57522  -3.740  -28.648  77.175 0.0000000000
56647  -3.257  -29.441  75.306 0.0000000000
124960  -4.727  -32.856  76.778 0.0000000000
53755  -3.542  -32.015  74.414 0.0000000000
54764  -2.218  -31.470  73.632 0.0000000000
55615  -7.239  -31.086  90.271 0.0000000000
54615  -7.700  -32.269  94.167 0.0000000000
55584  -5.757  -31.420  92.131 0.0000000000
55626  -5.571  -32.392  89.508 0.0000000000
53592  -2.724  -33.986  89.154 0.0000000000
134719  -1.412  -35.364  88.306 0.0000000000
50204  -0.045  -36.407  86.102 0.0000000000
48381  -0.630  -38.965  92.107 0.0000000000
136802  -0.887  -39.088  89.921 0.0000000000
48447  -0.559  -38.674  84.765 0.0000000000
51883  -31.916  -34.572  83.348 0.0000000000
51875  -32.001  -34.464  84.010 0.0000000000
50237  -30.773  -35.845  82.114 0.0000000000
51051  -31.428  -35.017  82.124 0.0000000000
49383  -29.932  -36.864  83.146 0.0000000000
49395  -29.815  -36.582  82.045 0.0000000000
50222  -31.037  -36.237  84.239 0.0000000000
49376  -30.085  -37.175  83.899 0.0000000000
71780  -44.900  -12.874  67.184 0.0000000000
70021  -42.438  -14.070  68.267 0.0000000000
70885  -41.763  -13.310  67.807 0.0000000000
71778  -43.186  -12.318  67.440 0.0000000000
71786  -43.752  -11.974  66.787 0.0000000000
57586  -34.509  -28.012  72.506 0.0000000000
58508  -36.106  -27.510  73.405 0.0000000000
58496  -35.162  -27.644  73.702 0.0000000000
58518  -32.257  -26.887  72.260 0.0000000000
57602  -33.448  -27.705  72.183 0.0000000000
57603  -33.972  -27.971  71.696 0.0000000000
51876  -1.293  -35.195  84.086 0.0000000000
123403  -1.471  -35.876  82.720 0.0000000000
122988  -1.346  -36.600  82.908 0.0000000000
118080  -1.264  -38.006  82.403 0.0000000000
50223  -1.154  -37.444  83.285 0.0000000000
49331  -9.941  -36.894  89.849 0.0000000000
49313  -9.276  -36.815  91.319 0.0000000000
57503  -29.134  -28.383  79.709 0.0000000000
56614  -29.206  -29.492  78.608 0.0000000000
57502  -28.573  -27.930  79.265 0.0000000000
58449  -28.562  -27.292  78.639 0.0000000000
75016  -45.111  -8.673  62.404 0.0000000000
74232  -43.307  -8.721  61.343 0.0000000000
75824  -44.698  -6.830  60.942 0.0000000000
55654  -7.092  -31.433  87.384 0.0000000000
54668  -6.059  -32.555  87.466 0.0000000000
54660  -5.874  -32.488  87.946 0.0000000000
65551  -40.153  -19.615  70.375 0.0000000000
65552  -41.741  -19.558  70.974 0.0000000000
136612  -36.752  -21.615  70.244 0.0000000000
62938  -35.723  -22.220  69.223 0.0000000000
64694  -37.551  -20.357  69.652 0.0000000000
64700  -38.208  -19.761  69.237 0.0000000000
52649  -15.178  -32.874  90.683 0.0000000000
53593  -15.843  -32.371  89.798 0.0000000000
48400  -17.339  -38.045  90.414 0.0000000000
49333  -16.501  -37.512  89.441 0.0000000000
130973  -2.132  -28.103  74.516 0.0000000000
55702  -8.258  -30.733  79.591 0.0000000000
55720  -7.967  -30.875  78.535 0.0000000000
54734  -7.720  -31.929  78.616 0.0000000000
50302  -1.620  -36.750  75.212 0.0000000000
51923  -1.866  -35.667  74.693 0.0000000000
50314  -1.605  -36.528  74.602 0.0000000000
55567  -12.058  -31.268  94.128 0.0000000000
55554  -11.392  -31.690  94.322 0.0000000000
50953  -3.683  -35.675  93.279 0.0000000000
51802  -3.767  -34.444  93.322 0.0000000000
50951  -1.920  -36.266  92.497 0.0000000000
50966  -1.166  -36.077  90.927 0.0000000000
50149  -1.349  -37.055  91.653 0.0000000000
53682  -31.628  -32.347  81.854 0.0000000000
129491  -31.072  -33.007  80.363 0.0000000000
54720  -31.235  -31.421  80.756 0.0000000000
56603  -31.032  -30.099  80.296 0.0000000000
131875  -27.110  -37.924  84.714 0.0000000000
126275  -26.916  -38.115  84.930 0.0000000000
47516  -25.655  -38.160  84.585 0.0000000000
47515  -24.823  -38.132  84.368 0.0000000000
73453  -46.274  -10.501  63.633 0.0000000000
72640  -44.398  -11.586  64.528 0.0000000000
71813  -43.089  -11.614  64.067 0.0000000000
72648  -44.802  -11.117  63.989 0.0000000000
73452  -45.230  -10.566  63.536 0.0000000000
61265  -37.396  -24.111  72.003 0.0000000000
63784  -38.410  -21.626  73.074 0.0000000000
131339  -38.213  -23.400  73.284 0.0000000000
58558  -36.140  -27.409  70.009 0.0000000000
123988  -35.626  -27.656  69.289 0.0000000000
59497  -36.661  -25.718  70.388 0.0000000000
61263  -36.435  -24.531  70.680 0.0000000000
58446  -2.683  -26.705  78.022 0.0000000000
122901  -2.465  -27.152  76.462 0.0000000000
58452  -2.619  -27.702  77.238 0.0000000000
53674  -4.087  -33.125  81.604 0.0000000000
53687  -3.877  -33.321  80.918 0.0000000000
53673  -3.770  -33.450  81.330 0.0000000000
51062  -1.736  -36.374  80.640 0.0000000000
51900  -2.495  -35.470  80.358 0.0000000000
51068  -1.776  -36.921  79.001 0.0000000000
51071  -1.812  -37.035  77.761 0.0000000000
50260  -1.575  -37.613  78.257 0.0000000000
132035  -0.976  -38.676  79.155 0.0000000000
50960  -11.836  -35.231  94.777 0.0000000000
50949  -10.626  -34.698  95.010 0.0000000000
50959  -10.617  -35.952  94.120 0.0000000000
49304  -7.677  -36.490  92.620 0.0000000000
50151  -7.343  -36.342  93.258 0.0000000000
49296  -6.409  -36.461  93.070 0.0000000000
50142  -5.854  -36.155  93.620 0.0000000000
59420  -31.586  -26.971  75.338 0.0000000000
59403  -29.584  -25.654  76.647 0.0000000000
115158  -28.547  -25.889  74.909 0.0000000000
133331  -30.280  -25.743  74.962 0.0000000000
135755  -31.507  -26.516  74.039 0.0000000000
49326  -21.464  -37.522  90.534 0.0000000000
49317  -19.676  -37.668  91.309 0.0000000000
47455  -20.347  -39.179  90.466 0.0000000000
46580  -25.577  -39.300  86.662 0.0000000000
47470  -24.397  -39.565  88.286 0.0000000000
46572  -23.587  -40.155  88.089 0.0000000000
45649  -20.198  -40.918  87.407 0.0000000000
45638  -20.979  -41.007  87.832 0.0000000000
45636  -19.441  -41.327  88.814 0.0000000000
45625  -19.040  -41.582  89.794 0.0000000000
44711  -18.814  -41.936  89.090 0.0000000000
44708  -17.139  -42.047  89.179 0.0000000000
55682  -7.154  -31.179  85.290 0.0000000000
54688  -7.374  -31.631  84.618 0.0000000000
55692  -8.367  -30.667  83.029 0.0000000000
54692  -7.281  -32.537  84.099 0.0000000000
53653  -6.720  -33.173  83.306 0.0000000000
53640  -6.604  -33.189  84.414 0.0000000000
122280  -3.898  -33.856  86.227 0.0000000000
132991  -4.090  -33.975  84.945 0.0000000000
53624  -2.877  -33.875  85.215 0.0000000000
132947  -1.820  -34.317  84.511 0.0000000000
53622  -2.153  -34.560  86.413 0.0000000000
122678  -43.538  -16.868  68.776 0.0000000000
68299  -45.172  -16.505  68.651 0.0000000000
67385  -44.418  -17.044  68.918 0.0000000000
66451  -40.651  -18.357  68.417 0.0000000000
66461  -39.543  -18.355  67.591 0.0000000000
67397  -41.378  -17.246  68.182 0.0000000000
68316  -41.334  -16.672  68.040 0.0000000000
123820  -14.402  -33.039  93.656 0.0000000000
51830  -13.543  -34.640  90.294 0.0000000000
50972  -12.965  -35.112  91.524 0.0000000000
50979  -12.638  -35.700  90.135 0.0000000000
50175  -11.895  -36.002  90.410 0.0000000000
50191  -12.101  -35.973  89.038 0.0000000000
48435  -14.258  -38.264  86.387 0.0000000000
49347  -15.527  -37.411  87.368 0.0000000000
135874  -15.386  -36.897  86.051 0.0000000000
125058  -15.053  -34.000  84.474 0.0000000000
51019  -16.159  -35.159  85.212 0.0000000000
52684  -15.827  -33.765  85.421 0.0000000000
120918  -16.205  -32.911  86.146 0.0000000000
52669  -14.727  -33.263  86.457 0.0000000000
130329  -14.596  -33.172  87.284 0.0000000000
51848  -14.141  -33.583  86.147 0.0000000000
123120  -11.966  -34.977  85.986 0.0000000000
57473  -3.563  -28.377  80.663 0.0000000000
56620  -6.125  -29.368  76.639 0.0000000000
57523  -5.118  -28.547  77.966 0.0000000000
57539  -5.201  -29.158  76.646 0.0000000000
56632  -3.635  -29.210  76.030 0.0000000000
56648  -4.119  -29.880  75.511 0.0000000000
116094  -4.284  -33.142  78.773 0.0000000000
116307  -4.777  -32.727  77.930 0.0000000000
53715  -4.071  -33.745  76.887 0.0000000000
115743  -2.330  -33.935  74.750 0.0000000000
52760  -3.220  -33.353  75.424 0.0000000000
53736  -2.780  -33.090  74.710 0.0000000000
54765  -2.398  -31.401  73.815 0.0000000000
53752  -2.255  -32.557  73.452 0.0000000000
123480  -1.846  -32.283  72.729 0.0000000000
55601  -7.797  -31.206  91.620 0.0000000000
52608  -8.306  -33.576  94.702 0.0000000000
54594  -8.315  -32.725  94.641 0.0000000000
53555  -7.423  -32.896  94.366 0.0000000000
54620  -3.717  -32.532  92.093 0.0000000000
54622  -5.186  -32.337  92.761 0.0000000000
54628  -4.714  -32.052  92.118 0.0000000000
55597  -5.265  -32.172  91.490 0.0000000000
55596  -4.734  -32.862  91.114 0.0000000000
54651  -4.100  -33.509  89.509 0.0000000000
54641  -3.224  -33.569  90.778 0.0000000000
51829  -0.392  -35.912  89.125 0.0000000000
52654  -1.650  -34.742  89.063 0.0000000000
51835  -0.509  -35.936  88.832 0.0000000000
123169  -0.468  -36.120  87.162 0.0000000000
117350  -0.597  -36.209  87.975 0.0000000000
47438  -0.514  -39.625  91.702 0.0000000000
47443  -0.329  -39.410  91.367 0.0000000000
120467  -32.068  -32.138  82.597 0.0000000000
50244  -29.801  -36.170  80.152 0.0000000000
132020  -30.572  -35.239  79.693 0.0000000000
51057  -30.849  -35.371  80.742 0.0000000000
52720  -31.470  -33.442  81.628 0.0000000000
49381  -27.845  -37.766  82.919 0.0000000000
49393  -28.317  -37.571  82.154 0.0000000000
49409  -29.347  -36.672  80.955 0.0000000000
48463  -28.871  -38.041  83.884 0.0000000000
71806  -45.546  -11.994  65.065 0.0000000000
70893  -40.427  -13.070  66.688 0.0000000000
71792  -40.561  -12.064  65.131 0.0000000000
71802  -41.345  -12.032  64.319 0.0000000000
71794  -42.494  -11.547  65.740 0.0000000000
71805  -44.585  -11.823  65.322 0.0000000000
59476  -36.718  -26.829  71.400 0.0000000000
60373  -37.870  -25.076  73.207 0.0000000000
60362  -37.658  -25.965  73.671 0.0000000000
60340  -38.055  -25.798  76.257 0.0000000000
59461  -29.689  -25.721  72.624 0.0000000000
59475  -30.408  -26.109  71.383 0.0000000000
58532  -31.292  -26.568  70.979 0.0000000000
129048  -32.241  -27.332  70.201 0.0000000000
117863  -32.367  -27.641  69.566 0.0000000000
57614  -33.202  -27.721  70.697 0.0000000000
57617  -35.039  -28.090  70.887 0.0000000000
53660  -2.604  -34.203  82.970 0.0000000000
52719  -3.167  -34.243  81.922 0.0000000000
52711  -2.026  -34.887  82.339 0.0000000000
51055  -1.699  -35.929  81.391 0.0000000000
138798  -1.427  -37.173  80.982 0.0000000000
132959  -0.986  -38.492  80.534 0.0000000000
48482  -1.020  -38.577  81.234 0.0000000000
131697  -0.985  -38.859  81.645 0.0000000000
50164  -10.612  -36.775  92.090 0.0000000000
50154  -10.027  -36.159  93.371 0.0000000000
49314  -9.960  -37.099  91.803 0.0000000000
122517  -29.985  -25.428  77.413 0.0000000000
55742  -29.872  -31.535  78.448 0.0000000000
54754  -30.055  -31.974  76.670 0.0000000000
55740  -29.349  -30.547  77.472 0.0000000000
55739  -28.683  -29.996  77.001 0.0000000000
56642  -28.204  -29.281  76.409 0.0000000000
58456  -28.265  -27.273  77.255 0.0000000000
59393  -29.157  -25.779  77.376 0.0000000000
48411  -22.686  -38.095  89.689 0.0000000000
46597  -24.089  -39.008  85.639 0.0000000000
46588  -22.654  -40.379  86.800 0.0000000000
46587  -22.116  -40.166  86.235 0.0000000000
45667  -20.419  -40.414  86.141 0.0000000000
73469  -41.721  -10.700  60.496 0.0000000000
73472  -42.125  -10.304  59.622 0.0000000000
73479  -42.710  -9.868  58.886 0.0000000000
131265  -43.383  -9.669  58.552 0.0000000000
54678  -6.881  -32.012  85.783 0.0000000000
54686  -6.542  -33.077  85.364 0.0000000000
54677  -6.423  -32.848  86.222 0.0000000000
54672  -5.497  -33.314  87.260 0.0000000000
53609  -4.582  -33.776  87.480 0.0000000000
65576  -41.289  -18.907  69.405 0.0000000000
65567  -42.635  -19.147  70.215 0.0000000000
63807  -35.384  -21.774  68.573 0.0000000000
63813  -35.789  -20.913  68.224 0.0000000000
118355  -36.930  -19.935  67.827 0.0000000000
64707  -38.043  -19.615  68.510 0.0000000000
65574  -39.826  -19.248  68.908 0.0000000000
119587  -14.577  -33.405  93.052 0.0000000000
52640  -15.027  -33.008  91.830 0.0000000000
51826  -14.080  -34.105  90.800 0.0000000000
51831  -14.033  -34.019  89.835 0.0000000000
51031  -15.156  -35.508  83.622 0.0000000000
119298  -13.058  -33.923  84.952 0.0000000000
135968  -6.335  -28.662  79.865 0.0000000000
57496  -5.560  -28.488  79.678 0.0000000000
56594  -7.103  -29.302  78.649 0.0000000000
56621  -7.282  -29.975  77.274 0.0000000000
55750  -6.671  -30.961  76.388 0.0000000000
51913  -2.686  -35.438  77.201 0.0000000000
136305  -3.040  -34.660  76.837 0.0000000000
51918  -2.313  -35.167  75.501 0.0000000000
51930  -2.053  -35.235  74.771 0.0000000000
52780  -1.695  -34.624  73.798 0.0000000000
55591  -12.527  -30.779  93.126 0.0000000000
55577  -10.417  -31.473  93.280 0.0000000000
55576  -9.456  -31.596  93.296 0.0000000000
136145  -5.843  -34.641  94.141 0.0000000000
53553  -6.464  -33.618  94.005 0.0000000000
52613  -5.068  -33.940  93.953 0.0000000000
126475  -4.050  -33.720  93.210 0.0000000000
53564  -2.960  -33.615  91.857 0.0000000000
53575  -2.360  -33.992  90.345 0.0000000000
52632  -1.744  -34.574  90.559 0.0000000000
135467  -1.159  -36.013  90.201 0.0000000000
50172  -0.666  -36.294  89.788 0.0000000000
52754  -30.206  -33.572  77.872 0.0000000000
51910  -30.579  -34.064  79.184 0.0000000000
52740  -30.611  -33.645  79.033 0.0000000000
53710  -30.393  -32.877  78.607 0.0000000000
55727  -30.348  -31.200  79.285 0.0000000000
131853  -30.416  -29.606  79.741 0.0000000000
46581  -26.198  -38.931  86.181 0.0000000000
47495  -27.573  -38.074  85.331 0.0000000000
47494  -26.749  -38.347  85.327 0.0000000000
46598  -25.218  -38.782  85.518 0.0000000000
46606  -24.819  -38.638  85.151 0.0000000000
71817  -41.563  -11.991  62.908 0.0000000000
73459  -43.012  -10.142  62.613 0.0000000000
120992  -44.935  -9.480  62.704 0.0000000000
64673  -37.603  -21.016  71.551 0.0000000000
64675  -39.377  -20.202  72.089 0.0000000000
64655  -38.902  -20.658  72.802 0.0000000000
57640  -33.673  -28.375  68.515 0.0000000000
61282  -35.800  -24.987  69.057 0.0000000000
62930  -36.484  -23.267  70.771 0.0000000000
46552  -15.639  -40.003  89.134 0.0000000000
48409  -15.783  -38.747  89.308 0.0000000000
47461  -14.831  -39.568  88.374 0.0000000000
48426  -14.039  -38.881  86.990 0.0000000000
58460  -2.398  -27.896  75.834 0.0000000000
57550  -2.606  -28.589  75.508 0.0000000000
53689  -6.409  -32.906  80.615 0.0000000000
53701  -6.902  -32.991  79.712 0.0000000000
115549  -5.180  -32.981  79.702 0.0000000000
53698  -4.178  -33.471  79.693 0.0000000000
53707  -3.934  -34.209  79.639 0.0000000000
52726  -3.256  -34.288  80.938 0.0000000000
114971  -3.443  -34.492  80.228 0.0000000000
51908  -2.904  -35.354  78.489 0.0000000000
51907  -2.614  -36.029  77.901 0.0000000000
54597  -11.531  -32.208  94.700 0.0000000000
52611  -11.290  -33.194  95.061 0.0000000000
52617  -9.815  -33.799  94.827 0.0000000000
51795  -8.211  -34.185  94.723 0.0000000000
50146  -8.671  -35.956  93.895 0.0000000000
50956  -7.389  -35.401  94.211 0.0000000000
122188  -6.545  -34.843  94.302 0.0000000000
50944  -6.110  -35.515  94.062 0.0000000000
124739  -4.849  -36.354  93.142 0.0000000000
121550  -3.170  -37.126  92.561 0.0000000000
57568  -33.408  -27.638  73.539 0.0000000000
58495  -34.029  -27.608  74.104 0.0000000000
58481  -33.449  -27.357  74.710 0.0000000000
54760  -30.167  -31.998  75.813 0.0000000000
59460  -28.733  -25.664  72.997 0.0000000000
58492  -32.083  -27.171  73.975 0.0000000000
48391  -18.657  -38.395  90.981 0.0000000000
133783  -17.733  -39.375  90.351 0.0000000000
48420  -25.201  -37.811  88.351 0.0000000000
131975  -23.792  -38.967  89.026 0.0000000000
129313  -22.445  -39.528  89.337 0.0000000000
131919  -22.006  -40.934  87.496 0.0000000000
46564  -21.463  -40.378  89.316 0.0000000000
46559  -21.249  -40.006  89.927 0.0000000000
45615  -19.832  -40.436  90.042 0.0000000000
46556  -18.536  -40.575  90.518 0.0000000000
46554  -16.946  -40.497  89.736 0.0000000000
45611  -16.593  -41.134  89.571 0.0000000000
74246  -44.621  -9.385  58.022 0.0000000000
131093  -45.704  -10.801  58.020 0.0000000000
74248  -46.871  -10.170  57.836 0.0000000000
56585  -8.012  -29.701  80.183 0.0000000000
54713  -8.386  -31.666  80.848 0.0000000000
55693  -8.511  -29.981  82.385 0.0000000000
134996  -8.272  -31.639  81.987 0.0000000000
53678  -7.603  -32.585  81.407 0.0000000000
124792  -6.232  -33.138  82.235 0.0000000000
132963  -5.301  -33.070  82.330 0.0000000000
53650  -4.172  -33.610  82.920 0.0000000000
53638  -4.892  -34.015  84.778 0.0000000000
119946  -4.124  -33.970  84.052 0.0000000000
53649  -2.996  -34.055  83.415 0.0000000000
53647  -1.766  -34.328  83.923 0.0000000000
52692  -1.395  -34.812  84.472 0.0000000000
51866  -0.950  -35.353  84.964 0.0000000000
70007  -44.535  -14.948  68.384 0.0000000000
65591  -37.930  -18.898  67.179 0.0000000000
66469  -38.321  -18.202  66.800 0.0000000000
67404  -38.583  -17.515  66.570 0.0000000000
68315  -40.571  -16.458  67.644 0.0000000000
69197  -42.071  -15.187  68.346 0.0000000000
51805  -12.423  -34.641  94.834 0.0000000000
134350  -12.210  -35.565  93.487 0.0000000000
51813  -13.649  -34.661  92.904 0.0000000000
50968  -12.982  -35.128  92.402 0.0000000000
50162  -11.869  -36.088  92.208 0.0000000000
50182  -10.731  -36.627  89.736 0.0000000000
49339  -15.735  -37.622  88.343 0.0000000000
50192  -16.815  -36.532  88.018 0.0000000000
51003  -17.626  -35.279  87.262 0.0000000000
132342  -16.338  -35.724  85.608 0.0000000000
51009  -17.232  -35.264  86.406 0.0000000000
52672  -17.323  -33.425  86.830 0.0000000000
52671  -16.802  -32.717  86.489 0.0000000000
53611  -16.888  -32.012  86.875 0.0000000000
53601  -15.965  -32.263  88.626 0.0000000000
52662  -15.235  -32.761  88.423 0.0000000000
51837  -14.007  -33.917  88.880 0.0000000000
119255  -13.424  -34.403  88.538 0.0000000000
51854  -12.701  -34.432  86.004 0.0000000000
51008  -12.123  -34.952  86.768 0.0000000000
50993  -12.480  -35.362  88.637 0.0000000000
50198  -11.072  -36.200  87.854 0.0000000000
57493  -2.635  -28.090  79.596 0.0000000000
117270  -4.618  -28.422  79.360 0.0000000000
57495  -3.698  -28.468  78.871 0.0000000000
57508  -3.081  -28.365  78.337 0.0000000000
57537  -3.235  -28.652  76.623 0.0000000000
57551  -2.986  -28.843  75.809 0.0000000000
56661  -2.597  -29.636  74.281 0.0000000000
135686  -6.554  -32.503  78.272 0.0000000000
54741  -6.250  -31.753  76.669 0.0000000000
54752  -5.893  -31.283  75.893 0.0000000000
52753  -3.389  -33.865  76.155 0.0000000000
53738  -4.275  -32.150  75.005 0.0000000000
54758  -4.589  -31.243  74.936 0.0000000000
55774  -3.976  -30.761  74.756 0.0000000000
55772  -2.480  -30.484  73.974 0.0000000000
55771  -2.257  -30.236  73.792 0.0000000000
119293  -1.675  -30.812  72.993 0.0000000000
54605  -9.504  -32.155  94.538 0.0000000000
54616  -8.835  -32.033  94.410 0.0000000000
55574  -7.691  -31.791  93.261 0.0000000000
54614  -6.411  -32.644  93.530 0.0000000000
55561  -6.630  -32.152  93.296 0.0000000000
55586  -7.231  -31.563  92.607 0.0000000000
55599  -6.242  -31.199  91.601 0.0000000000
133421  -6.381  -31.603  90.564 0.0000000000
55627  -6.483  -31.898  88.965 0.0000000000
54652  -4.822  -32.755  89.060 0.0000000000
54658  -4.183  -33.414  88.737 0.0000000000
53607  -2.804  -34.099  88.056 0.0000000000
53591  -2.445  -34.147  89.269 0.0000000000
53598  -2.312  -34.184  88.821 0.0000000000
53615  -2.139  -34.742  87.496 0.0000000000
130193  -1.378  -35.586  87.025 0.0000000000
51845  -0.241  -35.955  86.142 0.0000000000
125594  0.116  -36.289  85.404 0.0000000000
49292  -2.602  -37.919  92.117 0.0000000000
115760  -1.642  -39.304  91.810 0.0000000000
49299  -1.529  -38.252  91.801 0.0000000000
49297  -0.805  -37.963  91.261 0.0000000000
120056  -0.796  -37.708  90.689 0.0000000000
49320  -0.959  -37.713  89.658 0.0000000000
47458  -0.691  -39.239  89.184 0.0000000000
49337  -0.830  -37.407  88.217 0.0000000000
119577  -0.637  -37.729  86.831 0.0000000000
121574  -0.029  -36.985  85.555 0.0000000000
131944  -0.117  -37.396  84.797 0.0000000000
48454  -0.656  -38.761  83.895 0.0000000000
47508  -0.691  -39.439  83.368 0.0000000000
51040  -31.650  -35.256  83.464 0.0000000000
51882  -31.846  -35.073  83.822 0.0000000000
50232  -30.805  -35.954  82.974 0.0000000000
51045  -31.517  -35.092  82.915 0.0000000000
50226  -30.475  -36.510  83.437 0.0000000000
50227  -31.021  -36.175  83.676 0.0000000000
51039  -31.552  -35.708  83.964 0.0000000000
71781  -45.885  -13.131  66.954 0.0000000000
70888  -45.359  -13.422  67.528 0.0000000000
125810  -43.485  -13.687  68.258 0.0000000000
70886  -42.742  -13.022  68.011 0.0000000000
71779  -44.064  -12.564  67.383 0.0000000000
57577  -34.897  -27.927  72.994 0.0000000000
57576  -34.261  -27.879  73.036 0.0000000000
57584  -33.445  -27.655  72.898 0.0000000000
58519  -32.893  -27.329  72.637 0.0000000000
57585  -33.994  -27.927  72.478 0.0000000000
51034  -1.270  -35.949  83.612 0.0000000000
138631  -1.204  -36.660  83.527 0.0000000000
49322  -9.123  -36.984  89.871 0.0000000000
55653  -6.493  -32.031  87.574 0.0000000000
55641  -6.506  -31.937  88.066 0.0000000000
64696  -39.167  -19.887  70.720 0.0000000000
64691  -40.949  -19.742  71.139 0.0000000000
64690  -39.999  -19.921  71.397 0.0000000000
64688  -37.551  -20.656  70.598 0.0000000000
63804  -36.957  -21.026  70.044 0.0000000000
64695  -38.330  -20.080  70.149 0.0000000000
53587  -16.304  -31.829  90.187 0.0000000000
138498  -15.782  -32.355  90.621 0.0000000000
48399  -16.772  -38.387  90.054 0.0000000000
49324  -16.897  -37.795  90.151 0.0000000000
48410  -16.312  -38.270  89.791 0.0000000000
57561  -2.315  -28.779  74.403 0.0000000000
122820  -1.969  -28.217  73.698 0.0000000000
54725  -8.329  -31.661  80.075 0.0000000000
125571  -8.157  -31.589  79.235 0.0000000000
54607  -12.068  -31.786  94.501 0.0000000000
50139  -2.871  -36.502  92.873 0.0000000000
50952  -2.574  -35.865  93.047 0.0000000000
50138  -2.109  -36.719  92.533 0.0000000000
50137  -1.686  -36.760  92.189 0.0000000000
49290  -1.656  -37.410  92.082 0.0000000000
54721  -31.600  -31.611  81.540 0.0000000000
119773  -31.812  -30.903  81.592 0.0000000000
55707  -31.473  -30.535  80.925 0.0000000000
120282  -26.698  -37.724  84.102 0.0000000000
47517  -26.457  -38.130  84.825 0.0000000000
48460  -25.918  -37.826  84.097 0.0000000000
72649  -45.889  -11.111  64.057 0.0000000000
72641  -45.640  -11.620  64.500 0.0000000000
61255  -37.434  -24.693  71.902 0.0000000000
61256  -37.686  -24.155  72.424 0.0000000000
59486  -37.002  -25.978  71.138 0.0000000000
127621  -36.551  -26.623  70.569 0.0000000000
60387  -36.981  -25.222  71.227 0.0000000000
61264  -36.898  -24.649  71.390 0.0000000000
132125  -2.733  -27.647  78.015 0.0000000000
138376  -2.656  -27.299  77.597 0.0000000000
53662  -3.765  -33.420  82.057 0.0000000000
122619  -3.762  -33.246  81.668 0.0000000000
129626  -1.656  -36.768  79.916 0.0000000000
49431  -1.327  -38.188  78.769 0.0000000000
50963  -11.604  -35.769  94.016 0.0000000000
123070  -11.065  -35.413  94.708 0.0000000000
49303  -6.844  -36.497  92.674 0.0000000000
135050  -31.878  -26.788  75.929 0.0000000000
59405  -31.736  -26.316  76.560 0.0000000000
52762  -30.172  -33.352  77.109 0.0000000000
60325  -30.183  -25.706  75.773 0.0000000000
125227  -30.895  -26.337  75.254 0.0000000000
48403  -21.978  -38.174  90.006 0.0000000000
48402  -21.281  -38.376  90.296 0.0000000000
48401  -20.696  -38.607  90.492 0.0000000000
131008  -24.798  -39.402  86.511 0.0000000000
46573  -24.636  -39.700  87.287 0.0000000000
46579  -23.776  -39.933  86.856 0.0000000000
134069  -19.455  -41.192  87.818 0.0000000000
139472  -18.957  -41.583  88.290 0.0000000000
45635  -18.509  -41.913  88.198 0.0000000000
55683  -7.534  -30.472  84.645 0.0000000000
54693  -7.875  -31.423  83.755 0.0000000000
53617  -3.092  -33.861  86.189 0.0000000000
53623  -2.412  -34.110  85.775 0.0000000000
53616  -2.616  -34.208  86.576 0.0000000000
67384  -42.742  -17.165  68.697 0.0000000000
66454  -43.503  -17.585  69.163 0.0000000000
66452  -41.396  -18.384  68.825 0.0000000000
66463  -41.013  -17.814  68.277 0.0000000000
67383  -41.900  -17.633  68.562 0.0000000000
67398  -42.072  -16.882  68.368 0.0000000000
50980  -13.071  -35.224  90.641 0.0000000000
50184  -12.204  -35.934  89.707 0.0000000000
50985  -12.638  -35.613  89.405 0.0000000000
48444  -14.384  -37.662  85.543 0.0000000000
49354  -14.851  -37.519  86.211 0.0000000000
51857  -15.806  -34.385  84.972 0.0000000000
136084  -15.321  -33.749  85.098 0.0000000000
52677  -15.574  -33.178  85.915 0.0000000000
52676  -15.023  -33.430  85.689 0.0000000000
57485  -4.740  -28.400  80.346 0.0000000000
56634  -5.745  -29.810  76.162 0.0000000000
56633  -4.651  -29.564  76.103 0.0000000000
56649  -5.165  -30.259  75.599 0.0000000000
52739  -4.087  -34.041  77.865 0.0000000000
115240  -4.252  -33.227  77.913 0.0000000000
52770  -2.420  -33.161  74.147 0.0000000000
53753  -2.572  -32.347  73.918 0.0000000000
53761  -1.936  -33.268  72.986 0.0000000000
55588  -9.687  -31.342  92.411 0.0000000000
52607  -7.546  -33.674  94.684 0.0000000000
53545  -7.383  -33.376  94.538 0.0000000000
52606  -7.176  -33.844  94.686 0.0000000000
54621  -4.482  -32.479  92.414 0.0000000000
54627  -3.809  -32.437  91.983 0.0000000000
55582  -4.492  -32.184  91.909 0.0000000000
54632  -4.054  -32.986  91.456 0.0000000000
50984  -0.417  -35.984  89.090 0.0000000000
50991  -0.552  -35.991  88.452 0.0000000000
124171  -0.475  -36.214  88.657 0.0000000000
45596  -1.555  -40.935  91.471 0.0000000000
46543  -0.928  -40.337  91.328 0.0000000000
50245  -30.452  -35.838  80.533 0.0000000000
52718  -31.796  -33.601  82.401 0.0000000000
51889  -31.510  -34.309  81.825 0.0000000000
127808  -31.796  -32.863  82.327 0.0000000000
138768  -28.362  -37.839  82.858 0.0000000000
50236  -30.433  -36.087  81.592 0.0000000000
49410  -30.036  -36.263  81.036 0.0000000000
119618  -29.475  -37.642  83.651 0.0000000000
126721  -29.181  -37.954  84.241 0.0000000000
115061  -28.342  -37.915  83.503 0.0000000000
71796  -46.438  -12.329  65.650 0.0000000000
69202  -39.890  -15.022  67.318 0.0000000000
69201  -39.222  -15.403  66.884 0.0000000000
70894  -41.262  -12.655  66.995 0.0000000000
70900  -40.043  -12.642  65.798 0.0000000000
71793  -41.464  -11.695  65.468 0.0000000000
116929  -44.458  -11.939  66.150 0.0000000000
58536  -36.154  -27.471  71.891 0.0000000000
59477  -37.024  -26.879  72.187 0.0000000000
58521  -36.528  -27.331  72.786 0.0000000000
58497  -36.681  -26.816  74.375 0.0000000000
59450  -37.211  -26.569  74.143 0.0000000000
59425  -37.638  -26.172  75.833 0.0000000000
59462  -30.706  -25.978  72.211 0.0000000000
58533  -32.066  -26.939  71.418 0.0000000000
58545  -31.867  -26.997  70.561 0.0000000000
119126  -32.740  -27.601  70.286 0.0000000000
57605  -34.985  -28.030  71.609 0.0000000000
123529  -34.480  -28.087  71.253 0.0000000000
58535  -35.495  -27.775  71.385 0.0000000000
52712  -1.778  -34.405  83.263 0.0000000000
53671  -2.513  -34.422  82.575 0.0000000000
133830  -1.931  -34.588  82.959 0.0000000000
51046  -1.471  -36.398  81.985 0.0000000000
126408  -1.696  -35.534  82.153 0.0000000000
128990  -1.540  -36.657  81.142 0.0000000000
50233  -1.416  -37.221  81.489 0.0000000000
49396  -1.279  -37.813  80.899 0.0000000000
49384  -1.308  -37.964  81.696 0.0000000000
134535  -1.087  -38.416  82.769 0.0000000000
130502  -1.173  -38.543  81.964 0.0000000000
48472  -0.930  -39.078  82.141 0.0000000000
47526  -0.401  -39.816  81.723 0.0000000000
47519  -0.696  -39.578  82.575 0.0000000000
50173  -10.553  -36.683  91.452 0.0000000000
55726  -30.101  -30.719  78.712 0.0000000000
55741  -29.908  -30.951  77.860 0.0000000000
55725  -29.728  -30.222  78.191 0.0000000000
56613  -28.574  -28.977  78.188 0.0000000000
56627  -28.906  -29.794  77.840 0.0000000000
56626  -28.355  -29.121  77.326 0.0000000000
57544  -27.886  -28.156  76.707 0.0000000000
57530  -28.191  -28.254  77.692 0.0000000000
59387  -28.676  -26.527  77.869 0.0000000000
49335  -23.201  -37.389  89.681 0.0000000000
46596  -22.902  -39.450  85.640 0.0000000000
73466  -42.402  -9.899  61.787 0.0000000000
73465  -41.850  -10.397  61.373 0.0000000000
74230  -42.110  -9.836  60.906 0.0000000000
74235  -42.611  -9.165  60.597 0.0000000000
137023  -42.646  -9.030  59.829 0.0000000000
74238  -42.598  -9.388  59.338 0.0000000000
75030  -43.094  -8.457  59.305 0.0000000000
75823  -43.437  -7.856  59.874 0.0000000000
66436  -42.127  -18.743  69.518 0.0000000000
65566  -41.719  -19.278  70.130 0.0000000000
62116  -35.128  -23.787  68.858 0.0000000000
63808  -36.056  -21.219  68.881 0.0000000000
64698  -36.702  -20.413  68.339 0.0000000000
64699  -37.424  -20.008  68.835 0.0000000000
136322  -39.983  -19.447  69.608 0.0000000000
65573  -38.816  -19.410  68.654 0.0000000000
65575  -40.643  -18.855  68.882 0.0000000000
53577  -15.480  -32.474  92.358 0.0000000000
52639  -14.609  -33.599  91.269 0.0000000000
51878  -14.446  -34.718  83.295 0.0000000000
55734  -7.524  -30.551  77.750 0.0000000000
56608  -7.573  -29.986  78.132 0.0000000000
55733  -7.225  -30.694  77.049 0.0000000000
51077  -2.334  -35.974  76.692 0.0000000000
52751  -2.693  -34.938  76.437 0.0000000000
130672  -2.399  -35.468  76.201 0.0000000000
51929  -1.809  -35.159  74.220 0.0000000000
52769  -1.975  -34.622  74.350 0.0000000000
118070  -1.633  -35.102  73.722 0.0000000000
51102  -1.663  -35.601  73.481 0.0000000000
55566  -10.944  -31.465  94.028 0.0000000000
55578  -11.607  -31.259  93.361 0.0000000000
120826  -5.698  -34.250  94.101 0.0000000000
130302  -4.973  -34.319  94.007 0.0000000000
51801  -2.880  -35.032  92.915 0.0000000000
52623  -3.274  -34.218  92.625 0.0000000000
52629  -3.569  -33.511  92.487 0.0000000000
52628  -2.772  -34.068  91.849 0.0000000000
52633  -2.209  -33.866  91.204 0.0000000000
52627  -1.858  -34.607  91.266 0.0000000000
50158  -0.816  -36.594  90.669 0.0000000000
50965  -0.981  -36.298  90.273 0.0000000000
121974  -0.722  -36.556  90.216 0.0000000000
127499  -0.627  -36.285  89.917 0.0000000000
50163  -0.726  -37.066  90.580 0.0000000000
51920  -29.981  -33.864  77.696 0.0000000000
51914  -30.208  -34.147  78.249 0.0000000000
51896  -30.949  -34.818  80.235 0.0000000000
51902  -30.608  -34.579  79.394 0.0000000000
51903  -30.910  -34.226  79.919 0.0000000000
53691  -30.778  -32.347  80.214 0.0000000000
53703  -30.809  -33.163  79.541 0.0000000000
54738  -30.530  -32.604  79.363 0.0000000000
53711  -30.640  -33.247  78.972 0.0000000000
54737  -30.077  -32.107  79.003 0.0000000000
49392  -27.217  -37.056  80.974 0.0000000000
47481  -27.053  -38.582  86.483 0.0000000000
46582  -26.787  -38.740  86.122 0.0000000000
134092  -26.789  -38.690  86.020 0.0000000000
48452  -28.464  -37.929  85.024 0.0000000000
47506  -27.657  -37.989  85.003 0.0000000000
47505  -26.724  -38.199  85.053 0.0000000000
47493  -26.353  -38.386  85.204 0.0000000000
46599  -26.168  -38.610  85.478 0.0000000000
47504  -25.767  -38.506  85.166 0.0000000000
116932  -25.334  -38.407  84.855 0.0000000000
122951  -23.947  -38.040  84.231 0.0000000000
74223  -45.984  -9.254  62.759 0.0000000000
116032  -42.211  -11.735  64.843 0.0000000000
71803  -42.244  -11.765  64.137 0.0000000000
72647  -43.669  -11.312  63.745 0.0000000000
71812  -42.058  -11.688  63.606 0.0000000000
72646  -42.563  -11.430  63.473 0.0000000000
72653  -41.817  -11.377  62.690 0.0000000000
73458  -42.060  -10.571  62.242 0.0000000000
73461  -45.665  -9.991  63.084 0.0000000000
135310  -44.768  -10.084  63.084 0.0000000000
63796  -37.281  -21.853  71.743 0.0000000000
64674  -38.393  -20.631  72.043 0.0000000000
63797  -37.871  -21.648  72.310 0.0000000000
63768  -38.646  -21.721  73.899 0.0000000000
64641  -38.930  -21.020  73.636 0.0000000000
61242  -38.241  -24.737  73.813 0.0000000000
62893  -38.335  -23.627  74.354 0.0000000000
57627  -33.801  -28.315  69.433 0.0000000000
57626  -33.030  -28.013  69.061 0.0000000000
58569  -35.940  -26.803  69.018 0.0000000000
59517  -35.265  -25.920  68.459 0.0000000000
60402  -35.718  -25.490  68.830 0.0000000000
62097  -37.280  -23.423  71.912 0.0000000000
62102  -36.290  -24.016  70.645 0.0000000000
62925  -36.917  -22.618  71.440 0.0000000000
47451  -15.421  -39.560  88.912 0.0000000000
46562  -14.603  -39.894  88.128 0.0000000000
46577  -14.163  -39.606  87.300 0.0000000000
120240  -2.386  -26.313  76.723 0.0000000000
131932  -2.540  -27.929  76.589 0.0000000000
57549  -2.351  -28.385  75.086 0.0000000000
53676  -5.905  -32.958  81.408 0.0000000000
117888  -5.981  -32.853  79.954 0.0000000000
116677  -5.346  -33.000  80.663 0.0000000000
115066  -3.960  -33.508  80.591 0.0000000000
136204  -4.158  -33.366  80.074 0.0000000000
53697  -3.910  -34.007  80.145 0.0000000000
51888  -2.504  -34.699  81.841 0.0000000000
131686  -2.846  -34.534  81.384 0.0000000000
51901  -2.975  -35.117  79.749 0.0000000000
52737  -3.384  -34.726  79.019 0.0000000000
50274  -1.713  -36.871  76.611 0.0000000000
48489  -0.720  -38.806  79.863 0.0000000000
47539  -0.179  -39.432  79.908 0.0000000000
52619  -11.587  -33.586  95.274 0.0000000000
50948  -9.680  -34.713  94.839 0.0000000000
51797  -10.158  -34.197  94.955 0.0000000000
51796  -9.245  -34.200  94.800 0.0000000000
50153  -9.090  -36.294  93.398 0.0000000000
50144  -7.024  -36.031  93.778 0.0000000000
50145  -7.772  -35.955  93.798 0.0000000000
50945  -7.154  -34.821  94.464 0.0000000000
136264  -6.233  -34.945  94.203 0.0000000000
49294  -5.388  -36.426  93.140 0.0000000000
49293  -4.092  -36.936  92.760 0.0000000000
58493  -32.794  -27.490  74.128 0.0000000000
58494  -33.431  -27.581  74.154 0.0000000000
58480  -32.869  -27.466  74.842 0.0000000000
55757  -29.640  -31.333  77.120 0.0000000000
54753  -29.367  -31.764  76.337 0.0000000000
128948  -28.709  -25.642  74.068 0.0000000000
59448  -29.519  -25.594  73.370 0.0000000000
59436  -31.521  -26.922  74.738 0.0000000000
58506  -32.850  -27.402  73.410 0.0000000000
48392  -19.267  -38.356  91.118 0.0000000000
47447  -18.951  -38.931  91.054 0.0000000000
47446  -18.291  -38.983  90.756 0.0000000000
47469  -23.460  -39.602  88.744 0.0000000000
47464  -22.917  -39.224  89.193 0.0000000000
45627  -20.808  -40.827  88.680 0.0000000000
45616  -20.557  -40.491  89.537 0.0000000000
46558  -20.594  -39.900  90.185 0.0000000000
45614  -18.636  -41.345  90.330 0.0000000000
45613  -18.127  -41.131  90.331 0.0000000000
129495  -17.634  -40.667  90.038 0.0000000000
45612  -17.540  -41.262  89.898 0.0000000000
45623  -17.328  -41.705  89.670 0.0000000000
44718  -17.704  -42.208  88.646 0.0000000000
44707  -16.469  -41.772  88.847 0.0000000000
74245  -43.894  -9.105  58.355 0.0000000000
73481  -44.246  -10.114  58.346 0.0000000000
75034  -44.527  -8.571  58.045 0.0000000000
73483  -46.474  -11.024  57.981 0.0000000000
131514  -46.320  -9.301  57.643 0.0000000000
56577  -7.852  -29.219  81.043 0.0000000000
56578  -8.264  -29.803  81.032 0.0000000000
55703  -8.415  -30.682  80.652 0.0000000000
123464  -7.908  -29.614  84.157 0.0000000000
125286  -8.141  -31.572  82.714 0.0000000000
54704  -8.196  -32.061  81.417 0.0000000000
53665  -7.166  -32.878  82.290 0.0000000000
53652  -5.785  -33.469  83.708 0.0000000000
53664  -5.795  -33.331  82.917 0.0000000000
128109  -4.985  -33.331  82.963 0.0000000000
53663  -4.470  -33.134  82.276 0.0000000000
53627  -5.771  -33.680  85.638 0.0000000000
53637  -3.444  -33.944  84.613 0.0000000000
116958  -3.422  -34.010  83.618 0.0000000000
53648  -2.221  -34.229  83.338 0.0000000000
53635  -2.148  -34.138  84.022 0.0000000000
52693  -1.541  -34.625  84.662 0.0000000000
69179  -44.835  -15.765  68.453 0.0000000000
115043  -34.757  -27.488  74.035 0.0000000000
65582  -37.442  -19.516  67.518 0.0000000000
66470  -39.076  -17.958  67.009 0.0000000000
67405  -39.240  -17.328  66.859 0.0000000000
68323  -39.332  -16.750  66.907 0.0000000000
68324  -39.845  -16.977  67.332 0.0000000000
68317  -42.095  -16.143  68.355 0.0000000000
69177  -42.867  -15.679  68.430 0.0000000000
70006  -43.353  -14.805  68.423 0.0000000000
51806  -13.158  -34.000  94.487 0.0000000000
51809  -12.837  -34.693  94.098 0.0000000000
52634  -14.566  -33.571  92.257 0.0000000000
51814  -14.185  -34.151  92.621 0.0000000000
50967  -12.434  -35.632  91.879 0.0000000000
118840  -12.362  -35.585  92.708 0.0000000000
50166  -11.884  -36.038  91.394 0.0000000000
50183  -11.547  -36.309  89.562 0.0000000000
135739  -11.154  -36.354  90.259 0.0000000000
118129  -10.330  -36.886  89.120 0.0000000000
50189  -10.743  -36.721  88.526 0.0000000000
48419  -15.328  -38.413  88.679 0.0000000000
49356  -15.979  -36.744  86.707 0.0000000000
49348  -16.198  -36.955  87.673 0.0000000000
50199  -16.779  -36.401  87.139 0.0000000000
50200  -17.315  -36.027  87.588 0.0000000000
51010  -17.198  -35.851  86.898 0.0000000000
49362  -15.437  -36.560  85.242 0.0000000000
50214  -15.950  -35.862  85.032 0.0000000000
51858  -16.345  -34.479  85.525 0.0000000000
51020  -16.725  -35.230  85.773 0.0000000000
51849  -16.947  -34.446  85.992 0.0000000000
51850  -17.383  -34.401  86.663 0.0000000000
52670  -16.120  -32.591  86.754 0.0000000000
53610  -16.113  -32.351  87.545 0.0000000000
130166  -13.953  -33.788  87.937 0.0000000000
51018  -12.226  -34.783  85.042 0.0000000000
51001  -12.339  -34.947  87.734 0.0000000000
51000  -11.629  -35.484  87.380 0.0000000000
50992  -11.771  -35.647  88.271 0.0000000000
57472  -2.616  -28.308  81.046 0.0000000000
130233  -2.388  -28.078  80.510 0.0000000000
57494  -2.958  -28.338  79.205 0.0000000000
57510  -5.423  -28.532  78.826 0.0000000000
123889  -4.645  -28.702  77.245 0.0000000000
57509  -3.905  -28.518  77.962 0.0000000000
57521  -3.143  -28.424  77.495 0.0000000000
56646  -2.760  -29.162  75.036 0.0000000000
55761  -2.950  -29.790  74.547 0.0000000000
53700  -6.099  -32.824  79.036 0.0000000000
116129  -7.150  -32.663  78.818 0.0000000000
53709  -5.693  -32.534  78.105 0.0000000000
53716  -5.578  -32.371  77.181 0.0000000000
53725  -5.431  -32.063  76.245 0.0000000000
52752  -2.949  -34.359  76.275 0.0000000000
53737  -3.457  -32.714  74.890 0.0000000000
54767  -3.782  -31.349  74.514 0.0000000000
121663  -2.099  -30.841  73.772 0.0000000000
122856  -1.961  -30.856  73.635 0.0000000000
55629  -7.577  -31.279  89.351 0.0000000000
53549  -10.937  -32.761  94.769 0.0000000000
54596  -10.374  -32.304  94.599 0.0000000000
54595  -9.200  -32.539  94.646 0.0000000000
54603  -7.886  -32.506  94.474 0.0000000000
54604  -8.591  -32.320  94.553 0.0000000000
123971  -8.192  -32.196  94.397 0.0000000000
55563  -8.173  -31.952  94.028 0.0000000000
55562  -7.382  -32.098  93.629 0.0000000000
54600  -5.967  -33.386  93.704 0.0000000000
54601  -6.506  -33.153  93.786 0.0000000000
138184  -6.080  -32.909  93.564 0.0000000000
55571  -5.459  -31.845  92.420 0.0000000000
54623  -5.862  -32.205  93.087 0.0000000000
55572  -6.136  -31.758  92.745 0.0000000000
55573  -6.886  -31.800  93.026 0.0000000000
55585  -6.448  -31.465  92.358 0.0000000000
124445  -7.010  -31.320  91.908 0.0000000000
55612  -5.457  -32.480  90.560 0.0000000000
55613  -5.967  -31.979  90.993 0.0000000000
125230  -6.208  -32.087  90.053 0.0000000000
55640  -5.728  -32.387  88.604 0.0000000000
54657  -3.263  -33.754  89.045 0.0000000000
53600  -3.419  -33.796  88.431 0.0000000000
53599  -2.660  -33.993  88.815 0.0000000000
53584  -2.264  -34.409  90.263 0.0000000000
53585  -2.510  -34.227  89.719 0.0000000000
53590  -2.259  -34.265  89.365 0.0000000000
52660  -1.492  -35.014  88.729 0.0000000000
53597  -1.979  -34.351  88.969 0.0000000000
53605  -1.908  -34.700  88.373 0.0000000000
53606  -2.393  -34.357  88.174 0.0000000000
52668  -1.632  -35.263  87.678 0.0000000000
133464  -1.733  -35.080  86.743 0.0000000000
51006  -0.225  -36.135  86.574 0.0000000000
131536  0.036  -36.052  85.877 0.0000000000
51016  -0.107  -35.712  85.297 0.0000000000
48377  -2.421  -38.605  91.835 0.0000000000
47439  -1.356  -39.689  91.965 0.0000000000
131720  -1.728  -39.440  91.800 0.0000000000
135481  -1.141  -39.215  92.139 0.0000000000
132656  -1.338  -38.963  91.860 0.0000000000
48375  -1.009  -38.766  91.966 0.0000000000
48374  -0.802  -38.619  91.773 0.0000000000
47449  -0.628  -39.272  90.769 0.0000000000
133406  -0.572  -38.655  91.129 0.0000000000
118086  -0.908  -38.529  90.273 0.0000000000
138953  -0.904  -38.118  90.340 0.0000000000
48414  -0.779  -38.434  88.479 0.0000000000
48423  -0.788  -38.011  87.634 0.0000000000
49343  -0.683  -37.154  87.335 0.0000000000
118084  -0.448  -37.688  86.047 0.0000000000
118083  -0.344  -37.836  85.240 0.0000000000
118082  -0.501  -38.046  84.422 0.0000000000
52710  -32.062  -33.719  83.023 0.0000000000
128316  -32.132  -32.991  83.417 0.0000000000
52702  -32.126  -33.784  83.648 0.0000000000
52701  -31.958  -33.725  84.326 0.0000000000
128816  -31.032  -35.448  81.668 0.0000000000
51886  -31.743  -34.406  82.623 0.0000000000
134119  -29.470  -37.235  82.793 0.0000000000
50231  -30.384  -36.266  82.578 0.0000000000
49370  -30.086  -37.235  84.473 0.0000000000
50221  -30.597  -36.713  84.086 0.0000000000
50217  -31.172  -35.733  84.785 0.0000000000
71787  -45.244  -12.525  66.534 0.0000000000
71788  -46.299  -12.726  66.305 0.0000000000
70020  -41.463  -14.347  68.023 0.0000000000
71785  -42.794  -11.715  66.677 0.0000000000
137849  -44.467  -12.343  66.821 0.0000000000
57587  -34.953  -28.033  72.237 0.0000000000
58520  -35.844  -27.732  72.616 0.0000000000
131839  -35.331  -27.905  72.576 0.0000000000
58507  -35.520  -27.765  73.235 0.0000000000
59437  -36.278  -26.769  74.593 0.0000000000
58534  -32.790  -27.324  71.835 0.0000000000
117206  -33.352  -27.696  71.391 0.0000000000
57604  -34.489  -28.094  71.950 0.0000000000
51884  -1.610  -35.163  83.059 0.0000000000
117561  -10.406  -36.633  90.608 0.0000000000
49323  -9.527  -36.772  90.592 0.0000000000
56601  -29.570  -29.160  79.339 0.0000000000
57516  -28.744  -28.737  79.014 0.0000000000
135891  -28.349  -27.517  78.006 0.0000000000
59388  -28.979  -26.406  78.793 0.0000000000
49336  -24.690  -36.940  88.720 0.0000000000
74222  -44.078  -8.971  62.270 0.0000000000
74231  -42.695  -9.384  61.348 0.0000000000
75820  -45.365  -7.064  61.654 0.0000000000
55663  -7.228  -31.192  86.598 0.0000000000
55662  -6.691  -31.871  87.098 0.0000000000
116292  -41.046  -19.487  70.467 0.0000000000
62933  -36.135  -22.753  69.901 0.0000000000
63803  -36.441  -21.673  69.675 0.0000000000
65564  -39.203  -19.576  69.667 0.0000000000
53586  -15.565  -32.462  91.385 0.0000000000
52656  -15.187  -32.851  89.519 0.0000000000
49315  -18.069  -37.462  90.607 0.0000000000
58472  -2.182  -27.579  74.975 0.0000000000
128640  -1.969  -27.375  74.078 0.0000000000
56595  -7.808  -29.898  79.091 0.0000000000
50290  -1.756  -36.526  75.718 0.0000000000
51917  -2.049  -35.820  75.531 0.0000000000
51084  -1.784  -36.152  75.120 0.0000000000
51083  -1.727  -36.129  74.724 0.0000000000
54618  -10.500  -31.745  94.302 0.0000000000
51803  -4.366  -34.805  93.713 0.0000000000
117994  -3.465  -35.150  93.270 0.0000000000
50962  -2.091  -35.643  92.340 0.0000000000
51807  -1.621  -35.458  91.427 0.0000000000
119560  -1.509  -36.265  91.736 0.0000000000
139030  -1.088  -36.608  91.184 0.0000000000
50148  -0.916  -37.202  91.178 0.0000000000
53692  -31.286  -32.948  81.160 0.0000000000
128909  -31.196  -32.250  81.054 0.0000000000
55714  -30.864  -30.899  80.134 0.0000000000
49408  -28.558  -36.831  80.508 0.0000000000
47518  -27.658  -37.989  84.903 0.0000000000
73451  -44.037  -10.568  63.330 0.0000000000
62920  -38.060  -22.782  72.732 0.0000000000
116045  -38.412  -22.619  73.749 0.0000000000
57629  -35.098  -28.330  69.540 0.0000000000
129444  -36.397  -26.324  69.624 0.0000000000
129423  -36.250  -25.426  69.494 0.0000000000
60393  -36.567  -25.060  70.500 0.0000000000
45620  -14.696  -40.249  88.096 0.0000000000
131493  -2.563  -26.898  77.219 0.0000000000
116688  -4.511  -33.136  81.027 0.0000000000
52727  -3.798  -33.733  80.996 0.0000000000
51894  -2.030  -35.697  80.881 0.0000000000
51063  -2.107  -36.261  79.881 0.0000000000
51069  -2.249  -36.515  78.549 0.0000000000
49444  -1.352  -38.261  77.717 0.0000000000
128972  -0.982  -38.790  78.294 0.0000000000
51804  -11.792  -34.675  95.152 0.0000000000
51798  -11.251  -34.244  95.160 0.0000000000
50950  -11.331  -34.883  95.052 0.0000000000
124534  -10.165  -35.403  94.605 0.0000000000
50152  -8.151  -36.294  93.281 0.0000000000
50150  -6.782  -36.350  93.296 0.0000000000
50143  -6.376  -36.160  93.662 0.0000000000
49295  -5.861  -36.480  93.037 0.0000000000
59421  -32.335  -27.197  75.488 0.0000000000
59418  -28.939  -25.899  75.873 0.0000000000
59419  -29.608  -25.618  75.122 0.0000000000
59435  -30.949  -26.014  74.509 0.0000000000
49318  -20.598  -37.778  90.932 0.0000000000
48393  -20.023  -38.432  90.851 0.0000000000
47448  -19.565  -39.071  90.811 0.0000000000
47479  -25.491  -39.356  87.534 0.0000000000
125524  -25.049  -38.780  88.277 0.0000000000
45650  -21.065  -40.909  87.109 0.0000000000
45637  -20.105  -40.928  88.168 0.0000000000
119917  -19.642  -40.952  89.568 0.0000000000
44710  -18.471  -42.004  89.835 0.0000000000
44709  -17.804  -42.149  89.556 0.0000000000
44719  -18.267  -42.244  88.955 0.0000000000
71826  -42.343  -12.073  59.899 0.0000000000
55688  -8.034  -30.351  83.795 0.0000000000
53654  -7.526  -32.372  83.060 0.0000000000
53625  -3.618  -33.870  85.499 0.0000000000
118201  -2.254  -34.109  84.856 0.0000000000
53634  -1.898  -34.433  85.296 0.0000000000
52683  -1.605  -34.868  85.700 0.0000000000
68297  -43.019  -16.395  68.523 0.0000000000
68298  -44.130  -16.361  68.595 0.0000000000
65584  -39.241  -18.993  68.050 0.0000000000
66460  -38.762  -18.624  67.385 0.0000000000
66462  -40.279  -18.061  67.874 0.0000000000
67396  -40.597  -17.296  67.779 0.0000000000
52630  -13.753  -33.636  93.775 0.0000000000
51825  -13.543  -34.642  91.186 0.0000000000
51818  -13.530  -34.590  92.067 0.0000000000
50190  -11.411  -36.329  88.744 0.0000000000
121920  -14.486  -38.468  87.368 0.0000000000
49346  -14.871  -37.806  86.999 0.0000000000
49355  -15.324  -37.291  86.667 0.0000000000
51032  -15.695  -35.095  84.383 0.0000000000
52678  -16.383  -33.693  85.785 0.0000000000
129820  -15.380  -32.855  86.626 0.0000000000
51842  -13.972  -33.683  87.015 0.0000000000
51847  -13.364  -34.054  86.584 0.0000000000
50206  -11.088  -36.111  86.213 0.0000000000
125923  -11.161  -35.953  86.994 0.0000000000
57484  -3.628  -28.446  79.752 0.0000000000
57524  -6.650  -29.371  77.156 0.0000000000
134064  -5.722  -28.871  77.228 0.0000000000
57538  -4.138  -28.977  76.650 0.0000000000
55762  -3.646  -30.145  74.892 0.0000000000
52759  -2.838  -33.840  75.498 0.0000000000
53754  -2.947  -32.206  74.195 0.0000000000
54773  -1.881  -31.535  73.238 0.0000000000
53547  -8.797  -33.043  94.726 0.0000000000
53546  -7.972  -33.209  94.654 0.0000000000
54593  -7.855  -32.932  94.590 0.0000000000
120641  -7.443  -32.560  94.180 0.0000000000
53566  -4.408  -32.855  92.684 0.0000000000
54613  -4.973  -32.713  93.131 0.0000000000
55583  -5.173  -31.676  92.012 0.0000000000
55598  -5.722  -31.438  91.724 0.0000000000
54643  -4.757  -32.870  90.023 0.0000000000
54642  -4.076  -33.527  90.533 0.0000000000
54650  -3.240  -33.967  89.825 0.0000000000
52646  -1.188  -35.460  89.085 0.0000000000
52653  -1.070  -35.648  88.930 0.0000000000
52659  -0.980  -35.770  88.536 0.0000000000
52667  -1.055  -35.904  87.736 0.0000000000
51840  -0.589  -36.064  88.119 0.0000000000
50999  -0.557  -36.131  87.547 0.0000000000
50196  -0.462  -36.450  87.050 0.0000000000
46538  -1.005  -40.054  91.896 0.0000000000
47435  -0.721  -39.400  92.080 0.0000000000
116868  -0.252  -39.125  91.891 0.0000000000
133925  -0.596  -39.707  90.878 0.0000000000
136379  -0.671  -38.468  87.147 0.0000000000
50255  -30.119  -35.711  79.507 0.0000000000
51897  -31.192  -34.272  80.887 0.0000000000
51058  -31.204  -34.931  81.223 0.0000000000
48471  -27.002  -37.491  83.152 0.0000000000
116398  -28.689  -37.158  81.315 0.0000000000
49394  -29.102  -37.186  82.033 0.0000000000
49375  -29.603  -37.667  84.326 0.0000000000
117944  -28.676  -37.962  84.526 0.0000000000
48462  -28.262  -37.897  84.334 0.0000000000
48461  -27.602  -37.740  84.002 0.0000000000
71807  -46.684  -12.026  64.992 0.0000000000
72642  -47.554  -11.564  64.665 0.0000000000
70028  -40.064  -14.005  67.205 0.0000000000
70892  -39.620  -13.503  66.449 0.0000000000
70899  -39.232  -13.121  65.567 0.0000000000
72632  -43.510  -11.590  66.008 0.0000000000
137071  -44.027  -11.705  65.582 0.0000000000
121158  -37.239  -26.211  71.748 0.0000000000
60381  -37.666  -24.770  72.414 0.0000000000
60372  -37.469  -25.808  72.538 0.0000000000
60363  -38.156  -25.548  74.317 0.0000000000
58509  -36.666  -27.067  73.670 0.0000000000
59451  -37.716  -26.155  74.814 0.0000000000
58517  -31.476  -26.468  71.813 0.0000000000
58544  -31.126  -26.737  70.163 0.0000000000
58556  -31.651  -27.168  69.703 0.0000000000
116194  -33.293  -27.961  70.022 0.0000000000
57615  -33.873  -27.963  70.825 0.0000000000
133580  -34.877  -28.357  70.264 0.0000000000
58547  -35.609  -27.774  70.749 0.0000000000
58548  -36.074  -27.358  71.027 0.0000000000
123334  -2.865  -33.997  82.701 0.0000000000
53672  -3.452  -33.776  82.464 0.0000000000
137112  -3.062  -34.162  82.538 0.0000000000
51887  -2.022  -35.261  81.617 0.0000000000
50240  -1.450  -37.125  80.422 0.0000000000
49413  -1.247  -38.104  79.889 0.0000000000
122604  -0.684  -39.164  81.341 0.0000000000
50161  -11.187  -36.346  92.494 0.0000000000
50160  -10.377  -36.408  92.668 0.0000000000
135074  -9.982  -36.942  92.264 0.0000000000
49310  -9.151  -37.010  92.070 0.0000000000
49309  -8.126  -36.656  92.026 0.0000000000
59404  -30.710  -25.688  76.747 0.0000000000
54745  -29.907  -32.423  78.124 0.0000000000
54744  -29.734  -31.829  77.557 0.0000000000
59402  -28.691  -26.213  76.875 0.0000000000
115405  -23.331  -39.713  86.203 0.0000000000
46595  -21.728  -39.698  85.582 0.0000000000
135847  -21.182  -40.126  86.063 0.0000000000
45659  -21.129  -40.515  86.557 0.0000000000
45658  -20.297  -40.780  86.757 0.0000000000
122689  -19.349  -41.148  86.952 0.0000000000
72661  -41.732  -11.453  60.221 0.0000000000
72663  -41.754  -10.860  59.952 0.0000000000
72664  -42.055  -11.127  59.687 0.0000000000
73473  -42.691  -10.807  59.176 0.0000000000
72665  -43.536  -11.628  59.014 0.0000000000
74239  -43.066  -9.024  58.736 0.0000000000
129910  -44.056  -7.177  60.173 0.0000000000
54676  -5.648  -33.524  86.554 0.0000000000
54673  -6.256  -32.636  86.939 0.0000000000
53619  -4.703  -33.944  86.769 0.0000000000
53618  -3.782  -34.001  86.909 0.0000000000
118621  -42.142  -18.145  69.026 0.0000000000
66437  -42.836  -18.259  69.369 0.0000000000
116306  -42.471  -19.378  70.814 0.0000000000
62937  -35.170  -22.766  68.784 0.0000000000
64705  -36.228  -20.261  67.757 0.0000000000
64706  -37.492  -19.795  68.104 0.0000000000
65585  -40.041  -18.690  68.239 0.0000000000
52635  -14.953  -32.900  92.789 0.0000000000
51836  -13.503  -34.547  89.410 0.0000000000
49367  -14.234  -37.180  83.986 0.0000000000
49368  -14.863  -36.404  83.829 0.0000000000
51869  -14.992  -34.644  83.865 0.0000000000
134787  -13.974  -33.676  84.865 0.0000000000
51868  -13.958  -34.053  84.042 0.0000000000
51867  -12.767  -34.205  84.102 0.0000000000
126981  -5.882  -28.472  80.427 0.0000000000
115918  -6.300  -28.833  79.149 0.0000000000
56607  -7.060  -29.493  77.813 0.0000000000
56635  -6.731  -30.051  76.489 0.0000000000
124096  -3.150  -34.872  77.610 0.0000000000
136387  -3.486  -34.375  77.106 0.0000000000
119301  -2.235  -34.743  74.920 0.0000000000
52781  -1.602  -34.112  73.232 0.0000000000
55589  -10.741  -31.202  92.464 0.0000000000
119373  -8.907  -31.521  92.704 0.0000000000
53544  -6.883  -33.725  94.447 0.0000000000
52615  -6.310  -33.932  94.175 0.0000000000
52614  -5.847  -33.806  93.891 0.0000000000
53552  -5.338  -33.452  93.717 0.0000000000
51791  -4.444  -34.017  93.818 0.0000000000
52624  -4.694  -33.500  93.590 0.0000000000
53560  -4.314  -33.253  92.935 0.0000000000
53565  -3.712  -33.010  92.310 0.0000000000
53572  -3.196  -33.128  91.633 0.0000000000
54626  -2.706  -33.493  91.016 0.0000000000
53571  -2.664  -33.520  91.191 0.0000000000
53570  -2.053  -33.851  90.787 0.0000000000
52638  -2.029  -34.542  90.069 0.0000000000
51812  -1.420  -35.466  90.726 0.0000000000
51817  -1.578  -35.466  90.083 0.0000000000
51816  -1.115  -36.136  89.782 0.0000000000
51824  -0.490  -36.101  89.196 0.0000000000
50978  -0.421  -36.042  89.527 0.0000000000
137463  -0.340  -36.074  89.412 0.0000000000
53718  -30.254  -32.974  77.990 0.0000000000
51064  -30.189  -35.264  79.029 0.0000000000
51909  -30.372  -34.346  78.787 0.0000000000
52733  -30.871  -33.679  79.694 0.0000000000
52745  -30.427  -33.847  78.652 0.0000000000
52746  -30.432  -33.479  78.483 0.0000000000
56602  -30.528  -30.430  79.518 0.0000000000
57504  -30.012  -28.786  80.084 0.0000000000
47472  -26.817  -38.681  87.031 0.0000000000
46590  -25.479  -39.008  85.967 0.0000000000
115491  -27.177  -38.308  85.495 0.0000000000
122315  -27.167  -38.170  85.203 0.0000000000
46605  -23.640  -38.767  85.122 0.0000000000
47503  -24.337  -38.408  84.698 0.0000000000
71811  -41.445  -12.206  63.345 0.0000000000
71815  -40.916  -12.751  62.745 0.0000000000
73460  -43.969  -9.744  62.746 0.0000000000
124993  -39.019  -20.114  71.507 0.0000000000
116616  -39.877  -20.292  72.686 0.0000000000
61250  -37.892  -24.307  72.938 0.0000000000
62117  -35.660  -24.267  69.447 0.0000000000
61273  -36.145  -24.791  69.838 0.0000000000
119273  -36.059  -24.315  70.134 0.0000000000
62108  -35.950  -23.697  70.074 0.0000000000
63800  -36.611  -22.256  70.470 0.0000000000
128511  -37.001  -21.526  70.906 0.0000000000
47452  -15.921  -39.577  89.351 0.0000000000
48398  -15.721  -39.202  89.230 0.0000000000
48408  -15.085  -39.110  88.803 0.0000000000
48418  -14.683  -38.728  88.176 0.0000000000
47467  -14.349  -39.650  87.925 0.0000000000
47477  -14.149  -39.258  87.497 0.0000000000
47478  -14.249  -38.925  87.705 0.0000000000
48443  -13.776  -38.332  85.468 0.0000000000
127261  -13.424  -38.316  84.786 0.0000000000
57562  -2.553  -29.017  74.757 0.0000000000
53690  -7.333  -32.792  80.554 0.0000000000
53688  -4.645  -32.907  80.344 0.0000000000
53699  -4.366  -33.157  79.505 0.0000000000
53708  -4.182  -33.742  78.956 0.0000000000
53686  -3.752  -33.669  81.655 0.0000000000
52725  -2.873  -34.747  80.736 0.0000000000
51072  -2.140  -36.511  77.275 0.0000000000
50289  -1.531  -37.173  76.015 0.0000000000
52610  -10.368  -33.321  94.801 0.0000000000
52618  -10.765  -33.791  94.989 0.0000000000
52609  -9.338  -33.417  94.745 0.0000000000
52616  -8.854  -33.845  94.761 0.0000000000
51790  -7.695  -33.981  94.742 0.0000000000
51789  -7.169  -34.015  94.780 0.0000000000
50147  -9.635  -35.981  94.059 0.0000000000
50958  -9.187  -35.341  94.380 0.0000000000
50957  -8.221  -35.345  94.269 0.0000000000
50946  -7.739  -34.702  94.591 0.0000000000
51794  -7.356  -34.253  94.720 0.0000000000
51793  -6.888  -34.314  94.561 0.0000000000
51792  -6.356  -34.473  94.254 0.0000000000
50136  -5.778  -35.114  94.091 0.0000000000
50141  -5.505  -35.847  93.669 0.0000000000
50954  -4.874  -35.538  93.561 0.0000000000
50140  -3.972  -36.349  93.039 0.0000000000
57569  -33.919  -27.754  73.587 0.0000000000
58466  -33.031  -27.195  75.534 0.0000000000
53726  -30.306  -32.564  76.441 0.0000000000
54759  -29.212  -31.839  75.424 0.0000000000
59449  -30.735  -26.027  72.914 0.0000000000
115486  -30.838  -25.870  73.661 0.0000000000
58491  -31.625  -26.545  73.374 0.0000000000
58505  -32.311  -26.948  73.102 0.0000000000
49316  -18.811  -37.642  91.060 0.0000000000
118884  -18.075  -38.146  90.694 0.0000000000
48390  -17.618  -38.607  90.453 0.0000000000
120723  -16.996  -38.887  90.121 0.0000000000
137413  -24.501  -37.579  88.839 0.0000000000
48413  -24.296  -38.147  88.918 0.0000000000
136149  -22.979  -38.649  89.398 0.0000000000
47463  -22.373  -38.861  89.625 0.0000000000
46578  -22.909  -40.450  87.463 0.0000000000
45639  -22.576  -40.519  88.310 0.0000000000
46571  -21.701  -40.796  88.481 0.0000000000
46565  -22.203  -40.197  89.093 0.0000000000
47462  -21.871  -39.587  89.712 0.0000000000
47456  -21.165  -39.230  90.161 0.0000000000
46557  -19.770  -39.793  90.421 0.0000000000
136785  -19.230  -41.083  90.145 0.0000000000
124401  -19.127  -40.544  90.401 0.0000000000
46547  -18.318  -39.816  90.555 0.0000000000
46555  -17.982  -40.304  90.378 0.0000000000
47454  -17.308  -39.873  89.982 0.0000000000
47453  -16.517  -39.635  89.716 0.0000000000
46553  -16.128  -40.266  89.498 0.0000000000
45610  -15.740  -40.607  89.217 0.0000000000
45622  -16.027  -41.356  89.164 0.0000000000
127052  -16.733  -41.653  89.338 0.0000000000
72671  -44.299  -11.219  58.628 0.0000000000
73482  -45.093  -10.987  58.323 0.0000000000
127799  -45.142  -10.084  57.926 0.0000000000
72673  -45.902  -11.567  58.198 0.0000000000
73484  -47.430  -11.155  58.089 0.0000000000
57487  -7.463  -29.039  80.450 0.0000000000
54699  -8.467  -30.872  82.185 0.0000000000
54705  -8.439  -31.213  81.439 0.0000000000
54712  -8.065  -32.326  80.654 0.0000000000
53677  -6.833  -32.949  81.425 0.0000000000
122603  -3.344  -33.815  82.627 0.0000000000
53639  -5.790  -33.636  84.658 0.0000000000
131259  -1.968  -34.274  83.468 0.0000000000
52704  -1.662  -34.414  83.916 0.0000000000
126782  -0.845  -35.778  84.573 0.0000000000
70022  -44.251  -14.153  68.306 0.0000000000
70023  -45.283  -14.138  68.072 0.0000000000
64676  -40.939  -19.989  71.871 0.0000000000
57570  -34.512  -27.753  73.617 0.0000000000
58483  -35.476  -27.309  74.085 0.0000000000
65581  -36.606  -19.679  67.331 0.0000000000
65590  -37.105  -19.199  66.892 0.0000000000
66468  -37.433  -18.477  66.630 0.0000000000
66481  -37.689  -17.704  66.428 0.0000000000
68328  -37.882  -17.036  66.268 0.0000000000
68322  -38.729  -16.800  66.512 0.0000000000
68314  -39.737  -16.077  67.307 0.0000000000
69195  -40.570  -15.583  67.621 0.0000000000
69196  -41.313  -15.911  67.986 0.0000000000
51800  -12.645  -33.949  95.146 0.0000000000
50961  -12.365  -35.278  94.174 0.0000000000
51811  -14.155  -33.952  93.241 0.0000000000
50964  -12.886  -35.119  93.353 0.0000000000
50156  -11.688  -35.866  93.003 0.0000000000
50165  -11.287  -36.472  91.796 0.0000000000
49332  -15.876  -38.019  89.197 0.0000000000
133217  -16.101  -37.565  88.897 0.0000000000
49340  -16.368  -37.116  88.554 0.0000000000
51004  -18.048  -35.045  87.909 0.0000000000
139339  -14.957  -37.135  85.566 0.0000000000
50207  -15.953  -36.273  85.818 0.0000000000
51843  -17.767  -34.350  87.437 0.0000000000
52663  -17.777  -33.329  87.565 0.0000000000
53612  -17.390  -32.371  86.943 0.0000000000
53602  -16.961  -31.504  87.700 0.0000000000
52655  -14.584  -33.388  89.219 0.0000000000
52661  -14.578  -33.253  88.213 0.0000000000
50994  -13.011  -35.016  89.027 0.0000000000
51855  -13.568  -33.806  85.673 0.0000000000
51846  -12.738  -34.542  86.949 0.0000000000
51002  -12.885  -34.800  88.313 0.0000000000
124135  -2.422  -27.610  80.129 0.0000000000
57507  -2.788  -28.098  78.635 0.0000000000
134365  -4.568  -28.467  78.601 0.0000000000
57520  -2.803  -28.150  77.788 0.0000000000
57536  -2.783  -28.222  77.004 0.0000000000
54733  -7.158  -32.136  77.988 0.0000000000
53717  -6.433  -32.177  77.530 0.0000000000
54742  -6.957  -31.516  77.196 0.0000000000
53723  -4.079  -33.174  75.764 0.0000000000
53724  -4.791  -32.444  75.779 0.0000000000
53739  -5.095  -31.651  75.466 0.0000000000
55764  -5.341  -30.929  75.354 0.0000000000
55763  -4.534  -30.554  75.104 0.0000000000
54766  -3.017  -31.334  74.061 0.0000000000
55773  -3.282  -30.573  74.354 0.0000000000
55781  -1.935  -30.239  73.367 0.0000000000
54779  -1.650  -31.487  72.445 0.0000000000
55628  -7.234  -31.515  88.919 0.0000000000
122475  -11.144  -31.936  94.528 0.0000000000
54606  -10.438  -31.938  94.488 0.0000000000
54617  -9.729  -31.890  94.362 0.0000000000
55564  -9.106  -31.758  94.003 0.0000000000
55575  -8.560  -31.726  93.340 0.0000000000
55587  -8.061  -31.524  92.550 0.0000000000
53554  -6.967  -33.277  94.212 0.0000000000
54602  -7.014  -32.834  93.968 0.0000000000
118849  -7.088  -32.400  93.662 0.0000000000
120458  -5.619  -32.642  93.336 0.0000000000
138458  -7.534  -31.429  92.178 0.0000000000
55600  -7.001  -30.908  91.117 0.0000000000
131893  -6.587  -31.140  90.796 0.0000000000
124520  -6.159  -31.314  91.231 0.0000000000
55614  -6.825  -31.490  89.805 0.0000000000
54659  -5.097  -33.027  88.376 0.0000000000
54666  -4.389  -33.612  88.119 0.0000000000
53608  -3.623  -33.941  87.713 0.0000000000
54630  -2.741  -33.657  90.743 0.0000000000
54640  -2.714  -34.096  89.863 0.0000000000
138008  -2.556  -33.932  88.770 0.0000000000
132998  -2.494  -34.155  88.528 0.0000000000
122480  -2.542  -34.390  87.338 0.0000000000
52675  -1.298  -35.401  86.148 0.0000000000
126218  -0.886  -35.931  86.642 0.0000000000
51853  -0.739  -35.649  85.675 0.0000000000
51028  -0.085  -36.121  84.753 0.0000000000
47436  -2.014  -39.745  91.739 0.0000000000
122237  -2.068  -39.375  91.728 0.0000000000
48376  -1.887  -38.470  91.844 0.0000000000
49298  -1.186  -37.974  91.616 0.0000000000
126399  -0.587  -38.694  91.563 0.0000000000
120995  -0.689  -37.842  90.993 0.0000000000
118541  -0.887  -37.169  90.065 0.0000000000
50181  -0.688  -37.112  89.165 0.0000000000
122939  -0.827  -39.763  90.015 0.0000000000
48404  -0.873  -38.423  89.322 0.0000000000
49329  -0.820  -37.547  88.889 0.0000000000
122651  -0.697  -36.740  88.762 0.0000000000
50188  -0.706  -36.637  88.011 0.0000000000
123040  -0.353  -36.974  86.443 0.0000000000
120116  0.010  -36.750  84.708 0.0000000000
120115  -0.551  -37.415  84.162 0.0000000000
118081  -0.824  -38.178  83.635 0.0000000000
47468  -14.472  -39.240  88.137 0.0000000000
48412  -23.434  -38.142  89.386 0.0000000000
50970  -0.525  -36.057  90.223 0.0000000000
51050  -31.118  -35.515  82.529 0.0000000000
52637  -1.518  -35.415  89.588 0.0000000000
53562  -5.458  -33.050  93.538 0.0000000000
53576  -2.487  -34.023  90.278 0.0000000000
53727  -30.312  -33.070  77.059 0.0000000000
57616  -34.439  -28.262  70.566 0.0000000000
58568  -35.346  -27.979  68.756 0.0000000000
59438  -37.106  -26.476  75.050 0.0000000000
59463  -37.120  -26.633  73.140 0.0000000000
62083  -38.161  -24.029  73.445 0.0000000000
62094  -37.946  -23.728  72.786 0.0000000000
62098  -37.699  -23.523  72.353 0.0000000000
62103  -36.733  -23.972  71.406 0.0000000000
62128  -34.685  -23.284  68.381 0.0000000000
70019  -40.667  -14.638  67.621 0.0000000000
70884  -40.889  -13.656  67.469 0.0000000000
71777  -42.193  -12.352  67.322 0.0000000000
71783  -40.824  -12.069  66.132 0.0000000000
74234  -42.172  -9.710  60.061 0.0000000000
116901  -40.232  -20.115  72.076 0.0000000000
117485  -35.769  -27.399  73.902 0.0000000000
118448  -38.356  -24.402  74.406 0.0000000000
123463  -43.597  -12.924  67.887 0.0000000000
125846  -45.961  -10.089  57.757 0.0000000000
127320  -8.229  -33.886  94.723 0.0000000000
127334  -31.712  -35.103  84.381 0.0000000000
129583  -36.268  -27.176  74.064 0.0000000000
133113  -3.381  -32.940  91.777 0.0000000000
133390  -35.510  -26.377  68.471 0.0000000000
136671  -38.322  -21.103  72.575 0.0000000000
136788  -10.693  -34.186  95.055 0.0000000000
137652  -5.587  -32.992  81.904 0.0000000000
137709  -36.834  -23.364  71.474 0.0000000000
139064  -41.970  -11.637  63.246 0.0000000000
