#!ascii label  , from subject sub-v1s8x0051341_ses-1 vox2ras=TkReg
1328
55859  -35.909  -30.914  65.020 0.0000000000
67472  -46.962  -17.874  59.523 0.0000000000
62999  -38.920  -22.312  62.647 0.0000000000
40359  -9.892  -47.200  83.948 0.0000000000
53801  -30.574  -32.251  70.342 0.0000000000
41279  -22.125  -46.260  84.253 0.0000000000
45732  -29.660  -41.753  79.470 0.0000000000
138681  -33.487  -39.359  73.757 0.0000000000
50330  -34.636  -36.083  73.069 0.0000000000
42150  -13.209  -45.679  85.615 0.0000000000
40314  -17.178  -47.902  88.063 0.0000000000
116090  -18.145  -46.998  82.907 0.0000000000
46660  -24.108  -40.886  78.089 0.0000000000
116030  -28.933  -39.857  76.055 0.0000000000
54792  -37.474  -31.900  71.991 0.0000000000
136274  -40.384  -29.336  69.457 0.0000000000
66524  -42.333  -18.687  61.826 0.0000000000
59552  -38.194  -26.979  62.956 0.0000000000
137725  -44.784  -17.618  54.868 0.0000000000
42139  -8.689  -45.338  87.551 0.0000000000
53757  -34.452  -32.613  74.563 0.0000000000
53830  -33.092  -32.483  68.417 0.0000000000
43930  -21.691  -44.283  80.010 0.0000000000
135297  -25.325  -43.579  81.425 0.0000000000
61283  -40.938  -25.207  67.943 0.0000000000
134453  -53.292  -18.091  50.500 0.0000000000
48573  -30.250  -38.194  73.053 0.0000000000
49495  -31.862  -37.821  72.101 0.0000000000
41261  -15.597  -46.464  85.904 0.0000000000
132551  -26.408  -39.233  75.285 0.0000000000
48538  -28.608  -38.776  74.270 0.0000000000
47598  -31.509  -39.831  75.106 0.0000000000
54832  -36.670  -31.720  68.248 0.0000000000
124874  -39.084  -30.584  70.238 0.0000000000
55853  -38.303  -30.584  66.704 0.0000000000
66535  -44.482  -18.738  60.133 0.0000000000
66509  -44.331  -18.018  63.999 0.0000000000
122648  -48.968  -17.159  58.407 0.0000000000
43870  -9.813  -43.337  84.050 0.0000000000
42149  -9.320  -45.723  85.913 0.0000000000
136888  -32.866  -34.620  71.948 0.0000000000
51099  -33.876  -34.096  74.115 0.0000000000
53771  -32.753  -32.065  72.379 0.0000000000
53785  -33.826  -31.971  71.908 0.0000000000
54818  -31.983  -31.494  69.735 0.0000000000
41263  -20.025  -47.258  85.856 0.0000000000
39533  -19.954  -48.339  87.670 0.0000000000
41254  -22.309  -47.066  86.343 0.0000000000
42155  -24.485  -46.075  85.414 0.0000000000
43070  -19.317  -44.652  79.430 0.0000000000
118459  -20.712  -42.898  78.114 0.0000000000
46645  -27.292  -41.293  78.792 0.0000000000
45710  -24.837  -42.134  80.024 0.0000000000
44806  -27.392  -42.665  80.709 0.0000000000
43907  -28.508  -43.680  82.731 0.0000000000
40395  -12.488  -47.860  80.074 0.0000000000
37977  -13.117  -50.614  81.772 0.0000000000
36288  -13.078  -52.981  82.809 0.0000000000
62191  -38.279  -23.807  62.483 0.0000000000
59533  -39.635  -26.394  65.558 0.0000000000
62152  -40.009  -23.922  64.997 0.0000000000
68481  -54.767  -15.694  49.540 0.0000000000
38723  -10.322  -50.071  85.717 0.0000000000
46729  -36.214  -39.874  74.579 0.0000000000
49460  -36.384  -38.023  75.792 0.0000000000
49480  -34.730  -37.857  73.173 0.0000000000
120298  -32.446  -36.020  71.048 0.0000000000
40361  -13.585  -47.868  84.545 0.0000000000
39544  -14.830  -48.530  86.995 0.0000000000
41246  -15.012  -47.352  87.342 0.0000000000
40346  -17.442  -47.573  85.361 0.0000000000
41289  -20.349  -46.858  83.404 0.0000000000
46680  -21.879  -40.741  77.136 0.0000000000
47572  -23.732  -39.639  76.167 0.0000000000
47561  -26.366  -40.036  76.622 0.0000000000
46665  -28.903  -40.871  77.774 0.0000000000
135804  -31.501  -40.471  76.369 0.0000000000
46719  -34.033  -40.948  75.197 0.0000000000
133368  -12.830  -45.895  83.464 0.0000000000
131898  -37.841  -32.157  74.829 0.0000000000
129798  -39.155  -30.362  78.440 0.0000000000
137641  -39.315  -30.633  73.938 0.0000000000
56680  -40.623  -29.385  72.601 0.0000000000
64783  -39.912  -19.554  62.003 0.0000000000
62989  -42.343  -22.447  64.372 0.0000000000
64743  -43.637  -20.469  64.061 0.0000000000
39493  -6.428  -48.190  93.267 0.0000000000
56803  -36.966  -28.834  63.810 0.0000000000
61356  -36.087  -24.018  60.611 0.0000000000
64796  -37.924  -20.210  60.621 0.0000000000
65670  -39.261  -19.543  59.570 0.0000000000
65686  -41.964  -19.040  58.411 0.0000000000
66573  -43.606  -18.406  57.338 0.0000000000
67492  -45.680  -17.853  57.082 0.0000000000
67523  -42.741  -17.634  55.065 0.0000000000
39516  -9.526  -48.662  87.951 0.0000000000
40298  -8.764  -48.305  90.314 0.0000000000
40295  -8.308  -48.004  91.744 0.0000000000
51905  -36.776  -34.216  79.743 0.0000000000
50299  -35.655  -36.501  76.520 0.0000000000
51075  -34.924  -33.913  76.758 0.0000000000
53729  -35.659  -32.711  76.530 0.0000000000
53774  -35.900  -32.654  72.934 0.0000000000
122761  -35.551  -32.407  70.037 0.0000000000
53858  -34.263  -32.506  66.469 0.0000000000
37920  -17.030  -49.920  87.364 0.0000000000
121820  -20.071  -46.020  81.192 0.0000000000
43036  -21.717  -45.536  81.847 0.0000000000
45725  -22.811  -42.189  79.119 0.0000000000
43932  -23.113  -43.468  80.639 0.0000000000
43024  -23.839  -44.997  83.190 0.0000000000
43027  -26.607  -44.717  83.615 0.0000000000
126206  -10.309  -45.162  81.927 0.0000000000
129090  -10.811  -47.055  80.079 0.0000000000
38755  -10.351  -49.118  81.932 0.0000000000
58613  -39.151  -28.063  65.753 0.0000000000
59509  -40.722  -26.882  68.355 0.0000000000
118785  -41.824  -25.979  71.107 0.0000000000
62130  -42.699  -23.618  67.474 0.0000000000
132692  -47.920  -17.758  56.370 0.0000000000
66605  -50.264  -18.651  54.926 0.0000000000
67556  -52.878  -18.047  54.076 0.0000000000
66648  -50.992  -18.975  51.558 0.0000000000
68443  -54.987  -16.542  52.613 0.0000000000
48572  -29.336  -38.017  72.879 0.0000000000
124111  -30.020  -37.757  72.458 0.0000000000
49505  -28.537  -37.625  71.632 0.0000000000
48536  -26.734  -38.611  74.108 0.0000000000
48553  -28.155  -38.498  73.645 0.0000000000
122695  -28.952  -38.452  73.576 0.0000000000
54856  -36.442  -31.558  66.550 0.0000000000
55840  -37.915  -31.129  67.140 0.0000000000
55860  -36.706  -30.691  65.363 0.0000000000
66536  -45.767  -18.354  60.075 0.0000000000
67458  -45.535  -17.952  61.637 0.0000000000
67460  -47.336  -17.718  60.907 0.0000000000
67467  -48.635  -17.303  60.457 0.0000000000
116751  -48.184  -17.411  58.814 0.0000000000
125595  -9.986  -45.090  83.547 0.0000000000
42998  -9.580  -44.627  84.815 0.0000000000
41271  -9.773  -46.266  84.266 0.0000000000
51962  -32.002  -33.508  71.404 0.0000000000
131977  -32.747  -32.621  72.555 0.0000000000
52811  -31.615  -32.252  71.336 0.0000000000
54790  -32.503  -31.671  71.306 0.0000000000
54805  -31.426  -31.521  70.420 0.0000000000
37946  -14.331  -51.119  84.187 0.0000000000
41264  -20.952  -46.985  85.601 0.0000000000
41253  -21.527  -47.269  86.429 0.0000000000
41265  -21.982  -46.803  85.798 0.0000000000
41267  -23.542  -46.700  85.699 0.0000000000
41280  -23.036  -46.092  84.730 0.0000000000
45731  -28.767  -41.742  79.396 0.0000000000
45729  -26.947  -41.737  79.460 0.0000000000
45713  -28.423  -41.990  80.076 0.0000000000
44787  -28.911  -42.761  81.226 0.0000000000
129209  -13.560  -48.671  82.718 0.0000000000
38742  -13.638  -49.941  82.602 0.0000000000
136343  -13.526  -51.189  82.625 0.0000000000
53694  -37.995  -32.578  80.446 0.0000000000
122099  -38.375  -22.990  62.469 0.0000000000
62179  -39.166  -23.896  63.861 0.0000000000
62986  -40.052  -23.062  63.921 0.0000000000
47616  -34.814  -39.740  74.170 0.0000000000
48544  -35.631  -38.690  74.262 0.0000000000
48558  -34.483  -38.615  73.437 0.0000000000
49509  -32.273  -37.376  71.488 0.0000000000
120740  -31.760  -36.248  70.851 0.0000000000
51139  -31.818  -35.505  70.789 0.0000000000
41259  -13.351  -46.286  85.843 0.0000000000
40326  -13.887  -47.305  86.509 0.0000000000
128685  -14.008  -46.473  86.712 0.0000000000
41275  -16.846  -47.202  84.553 0.0000000000
41262  -16.495  -47.177  85.628 0.0000000000
138301  -17.530  -47.489  84.545 0.0000000000
41277  -19.248  -47.227  84.267 0.0000000000
41288  -19.296  -46.974  83.294 0.0000000000
47591  -22.904  -39.407  75.855 0.0000000000
47594  -27.070  -39.448  75.510 0.0000000000
47575  -26.400  -39.618  75.899 0.0000000000
47563  -27.819  -40.222  76.715 0.0000000000
46686  -27.727  -40.628  77.441 0.0000000000
46703  -29.131  -40.396  76.671 0.0000000000
46689  -30.634  -40.816  77.310 0.0000000000
47577  -29.580  -40.053  76.234 0.0000000000
47614  -32.029  -39.683  74.415 0.0000000000
137821  -32.178  -40.009  75.037 0.0000000000
123109  -34.080  -39.949  74.238 0.0000000000
46728  -35.438  -40.339  74.481 0.0000000000
42161  -12.919  -45.593  84.864 0.0000000000
53767  -37.309  -32.462  73.550 0.0000000000
54770  -38.484  -31.678  74.873 0.0000000000
54784  -38.280  -31.611  72.958 0.0000000000
55819  -39.584  -30.233  69.580 0.0000000000
56706  -39.848  -29.975  71.377 0.0000000000
56707  -40.376  -29.521  70.721 0.0000000000
123675  -41.053  -28.764  72.119 0.0000000000
57606  -40.897  -28.692  71.067 0.0000000000
65646  -40.813  -18.985  61.868 0.0000000000
65631  -41.775  -19.359  63.101 0.0000000000
65639  -42.086  -18.867  63.032 0.0000000000
66498  -46.473  -18.101  65.108 0.0000000000
65669  -38.472  -19.825  59.593 0.0000000000
65682  -38.067  -19.855  58.498 0.0000000000
66569  -40.055  -19.231  57.216 0.0000000000
66571  -41.534  -18.748  56.941 0.0000000000
66557  -42.935  -18.873  58.494 0.0000000000
66587  -42.334  -18.503  56.592 0.0000000000
66588  -43.269  -18.318  56.612 0.0000000000
43837  -8.511  -44.029  87.012 0.0000000000
129042  -8.197  -44.549  88.557 0.0000000000
37925  -10.535  -51.254  86.607 0.0000000000
38714  -10.031  -49.233  86.881 0.0000000000
127365  -10.076  -50.404  87.968 0.0000000000
38694  -9.149  -50.182  90.026 0.0000000000
38688  -8.942  -49.873  90.545 0.0000000000
40296  -8.562  -48.128  91.071 0.0000000000
38683  -8.316  -49.401  91.649 0.0000000000
37899  -7.294  -49.814  92.139 0.0000000000
50326  -35.562  -37.151  74.703 0.0000000000
129375  -35.937  -37.321  76.198 0.0000000000
50325  -35.297  -36.303  74.581 0.0000000000
51926  -33.853  -33.249  74.781 0.0000000000
51921  -34.555  -33.950  75.990 0.0000000000
133492  -34.322  -32.968  75.715 0.0000000000
52756  -34.980  -32.921  76.895 0.0000000000
53742  -34.630  -32.720  75.327 0.0000000000
121678  -35.973  -32.682  75.017 0.0000000000
53765  -35.276  -32.557  73.908 0.0000000000
53815  -33.467  -32.136  69.723 0.0000000000
117266  -34.888  -32.506  70.110 0.0000000000
53816  -34.472  -32.556  69.348 0.0000000000
53846  -35.032  -32.437  67.710 0.0000000000
116304  -33.648  -32.704  67.095 0.0000000000
39518  -16.048  -48.560  88.069 0.0000000000
38707  -16.171  -49.034  87.662 0.0000000000
38701  -17.153  -48.856  88.114 0.0000000000
43071  -20.188  -44.560  79.388 0.0000000000
42208  -19.604  -45.629  80.492 0.0000000000
42200  -20.661  -45.451  80.649 0.0000000000
42201  -20.944  -45.838  81.490 0.0000000000
129677  -21.519  -44.916  80.643 0.0000000000
46682  -23.553  -40.615  77.333 0.0000000000
45762  -22.343  -41.159  77.885 0.0000000000
45746  -23.799  -41.376  78.665 0.0000000000
44804  -25.294  -42.699  80.483 0.0000000000
44803  -24.520  -42.770  80.432 0.0000000000
44782  -24.292  -43.215  80.919 0.0000000000
43049  -23.361  -44.142  81.609 0.0000000000
139185  -24.625  -44.134  82.124 0.0000000000
43025  -24.740  -44.899  83.313 0.0000000000
43886  -26.056  -44.315  82.617 0.0000000000
45763  -33.918  -41.584  77.863 0.0000000000
40401  -11.396  -47.691  79.671 0.0000000000
38800  -10.773  -49.012  80.184 0.0000000000
39576  -10.363  -48.226  81.412 0.0000000000
131107  -12.518  -54.107  82.642 0.0000000000
57726  -37.327  -28.247  63.317 0.0000000000
137391  -37.895  -28.617  64.736 0.0000000000
58646  -38.683  -27.342  64.248 0.0000000000
60421  -40.427  -25.339  66.701 0.0000000000
59518  -39.991  -26.967  66.833 0.0000000000
60403  -40.769  -25.960  68.117 0.0000000000
59499  -41.341  -26.238  69.678 0.0000000000
60395  -41.476  -25.556  69.249 0.0000000000
62975  -43.567  -22.685  65.204 0.0000000000
62155  -42.176  -23.266  65.661 0.0000000000
62947  -44.102  -22.958  67.025 0.0000000000
67525  -45.063  -17.683  55.561 0.0000000000
67507  -47.199  -17.680  56.451 0.0000000000
67526  -46.787  -17.786  55.660 0.0000000000
66615  -48.791  -18.700  54.527 0.0000000000
66616  -49.646  -18.902  54.278 0.0000000000
66618  -51.265  -18.495  54.850 0.0000000000
136212  -51.035  -18.974  53.519 0.0000000000
66669  -51.167  -18.380  49.842 0.0000000000
66668  -50.269  -18.397  50.092 0.0000000000
66662  -52.554  -18.549  50.426 0.0000000000
66638  -52.966  -18.287  52.327 0.0000000000
67565  -54.525  -16.813  51.776 0.0000000000
68454  -55.101  -16.361  51.272 0.0000000000
69296  -55.782  -16.232  49.741 0.0000000000
48555  -31.714  -38.693  73.181 0.0000000000
49478  -32.302  -38.369  72.474 0.0000000000
49477  -31.541  -38.225  72.727 0.0000000000
49507  -30.324  -37.308  71.784 0.0000000000
42145  -14.782  -45.924  86.257 0.0000000000
48524  -25.973  -38.813  74.686 0.0000000000
47608  -26.913  -38.979  74.850 0.0000000000
47610  -28.276  -39.175  74.949 0.0000000000
47596  -29.573  -39.649  75.475 0.0000000000
47612  -29.848  -39.225  74.799 0.0000000000
123682  -30.475  -39.018  74.379 0.0000000000
54809  -37.268  -31.594  70.332 0.0000000000
54793  -38.030  -31.422  71.418 0.0000000000
54822  -37.896  -31.272  69.717 0.0000000000
55828  -38.726  -30.808  68.325 0.0000000000
55842  -39.237  -30.282  67.809 0.0000000000
66534  -43.004  -18.969  60.871 0.0000000000
124898  -43.379  -18.415  62.895 0.0000000000
67448  -44.822  -17.960  62.483 0.0000000000
67435  -45.903  -17.594  63.735 0.0000000000
119871  -49.857  -17.028  58.105 0.0000000000
43846  -9.181  -44.207  85.434 0.0000000000
42142  -9.019  -45.661  86.662 0.0000000000
50329  -33.985  -35.597  72.487 0.0000000000
51100  -34.339  -34.925  74.345 0.0000000000
51938  -33.468  -33.625  73.467 0.0000000000
52784  -33.393  -32.831  73.560 0.0000000000
53763  -33.630  -32.500  73.358 0.0000000000
53773  -33.987  -32.297  73.152 0.0000000000
53784  -32.924  -31.773  71.997 0.0000000000
54807  -33.022  -31.771  70.548 0.0000000000
53829  -32.321  -31.931  68.763 0.0000000000
40329  -18.721  -47.785  86.975 0.0000000000
39532  -18.986  -48.546  88.021 0.0000000000
128830  -20.492  -47.802  87.159 0.0000000000
40318  -21.179  -47.907  87.029 0.0000000000
41256  -24.352  -46.783  85.675 0.0000000000
43953  -20.088  -43.606  78.263 0.0000000000
43954  -21.010  -43.444  78.697 0.0000000000
46662  -25.828  -40.811  78.209 0.0000000000
45747  -24.615  -41.166  78.745 0.0000000000
45728  -26.020  -41.718  79.491 0.0000000000
134369  -26.585  -42.255  80.182 0.0000000000
44805  -26.602  -42.824  80.913 0.0000000000
44769  -27.221  -43.484  81.882 0.0000000000
44786  -28.072  -42.923  81.304 0.0000000000
41315  -13.216  -46.631  81.247 0.0000000000
40390  -13.180  -47.942  81.193 0.0000000000
123001  -12.599  -50.108  81.027 0.0000000000
136512  -11.907  -51.183  81.157 0.0000000000
37148  -12.954  -51.708  82.239 0.0000000000
60469  -38.382  -25.445  62.749 0.0000000000
59540  -38.848  -26.473  64.151 0.0000000000
60442  -38.951  -25.567  64.049 0.0000000000
61311  -39.837  -24.636  65.232 0.0000000000
61301  -40.798  -24.544  66.556 0.0000000000
67553  -44.472  -17.325  53.452 0.0000000000
115579  -45.865  -17.768  54.080 0.0000000000
67554  -45.336  -17.476  53.306 0.0000000000
67606  -52.362  -17.646  49.019 0.0000000000
68480  -54.132  -16.583  49.435 0.0000000000
67607  -53.147  -16.723  48.510 0.0000000000
68508  -53.219  -15.850  47.866 0.0000000000
118766  -10.220  -49.233  83.705 0.0000000000
122989  -9.904  -47.902  84.605 0.0000000000
48515  -36.906  -38.605  76.332 0.0000000000
48526  -36.629  -38.798  75.411 0.0000000000
49468  -35.623  -37.872  74.422 0.0000000000
123453  -34.783  -36.991  72.988 0.0000000000
48574  -33.429  -38.323  72.344 0.0000000000
116201  -33.759  -37.392  71.683 0.0000000000
50338  -33.818  -36.458  71.639 0.0000000000
51125  -33.191  -35.559  71.660 0.0000000000
51971  -31.660  -34.497  70.822 0.0000000000
136719  -13.780  -48.599  84.147 0.0000000000
38724  -14.375  -49.360  85.297 0.0000000000
118687  -14.134  -48.123  86.460 0.0000000000
39529  -14.540  -47.695  87.033 0.0000000000
40312  -15.665  -47.962  87.899 0.0000000000
41250  -15.170  -46.771  86.919 0.0000000000
41251  -16.042  -47.152  86.768 0.0000000000
40328  -17.572  -47.852  87.360 0.0000000000
40348  -19.119  -47.547  85.884 0.0000000000
122122  -20.031  -47.057  84.888 0.0000000000
41290  -21.302  -46.612  83.679 0.0000000000
133972  -23.214  -39.898  76.510 0.0000000000
47558  -23.947  -40.095  76.834 0.0000000000
124928  -24.885  -39.257  75.522 0.0000000000
47560  -25.596  -40.160  76.783 0.0000000000
46684  -25.320  -40.537  77.466 0.0000000000
132767  -27.071  -40.651  77.657 0.0000000000
46664  -27.578  -40.879  78.157 0.0000000000
46648  -30.023  -41.487  78.774 0.0000000000
46649  -30.782  -41.445  78.862 0.0000000000
46667  -30.482  -41.086  78.140 0.0000000000
46691  -32.398  -40.910  77.399 0.0000000000
46707  -33.014  -40.983  76.617 0.0000000000
130547  -31.119  -39.994  75.901 0.0000000000
46717  -32.572  -40.665  75.954 0.0000000000
46708  -33.814  -41.320  76.039 0.0000000000
45788  -35.565  -42.069  75.490 0.0000000000
41299  -13.101  -46.645  82.147 0.0000000000
54746  -37.162  -32.270  77.393 0.0000000000
117394  -38.755  -31.051  76.764 0.0000000000
127534  -39.239  -30.736  76.094 0.0000000000
56665  -40.189  -29.897  74.952 0.0000000000
55791  -38.768  -30.979  72.682 0.0000000000
55786  -39.607  -30.306  73.611 0.0000000000
63877  -40.089  -20.965  62.701 0.0000000000
63001  -40.351  -22.401  63.509 0.0000000000
63866  -41.357  -21.297  63.411 0.0000000000
63849  -42.650  -21.677  64.047 0.0000000000
63851  -44.304  -21.222  64.323 0.0000000000
66495  -43.968  -18.638  64.176 0.0000000000
64727  -44.945  -20.882  64.624 0.0000000000
55895  -34.789  -29.962  62.825 0.0000000000
55884  -35.894  -29.866  63.957 0.0000000000
56821  -35.261  -29.272  62.565 0.0000000000
57746  -36.280  -28.477  62.404 0.0000000000
134428  -37.083  -27.000  61.253 0.0000000000
60480  -37.745  -25.700  61.444 0.0000000000
61358  -37.659  -24.670  61.393 0.0000000000
118960  -37.326  -23.320  61.304 0.0000000000
63886  -37.882  -21.631  61.528 0.0000000000
116510  -38.259  -20.948  61.600 0.0000000000
64782  -39.213  -19.674  61.472 0.0000000000
65656  -39.759  -19.243  60.957 0.0000000000
65657  -40.372  -19.196  60.299 0.0000000000
119121  -38.943  -19.670  58.042 0.0000000000
137445  -40.607  -19.140  58.979 0.0000000000
136060  -41.708  -19.206  59.663 0.0000000000
66543  -43.193  -19.043  59.638 0.0000000000
66545  -44.648  -18.605  59.229 0.0000000000
115499  -45.158  -18.291  58.370 0.0000000000
121279  -46.723  -17.782  58.137 0.0000000000
66560  -45.216  -18.092  57.571 0.0000000000
115184  -44.575  -17.828  56.188 0.0000000000
67524  -44.169  -17.705  55.323 0.0000000000
133149  -43.393  -17.397  54.118 0.0000000000
125111  -9.711  -47.726  85.405 0.0000000000
118101  -9.381  -47.032  86.512 0.0000000000
41240  -8.923  -46.928  88.066 0.0000000000
38699  -9.723  -50.052  88.608 0.0000000000
39510  -9.242  -48.345  88.576 0.0000000000
41239  -8.686  -46.490  88.714 0.0000000000
42132  -8.362  -45.727  89.746 0.0000000000
41230  -8.225  -46.510  90.874 0.0000000000
42123  -7.593  -45.903  91.585 0.0000000000
40291  -7.482  -47.603  92.768 0.0000000000
138085  -37.049  -32.784  79.214 0.0000000000
50271  -35.918  -36.275  78.314 0.0000000000
51087  -34.752  -34.795  75.647 0.0000000000
51080  -34.975  -34.808  76.398 0.0000000000
51911  -35.972  -34.266  78.276 0.0000000000
53712  -35.995  -32.808  78.111 0.0000000000
53720  -36.389  -32.523  77.993 0.0000000000
53730  -36.762  -32.595  76.466 0.0000000000
139227  -36.936  -32.643  74.575 0.0000000000
53775  -36.897  -32.489  72.652 0.0000000000
126306  -34.891  -32.480  71.590 0.0000000000
53787  -35.925  -32.481  71.340 0.0000000000
54791  -36.657  -31.991  70.809 0.0000000000
53833  -36.013  -32.072  68.841 0.0000000000
54845  -35.772  -31.910  67.127 0.0000000000
54869  -35.412  -31.536  65.432 0.0000000000
138856  -30.428  -31.539  69.637 0.0000000000
124860  -30.620  -31.283  69.134 0.0000000000
53828  -31.812  -31.967  68.241 0.0000000000
128338  -31.736  -32.453  67.332 0.0000000000
115665  -32.788  -32.813  66.963 0.0000000000
53886  -33.224  -32.508  64.994 0.0000000000
54867  -33.908  -31.975  64.668 0.0000000000
139536  -34.327  -31.157  63.708 0.0000000000
127699  -18.025  -49.368  88.050 0.0000000000
41301  -18.241  -46.599  82.176 0.0000000000
42199  -19.152  -46.113  81.002 0.0000000000
41302  -18.953  -46.797  82.299 0.0000000000
41303  -19.892  -46.766  82.509 0.0000000000
42177  -20.792  -46.565  82.761 0.0000000000
124470  -21.905  -46.098  83.461 0.0000000000
45761  -21.399  -41.565  77.495 0.0000000000
118475  -21.410  -42.237  78.080 0.0000000000
139009  -21.706  -43.312  79.098 0.0000000000
45726  -23.516  -41.926  79.234 0.0000000000
44824  -23.198  -42.526  79.693 0.0000000000
43931  -22.509  -43.813  80.365 0.0000000000
43048  -22.744  -44.532  81.552 0.0000000000
43037  -22.487  -45.117  82.127 0.0000000000
42178  -22.611  -45.860  83.647 0.0000000000
43010  -24.364  -45.380  84.010 0.0000000000
43011  -25.263  -45.252  84.128 0.0000000000
138551  -10.264  -43.928  82.690 0.0000000000
121651  -10.091  -46.045  82.856 0.0000000000
139532  -11.183  -46.007  79.418 0.0000000000
43066  -10.716  -44.682  79.946 0.0000000000
41314  -10.426  -45.805  81.232 0.0000000000
128564  -10.307  -46.476  81.659 0.0000000000
138119  -10.139  -48.052  82.829 0.0000000000
127862  -10.296  -49.672  82.811 0.0000000000
36296  -11.598  -52.422  81.817 0.0000000000
55873  -37.145  -29.838  65.092 0.0000000000
56755  -39.102  -29.316  66.515 0.0000000000
57657  -39.887  -28.746  67.278 0.0000000000
58614  -39.404  -27.290  65.552 0.0000000000
58583  -39.969  -27.905  67.043 0.0000000000
57642  -40.585  -28.377  68.570 0.0000000000
58559  -40.943  -27.564  69.712 0.0000000000
62168  -41.105  -23.129  64.798 0.0000000000
125761  -41.681  -23.619  66.076 0.0000000000
62129  -41.962  -23.868  67.321 0.0000000000
123847  -47.640  -17.541  58.093 0.0000000000
123979  -48.966  -17.354  57.499 0.0000000000
67496  -49.868  -17.421  57.172 0.0000000000
67544  -47.196  -17.988  54.872 0.0000000000
67528  -49.294  -18.095  55.813 0.0000000000
121736  -50.889  -17.768  56.258 0.0000000000
67530  -51.603  -17.855  55.811 0.0000000000
67532  -53.536  -17.284  55.496 0.0000000000
66647  -50.276  -18.988  51.905 0.0000000000
66637  -52.291  -18.760  52.713 0.0000000000
67557  -53.654  -17.499  53.710 0.0000000000
69272  -55.303  -16.336  50.607 0.0000000000
48571  -28.484  -38.174  72.989 0.0000000000
49492  -28.728  -37.852  72.380 0.0000000000
115152  -27.181  -38.362  72.670 0.0000000000
119040  -27.832  -38.316  73.040 0.0000000000
54870  -36.245  -31.337  65.724 0.0000000000
55851  -36.998  -31.094  66.076 0.0000000000
66547  -46.254  -18.117  59.465 0.0000000000
66537  -46.566  -17.985  60.291 0.0000000000
115029  -47.301  -17.815  60.096 0.0000000000
115179  -48.107  -17.524  60.906 0.0000000000
67474  -48.437  -17.380  59.664 0.0000000000
67473  -47.685  -17.652  59.532 0.0000000000
129531  -9.977  -45.758  83.506 0.0000000000
42173  -9.779  -45.328  84.185 0.0000000000
52830  -30.999  -32.495  70.778 0.0000000000
53802  -31.078  -31.826  70.816 0.0000000000
38733  -14.384  -50.214  84.609 0.0000000000
127121  -21.590  -46.722  84.796 0.0000000000
134919  -22.355  -46.501  85.082 0.0000000000
41266  -22.909  -46.696  85.644 0.0000000000
45715  -30.228  -41.969  80.308 0.0000000000
118831  -13.966  -50.143  83.798 0.0000000000
62178  -38.874  -23.323  63.143 0.0000000000
63000  -39.586  -22.735  63.313 0.0000000000
47623  -34.133  -39.307  73.846 0.0000000000
129356  -33.585  -38.887  73.317 0.0000000000
50349  -31.020  -36.702  71.123 0.0000000000
41244  -13.725  -46.622  86.400 0.0000000000
42143  -13.583  -45.981  86.144 0.0000000000
40362  -17.555  -47.326  83.820 0.0000000000
41276  -18.505  -47.297  83.742 0.0000000000
120462  -28.003  -39.670  75.807 0.0000000000
47576  -27.125  -39.853  76.291 0.0000000000
135114  -28.486  -40.146  76.505 0.0000000000
46704  -29.953  -40.568  76.783 0.0000000000
48542  -32.802  -39.471  73.792 0.0000000000
117826  -32.752  -40.000  74.535 0.0000000000
47615  -33.450  -39.806  74.086 0.0000000000
125952  -13.002  -46.084  85.311 0.0000000000
54783  -37.669  -31.993  72.829 0.0000000000
54776  -37.966  -31.912  73.542 0.0000000000
134972  -40.152  -29.648  69.863 0.0000000000
56719  -39.738  -30.089  70.481 0.0000000000
56720  -40.658  -29.029  69.961 0.0000000000
66523  -41.535  -18.788  61.884 0.0000000000
65638  -41.365  -19.032  62.475 0.0000000000
66517  -41.932  -18.759  62.410 0.0000000000
65605  -46.956  -19.664  65.394 0.0000000000
65681  -37.082  -20.097  58.524 0.0000000000
66586  -41.526  -18.499  56.294 0.0000000000
66600  -41.865  -18.190  55.836 0.0000000000
42988  -8.392  -44.448  87.749 0.0000000000
123565  -8.466  -45.148  88.394 0.0000000000
37918  -10.304  -51.182  87.626 0.0000000000
37101  -10.067  -51.752  87.866 0.0000000000
38684  -8.631  -49.596  91.118 0.0000000000
37902  -7.498  -50.519  91.477 0.0000000000
131910  -35.035  -36.443  73.644 0.0000000000
51111  -34.757  -35.708  73.998 0.0000000000
53756  -33.826  -32.767  74.208 0.0000000000
52772  -34.129  -32.913  75.063 0.0000000000
53758  -35.211  -32.567  74.839 0.0000000000
53764  -34.212  -32.422  73.778 0.0000000000
115556  -33.729  -32.525  68.871 0.0000000000
53845  -33.932  -32.632  67.920 0.0000000000
40304  -16.307  -48.305  88.122 0.0000000000
39519  -16.755  -48.482  88.141 0.0000000000
39520  -17.291  -48.664  88.221 0.0000000000
43072  -20.948  -44.338  79.507 0.0000000000
43058  -20.861  -44.796  80.009 0.0000000000
46659  -23.204  -40.965  78.089 0.0000000000
118408  -25.805  -43.108  81.107 0.0000000000
44783  -24.957  -43.168  80.981 0.0000000000
43921  -24.604  -43.726  81.462 0.0000000000
43904  -25.249  -43.948  82.038 0.0000000000
43922  -25.967  -43.740  81.765 0.0000000000
45764  -34.462  -42.118  77.394 0.0000000000
37165  -11.363  -50.816  81.056 0.0000000000
121089  -37.638  -27.634  62.760 0.0000000000
58645  -38.021  -27.662  63.649 0.0000000000
61293  -40.795  -25.023  67.237 0.0000000000
60413  -40.653  -25.699  67.370 0.0000000000
60404  -41.037  -25.508  68.586 0.0000000000
62976  -44.436  -22.530  65.413 0.0000000000
62960  -43.869  -22.966  66.046 0.0000000000
116656  -45.906  -17.741  55.643 0.0000000000
115856  -45.501  -17.667  54.881 0.0000000000
66625  -49.840  -19.062  53.419 0.0000000000
66617  -50.595  -18.919  54.020 0.0000000000
66670  -52.071  -18.321  49.703 0.0000000000
132687  -51.799  -18.688  50.339 0.0000000000
66650  -52.994  -18.400  51.321 0.0000000000
67575  -53.845  -17.589  51.066 0.0000000000
67590  -54.472  -16.817  50.921 0.0000000000
48554  -30.992  -38.422  73.181 0.0000000000
49493  -29.395  -37.537  71.986 0.0000000000
136864  -29.713  -37.225  71.501 0.0000000000
116508  -25.853  -38.525  73.750 0.0000000000
48537  -27.667  -38.773  74.373 0.0000000000
47609  -27.585  -39.206  75.085 0.0000000000
47611  -29.085  -39.175  74.831 0.0000000000
136011  -29.661  -38.430  73.477 0.0000000000
48539  -29.554  -38.769  74.172 0.0000000000
116184  -30.370  -38.631  73.692 0.0000000000
48540  -31.116  -38.862  73.806 0.0000000000
54820  -36.747  -31.674  69.163 0.0000000000
54821  -37.181  -31.526  69.686 0.0000000000
54833  -37.417  -31.465  68.483 0.0000000000
55827  -38.066  -31.215  67.955 0.0000000000
55841  -38.565  -30.732  67.468 0.0000000000
55829  -39.416  -30.337  68.670 0.0000000000
115571  -44.075  -18.640  61.092 0.0000000000
115449  -44.049  -18.296  62.221 0.0000000000
138090  -44.725  -18.272  61.600 0.0000000000
67436  -46.690  -17.448  63.568 0.0000000000
127844  -46.540  -17.579  64.227 0.0000000000
116748  -47.310  -17.394  64.022 0.0000000000
67484  -49.568  -16.883  58.951 0.0000000000
68386  -50.391  -16.706  58.882 0.0000000000
42160  -9.561  -45.623  85.095 0.0000000000
42994  -9.239  -44.932  85.881 0.0000000000
51126  -33.281  -34.405  72.557 0.0000000000
135303  -33.762  -34.621  73.225 0.0000000000
52797  -33.016  -33.151  72.978 0.0000000000
52798  -33.129  -32.434  72.962 0.0000000000
53772  -33.395  -32.108  72.664 0.0000000000
54806  -32.155  -31.506  70.600 0.0000000000
54819  -32.702  -31.725  69.993 0.0000000000
40330  -19.877  -47.602  86.790 0.0000000000
40316  -19.692  -48.101  87.610 0.0000000000
40332  -21.694  -47.534  86.653 0.0000000000
40331  -21.080  -47.728  86.909 0.0000000000
42154  -23.714  -46.274  85.395 0.0000000000
41255  -23.740  -46.879  85.797 0.0000000000
42146  -24.130  -46.486  85.637 0.0000000000
46644  -26.355  -41.217  78.872 0.0000000000
46643  -25.405  -41.189  78.908 0.0000000000
45712  -27.567  -42.094  80.097 0.0000000000
121478  -25.990  -42.653  80.503 0.0000000000
44785  -27.286  -43.053  81.396 0.0000000000
121188  -13.213  -47.341  81.590 0.0000000000
40383  -13.361  -48.097  81.960 0.0000000000
38770  -13.198  -49.628  81.479 0.0000000000
37166  -12.441  -51.027  81.322 0.0000000000
37968  -13.917  -51.186  83.478 0.0000000000
37149  -13.744  -52.308  83.199 0.0000000000
61348  -38.363  -24.692  62.687 0.0000000000
60455  -38.652  -25.109  63.350 0.0000000000
62166  -39.755  -23.654  64.272 0.0000000000
61327  -39.534  -24.297  64.503 0.0000000000
61300  -40.079  -24.940  66.023 0.0000000000
61312  -40.379  -24.257  65.698 0.0000000000
67605  -51.354  -17.863  49.051 0.0000000000
67616  -51.563  -17.262  48.406 0.0000000000
138166  -52.811  -17.231  48.751 0.0000000000
67617  -52.377  -17.072  48.398 0.0000000000
38732  -10.290  -49.924  84.649 0.0000000000
36257  -10.450  -52.939  86.719 0.0000000000
46721  -36.885  -40.189  74.982 0.0000000000
47601  -36.665  -39.468  75.058 0.0000000000
47618  -36.177  -39.098  74.681 0.0000000000
48559  -35.156  -38.224  73.780 0.0000000000
49467  -35.262  -37.257  73.837 0.0000000000
49496  -32.809  -37.795  71.720 0.0000000000
50337  -33.009  -36.871  71.200 0.0000000000
132419  -34.424  -36.711  72.158 0.0000000000
39562  -13.882  -48.575  84.937 0.0000000000
40345  -13.714  -47.742  85.643 0.0000000000
133169  -14.075  -47.088  86.860 0.0000000000
40311  -15.146  -47.817  87.476 0.0000000000
41247  -15.672  -47.553  87.579 0.0000000000
41249  -14.469  -46.536  86.903 0.0000000000
40327  -16.970  -47.599  86.453 0.0000000000
125496  -16.561  -47.708  87.547 0.0000000000
123448  -17.790  -47.693  86.355 0.0000000000
40347  -18.284  -47.629  85.830 0.0000000000
125535  -19.356  -47.380  85.092 0.0000000000
133895  -19.931  -46.984  84.039 0.0000000000
41278  -20.719  -46.912  84.376 0.0000000000
136358  -23.407  -40.242  76.878 0.0000000000
48523  -25.041  -38.868  74.929 0.0000000000
47593  -25.657  -39.337  75.521 0.0000000000
47574  -25.813  -39.785  76.210 0.0000000000
47559  -24.793  -40.152  76.852 0.0000000000
46685  -26.273  -40.533  77.404 0.0000000000
129848  -28.314  -40.857  77.944 0.0000000000
134298  -28.838  -41.086  78.252 0.0000000000
46666  -29.528  -41.025  78.105 0.0000000000
46690  -31.504  -40.758  77.146 0.0000000000
46706  -32.154  -40.670  76.547 0.0000000000
47597  -30.581  -39.610  75.140 0.0000000000
125684  -32.667  -40.397  75.265 0.0000000000
46718  -33.228  -40.831  75.624 0.0000000000
45787  -34.699  -41.655  75.447 0.0000000000
124982  -36.262  -40.569  74.694 0.0000000000
134034  -12.891  -45.953  82.662 0.0000000000
40360  -13.278  -47.265  83.924 0.0000000000
116740  -37.513  -32.214  76.387 0.0000000000
54747  -38.110  -31.642  76.853 0.0000000000
54761  -38.123  -31.833  75.701 0.0000000000
55777  -38.927  -31.027  74.350 0.0000000000
55768  -38.849  -31.232  75.351 0.0000000000
55769  -39.470  -30.623  75.108 0.0000000000
56657  -39.814  -30.203  75.711 0.0000000000
55778  -39.621  -30.400  74.322 0.0000000000
55810  -38.517  -30.918  70.883 0.0000000000
55798  -38.630  -30.909  71.728 0.0000000000
56691  -39.960  -29.892  72.268 0.0000000000
56679  -40.052  -29.821  73.131 0.0000000000
56672  -40.160  -29.837  73.970 0.0000000000
56673  -40.734  -29.371  73.463 0.0000000000
57578  -41.315  -28.871  73.816 0.0000000000
57590  -41.627  -28.134  72.619 0.0000000000
64769  -39.575  -20.269  62.228 0.0000000000
64757  -40.804  -20.634  62.976 0.0000000000
64759  -42.288  -19.995  63.516 0.0000000000
63867  -42.094  -21.001  63.668 0.0000000000
64742  -42.842  -20.716  63.871 0.0000000000
63850  -43.494  -21.479  64.143 0.0000000000
66508  -43.629  -18.445  63.675 0.0000000000
65603  -45.144  -19.994  64.821 0.0000000000
125299  -7.034  -46.863  93.125 0.0000000000
41222  -6.704  -46.070  92.981 0.0000000000
132486  -6.507  -46.713  93.293 0.0000000000
58681  -35.784  -27.468  60.915 0.0000000000
58682  -36.528  -27.548  61.379 0.0000000000
123739  -36.475  -26.850  60.805 0.0000000000
59585  -37.160  -26.246  60.935 0.0000000000
60479  -37.017  -25.284  60.913 0.0000000000
61357  -36.806  -24.390  60.954 0.0000000000
139487  -37.072  -22.263  60.868 0.0000000000
63020  -37.478  -22.474  61.328 0.0000000000
64780  -37.739  -20.853  61.022 0.0000000000
64781  -38.364  -20.234  61.298 0.0000000000
65644  -38.456  -19.829  60.899 0.0000000000
115224  -38.952  -19.574  60.509 0.0000000000
135864  -39.669  -19.315  60.185 0.0000000000
114970  -40.521  -19.068  61.173 0.0000000000
65699  -40.577  -19.312  57.789 0.0000000000
65684  -40.293  -19.335  58.517 0.0000000000
65685  -41.080  -19.169  58.539 0.0000000000
65672  -40.971  -19.168  59.479 0.0000000000
124312  -41.620  -19.101  59.051 0.0000000000
126489  -42.308  -19.138  59.215 0.0000000000
136517  -43.108  -18.608  57.732 0.0000000000
66558  -43.829  -18.775  58.909 0.0000000000
66559  -44.363  -18.498  58.433 0.0000000000
66574  -44.450  -18.301  57.641 0.0000000000
66601  -42.801  -18.111  55.818 0.0000000000
67505  -43.730  -17.932  56.047 0.0000000000
43829  -7.902  -44.330  89.057 0.0000000000
122903  -10.168  -49.259  85.217 0.0000000000
39554  -9.850  -48.247  85.875 0.0000000000
39528  -9.700  -48.519  87.284 0.0000000000
39543  -9.823  -48.385  86.519 0.0000000000
40310  -9.558  -47.735  86.909 0.0000000000
118434  -9.241  -47.023  87.246 0.0000000000
40303  -9.347  -47.818  87.746 0.0000000000
37094  -9.668  -51.495  88.459 0.0000000000
38689  -9.159  -49.344  89.991 0.0000000000
124951  -9.366  -49.266  89.110 0.0000000000
39509  -8.992  -48.384  89.474 0.0000000000
40302  -8.839  -47.383  88.917 0.0000000000
41236  -8.571  -46.515  89.408 0.0000000000
40301  -8.662  -47.395  89.842 0.0000000000
125296  -8.273  -47.286  91.331 0.0000000000
42124  -7.897  -45.837  91.058 0.0000000000
40292  -7.860  -47.246  92.051 0.0000000000
125455  -7.445  -46.840  92.591 0.0000000000
126922  -7.999  -47.996  92.276 0.0000000000
37898  -6.568  -50.421  91.852 0.0000000000
52729  -37.136  -33.618  80.366 0.0000000000
53693  -37.307  -32.926  80.063 0.0000000000
52735  -36.900  -33.335  79.444 0.0000000000
49453  -35.934  -37.182  77.184 0.0000000000
50286  -35.775  -36.399  77.444 0.0000000000
51927  -34.178  -34.173  75.132 0.0000000000
51076  -35.329  -34.751  77.146 0.0000000000
127290  -35.732  -34.758  77.772 0.0000000000
51915  -35.496  -33.847  77.450 0.0000000000
52748  -35.484  -33.165  77.439 0.0000000000
53719  -35.725  -32.863  77.386 0.0000000000
117451  -36.284  -32.677  77.219 0.0000000000
53744  -36.372  -32.637  75.656 0.0000000000
53759  -36.008  -32.714  74.389 0.0000000000
53766  -36.458  -32.675  73.641 0.0000000000
129302  -36.229  -32.536  72.141 0.0000000000
127555  -34.362  -32.283  72.496 0.0000000000
53805  -35.316  -32.497  70.713 0.0000000000
53806  -36.049  -32.291  70.404 0.0000000000
53818  -36.065  -32.130  69.637 0.0000000000
54831  -35.907  -32.065  67.986 0.0000000000
53859  -35.030  -32.277  66.759 0.0000000000
54855  -35.639  -31.759  66.241 0.0000000000
54854  -34.831  -32.029  65.935 0.0000000000
54829  -30.122  -31.013  68.676 0.0000000000
53842  -30.817  -31.965  67.149 0.0000000000
53856  -32.131  -32.774  66.280 0.0000000000
53871  -32.394  -32.715  65.346 0.0000000000
115849  -33.017  -32.701  65.900 0.0000000000
53885  -32.560  -32.537  64.477 0.0000000000
54888  -34.481  -31.448  64.307 0.0000000000
39545  -14.563  -48.925  86.231 0.0000000000
117362  -14.868  -49.704  85.997 0.0000000000
38715  -15.179  -49.383  86.710 0.0000000000
37919  -16.408  -49.853  87.152 0.0000000000
38710  -18.480  -48.911  88.166 0.0000000000
38711  -19.374  -48.801  87.838 0.0000000000
42190  -19.511  -46.549  81.679 0.0000000000
118409  -20.420  -46.397  81.939 0.0000000000
42191  -21.229  -46.028  82.295 0.0000000000
124836  -21.474  -46.239  82.967 0.0000000000
42192  -22.078  -45.764  82.737 0.0000000000
45745  -22.858  -41.658  78.537 0.0000000000
137353  -22.026  -41.708  78.181 0.0000000000
44840  -22.167  -42.198  78.678 0.0000000000
44839  -21.603  -42.847  78.611 0.0000000000
44823  -22.360  -42.818  79.273 0.0000000000
136713  -24.919  -41.422  79.111 0.0000000000
45727  -24.420  -41.722  79.304 0.0000000000
44802  -23.667  -42.984  80.415 0.0000000000
44801  -22.804  -43.140  80.057 0.0000000000
43918  -22.252  -44.411  80.829 0.0000000000
43919  -22.924  -43.936  81.075 0.0000000000
43038  -23.396  -44.687  82.260 0.0000000000
43023  -22.979  -45.320  82.968 0.0000000000
42179  -23.481  -45.600  83.865 0.0000000000
43026  -25.655  -44.813  83.416 0.0000000000
43012  -26.204  -45.107  84.328 0.0000000000
43905  -26.746  -43.840  82.189 0.0000000000
43906  -27.578  -43.783  82.509 0.0000000000
46650  -32.155  -41.275  78.855 0.0000000000
42184  -10.152  -45.279  82.814 0.0000000000
115381  -10.228  -45.913  82.167 0.0000000000
41329  -12.619  -47.036  79.846 0.0000000000
40402  -12.043  -47.448  79.587 0.0000000000
40400  -10.863  -47.751  79.895 0.0000000000
129635  -11.131  -47.247  79.659 0.0000000000
41342  -11.183  -46.640  79.555 0.0000000000
42217  -10.916  -45.419  79.623 0.0000000000
41328  -10.764  -46.132  80.161 0.0000000000
42205  -10.576  -45.257  80.509 0.0000000000
126030  -10.501  -46.723  80.873 0.0000000000
40389  -10.308  -47.222  81.533 0.0000000000
39571  -10.250  -48.291  82.224 0.0000000000
40382  -10.198  -47.603  82.239 0.0000000000
131497  -10.224  -48.753  82.860 0.0000000000
133281  -10.388  -49.967  82.075 0.0000000000
37156  -12.226  -52.081  81.674 0.0000000000
35433  -12.203  -53.337  82.237 0.0000000000
55729  -39.512  -30.307  79.296 0.0000000000
56802  -36.268  -29.238  63.541 0.0000000000
56785  -36.652  -29.505  64.264 0.0000000000
57693  -38.505  -28.526  65.262 0.0000000000
56769  -38.474  -29.260  65.803 0.0000000000
57673  -38.917  -28.701  65.997 0.0000000000
57674  -39.537  -28.523  66.484 0.0000000000
60427  -39.295  -25.970  64.774 0.0000000000
59532  -39.079  -26.844  64.904 0.0000000000
128116  -40.430  -27.382  67.601 0.0000000000
58584  -40.330  -28.235  67.795 0.0000000000
139255  -40.600  -27.714  68.231 0.0000000000
57630  -40.778  -28.332  69.406 0.0000000000
58570  -40.743  -27.627  68.927 0.0000000000
59488  -41.620  -26.354  70.356 0.0000000000
59487  -41.262  -26.929  70.034 0.0000000000
63002  -41.085  -22.111  63.748 0.0000000000
62987  -40.746  -22.780  64.156 0.0000000000
62988  -41.528  -22.603  64.276 0.0000000000
62142  -42.296  -23.508  66.565 0.0000000000
62141  -41.479  -23.927  66.705 0.0000000000
132981  -45.862  -17.951  57.851 0.0000000000
67493  -46.410  -17.722  57.291 0.0000000000
133696  -47.753  -17.598  56.866 0.0000000000
67508  -48.406  -17.599  56.802 0.0000000000
67509  -49.192  -17.668  56.600 0.0000000000
131393  -47.493  -18.281  54.203 0.0000000000
66604  -49.423  -18.573  55.081 0.0000000000
66603  -48.620  -18.314  55.320 0.0000000000
118244  -49.950  -18.327  55.549 0.0000000000
67510  -50.075  -17.852  56.273 0.0000000000
67529  -50.674  -18.189  55.608 0.0000000000
66619  -52.111  -18.382  54.417 0.0000000000
66606  -52.059  -18.059  55.121 0.0000000000
67545  -52.794  -17.841  54.892 0.0000000000
67533  -54.496  -16.922  55.213 0.0000000000
67546  -53.649  -17.396  54.613 0.0000000000
66661  -51.054  -18.766  50.669 0.0000000000
118238  -50.079  -18.749  51.068 0.0000000000
66636  -50.846  -19.113  52.400 0.0000000000
118424  -51.664  -18.995  52.132 0.0000000000
67564  -53.619  -17.621  52.830 0.0000000000
121515  -54.398  -16.883  53.227 0.0000000000
67547  -54.675  -16.833  54.200 0.0000000000
68435  -55.350  -16.590  53.395 0.0000000000
68470  -54.773  -16.292  50.300 0.0000000000
69283  -55.149  -15.798  49.869 0.0000000000
48551  -26.536  -38.466  73.198 0.0000000000
48552  -27.365  -38.485  73.531 0.0000000000
54846  -36.576  -31.682  67.391 0.0000000000
54847  -37.355  -31.485  67.652 0.0000000000
54857  -37.229  -31.399  66.831 0.0000000000
55852  -37.677  -30.898  66.425 0.0000000000
66526  -45.096  -18.411  60.725 0.0000000000
67465  -45.882  -18.113  60.782 0.0000000000
67459  -46.428  -17.845  61.262 0.0000000000
68353  -48.668  -17.213  61.293 0.0000000000
68362  -49.398  -16.901  60.849 0.0000000000
122902  -9.945  -44.013  83.781 0.0000000000
119000  -9.741  -44.063  84.304 0.0000000000
43007  -9.847  -44.599  83.972 0.0000000000
121056  -9.578  -46.409  85.085 0.0000000000
121244  -32.643  -33.631  72.134 0.0000000000
52812  -32.258  -32.446  72.046 0.0000000000
53783  -32.277  -31.870  71.766 0.0000000000
54789  -31.788  -31.688  71.085 0.0000000000
37140  -14.249  -52.059  83.932 0.0000000000
41252  -20.715  -47.449  86.539 0.0000000000
121739  -23.075  -46.971  86.083 0.0000000000
42164  -23.995  -45.792  84.790 0.0000000000
45730  -27.870  -41.734  79.384 0.0000000000
44807  -28.218  -42.541  80.611 0.0000000000
44808  -28.920  -42.397  80.583 0.0000000000
131430  -29.803  -42.474  81.030 0.0000000000
61337  -38.683  -24.233  63.286 0.0000000000
116039  -39.477  -23.343  63.707 0.0000000000
62167  -40.389  -23.383  64.575 0.0000000000
47617  -35.568  -39.465  74.308 0.0000000000
48543  -35.004  -39.012  73.900 0.0000000000
48557  -34.127  -38.320  72.890 0.0000000000
49508  -31.410  -37.320  71.689 0.0000000000
50350  -32.051  -36.787  71.165 0.0000000000
40344  -13.255  -46.903  85.130 0.0000000000
41260  -13.532  -46.921  85.982 0.0000000000
41245  -14.485  -47.151  87.060 0.0000000000
122668  -16.188  -46.682  85.022 0.0000000000
40363  -18.367  -47.524  84.749 0.0000000000
47562  -27.058  -40.352  77.023 0.0000000000
46687  -28.524  -40.606  77.184 0.0000000000
46688  -29.328  -40.756  77.329 0.0000000000
123333  -29.969  -40.875  77.522 0.0000000000
46705  -30.823  -40.492  76.570 0.0000000000
47613  -31.248  -39.384  74.422 0.0000000000
47599  -33.497  -40.384  74.767 0.0000000000
131940  -34.809  -40.971  74.837 0.0000000000
47600  -34.429  -40.428  74.547 0.0000000000
41272  -12.934  -46.255  84.316 0.0000000000
131361  -37.709  -32.273  74.137 0.0000000000
54769  -38.298  -31.795  74.209 0.0000000000
54777  -38.608  -31.418  73.530 0.0000000000
55811  -39.189  -30.485  71.123 0.0000000000
56692  -40.510  -29.429  71.687 0.0000000000
57607  -41.527  -28.064  71.725 0.0000000000
65637  -40.560  -19.312  62.187 0.0000000000
64771  -41.038  -19.696  62.726 0.0000000000
65632  -42.494  -19.136  63.514 0.0000000000
66497  -45.640  -18.318  64.893 0.0000000000
66496  -44.826  -18.514  64.476 0.0000000000
66482  -46.213  -18.885  65.170 0.0000000000
68406  -53.179  -16.758  57.259 0.0000000000
62199  -36.724  -23.606  60.904 0.0000000000
65654  -37.302  -20.331  59.905 0.0000000000
65655  -38.101  -19.976  60.273 0.0000000000
65668  -37.644  -20.108  59.428 0.0000000000
117068  -38.858  -19.771  58.886 0.0000000000
66570  -40.730  -18.947  57.079 0.0000000000
65700  -41.392  -19.070  57.707 0.0000000000
66572  -42.322  -18.771  57.576 0.0000000000
114993  -42.932  -18.513  57.171 0.0000000000
42980  -8.243  -45.010  89.224 0.0000000000
128135  -10.266  -49.955  86.477 0.0000000000
118767  -10.232  -50.242  87.241 0.0000000000
38705  -9.843  -49.454  87.772 0.0000000000
37910  -9.161  -50.783  89.644 0.0000000000
39502  -8.775  -49.041  90.754 0.0000000000
39501  -8.489  -48.804  91.406 0.0000000000
39498  -8.166  -48.642  91.993 0.0000000000
38679  -7.843  -49.246  92.179 0.0000000000
49459  -35.867  -37.567  75.262 0.0000000000
50312  -35.607  -36.760  75.515 0.0000000000
50298  -35.241  -35.723  75.779 0.0000000000
52763  -34.171  -33.289  75.548 0.0000000000
52755  -34.607  -33.190  76.306 0.0000000000
52747  -34.951  -33.256  77.019 0.0000000000
53728  -34.766  -32.798  76.113 0.0000000000
53743  -35.334  -32.602  75.626 0.0000000000
115346  -33.951  -32.149  70.313 0.0000000000
53804  -34.406  -32.293  70.967 0.0000000000
53817  -35.410  -32.443  69.415 0.0000000000
53832  -35.279  -32.469  68.618 0.0000000000
53831  -34.515  -32.596  68.475 0.0000000000
121809  -34.390  -32.566  67.166 0.0000000000
39531  -15.836  -48.490  87.781 0.0000000000
38706  -15.517  -48.889  87.361 0.0000000000
38708  -16.824  -49.264  87.742 0.0000000000
38709  -17.442  -49.374  87.918 0.0000000000
38712  -20.213  -48.682  87.446 0.0000000000
38719  -19.687  -49.286  87.187 0.0000000000
43057  -19.952  -45.048  79.983 0.0000000000
43047  -21.403  -45.377  81.170 0.0000000000
119707  -22.021  -44.959  81.374 0.0000000000
132595  -22.762  -40.783  77.451 0.0000000000
43920  -23.713  -43.664  81.129 0.0000000000
43903  -23.981  -44.080  81.907 0.0000000000
43039  -24.295  -44.572  82.542 0.0000000000
43885  -25.095  -44.459  82.647 0.0000000000
39584  -12.433  -48.741  80.304 0.0000000000
136135  -11.814  -48.226  79.802 0.0000000000
39595  -11.524  -48.994  79.981 0.0000000000
39594  -11.072  -48.375  79.807 0.0000000000
39593  -10.733  -48.289  80.139 0.0000000000
125856  -10.559  -47.698  80.596 0.0000000000
39583  -10.553  -48.480  80.609 0.0000000000
38768  -10.492  -49.101  80.965 0.0000000000
126906  -10.522  -49.826  81.378 0.0000000000
57709  -37.654  -28.434  64.069 0.0000000000
58630  -38.312  -28.087  64.455 0.0000000000
123981  -38.841  -27.703  65.026 0.0000000000
60420  -39.949  -25.751  66.159 0.0000000000
115733  -39.890  -26.424  66.300 0.0000000000
60412  -40.198  -26.110  66.823 0.0000000000
59519  -40.533  -26.514  67.496 0.0000000000
59498  -40.917  -26.872  69.288 0.0000000000
60394  -40.911  -26.123  68.916 0.0000000000
60388  -41.806  -25.558  70.260 0.0000000000
62974  -42.703  -22.806  65.082 0.0000000000
62959  -43.001  -23.142  65.863 0.0000000000
62143  -43.232  -23.225  66.774 0.0000000000
122877  -45.412  -17.788  56.331 0.0000000000
135531  -46.763  -17.639  56.884 0.0000000000
67506  -46.297  -17.723  56.483 0.0000000000
122276  -51.454  -18.786  53.905 0.0000000000
67604  -50.387  -17.919  49.192 0.0000000000
66649  -51.961  -18.908  51.164 0.0000000000
123301  -52.395  -18.802  51.924 0.0000000000
126661  -53.710  -17.688  51.957 0.0000000000
136266  -54.187  -16.988  52.483 0.0000000000
69294  -55.110  -15.326  49.402 0.0000000000
69295  -55.420  -15.557  49.402 0.0000000000
48556  -32.609  -38.883  73.113 0.0000000000
49494  -30.926  -37.839  72.482 0.0000000000
41273  -15.631  -46.061  84.901 0.0000000000
134954  -16.718  -46.859  83.777 0.0000000000
41287  -17.010  -46.720  83.077 0.0000000000
48534  -24.242  -38.586  74.343 0.0000000000
47595  -28.759  -39.525  75.387 0.0000000000
48541  -31.895  -39.150  73.803 0.0000000000
119431  -37.369  -31.754  71.128 0.0000000000
54810  -37.927  -31.338  70.603 0.0000000000
119076  -38.417  -30.963  70.154 0.0000000000
54834  -38.102  -31.218  68.813 0.0000000000
55818  -38.778  -30.800  69.335 0.0000000000
56732  -39.971  -29.603  68.986 0.0000000000
66518  -42.600  -18.637  62.619 0.0000000000
66525  -43.224  -18.531  61.925 0.0000000000
66519  -44.106  -18.039  63.262 0.0000000000
67434  -44.974  -17.834  63.467 0.0000000000
67420  -45.250  -17.947  64.284 0.0000000000
67421  -46.067  -17.820  64.644 0.0000000000
67413  -47.377  -17.949  65.196 0.0000000000
115810  -50.270  -16.685  60.463 0.0000000000
67485  -50.912  -16.753  58.288 0.0000000000
131566  -50.482  -17.147  57.594 0.0000000000
43857  -9.460  -43.767  84.777 0.0000000000
134831  -8.783  -44.116  86.227 0.0000000000
42989  -8.762  -44.732  86.848 0.0000000000
51110  -34.228  -35.200  73.538 0.0000000000
129860  -33.548  -33.160  74.122 0.0000000000
53803  -33.407  -31.840  71.220 0.0000000000
53814  -32.909  -32.003  69.250 0.0000000000
40315  -18.262  -48.293  88.043 0.0000000000
40306  -17.444  -48.599  88.266 0.0000000000
40317  -20.590  -48.038  87.395 0.0000000000
39534  -20.691  -48.225  87.345 0.0000000000
39546  -21.372  -48.314  86.803 0.0000000000
43942  -19.488  -44.172  78.757 0.0000000000
43943  -20.529  -44.049  78.936 0.0000000000
43944  -21.365  -43.866  79.287 0.0000000000
46661  -24.957  -40.794  78.186 0.0000000000
117733  -25.207  -41.719  79.482 0.0000000000
45711  -25.628  -42.135  80.081 0.0000000000
44784  -26.606  -43.365  81.499 0.0000000000
44770  -27.901  -43.321  81.971 0.0000000000
115503  -28.777  -43.164  82.036 0.0000000000
41330  -13.128  -46.502  80.341 0.0000000000
40396  -13.059  -47.376  80.665 0.0000000000
39585  -12.896  -48.142  80.658 0.0000000000
39577  -13.138  -48.711  81.146 0.0000000000
37988  -11.863  -50.417  80.733 0.0000000000
59567  -38.184  -26.176  62.283 0.0000000000
135550  -38.506  -26.947  63.639 0.0000000000
59553  -38.564  -26.114  63.304 0.0000000000
61326  -39.041  -24.674  63.971 0.0000000000
60443  -39.405  -25.092  64.656 0.0000000000
60428  -39.718  -25.456  65.393 0.0000000000
67542  -44.134  -17.548  54.318 0.0000000000
67543  -45.020  -17.579  54.160 0.0000000000
115858  -52.983  -18.019  49.773 0.0000000000
68469  -53.900  -17.345  50.109 0.0000000000
132560  -53.330  -17.289  49.171 0.0000000000
138442  -53.660  -16.688  48.940 0.0000000000
68494  -54.023  -15.926  48.790 0.0000000000
68493  -52.563  -16.545  47.985 0.0000000000
126688  -10.079  -48.162  83.662 0.0000000000
130197  -10.120  -48.809  84.520 0.0000000000
48525  -36.077  -38.328  74.938 0.0000000000
49479  -34.314  -37.668  72.381 0.0000000000
51140  -32.447  -34.801  71.326 0.0000000000
126711  -31.315  -33.410  70.829 0.0000000000
119252  -13.981  -49.329  84.365 0.0000000000
39555  -14.035  -48.566  85.745 0.0000000000
39530  -15.305  -48.249  87.507 0.0000000000
40313  -16.202  -47.712  88.263 0.0000000000
47557  -22.396  -39.814  76.264 0.0000000000
46681  -22.752  -40.308  76.898 0.0000000000
46683  -24.473  -40.566  77.422 0.0000000000
47592  -24.325  -39.423  75.824 0.0000000000
47573  -25.063  -39.715  76.167 0.0000000000
126253  -24.371  -39.821  76.391 0.0000000000
46663  -26.731  -40.846  78.218 0.0000000000
46646  -28.263  -41.347  78.643 0.0000000000
46647  -29.175  -41.456  78.748 0.0000000000
45733  -30.568  -41.699  79.532 0.0000000000
130135  -31.339  -41.217  78.512 0.0000000000
122112  -31.158  -40.944  77.830 0.0000000000
46668  -31.876  -40.940  78.035 0.0000000000
46670  -33.191  -41.307  77.640 0.0000000000
45775  -33.737  -41.577  76.981 0.0000000000
47578  -30.287  -39.977  76.063 0.0000000000
47579  -31.931  -40.304  75.744 0.0000000000
45777  -35.133  -42.365  76.038 0.0000000000
46720  -35.703  -41.286  74.919 0.0000000000
121791  -13.074  -45.951  81.815 0.0000000000
132727  -13.240  -47.288  82.353 0.0000000000
41285  -13.077  -46.708  83.113 0.0000000000
119358  -37.863  -31.583  78.012 0.0000000000
55758  -38.650  -31.345  76.141 0.0000000000
55745  -39.231  -30.520  77.208 0.0000000000
56643  -39.782  -30.021  76.610 0.0000000000
121519  -38.164  -31.502  72.252 0.0000000000
55785  -39.081  -30.769  73.493 0.0000000000
55799  -39.296  -30.423  71.998 0.0000000000
55792  -39.450  -30.361  72.853 0.0000000000
57589  -41.231  -28.816  73.021 0.0000000000
63876  -39.295  -21.257  62.451 0.0000000000
63864  -39.821  -21.901  62.971 0.0000000000
63865  -40.599  -21.585  63.211 0.0000000000
63848  -41.851  -21.883  63.918 0.0000000000
64758  -41.567  -20.331  63.203 0.0000000000
62990  -43.182  -22.269  64.479 0.0000000000
63835  -44.048  -22.084  64.623 0.0000000000
66507  -42.873  -18.783  63.355 0.0000000000
65633  -43.165  -18.891  63.916 0.0000000000
65619  -43.745  -19.445  64.165 0.0000000000
65620  -44.547  -19.262  64.534 0.0000000000
64744  -44.406  -20.224  64.364 0.0000000000
42120  -7.228  -45.696  92.079 0.0000000000
55871  -35.574  -30.562  64.299 0.0000000000
55883  -35.221  -30.268  63.581 0.0000000000
56801  -35.545  -29.589  63.240 0.0000000000
56822  -35.919  -28.980  62.881 0.0000000000
57745  -35.639  -28.745  62.301 0.0000000000
57725  -36.603  -28.624  63.111 0.0000000000
57747  -36.984  -28.128  62.553 0.0000000000
58661  -37.256  -27.506  61.915 0.0000000000
117559  -37.833  -27.030  62.275 0.0000000000
58683  -37.601  -26.611  61.636 0.0000000000
60468  -38.198  -25.196  62.028 0.0000000000
61347  -38.120  -24.449  62.023 0.0000000000
118494  -37.793  -23.880  61.697 0.0000000000
62190  -37.889  -23.152  61.870 0.0000000000
63011  -38.130  -22.348  62.039 0.0000000000
63885  -37.282  -21.654  60.884 0.0000000000
63875  -38.513  -21.506  62.090 0.0000000000
64768  -38.831  -20.569  61.946 0.0000000000
65645  -40.118  -19.274  61.639 0.0000000000
66532  -41.166  -18.915  61.356 0.0000000000
65683  -39.562  -19.532  58.695 0.0000000000
65671  -40.098  -19.269  59.389 0.0000000000
65658  -41.276  -19.154  60.471 0.0000000000
66533  -41.904  -18.876  61.119 0.0000000000
65659  -42.259  -19.154  60.161 0.0000000000
135270  -43.775  -18.891  60.262 0.0000000000
66544  -44.005  -18.850  59.624 0.0000000000
131848  -45.134  -18.595  59.894 0.0000000000
66546  -45.508  -18.373  59.286 0.0000000000
138742  -46.647  -17.895  58.926 0.0000000000
66561  -46.022  -18.072  58.668 0.0000000000
66589  -44.102  -18.110  56.806 0.0000000000
66575  -44.918  -18.014  56.939 0.0000000000
67552  -43.690  -17.185  53.549 0.0000000000
121057  -9.687  -47.073  84.823 0.0000000000
116239  -9.489  -46.932  85.696 0.0000000000
40325  -9.606  -47.686  86.166 0.0000000000
119940  -9.285  -46.329  86.209 0.0000000000
135049  -9.156  -46.452  86.814 0.0000000000
41243  -8.915  -46.221  87.419 0.0000000000
37914  -10.073  -50.999  88.329 0.0000000000
127317  -9.545  -49.170  88.431 0.0000000000
38695  -9.380  -50.105  89.409 0.0000000000
137927  -9.092  -47.612  88.320 0.0000000000
42136  -8.684  -45.955  88.196 0.0000000000
42135  -8.506  -45.772  88.964 0.0000000000
122760  -8.497  -47.334  90.635 0.0000000000
42128  -8.174  -45.777  90.459 0.0000000000
41224  -7.135  -46.199  92.644 0.0000000000
40289  -6.851  -47.575  93.269 0.0000000000
39497  -7.692  -48.485  92.549 0.0000000000
39494  -7.090  -48.313  93.044 0.0000000000
52730  -37.702  -33.311  80.740 0.0000000000
53704  -37.595  -32.370  79.527 0.0000000000
48510  -36.916  -38.463  77.374 0.0000000000
126570  -34.781  -35.280  74.909 0.0000000000
51081  -35.425  -35.628  76.843 0.0000000000
115812  -35.723  -35.548  77.645 0.0000000000
51904  -36.269  -34.682  79.073 0.0000000000
52734  -36.371  -33.727  78.834 0.0000000000
52741  -35.885  -33.351  78.139 0.0000000000
52742  -36.455  -32.986  78.666 0.0000000000
53713  -36.870  -32.535  78.676 0.0000000000
53745  -37.314  -32.472  75.591 0.0000000000
53788  -36.779  -32.244  71.669 0.0000000000
123182  -34.823  -32.448  73.119 0.0000000000
53786  -35.391  -32.539  72.255 0.0000000000
54808  -36.630  -31.802  70.015 0.0000000000
54889  -35.177  -31.207  64.655 0.0000000000
54804  -30.709  -31.669  70.188 0.0000000000
54817  -31.057  -31.392  69.733 0.0000000000
54830  -31.444  -31.517  69.004 0.0000000000
115666  -32.489  -32.479  67.898 0.0000000000
53855  -31.298  -32.619  66.373 0.0000000000
53844  -33.174  -32.694  67.652 0.0000000000
53857  -33.530  -32.675  66.363 0.0000000000
53872  -33.955  -32.407  65.596 0.0000000000
54868  -34.616  -31.752  65.103 0.0000000000
55870  -34.882  -30.862  63.978 0.0000000000
38725  -14.879  -50.334  85.349 0.0000000000
38716  -15.827  -49.695  86.972 0.0000000000
39521  -18.047  -48.670  88.283 0.0000000000
38702  -17.809  -48.990  88.234 0.0000000000
41300  -17.394  -46.387  82.369 0.0000000000
44852  -20.512  -42.257  77.412 0.0000000000
43945  -22.081  -43.527  79.692 0.0000000000
45709  -24.035  -42.306  79.884 0.0000000000
42165  -24.863  -45.721  84.797 0.0000000000
43881  -10.104  -43.602  83.273 0.0000000000
43018  -10.113  -44.442  83.227 0.0000000000
41284  -9.992  -46.544  83.341 0.0000000000
126604  -11.649  -47.001  79.444 0.0000000000
43053  -10.500  -44.509  80.820 0.0000000000
121483  -10.403  -45.029  81.241 0.0000000000
41298  -10.139  -46.724  82.412 0.0000000000
40373  -10.044  -47.354  83.066 0.0000000000
55872  -36.328  -30.247  64.653 0.0000000000
55861  -37.434  -30.508  65.768 0.0000000000
138943  -37.963  -30.364  66.170 0.0000000000
57692  -37.841  -29.161  65.208 0.0000000000
56768  -37.887  -29.842  65.716 0.0000000000
56754  -38.474  -29.933  66.283 0.0000000000
56742  -38.892  -30.063  67.021 0.0000000000
118061  -39.595  -29.526  67.362 0.0000000000
134772  -40.211  -29.110  68.130 0.0000000000
59526  -39.716  -26.957  66.077 0.0000000000
58599  -39.667  -27.638  66.251 0.0000000000
56733  -40.517  -29.018  69.062 0.0000000000
57618  -40.978  -28.182  70.238 0.0000000000
58550  -41.390  -27.843  70.929 0.0000000000
58549  -41.299  -27.534  70.333 0.0000000000
62973  -41.893  -22.967  64.929 0.0000000000
62154  -41.437  -23.437  65.452 0.0000000000
62153  -40.711  -23.673  65.263 0.0000000000
62140  -41.036  -23.867  65.993 0.0000000000
61294  -41.432  -24.542  67.483 0.0000000000
62118  -42.179  -24.058  68.213 0.0000000000
61284  -41.594  -24.883  68.582 0.0000000000
67483  -47.306  -17.700  58.838 0.0000000000
134213  -48.365  -17.336  58.043 0.0000000000
67494  -47.210  -17.599  57.306 0.0000000000
67495  -48.063  -17.477  57.430 0.0000000000
120655  -50.657  -17.462  56.917 0.0000000000
130400  -46.343  -17.796  54.877 0.0000000000
66602  -47.749  -17.957  55.638 0.0000000000
66614  -48.002  -18.348  54.759 0.0000000000
67527  -48.524  -17.887  56.085 0.0000000000
67511  -51.458  -17.430  56.729 0.0000000000
67512  -52.361  -17.301  56.533 0.0000000000
67513  -53.372  -17.056  56.358 0.0000000000
67531  -52.598  -17.601  55.692 0.0000000000
68418  -54.304  -16.884  56.125 0.0000000000
66635  -50.029  -19.082  52.593 0.0000000000
66626  -50.629  -19.113  53.158 0.0000000000
66627  -51.453  -18.978  53.053 0.0000000000
66628  -52.204  -18.621  53.577 0.0000000000
66629  -52.924  -18.197  53.215 0.0000000000
69284  -55.393  -16.099  49.993 0.0000000000
37900  -8.061  -49.952  91.752 0.0000000000
37904  -8.656  -50.235  90.884 0.0000000000
38674  -6.632  -48.835  93.068 0.0000000000
38678  -7.195  -49.079  92.725 0.0000000000
38700  -16.587  -49.265  88.056 0.0000000000
39517  -15.804  -48.229  87.907 0.0000000000
39561  -10.006  -48.477  85.288 0.0000000000
40288  -6.265  -47.402  93.353 0.0000000000
40305  -16.797  -48.436  88.202 0.0000000000
41225  -7.505  -46.391  92.074 0.0000000000
41229  -7.897  -46.521  91.474 0.0000000000
41233  -8.425  -46.504  90.190 0.0000000000
42218  -11.508  -45.515  78.964 0.0000000000
58660  -36.646  -28.059  61.923 0.0000000000
62200  -37.245  -23.955  61.282 0.0000000000
64770  -40.307  -20.012  62.471 0.0000000000
65618  -42.951  -19.640  63.891 0.0000000000
67422  -46.864  -17.683  64.824 0.0000000000
67466  -47.917  -17.605  60.254 0.0000000000
115664  -31.684  -32.761  65.675 0.0000000000
119712  -55.840  -15.752  49.134 0.0000000000
121007  -43.720  -18.564  58.085 0.0000000000
122552  -37.360  -29.075  64.515 0.0000000000
124941  -37.478  -31.417  69.164 0.0000000000
128129  -8.441  -49.952  91.344 0.0000000000
133051  -9.431  -46.200  85.613 0.0000000000
135672  -39.743  -29.807  68.154 0.0000000000
136931  -6.691  -47.152  93.360 0.0000000000
138348  -39.576  -29.057  66.878 0.0000000000
