#!ascii label  , from subject sub-v1s8x0051341_ses-1 vox2ras=TkReg
967
48417  -8.876  -37.512  88.381 0.0000000000
50309  -27.012  -35.467  76.024 0.0000000000
55796  -26.081  -30.782  71.597 0.0000000000
129607  -21.226  -38.477  83.664 0.0000000000
63863  -30.565  -21.259  63.809 0.0000000000
57686  -29.052  -27.845  64.726 0.0000000000
50254  -29.425  -35.897  79.307 0.0000000000
49420  -24.493  -36.135  80.195 0.0000000000
68328  -37.882  -17.036  66.268 0.0000000000
71800  -39.189  -12.454  63.978 0.0000000000
70924  -41.547  -13.105  60.976 0.0000000000
116588  -28.704  -25.708  72.275 0.0000000000
58574  -25.027  -27.621  67.384 0.0000000000
136457  -31.229  -27.254  69.196 0.0000000000
59524  -34.635  -26.576  66.702 0.0000000000
44722  -15.046  -41.604  86.494 0.0000000000
49307  -6.361  -36.571  91.986 0.0000000000
52796  -28.756  -33.946  72.869 0.0000000000
56656  -28.086  -29.527  75.511 0.0000000000
44748  -17.790  -41.584  84.414 0.0000000000
48486  -19.372  -38.346  80.400 0.0000000000
70978  -40.376  -13.329  54.828 0.0000000000
71828  -43.993  -12.532  58.995 0.0000000000
59566  -31.218  -25.630  63.114 0.0000000000
64703  -34.521  -20.886  67.486 0.0000000000
49366  -10.860  -37.048  84.068 0.0000000000
45598  -4.043  -41.625  91.797 0.0000000000
70032  -38.836  -13.940  66.215 0.0000000000
59484  -29.557  -26.240  70.825 0.0000000000
44729  -13.556  -41.461  85.147 0.0000000000
48389  -7.721  -36.606  90.851 0.0000000000
51122  -25.993  -34.927  72.588 0.0000000000
51096  -28.378  -35.428  74.525 0.0000000000
45681  -18.922  -40.388  84.092 0.0000000000
45699  -18.197  -40.749  82.195 0.0000000000
47530  -19.698  -38.710  81.949 0.0000000000
50280  -25.733  -35.500  77.409 0.0000000000
50263  -22.717  -35.555  78.549 0.0000000000
126774  -24.468  -35.550  76.066 0.0000000000
45666  -19.801  -40.467  85.482 0.0000000000
129175  -18.379  -41.533  85.690 0.0000000000
117673  -35.894  -14.717  59.313 0.0000000000
129250  -38.619  -14.001  56.163 0.0000000000
70927  -42.767  -13.203  60.022 0.0000000000
58606  -27.299  -27.307  65.414 0.0000000000
58641  -30.290  -27.241  63.252 0.0000000000
62127  -34.171  -23.685  67.931 0.0000000000
123736  -14.148  -37.311  82.549 0.0000000000
51037  -13.814  -34.719  82.551 0.0000000000
51018  -12.226  -34.783  85.042 0.0000000000
132206  -11.611  -35.624  80.910 0.0000000000
46546  -5.039  -41.313  90.306 0.0000000000
50283  -28.307  -35.326  77.644 0.0000000000
51086  -29.329  -34.554  76.792 0.0000000000
51074  -30.118  -34.613  78.426 0.0000000000
48458  -24.239  -37.721  83.803 0.0000000000
134189  -22.930  -36.840  82.125 0.0000000000
49391  -25.771  -36.750  81.452 0.0000000000
49422  -26.606  -36.315  79.748 0.0000000000
65616  -34.313  -18.994  64.954 0.0000000000
68335  -35.431  -16.191  64.065 0.0000000000
70906  -36.599  -13.873  62.675 0.0000000000
70046  -38.453  -14.400  61.001 0.0000000000
70066  -40.006  -14.846  59.535 0.0000000000
71815  -40.916  -12.751  62.745 0.0000000000
57601  -25.718  -27.899  72.023 0.0000000000
127078  -24.891  -28.748  70.150 0.0000000000
59492  -26.434  -26.457  70.036 0.0000000000
59506  -28.383  -26.596  68.654 0.0000000000
122111  -29.777  -27.534  66.426 0.0000000000
57689  -31.550  -27.956  65.517 0.0000000000
57654  -32.725  -28.173  67.253 0.0000000000
129527  -14.079  -39.456  86.473 0.0000000000
125979  -12.775  -40.116  84.016 0.0000000000
71865  -45.335  -12.480  54.988 0.0000000000
130289  -4.653  -36.947  92.552 0.0000000000
51961  -26.553  -34.195  71.713 0.0000000000
53782  -27.922  -32.267  71.934 0.0000000000
126561  -29.982  -32.492  74.797 0.0000000000
55784  -28.519  -31.554  74.030 0.0000000000
56670  -27.102  -29.718  73.614 0.0000000000
58490  -27.233  -27.093  74.327 0.0000000000
49401  -21.654  -36.644  80.481 0.0000000000
44725  -17.739  -41.935  87.538 0.0000000000
44741  -17.482  -42.025  85.475 0.0000000000
70076  -41.069  -15.215  58.313 0.0000000000
70947  -42.667  -13.856  56.942 0.0000000000
70969  -44.171  -12.788  56.169 0.0000000000
71833  -45.605  -12.651  58.178 0.0000000000
47485  -8.487  -39.421  85.808 0.0000000000
47466  -7.267  -38.503  88.151 0.0000000000
62177  -30.579  -23.242  63.686 0.0000000000
59539  -32.999  -26.642  65.068 0.0000000000
61309  -32.160  -24.204  65.587 0.0000000000
119578  -32.976  -20.482  66.042 0.0000000000
66467  -36.589  -18.808  66.294 0.0000000000
49353  -9.980  -37.618  85.998 0.0000000000
47450  -5.647  -38.338  89.541 0.0000000000
48382  -4.088  -38.276  91.337 0.0000000000
122237  -2.068  -39.375  91.728 0.0000000000
48397  -8.416  -37.072  89.775 0.0000000000
50320  -25.412  -35.193  74.845 0.0000000000
51094  -26.212  -34.941  74.147 0.0000000000
50322  -27.344  -35.379  75.274 0.0000000000
46612  -19.434  -39.660  83.715 0.0000000000
46619  -19.216  -39.437  82.995 0.0000000000
132324  -20.355  -38.545  82.777 0.0000000000
50295  -26.270  -35.450  76.937 0.0000000000
116706  -24.905  -35.296  77.095 0.0000000000
130188  -25.464  -35.344  75.489 0.0000000000
137905  -24.908  -35.565  74.909 0.0000000000
47501  -21.775  -38.790  84.311 0.0000000000
46594  -20.692  -39.942  85.552 0.0000000000
46613  -20.122  -39.905  84.877 0.0000000000
45674  -19.314  -40.560  84.748 0.0000000000
70098  -38.064  -14.363  56.450 0.0000000000
54802  -25.960  -31.761  70.861 0.0000000000
55809  -25.713  -31.066  70.771 0.0000000000
58607  -28.282  -27.614  65.076 0.0000000000
57704  -27.415  -28.397  63.897 0.0000000000
57706  -29.565  -27.831  64.330 0.0000000000
49387  -14.248  -37.225  80.678 0.0000000000
50225  -14.768  -36.029  82.450 0.0000000000
50235  -13.995  -35.867  80.660 0.0000000000
51042  -12.498  -34.460  81.925 0.0000000000
50242  -12.862  -35.903  79.764 0.0000000000
50269  -29.009  -35.502  78.731 0.0000000000
119411  -29.749  -34.864  78.129 0.0000000000
51073  -29.992  -35.021  78.513 0.0000000000
48459  -25.128  -37.814  83.940 0.0000000000
48470  -24.576  -37.341  83.148 0.0000000000
48479  -25.361  -37.085  82.536 0.0000000000
49425  -29.035  -36.353  79.916 0.0000000000
49407  -27.818  -36.806  80.362 0.0000000000
49439  -27.986  -35.935  79.148 0.0000000000
50267  -27.655  -35.633  78.465 0.0000000000
66494  -35.837  -18.117  64.834 0.0000000000
66506  -34.928  -18.075  64.359 0.0000000000
68326  -36.374  -16.931  65.164 0.0000000000
70904  -38.807  -12.784  64.668 0.0000000000
70902  -37.387  -13.471  64.091 0.0000000000
70908  -37.858  -13.217  63.249 0.0000000000
70919  -37.763  -13.756  61.640 0.0000000000
70915  -39.297  -13.235  62.405 0.0000000000
70921  -39.828  -13.869  61.635 0.0000000000
71810  -40.542  -12.661  63.129 0.0000000000
58516  -26.855  -26.550  72.806 0.0000000000
58531  -26.104  -26.986  71.604 0.0000000000
59483  -27.667  -26.193  71.232 0.0000000000
59485  -30.289  -26.575  69.847 0.0000000000
59495  -29.375  -26.456  69.687 0.0000000000
59496  -29.949  -26.815  69.009 0.0000000000
58577  -29.162  -26.935  67.572 0.0000000000
58578  -30.572  -27.645  67.771 0.0000000000
58579  -31.249  -27.850  67.411 0.0000000000
122999  -31.350  -27.763  68.247 0.0000000000
45633  -14.879  -40.925  87.954 0.0000000000
46570  -14.279  -39.990  87.777 0.0000000000
45645  -14.283  -40.432  86.731 0.0000000000
46602  -12.871  -40.882  84.308 0.0000000000
116300  -46.669  -12.834  56.358 0.0000000000
70971  -47.306  -12.907  55.541 0.0000000000
49302  -5.353  -36.676  92.317 0.0000000000
51124  -27.679  -34.659  73.008 0.0000000000
51944  -26.379  -34.593  72.200 0.0000000000
52795  -27.942  -33.690  72.382 0.0000000000
53781  -27.121  -32.619  71.774 0.0000000000
127976  -28.573  -32.497  72.573 0.0000000000
51925  -29.693  -33.775  76.934 0.0000000000
51924  -29.532  -33.895  76.439 0.0000000000
53741  -30.356  -33.011  76.526 0.0000000000
55755  -28.547  -30.167  76.096 0.0000000000
55776  -28.653  -31.264  74.872 0.0000000000
55766  -28.346  -30.418  75.235 0.0000000000
55783  -27.754  -31.222  73.770 0.0000000000
56663  -27.449  -29.280  74.199 0.0000000000
57574  -27.022  -28.631  73.741 0.0000000000
58477  -27.398  -27.848  75.053 0.0000000000
46634  -18.122  -39.686  81.159 0.0000000000
49403  -23.602  -36.088  80.759 0.0000000000
48488  -21.400  -37.093  81.281 0.0000000000
49418  -22.611  -36.085  80.159 0.0000000000
50262  -21.735  -35.885  78.321 0.0000000000
44726  -18.106  -42.092  87.933 0.0000000000
136841  -17.868  -41.672  84.961 0.0000000000
44742  -17.937  -41.770  85.521 0.0000000000
44747  -17.449  -41.902  84.773 0.0000000000
43862  -17.072  -42.219  84.694 0.0000000000
70055  -40.849  -14.771  60.498 0.0000000000
117762  -40.568  -15.129  58.973 0.0000000000
70067  -41.729  -14.983  59.557 0.0000000000
71827  -43.318  -12.620  59.479 0.0000000000
70078  -42.827  -14.584  58.519 0.0000000000
70079  -43.793  -13.825  58.516 0.0000000000
117879  -43.354  -13.203  56.759 0.0000000000
70949  -44.397  -13.514  58.095 0.0000000000
115369  -45.130  -13.123  57.623 0.0000000000
71832  -44.638  -12.845  58.564 0.0000000000
57625  -24.968  -28.117  69.158 0.0000000000
56731  -24.291  -30.023  68.640 0.0000000000
119869  -30.478  -24.348  61.847 0.0000000000
60452  -30.788  -24.782  63.047 0.0000000000
57691  -33.248  -27.555  65.865 0.0000000000
135003  -32.419  -27.604  64.663 0.0000000000
59530  -33.672  -26.657  65.759 0.0000000000
63811  -34.401  -21.931  67.795 0.0000000000
62138  -33.048  -23.350  66.960 0.0000000000
62957  -33.110  -22.120  66.906 0.0000000000
125625  -32.655  -21.548  66.252 0.0000000000
64712  -33.326  -20.937  66.635 0.0000000000
64726  -34.765  -20.018  65.896 0.0000000000
64715  -35.683  -19.801  67.181 0.0000000000
130479  -11.517  -35.677  83.985 0.0000000000
50213  -11.169  -36.264  85.315 0.0000000000
50197  -10.613  -36.611  86.980 0.0000000000
50212  -10.806  -36.991  84.951 0.0000000000
48441  -9.862  -38.135  85.265 0.0000000000
49371  -10.235  -37.600  83.721 0.0000000000
46569  -6.167  -40.401  88.028 0.0000000000
47460  -6.047  -38.553  89.097 0.0000000000
47459  -5.161  -39.444  89.153 0.0000000000
46542  -4.134  -41.203  91.063 0.0000000000
46544  -3.958  -39.908  90.757 0.0000000000
46541  -3.597  -40.426  91.322 0.0000000000
47440  -3.394  -39.231  91.440 0.0000000000
46540  -2.998  -40.273  91.697 0.0000000000
48481  -27.334  -37.381  82.011 0.0000000000
119798  -39.119  -16.221  66.785 0.0000000000
69206  -37.579  -15.685  65.931 0.0000000000
122700  -39.359  -14.422  66.838 0.0000000000
59474  -29.233  -25.957  71.467 0.0000000000
44732  -15.544  -42.124  85.810 0.0000000000
44721  -14.384  -41.111  86.253 0.0000000000
49312  -8.465  -36.647  91.440 0.0000000000
48388  -6.873  -36.721  91.064 0.0000000000
51105  -25.311  -35.020  73.121 0.0000000000
51107  -26.940  -34.852  74.031 0.0000000000
51935  -28.386  -34.752  73.184 0.0000000000
128237  -27.702  -27.491  75.780 0.0000000000
45672  -18.188  -41.270  84.076 0.0000000000
45679  -18.143  -41.304  83.241 0.0000000000
46618  -18.569  -40.060  82.666 0.0000000000
46625  -18.994  -39.243  82.355 0.0000000000
47538  -19.551  -38.556  81.217 0.0000000000
127902  -25.296  -35.909  78.791 0.0000000000
50251  -24.117  -35.904  79.450 0.0000000000
50279  -24.309  -35.408  77.914 0.0000000000
117355  -23.925  -35.480  76.891 0.0000000000
50318  -23.536  -36.044  74.433 0.0000000000
116870  -19.541  -40.824  86.179 0.0000000000
45657  -18.758  -41.322  86.228 0.0000000000
45665  -18.945  -41.093  85.355 0.0000000000
45673  -18.684  -41.008  84.475 0.0000000000
69221  -34.627  -15.627  60.284 0.0000000000
70955  -39.817  -13.579  55.885 0.0000000000
72656  -41.590  -11.156  61.577 0.0000000000
71825  -41.937  -12.555  60.497 0.0000000000
58591  -25.920  -26.904  66.176 0.0000000000
58659  -29.515  -27.249  62.178 0.0000000000
59549  -30.437  -26.556  62.864 0.0000000000
61292  -34.614  -25.223  68.262 0.0000000000
116950  -33.919  -25.443  67.213 0.0000000000
61280  -34.604  -24.293  68.367 0.0000000000
48451  -13.550  -37.977  83.979 0.0000000000
49374  -14.577  -36.720  83.042 0.0000000000
51868  -13.958  -34.053  84.042 0.0000000000
134638  -12.612  -34.326  83.338 0.0000000000
51036  -12.210  -34.618  82.842 0.0000000000
50224  -10.994  -35.871  82.711 0.0000000000
49377  -10.055  -37.467  82.819 0.0000000000
48474  -10.432  -37.593  80.818 0.0000000000
119878  -27.564  -35.485  76.966 0.0000000000
50311  -28.636  -35.290  76.283 0.0000000000
50296  -28.854  -35.192  77.311 0.0000000000
51078  -29.609  -34.694  77.650 0.0000000000
47513  -22.251  -38.281  83.851 0.0000000000
47525  -21.975  -38.012  83.239 0.0000000000
48468  -22.703  -37.436  82.798 0.0000000000
49389  -23.795  -36.458  81.727 0.0000000000
49405  -25.174  -36.451  80.709 0.0000000000
124925  -26.613  -37.007  81.492 0.0000000000
49406  -26.401  -36.670  80.720 0.0000000000
49421  -25.185  -36.255  80.019 0.0000000000
49437  -26.457  -36.063  78.907 0.0000000000
50282  -27.013  -35.566  77.567 0.0000000000
47502  -23.074  -38.358  84.457 0.0000000000
65614  -32.512  -19.327  64.734 0.0000000000
65628  -30.826  -19.330  63.599 0.0000000000
65630  -33.073  -18.710  64.369 0.0000000000
67431  -34.008  -17.412  63.800 0.0000000000
68343  -33.987  -16.028  62.620 0.0000000000
69209  -36.462  -15.311  64.878 0.0000000000
69214  -35.482  -14.851  62.943 0.0000000000
69218  -35.057  -15.077  61.531 0.0000000000
69223  -35.799  -14.802  61.021 0.0000000000
70063  -36.910  -14.577  59.760 0.0000000000
123271  -38.240  -14.456  59.035 0.0000000000
70074  -38.768  -14.506  58.497 0.0000000000
70053  -39.176  -14.275  60.108 0.0000000000
70048  -40.368  -14.436  61.019 0.0000000000
70923  -41.074  -13.340  61.384 0.0000000000
71811  -41.445  -12.206  63.345 0.0000000000
72653  -41.817  -11.377  62.690 0.0000000000
134571  -25.800  -29.726  71.732 0.0000000000
56705  -25.466  -30.197  71.050 0.0000000000
57600  -25.458  -28.583  71.519 0.0000000000
138015  -25.540  -27.350  70.543 0.0000000000
125211  -25.912  -26.605  69.394 0.0000000000
116132  -28.192  -26.342  70.512 0.0000000000
133140  -27.177  -26.360  69.600 0.0000000000
129482  -26.645  -26.670  68.041 0.0000000000
58575  -27.239  -26.741  67.125 0.0000000000
58593  -28.319  -27.292  65.808 0.0000000000
58608  -29.258  -27.543  65.650 0.0000000000
57687  -29.982  -27.763  65.086 0.0000000000
57668  -31.031  -28.044  66.062 0.0000000000
57670  -32.641  -27.872  66.363 0.0000000000
58597  -34.047  -27.398  66.291 0.0000000000
58581  -35.264  -27.904  67.964 0.0000000000
59516  -35.173  -26.441  67.863 0.0000000000
47486  -13.587  -38.943  86.068 0.0000000000
46586  -13.626  -39.795  85.661 0.0000000000
47492  -13.112  -39.445  85.539 0.0000000000
48450  -12.962  -38.708  84.384 0.0000000000
47511  -12.867  -38.904  82.865 0.0000000000
53800  -26.487  -32.266  71.225 0.0000000000
55797  -26.749  -31.332  72.033 0.0000000000
51097  -28.976  -35.021  75.100 0.0000000000
51931  -29.283  -34.550  74.743 0.0000000000
52782  -29.245  -33.512  73.790 0.0000000000
138213  -29.480  -32.183  74.366 0.0000000000
53770  -29.103  -32.288  73.072 0.0000000000
54774  -28.331  -31.901  73.308 0.0000000000
55789  -26.954  -31.227  72.569 0.0000000000
56690  -26.437  -30.536  72.205 0.0000000000
56669  -26.534  -29.081  73.250 0.0000000000
58502  -26.524  -27.708  73.301 0.0000000000
59446  -27.528  -26.359  73.813 0.0000000000
58478  -27.627  -26.816  75.042 0.0000000000
59433  -27.845  -26.198  74.320 0.0000000000
48477  -21.030  -37.642  81.883 0.0000000000
137476  -20.711  -37.661  81.245 0.0000000000
48494  -19.941  -37.756  80.025 0.0000000000
49435  -22.204  -35.987  79.237 0.0000000000
49433  -20.500  -36.760  79.051 0.0000000000
44707  -16.469  -41.772  88.847 0.0000000000
44716  -16.348  -41.622  87.766 0.0000000000
44735  -18.028  -41.831  86.941 0.0000000000
44734  -17.740  -41.921  86.450 0.0000000000
115723  -16.415  -42.190  86.069 0.0000000000
43848  -16.120  -42.432  85.185 0.0000000000
117811  -39.297  -14.463  57.925 0.0000000000
70087  -39.761  -14.472  57.209 0.0000000000
70956  -40.476  -13.479  56.122 0.0000000000
70068  -42.485  -14.710  59.223 0.0000000000
70946  -42.061  -14.373  56.989 0.0000000000
70968  -41.103  -12.943  55.913 0.0000000000
71854  -42.402  -12.514  55.547 0.0000000000
71862  -42.982  -12.417  54.943 0.0000000000
71869  -44.145  -12.752  53.560 0.0000000000
71857  -44.956  -12.573  55.892 0.0000000000
70959  -45.916  -12.787  57.027 0.0000000000
48425  -8.681  -37.900  87.375 0.0000000000
48416  -8.007  -37.789  88.665 0.0000000000
48432  -8.000  -38.494  87.054 0.0000000000
55816  -24.776  -30.685  69.262 0.0000000000
62984  -30.597  -22.246  64.009 0.0000000000
58627  -31.083  -27.627  63.971 0.0000000000
58643  -32.204  -26.908  63.745 0.0000000000
60454  -32.188  -25.962  64.222 0.0000000000
60418  -33.518  -25.357  66.595 0.0000000000
61325  -32.379  -25.067  65.370 0.0000000000
60440  -31.998  -25.315  64.564 0.0000000000
62165  -31.608  -23.625  65.044 0.0000000000
62985  -31.211  -22.096  65.017 0.0000000000
64740  -31.818  -20.125  65.099 0.0000000000
65599  -33.838  -19.295  65.156 0.0000000000
66478  -35.521  -18.869  65.134 0.0000000000
66480  -36.793  -17.984  66.151 0.0000000000
118129  -10.330  -36.886  89.120 0.0000000000
129466  -10.466  -36.765  87.843 0.0000000000
49344  -9.369  -37.429  87.676 0.0000000000
48434  -9.372  -38.104  86.000 0.0000000000
48448  -9.554  -38.893  84.851 0.0000000000
48406  -7.855  -37.454  89.287 0.0000000000
129161  -6.974  -36.922  90.337 0.0000000000
48387  -5.873  -37.142  90.728 0.0000000000
46550  -4.579  -39.983  89.931 0.0000000000
48386  -4.889  -37.796  90.577 0.0000000000
48383  -4.724  -37.441  91.161 0.0000000000
48379  -4.021  -38.040  91.790 0.0000000000
135075  -4.090  -37.714  92.122 0.0000000000
45593  -3.105  -41.835  92.173 0.0000000000
47436  -2.014  -39.745  91.739 0.0000000000
49330  -9.497  -37.133  89.169 0.0000000000
48407  -8.669  -37.334  89.237 0.0000000000
50321  -26.323  -35.195  75.375 0.0000000000
135081  -26.789  -35.036  74.708 0.0000000000
47523  -20.210  -38.918  83.245 0.0000000000
50308  -26.235  -35.374  76.078 0.0000000000
47512  -20.460  -39.250  84.156 0.0000000000
116629  -37.426  -14.632  56.874 0.0000000000
54803  -26.341  -31.465  71.418 0.0000000000
58625  -28.181  -27.948  64.367 0.0000000000
58624  -27.413  -27.838  64.620 0.0000000000
57705  -28.412  -28.061  63.894 0.0000000000
58640  -28.943  -27.760  63.496 0.0000000000
48485  -14.132  -37.706  80.006 0.0000000000
129879  -14.122  -36.527  80.411 0.0000000000
50243  -13.581  -36.130  79.943 0.0000000000
51056  -13.262  -35.320  80.322 0.0000000000
50270  -29.741  -35.436  78.858 0.0000000000
121094  -25.413  -37.528  83.430 0.0000000000
134241  -26.105  -37.504  83.297 0.0000000000
49424  -28.281  -36.355  79.776 0.0000000000
50253  -28.684  -35.928  79.235 0.0000000000
139155  -28.334  -35.622  78.798 0.0000000000
48460  -25.918  -37.826  84.097 0.0000000000
67411  -36.363  -17.666  65.341 0.0000000000
67419  -36.048  -17.383  64.461 0.0000000000
71791  -39.683  -12.488  64.832 0.0000000000
71799  -38.340  -12.829  63.960 0.0000000000
71809  -38.738  -12.752  63.238 0.0000000000
70909  -39.676  -12.616  63.214 0.0000000000
71801  -40.282  -12.354  64.036 0.0000000000
59472  -27.646  -26.041  72.171 0.0000000000
59471  -26.846  -26.495  71.891 0.0000000000
58555  -30.874  -26.985  69.421 0.0000000000
58566  -30.776  -27.360  68.675 0.0000000000
115223  -29.913  -27.210  68.104 0.0000000000
44715  -15.372  -41.449  87.451 0.0000000000
45632  -14.344  -40.419  87.575 0.0000000000
45646  -14.556  -41.117  87.153 0.0000000000
70960  -46.949  -13.007  57.201 0.0000000000
70961  -47.645  -13.127  56.669 0.0000000000
49303  -6.844  -36.497  92.674 0.0000000000
121580  -6.108  -36.551  92.526 0.0000000000
51946  -28.026  -34.311  72.697 0.0000000000
51945  -27.102  -34.066  72.637 0.0000000000
52810  -27.947  -32.954  72.045 0.0000000000
135585  -28.491  -33.243  72.542 0.0000000000
52761  -30.055  -33.320  76.435 0.0000000000
56664  -27.848  -29.854  74.718 0.0000000000
56655  -27.608  -28.920  74.915 0.0000000000
44755  -17.092  -41.887  83.934 0.0000000000
44756  -17.648  -41.542  83.585 0.0000000000
49419  -23.647  -35.890  80.009 0.0000000000
70108  -40.896  -13.518  54.137 0.0000000000
70056  -41.729  -14.091  60.841 0.0000000000
123484  -41.494  -14.724  60.356 0.0000000000
72665  -43.536  -11.628  59.014 0.0000000000
70937  -43.812  -13.776  58.976 0.0000000000
70934  -43.952  -13.242  59.029 0.0000000000
119543  -43.768  -13.776  57.958 0.0000000000
70938  -44.277  -13.440  58.537 0.0000000000
72666  -44.355  -12.079  58.787 0.0000000000
58563  -25.279  -27.354  68.357 0.0000000000
57638  -24.690  -28.342  68.145 0.0000000000
59565  -30.459  -25.832  62.479 0.0000000000
60466  -30.177  -25.641  61.465 0.0000000000
58612  -34.230  -26.904  66.267 0.0000000000
58611  -33.607  -27.163  65.727 0.0000000000
59531  -34.134  -26.483  66.393 0.0000000000
62958  -33.770  -22.772  67.518 0.0000000000
63822  -33.816  -21.481  67.261 0.0000000000
64713  -34.163  -20.543  66.696 0.0000000000
64714  -34.846  -20.034  66.948 0.0000000000
124286  -11.124  -36.215  83.616 0.0000000000
51029  -11.629  -35.590  84.720 0.0000000000
50219  -11.232  -36.350  84.442 0.0000000000
49365  -10.388  -37.639  84.611 0.0000000000
46568  -5.582  -39.772  88.606 0.0000000000
46536  -3.293  -41.204  91.900 0.0000000000
59462  -30.706  -25.978  72.211 0.0000000000
44731  -14.547  -41.976  85.624 0.0000000000
49321  -8.598  -36.682  90.545 0.0000000000
49311  -7.685  -36.537  91.503 0.0000000000
51093  -25.448  -35.131  74.033 0.0000000000
51095  -27.666  -35.384  74.436 0.0000000000
51108  -27.876  -35.184  73.633 0.0000000000
51109  -28.670  -35.016  74.045 0.0000000000
45680  -18.495  -40.881  83.703 0.0000000000
46611  -18.728  -40.207  83.367 0.0000000000
116529  -19.832  -38.851  82.583 0.0000000000
47529  -18.842  -39.074  81.664 0.0000000000
116907  -25.940  -35.891  78.323 0.0000000000
50265  -24.620  -35.714  78.778 0.0000000000
118202  -25.194  -35.591  78.073 0.0000000000
50294  -22.909  -35.580  76.658 0.0000000000
126775  -23.531  -35.711  75.879 0.0000000000
50306  -24.032  -35.977  75.205 0.0000000000
132463  -24.354  -35.888  74.639 0.0000000000
135847  -21.182  -40.126  86.063 0.0000000000
45667  -20.419  -40.414  86.141 0.0000000000
134955  -35.432  -15.115  59.688 0.0000000000
58604  -25.546  -27.363  65.971 0.0000000000
58605  -26.146  -27.337  65.452 0.0000000000
124381  -29.387  -27.360  62.971 0.0000000000
135465  -29.790  -26.921  62.569 0.0000000000
61281  -35.191  -24.690  68.748 0.0000000000
63807  -35.384  -21.774  68.573 0.0000000000
49373  -13.965  -37.443  83.309 0.0000000000
49367  -14.234  -37.180  83.986 0.0000000000
51043  -14.383  -35.392  82.203 0.0000000000
51038  -14.745  -35.448  82.839 0.0000000000
119457  -13.359  -34.217  83.315 0.0000000000
51047  -12.032  -34.906  81.305 0.0000000000
51041  -11.628  -34.993  82.261 0.0000000000
50228  -11.165  -35.657  81.724 0.0000000000
49378  -10.547  -36.595  82.231 0.0000000000
49386  -10.834  -36.495  81.050 0.0000000000
121675  -28.285  -35.364  76.866 0.0000000000
118950  -29.837  -34.779  78.129 0.0000000000
51079  -29.925  -34.433  77.973 0.0000000000
47514  -23.120  -37.783  83.710 0.0000000000
48469  -23.670  -37.440  83.229 0.0000000000
124927  -24.474  -36.842  82.346 0.0000000000
49390  -24.853  -36.622  81.614 0.0000000000
49423  -27.553  -36.337  79.709 0.0000000000
117895  -27.145  -36.652  80.309 0.0000000000
118124  -25.760  -36.383  80.244 0.0000000000
49436  -25.720  -36.121  79.355 0.0000000000
50268  -28.328  -35.405  78.359 0.0000000000
129332  -27.768  -35.437  77.865 0.0000000000
122951  -23.947  -38.040  84.231 0.0000000000
65615  -33.545  -19.073  64.838 0.0000000000
66492  -33.983  -18.620  64.612 0.0000000000
67432  -35.004  -17.294  64.258 0.0000000000
139294  -34.573  -17.631  64.192 0.0000000000
67447  -34.457  -16.865  63.934 0.0000000000
67446  -34.053  -16.549  63.391 0.0000000000
68344  -34.386  -15.861  63.311 0.0000000000
70031  -38.067  -14.628  65.925 0.0000000000
69205  -36.901  -15.745  65.421 0.0000000000
70030  -37.180  -14.914  65.348 0.0000000000
70039  -36.558  -14.060  63.684 0.0000000000
70038  -36.117  -14.717  63.184 0.0000000000
69219  -35.509  -14.647  61.899 0.0000000000
70044  -36.358  -14.399  61.366 0.0000000000
70045  -37.328  -14.292  61.076 0.0000000000
70052  -37.892  -14.257  60.282 0.0000000000
132251  -37.812  -14.313  59.568 0.0000000000
70064  -38.497  -14.241  59.649 0.0000000000
70916  -40.249  -13.088  62.314 0.0000000000
70922  -40.562  -13.709  61.557 0.0000000000
70917  -40.718  -13.005  61.944 0.0000000000
71817  -41.563  -11.991  62.908 0.0000000000
128400  -25.707  -28.860  72.170 0.0000000000
59482  -26.703  -26.472  70.990 0.0000000000
58543  -25.947  -26.842  70.756 0.0000000000
58542  -25.738  -26.919  69.985 0.0000000000
59473  -28.652  -26.204  70.989 0.0000000000
118260  -28.939  -26.350  70.316 0.0000000000
59494  -28.253  -26.510  69.657 0.0000000000
59505  -27.451  -26.547  68.843 0.0000000000
59515  -27.769  -26.696  67.989 0.0000000000
116107  -29.817  -27.411  67.220 0.0000000000
58594  -28.942  -27.173  66.604 0.0000000000
58609  -30.257  -27.784  65.892 0.0000000000
57653  -31.962  -27.910  66.957 0.0000000000
58596  -31.306  -27.907  66.700 0.0000000000
57671  -33.454  -27.891  66.688 0.0000000000
59507  -35.549  -27.177  68.336 0.0000000000
58582  -35.304  -27.161  67.373 0.0000000000
59517  -35.265  -25.920  68.459 0.0000000000
46577  -14.163  -39.606  87.300 0.0000000000
129937  -13.979  -39.216  86.696 0.0000000000
47476  -13.698  -39.250  85.997 0.0000000000
44730  -13.968  -41.249  85.667 0.0000000000
45655  -14.218  -40.464  86.012 0.0000000000
45654  -13.853  -40.455  85.577 0.0000000000
137919  -12.850  -40.260  84.590 0.0000000000
46593  -12.971  -40.303  85.104 0.0000000000
47500  -12.822  -39.573  84.741 0.0000000000
47510  -12.745  -39.241  83.786 0.0000000000
48456  -13.018  -38.543  83.583 0.0000000000
49293  -4.092  -36.936  92.760 0.0000000000
51138  -26.026  -34.804  71.016 0.0000000000
52828  -26.562  -33.731  71.019 0.0000000000
54788  -26.951  -31.932  71.958 0.0000000000
54780  -27.462  -31.878  72.228 0.0000000000
50324  -28.673  -35.280  75.419 0.0000000000
120057  -29.021  -34.938  76.104 0.0000000000
52771  -29.935  -33.306  75.557 0.0000000000
51932  -29.588  -33.979  75.317 0.0000000000
52783  -29.688  -33.307  74.628 0.0000000000
51937  -29.472  -33.977  74.457 0.0000000000
54768  -29.144  -31.838  74.519 0.0000000000
54775  -29.134  -31.960  73.580 0.0000000000
54782  -28.995  -31.990  72.849 0.0000000000
55782  -27.192  -30.760  73.363 0.0000000000
56678  -26.649  -30.221  72.990 0.0000000000
56677  -26.160  -29.536  72.547 0.0000000000
139494  -26.959  -27.667  73.864 0.0000000000
58503  -27.007  -26.813  73.591 0.0000000000
58465  -28.162  -26.902  76.369 0.0000000000
133294  -28.052  -26.516  75.633 0.0000000000
59447  -28.279  -25.853  73.608 0.0000000000
45690  -18.438  -40.848  82.915 0.0000000000
45689  -17.958  -41.277  82.410 0.0000000000
48467  -21.518  -37.774  82.564 0.0000000000
49388  -22.018  -37.227  82.012 0.0000000000
49400  -20.717  -37.263  80.514 0.0000000000
48487  -20.129  -38.005  80.831 0.0000000000
50264  -23.734  -35.507  78.716 0.0000000000
50250  -23.176  -35.692  79.417 0.0000000000
44717  -17.140  -41.880  88.240 0.0000000000
45656  -18.184  -41.731  86.385 0.0000000000
134436  -17.629  -41.926  85.375 0.0000000000
123994  -17.909  -41.896  86.067 0.0000000000
44733  -17.070  -42.229  85.744 0.0000000000
70065  -39.120  -14.566  59.277 0.0000000000
70075  -39.694  -14.819  58.793 0.0000000000
119681  -40.187  -14.819  58.126 0.0000000000
70088  -40.676  -14.787  57.381 0.0000000000
70100  -40.152  -14.056  56.590 0.0000000000
70926  -42.320  -13.729  60.527 0.0000000000
70932  -42.881  -14.129  59.824 0.0000000000
70090  -42.605  -14.547  57.682 0.0000000000
70957  -41.873  -13.382  56.494 0.0000000000
71853  -41.617  -12.491  55.316 0.0000000000
71848  -41.868  -12.700  55.971 0.0000000000
71855  -43.228  -12.641  55.828 0.0000000000
118290  -43.848  -12.473  55.173 0.0000000000
71863  -43.560  -12.604  54.229 0.0000000000
71864  -44.441  -12.512  54.528 0.0000000000
71856  -44.572  -12.479  55.333 0.0000000000
70939  -45.193  -13.191  58.140 0.0000000000
70958  -44.984  -12.785  56.756 0.0000000000
70950  -46.049  -12.838  57.590 0.0000000000
70940  -46.072  -12.727  57.778 0.0000000000
48433  -8.604  -38.413  86.394 0.0000000000
130535  -24.934  -29.703  70.548 0.0000000000
56718  -24.551  -29.677  69.675 0.0000000000
61335  -30.648  -24.027  63.399 0.0000000000
62189  -30.409  -23.276  62.498 0.0000000000
57688  -30.860  -27.903  65.302 0.0000000000
57707  -30.592  -27.784  64.556 0.0000000000
57708  -31.644  -27.798  64.729 0.0000000000
58629  -32.644  -27.179  64.509 0.0000000000
58628  -32.050  -27.477  64.084 0.0000000000
58644  -32.478  -26.561  64.293 0.0000000000
61291  -34.083  -24.813  67.750 0.0000000000
61299  -33.607  -24.900  67.200 0.0000000000
62151  -32.541  -23.835  66.311 0.0000000000
61310  -32.744  -24.798  66.149 0.0000000000
61324  -31.764  -24.497  64.845 0.0000000000
62150  -32.080  -23.232  65.659 0.0000000000
63834  -32.349  -21.056  65.779 0.0000000000
62971  -31.996  -22.078  65.647 0.0000000000
63847  -31.785  -21.099  65.353 0.0000000000
64723  -32.548  -20.261  65.523 0.0000000000
64724  -33.505  -19.823  65.484 0.0000000000
65588  -35.439  -19.688  66.185 0.0000000000
65601  -35.188  -19.494  65.434 0.0000000000
65602  -35.892  -19.227  65.784 0.0000000000
66479  -36.207  -18.487  65.535 0.0000000000
50205  -10.565  -36.888  85.915 0.0000000000
129412  -10.137  -37.214  86.623 0.0000000000
49345  -9.984  -37.124  87.388 0.0000000000
49352  -9.427  -37.657  86.784 0.0000000000
48449  -9.939  -38.256  84.319 0.0000000000
48415  -7.323  -38.040  88.808 0.0000000000
48395  -6.566  -37.609  89.672 0.0000000000
48394  -6.144  -37.374  90.185 0.0000000000
115909  -5.584  -41.757  90.088 0.0000000000
46551  -5.100  -40.672  89.686 0.0000000000
47442  -4.194  -38.608  90.805 0.0000000000
47444  -4.329  -39.194  90.300 0.0000000000
48380  -4.664  -37.275  91.734 0.0000000000
48378  -3.116  -38.659  91.779 0.0000000000
48377  -2.421  -38.605  91.835 0.0000000000
127828  -2.594  -41.206  91.830 0.0000000000
46535  -2.546  -40.627  91.773 0.0000000000
138577  -26.018  -34.989  74.682 0.0000000000
47531  -20.521  -38.270  82.335 0.0000000000
126773  -25.450  -35.369  76.284 0.0000000000
50307  -24.778  -35.636  75.374 0.0000000000
46604  -22.389  -39.069  85.001 0.0000000000
46603  -21.129  -39.307  84.969 0.0000000000
138286  -19.557  -39.956  84.339 0.0000000000
129833  -26.067  -32.229  70.442 0.0000000000
58623  -26.672  -27.712  64.900 0.0000000000
57703  -26.775  -28.278  64.468 0.0000000000
58626  -30.005  -27.682  63.835 0.0000000000
49379  -14.035  -37.626  81.778 0.0000000000
49380  -14.582  -36.677  82.138 0.0000000000
50229  -14.368  -36.702  81.290 0.0000000000
50230  -14.351  -35.819  81.592 0.0000000000
51049  -13.740  -34.940  81.695 0.0000000000
51885  -13.126  -34.367  81.876 0.0000000000
51048  -13.003  -34.567  81.039 0.0000000000
50234  -12.499  -35.260  80.469 0.0000000000
50241  -11.847  -36.119  80.177 0.0000000000
49397  -11.179  -37.057  80.046 0.0000000000
49398  -12.367  -36.875  79.444 0.0000000000
50284  -28.933  -35.236  78.102 0.0000000000
50285  -29.518  -35.151  78.379 0.0000000000
49438  -27.210  -36.038  79.011 0.0000000000
66493  -35.223  -18.462  64.673 0.0000000000
136885  -34.653  -18.640  64.642 0.0000000000
67418  -35.521  -17.777  64.370 0.0000000000
68330  -36.004  -16.600  64.251 0.0000000000
70898  -38.419  -13.545  65.364 0.0000000000
70036  -37.596  -13.949  65.038 0.0000000000
70903  -38.127  -13.273  64.596 0.0000000000
70907  -37.047  -13.504  63.239 0.0000000000
70912  -36.831  -13.851  61.765 0.0000000000
70913  -37.342  -13.482  62.407 0.0000000000
70914  -38.315  -13.355  62.405 0.0000000000
70920  -38.860  -13.860  61.660 0.0000000000
128200  -26.253  -27.262  72.453 0.0000000000
133776  -29.733  -26.355  70.258 0.0000000000
121765  -29.051  -26.537  69.069 0.0000000000
58565  -29.212  -26.711  68.375 0.0000000000
58564  -28.579  -26.660  67.957 0.0000000000
58595  -30.555  -27.765  66.790 0.0000000000
58580  -32.028  -27.982  67.787 0.0000000000
45620  -14.696  -40.249  88.096 0.0000000000
45631  -14.165  -39.930  87.106 0.0000000000
45663  -13.163  -41.206  84.824 0.0000000000
47521  -12.685  -39.802  83.076 0.0000000000
70970  -46.373  -12.663  55.259 0.0000000000
70981  -46.074  -12.608  54.150 0.0000000000
70982  -47.023  -12.851  54.475 0.0000000000
70983  -47.730  -13.192  54.812 0.0000000000
138613  -5.247  -36.662  92.615 0.0000000000
51123  -26.837  -34.562  73.239 0.0000000000
52809  -26.980  -33.360  72.080 0.0000000000
51919  -29.629  -34.185  77.371 0.0000000000
53740  -30.239  -32.606  75.761 0.0000000000
55767  -28.700  -31.163  75.845 0.0000000000
55775  -28.085  -30.756  74.438 0.0000000000
56671  -27.570  -30.242  74.015 0.0000000000
57567  -27.225  -28.255  74.347 0.0000000000
59418  -28.939  -25.899  75.873 0.0000000000
46624  -18.378  -39.898  81.981 0.0000000000
49402  -22.538  -36.540  81.268 0.0000000000
50277  -22.297  -35.590  77.499 0.0000000000
45664  -18.274  -41.461  84.933 0.0000000000
43874  -16.684  -42.405  84.090 0.0000000000
117671  -40.939  -15.004  59.746 0.0000000000
134394  -41.258  -15.245  59.072 0.0000000000
70077  -41.767  -15.149  58.709 0.0000000000
70933  -43.431  -13.665  59.452 0.0000000000
70091  -43.293  -14.238  58.213 0.0000000000
70948  -43.280  -13.906  57.484 0.0000000000
71849  -42.552  -12.937  56.314 0.0000000000
119041  -44.141  -13.281  57.337 0.0000000000
72672  -45.176  -12.018  58.507 0.0000000000
136689  -24.618  -28.881  69.500 0.0000000000
124707  -24.353  -29.032  68.870 0.0000000000
57637  -24.269  -29.314  67.958 0.0000000000
60467  -30.438  -25.038  62.179 0.0000000000
57690  -32.368  -27.770  65.401 0.0000000000
58610  -32.918  -27.383  65.145 0.0000000000
124909  -33.179  -27.055  65.214 0.0000000000
128809  -33.303  -26.147  65.559 0.0000000000
62945  -34.383  -22.795  67.985 0.0000000000
62139  -33.613  -24.037  67.408 0.0000000000
62972  -32.550  -22.719  66.301 0.0000000000
64725  -33.953  -20.230  65.916 0.0000000000
65589  -36.206  -19.379  66.620 0.0000000000
51030  -12.018  -34.843  83.891 0.0000000000
51017  -11.599  -35.540  85.623 0.0000000000
50206  -11.088  -36.111  86.213 0.0000000000
49359  -10.393  -37.516  85.361 0.0000000000
48455  -9.858  -38.283  83.401 0.0000000000
47474  -6.647  -39.368  87.766 0.0000000000
47465  -6.439  -38.796  88.452 0.0000000000
45604  -4.770  -41.911  90.795 0.0000000000
46545  -4.399  -40.641  90.486 0.0000000000
47441  -3.776  -39.268  91.064 0.0000000000
47437  -2.500  -39.739  91.708 0.0000000000
48471  -27.002  -37.491  83.152 0.0000000000
49409  -29.347  -36.672  80.955 0.0000000000
136796  -37.938  -16.411  66.277 0.0000000000
69200  -38.456  -15.742  66.491 0.0000000000
70027  -38.761  -14.812  66.526 0.0000000000
71792  -40.561  -12.064  65.131 0.0000000000
135897  -29.778  -25.751  71.970 0.0000000000
59475  -30.408  -26.109  71.383 0.0000000000
128036  -30.434  -26.395  70.575 0.0000000000
58544  -31.126  -26.737  70.163 0.0000000000
131762  -31.588  -27.491  69.002 0.0000000000
49308  -7.164  -36.527  91.913 0.0000000000
48385  -6.461  -36.666  91.448 0.0000000000
51106  -26.210  -34.887  73.511 0.0000000000
57556  -27.743  -28.560  75.746 0.0000000000
50252  -24.904  -36.046  79.458 0.0000000000
50278  -23.319  -35.433  77.724 0.0000000000
129258  -18.562  -41.517  86.862 0.0000000000
68361  -34.033  -15.849  60.558 0.0000000000
70966  -39.836  -13.645  55.139 0.0000000000
71824  -41.412  -11.911  60.990 0.0000000000
73469  -41.721  -10.700  60.496 0.0000000000
73480  -43.374  -10.501  58.691 0.0000000000
58590  -25.468  -27.051  66.681 0.0000000000
59550  -31.471  -26.366  63.214 0.0000000000
59525  -34.803  -26.219  67.217 0.0000000000
60419  -34.241  -26.002  66.786 0.0000000000
60410  -34.328  -25.688  67.607 0.0000000000
62128  -34.685  -23.284  68.381 0.0000000000
62946  -34.845  -22.317  68.248 0.0000000000
63812  -35.019  -21.364  68.066 0.0000000000
64704  -35.291  -20.457  67.700 0.0000000000
122996  -15.047  -36.032  83.085 0.0000000000
51867  -12.767  -34.205  84.102 0.0000000000
51877  -12.917  -34.194  82.575 0.0000000000
51035  -11.546  -35.332  83.221 0.0000000000
49372  -10.576  -36.803  83.193 0.0000000000
49385  -10.185  -37.448  81.816 0.0000000000
50310  -27.840  -35.501  76.090 0.0000000000
51085  -29.187  -34.955  76.997 0.0000000000
50297  -29.385  -34.985  77.791 0.0000000000
126311  -30.315  -34.837  78.940 0.0000000000
48478  -23.690  -37.031  82.591 0.0000000000
49404  -24.445  -36.297  80.985 0.0000000000
48480  -26.353  -37.170  82.331 0.0000000000
49392  -27.217  -37.056  80.974 0.0000000000
137178  -25.741  -36.544  80.763 0.0000000000
50266  -26.779  -35.780  78.313 0.0000000000
50281  -26.334  -35.667  77.711 0.0000000000
126772  -26.803  -35.494  76.668 0.0000000000
64739  -31.010  -20.518  64.507 0.0000000000
64755  -30.642  -20.329  63.695 0.0000000000
64756  -31.361  -19.697  64.478 0.0000000000
65629  -31.875  -18.878  64.153 0.0000000000
66505  -34.341  -18.151  64.323 0.0000000000
67430  -33.252  -17.483  63.573 0.0000000000
67429  -32.540  -17.123  63.015 0.0000000000
68327  -37.087  -16.497  65.793 0.0000000000
69204  -36.324  -16.198  65.041 0.0000000000
69208  -36.032  -15.766  64.412 0.0000000000
70035  -36.790  -14.373  64.589 0.0000000000
70034  -36.150  -14.940  64.153 0.0000000000
69211  -35.649  -15.512  63.892 0.0000000000
68345  -34.975  -15.486  63.694 0.0000000000
68352  -34.512  -15.533  62.079 0.0000000000
69217  -34.685  -15.580  61.077 0.0000000000
69222  -35.257  -15.283  60.507 0.0000000000
69230  -36.052  -14.956  60.176 0.0000000000
70051  -36.731  -14.562  60.619 0.0000000000
116525  -37.296  -14.479  58.970 0.0000000000
70073  -37.633  -14.522  58.067 0.0000000000
70047  -39.526  -14.444  60.980 0.0000000000
70054  -40.206  -14.709  60.296 0.0000000000
70049  -41.060  -14.313  60.987 0.0000000000
116617  -41.007  -12.489  63.497 0.0000000000
71816  -41.095  -12.590  62.240 0.0000000000
72652  -41.365  -12.000  61.960 0.0000000000
56704  -25.250  -29.209  71.021 0.0000000000
57613  -25.252  -28.152  70.774 0.0000000000
58530  -25.584  -27.556  71.235 0.0000000000
126605  -25.328  -27.675  69.964 0.0000000000
58554  -25.475  -27.076  69.243 0.0000000000
59504  -25.807  -26.659  68.638 0.0000000000
139040  -28.349  -25.942  71.621 0.0000000000
59493  -27.394  -26.325  70.348 0.0000000000
121108  -26.498  -26.434  69.096 0.0000000000
59513  -25.645  -26.821  67.653 0.0000000000
59514  -26.177  -26.666  66.923 0.0000000000
58592  -26.715  -26.897  66.182 0.0000000000
58576  -28.280  -26.791  67.258 0.0000000000
128933  -27.804  -27.021  66.384 0.0000000000
135842  -34.813  -27.148  66.704 0.0000000000
58567  -32.183  -27.879  68.637 0.0000000000
57639  -32.812  -28.414  68.136 0.0000000000
57641  -34.604  -28.363  68.842 0.0000000000
57656  -34.419  -28.199  67.832 0.0000000000
57655  -33.521  -28.303  67.566 0.0000000000
57672  -34.246  -27.811  67.014 0.0000000000
58598  -35.125  -26.641  67.002 0.0000000000
60411  -34.733  -25.900  68.100 0.0000000000
60401  -35.160  -25.420  68.596 0.0000000000
45644  -14.183  -39.834  86.205 0.0000000000
124542  -13.458  -40.641  85.293 0.0000000000
48442  -13.083  -38.855  85.226 0.0000000000
48457  -13.482  -38.037  82.855 0.0000000000
48466  -13.469  -38.568  81.782 0.0000000000
53780  -26.724  -33.002  71.395 0.0000000000
50323  -28.150  -35.501  75.250 0.0000000000
51098  -29.283  -34.522  75.847 0.0000000000
51936  -29.004  -34.319  73.816 0.0000000000
128298  -30.079  -32.000  74.956 0.0000000000
53762  -29.347  -32.635  73.901 0.0000000000
121388  -29.041  -32.954  73.034 0.0000000000
54781  -28.166  -32.035  72.602 0.0000000000
55790  -27.525  -31.690  72.975 0.0000000000
57583  -26.002  -28.398  72.749 0.0000000000
59459  -27.752  -26.062  73.074 0.0000000000
59460  -28.733  -25.664  72.997 0.0000000000
47524  -20.955  -38.289  82.972 0.0000000000
48476  -20.308  -38.195  81.575 0.0000000000
119968  -21.771  -36.368  79.744 0.0000000000
49434  -21.318  -36.311  79.065 0.0000000000
49417  -21.027  -36.702  79.793 0.0000000000
49416  -20.392  -37.185  79.705 0.0000000000
45621  -15.400  -40.704  88.595 0.0000000000
45634  -15.716  -41.344  88.376 0.0000000000
44723  -15.990  -41.844  86.763 0.0000000000
45647  -18.272  -41.796  87.281 0.0000000000
44724  -17.054  -41.820  86.917 0.0000000000
70086  -38.310  -14.433  57.491 0.0000000000
116415  -38.849  -14.261  56.947 0.0000000000
70099  -39.295  -13.881  56.386 0.0000000000
70967  -40.415  -13.245  55.481 0.0000000000
70057  -42.222  -14.506  60.164 0.0000000000
119111  -42.279  -14.868  58.357 0.0000000000
70089  -41.708  -14.915  57.677 0.0000000000
70101  -41.123  -14.020  56.697 0.0000000000
117282  -40.841  -12.716  55.026 0.0000000000
70979  -41.633  -12.780  54.482 0.0000000000
133090  -42.217  -12.468  54.849 0.0000000000
70980  -42.585  -12.829  54.035 0.0000000000
71870  -45.070  -12.647  53.866 0.0000000000
115270  -45.713  -12.667  56.077 0.0000000000
70951  -47.179  -12.750  57.576 0.0000000000
48424  -8.027  -38.222  87.865 0.0000000000
47475  -7.295  -39.148  87.275 0.0000000000
47484  -7.832  -39.300  86.464 0.0000000000
55808  -25.103  -30.475  70.246 0.0000000000
57652  -24.585  -28.653  67.236 0.0000000000
58642  -31.397  -27.104  63.488 0.0000000000
59551  -31.975  -26.249  63.669 0.0000000000
60426  -33.748  -26.027  66.136 0.0000000000
60425  -33.114  -25.549  65.809 0.0000000000
61298  -33.114  -24.444  66.840 0.0000000000
60441  -32.638  -25.908  65.019 0.0000000000
60453  -31.605  -25.556  63.779 0.0000000000
61336  -31.336  -24.739  64.044 0.0000000000
61323  -31.142  -23.901  64.323 0.0000000000
124682  -31.569  -22.825  65.197 0.0000000000
62164  -31.066  -23.018  64.588 0.0000000000
63846  -31.046  -21.228  64.759 0.0000000000
64741  -33.032  -19.598  65.111 0.0000000000
65600  -34.424  -19.529  65.336 0.0000000000
65617  -34.896  -19.057  64.958 0.0000000000
67412  -36.892  -17.213  66.030 0.0000000000
49338  -9.897  -37.048  88.329 0.0000000000
48440  -9.126  -38.727  85.589 0.0000000000
48396  -7.605  -37.048  89.936 0.0000000000
48405  -6.984  -37.871  89.228 0.0000000000
134551  -5.267  -40.575  89.115 0.0000000000
133278  -4.860  -39.299  89.494 0.0000000000
47445  -5.035  -38.300  89.961 0.0000000000
48384  -5.671  -36.916  91.261 0.0000000000
49306  -5.492  -36.738  91.822 0.0000000000
49301  -4.677  -37.125  92.162 0.0000000000
49300  -3.484  -37.727  92.234 0.0000000000
45594  -3.818  -42.153  92.271 0.0000000000
49399  -13.979  -36.923  79.828 0.0000000000
57669  -31.817  -27.948  66.159 0.0000000000
66504  -33.588  -18.109  64.088 0.0000000000
67433  -35.767  -17.066  63.965 0.0000000000
68334  -34.930  -16.407  64.054 0.0000000000
69213  -34.794  -15.027  62.633 0.0000000000
70041  -36.150  -14.397  62.205 0.0000000000
70069  -43.355  -14.262  59.053 0.0000000000
71819  -41.246  -12.648  61.524 0.0000000000
71826  -42.343  -12.073  59.899 0.0000000000
126078  -46.044  -12.177  58.181 0.0000000000
126904  -13.698  -35.217  81.000 0.0000000000
131183  -25.822  -35.009  73.713 0.0000000000
135151  -42.762  -11.629  59.461 0.0000000000
135323  -34.966  -27.703  67.255 0.0000000000
137121  -14.361  -37.156  81.960 0.0000000000
