#!ascii label  , from subject sub-v1s8x0051341_ses-1 vox2ras=TkReg
1076
92225  33.120  17.379  51.466 0.0000000000
91501  43.327  16.126  46.254 0.0000000000
126247  42.236  20.496  34.446 0.0000000000
88227  40.786  12.000  43.443 0.0000000000
90547  36.720  15.092  55.078 0.0000000000
94499  44.017  20.500  42.184 0.0000000000
88974  47.457  14.317  44.036 0.0000000000
93048  35.394  18.522  40.336 0.0000000000
93762  38.869  19.955  44.082 0.0000000000
90609  37.194  15.579  48.564 0.0000000000
138830  43.338  15.682  53.394 0.0000000000
95952  38.571  22.640  36.984 0.0000000000
91588  38.506  15.695  35.025 0.0000000000
91553  42.894  16.242  39.921 0.0000000000
89860  43.742  14.326  36.696 0.0000000000
137858  33.864  20.875  38.866 0.0000000000
92999  36.614  18.191  48.550 0.0000000000
91442  35.132  16.547  50.185 0.0000000000
89703  40.041  14.643  54.393 0.0000000000
140862  45.171  21.756  37.195 0.0000000000
95923  41.824  22.773  38.986 0.0000000000
95973  40.534  22.233  35.022 0.0000000000
93826  37.801  19.998  35.257 0.0000000000
93096  41.080  18.586  33.362 0.0000000000
91514  39.787  16.617  44.541 0.0000000000
92294  39.746  17.618  41.401 0.0000000000
90666  42.880  15.730  42.572 0.0000000000
88224  43.774  12.328  43.458 0.0000000000
89024  46.262  13.586  40.524 0.0000000000
89010  42.253  13.728  41.205 0.0000000000
89836  40.426  14.435  38.854 0.0000000000
132019  39.520  13.598  41.891 0.0000000000
86692  36.762  10.668  42.352 0.0000000000
90571  31.638  15.318  53.493 0.0000000000
89736  33.811  14.213  52.956 0.0000000000
94537  44.700  20.642  37.502 0.0000000000
92239  47.312  17.014  48.908 0.0000000000
90632  47.075  16.259  45.455 0.0000000000
89776  45.888  14.989  47.705 0.0000000000
88203  42.809  12.226  46.468 0.0000000000
95189  40.270  21.907  46.411 0.0000000000
95182  38.371  21.014  47.617 0.0000000000
92255  37.926  17.234  46.074 0.0000000000
91471  40.369  16.360  47.191 0.0000000000
88929  36.473  13.598  51.355 0.0000000000
89749  39.801  14.558  50.715 0.0000000000
91440  42.996  16.453  50.272 0.0000000000
92222  47.716  17.561  51.502 0.0000000000
91408  28.664  16.439  54.760 0.0000000000
122901  39.831  24.014  40.338 0.0000000000
96721  36.937  22.810  39.584 0.0000000000
93821  35.675  20.677  36.628 0.0000000000
92312  37.649  17.279  38.329 0.0000000000
89851  34.867  13.757  37.316 0.0000000000
139738  41.216  20.991  42.760 0.0000000000
93790  40.926  19.931  39.938 0.0000000000
92318  41.665  17.881  36.613 0.0000000000
117390  47.275  15.517  41.227 0.0000000000
123826  46.398  15.491  37.171 0.0000000000
91592  44.124  16.297  34.253 0.0000000000
89883  40.865  14.500  34.760 0.0000000000
123004  37.088  12.426  35.734 0.0000000000
95240  33.276  21.450  40.199 0.0000000000
95914  34.437  22.086  40.042 0.0000000000
92232  35.275  17.570  50.271 0.0000000000
92224  33.766  16.973  51.071 0.0000000000
94564  42.913  21.620  36.069 0.0000000000
136875  42.648  22.325  36.615 0.0000000000
95278  41.990  21.311  34.285 0.0000000000
141003  40.667  20.671  33.663 0.0000000000
93839  42.413  19.571  32.862 0.0000000000
131447  41.698  16.256  45.507 0.0000000000
91523  42.002  15.843  43.809 0.0000000000
90635  43.194  15.740  45.259 0.0000000000
88225  42.578  11.988  43.483 0.0000000000
88243  43.561  12.759  41.904 0.0000000000
88235  42.008  12.604  42.501 0.0000000000
89011  41.312  13.827  41.434 0.0000000000
88236  40.367  12.699  42.944 0.0000000000
87481  38.798  12.243  42.856 0.0000000000
86686  39.509  10.608  43.895 0.0000000000
90531  32.215  15.067  55.445 0.0000000000
94529  45.940  20.623  38.739 0.0000000000
94530  44.548  20.460  39.354 0.0000000000
125283  47.583  16.830  49.657 0.0000000000
90604  47.316  16.646  48.164 0.0000000000
89756  45.367  14.666  49.449 0.0000000000
87444  42.229  11.676  47.855 0.0000000000
87451  41.626  11.211  47.396 0.0000000000
87457  41.603  11.245  46.513 0.0000000000
92240  36.535  17.295  48.439 0.0000000000
93002  37.206  18.096  47.183 0.0000000000
91474  37.484  16.683  47.404 0.0000000000
91490  39.059  16.494  46.395 0.0000000000
122906  38.736  15.530  48.149 0.0000000000
89708  35.172  14.417  54.197 0.0000000000
121329  35.284  13.764  52.465 0.0000000000
131602  36.516  14.425  53.578 0.0000000000
90542  41.820  14.884  53.960 0.0000000000
89731  39.618  14.307  52.487 0.0000000000
90567  41.844  15.300  52.109 0.0000000000
90587  41.713  15.677  50.519 0.0000000000
90576  43.288  16.072  51.856 0.0000000000
91428  44.806  17.022  50.959 0.0000000000
91420  44.899  16.907  52.425 0.0000000000
129625  47.792  16.663  54.066 0.0000000000
96725  40.304  22.974  38.505 0.0000000000
125594  40.413  23.642  39.996 0.0000000000
96727  38.902  23.122  38.825 0.0000000000
96719  38.709  23.391  39.518 0.0000000000
123974  37.315  22.633  38.075 0.0000000000
140890  35.488  22.234  37.551 0.0000000000
95965  36.302  22.013  36.156 0.0000000000
93083  38.834  18.384  35.463 0.0000000000
93076  37.484  18.965  36.217 0.0000000000
137713  38.305  17.023  36.468 0.0000000000
90705  37.241  15.748  38.142 0.0000000000
90723  36.535  14.363  36.147 0.0000000000
95201  39.787  21.349  45.041 0.0000000000
95210  41.134  21.555  44.261 0.0000000000
94491  39.592  20.525  43.698 0.0000000000
91556  40.842  16.964  40.085 0.0000000000
93047  40.306  18.490  39.986 0.0000000000
92305  40.666  17.426  39.299 0.0000000000
93061  40.891  18.773  37.792 0.0000000000
91573  42.414  16.640  37.924 0.0000000000
120560  48.200  15.733  45.390 0.0000000000
90652  47.908  15.699  43.645 0.0000000000
90650  48.561  15.122  42.773 0.0000000000
89055  45.039  14.016  37.858 0.0000000000
89844  47.104  14.945  38.085 0.0000000000
89858  45.767  14.747  36.683 0.0000000000
91584  44.996  16.058  35.395 0.0000000000
89881  44.452  14.840  35.029 0.0000000000
90733  42.170  14.896  33.819 0.0000000000
120078  42.597  14.377  35.542 0.0000000000
117214  38.762  14.039  40.014 0.0000000000
89058  39.060  13.636  37.429 0.0000000000
89060  37.278  13.324  37.657 0.0000000000
88272  35.490  11.991  36.400 0.0000000000
95218  43.610  21.196  43.719 0.0000000000
93794  33.357  19.752  40.195 0.0000000000
93802  34.383  19.601  39.185 0.0000000000
93733  37.280  19.673  49.282 0.0000000000
92992  36.310  18.794  50.157 0.0000000000
92237  35.757  17.358  49.591 0.0000000000
91449  36.147  16.194  49.197 0.0000000000
90545  38.400  15.078  55.013 0.0000000000
95936  42.814  22.528  38.243 0.0000000000
95950  40.873  22.525  36.983 0.0000000000
95962  39.828  22.399  35.789 0.0000000000
95975  37.519  21.853  35.381 0.0000000000
95282  38.528  21.305  34.450 0.0000000000
93832  38.964  19.583  34.400 0.0000000000
92333  39.692  17.446  34.707 0.0000000000
92272  38.734  17.637  44.017 0.0000000000
125577  39.085  18.846  42.562 0.0000000000
91525  40.055  16.541  43.060 0.0000000000
91531  41.476  16.256  42.230 0.0000000000
90688  43.143  15.940  40.795 0.0000000000
88976  45.327  13.257  44.010 0.0000000000
88994  47.043  13.904  42.343 0.0000000000
116706  45.022  13.048  41.752 0.0000000000
89026  44.041  13.341  39.995 0.0000000000
89039  43.651  13.728  39.191 0.0000000000
89847  42.020  14.403  38.028 0.0000000000
89041  42.032  14.226  39.595 0.0000000000
89043  39.916  14.286  39.877 0.0000000000
120885  38.416  13.726  41.089 0.0000000000
134483  38.181  10.693  42.643 0.0000000000
128525  31.769  16.769  52.265 0.0000000000
90569  33.010  15.307  52.195 0.0000000000
90559  32.393  14.889  53.408 0.0000000000
89698  34.152  14.676  55.005 0.0000000000
91393  35.530  15.759  55.823 0.0000000000
95933  46.161  21.337  38.201 0.0000000000
94547  45.490  21.010  36.886 0.0000000000
94549  42.732  20.733  36.325 0.0000000000
91468  44.960  16.689  47.372 0.0000000000
91500  45.031  16.251  45.949 0.0000000000
91484  46.859  16.586  46.690 0.0000000000
89783  47.827  15.690  46.546 0.0000000000
88960  45.979  14.116  46.009 0.0000000000
88947  43.841  13.596  48.430 0.0000000000
136978  44.259  13.412  46.832 0.0000000000
88969  45.047  13.375  45.502 0.0000000000
88209  43.262  12.366  44.980 0.0000000000
87462  42.530  11.853  44.741 0.0000000000
87470  40.904  10.787  44.392 0.0000000000
86680  39.734  10.074  44.422 0.0000000000
119450  39.418  21.642  46.737 0.0000000000
94475  38.341  20.439  45.738 0.0000000000
93736  37.206  19.588  48.390 0.0000000000
93752  37.469  19.269  46.645 0.0000000000
93015  38.019  18.483  45.065 0.0000000000
91516  38.652  17.207  44.780 0.0000000000
91504  40.315  16.507  45.795 0.0000000000
119141  41.867  16.518  47.040 0.0000000000
90580  34.149  15.214  51.478 0.0000000000
89753  35.686  14.220  50.496 0.0000000000
89751  37.215  14.073  50.093 0.0000000000
89733  37.779  14.053  52.779 0.0000000000
88927  38.211  13.737  51.334 0.0000000000
89758  38.769  14.497  49.788 0.0000000000
90595  40.025  15.185  49.372 0.0000000000
132483  41.478  16.225  48.457 0.0000000000
91455  43.058  16.604  47.996 0.0000000000
91445  45.010  17.204  49.598 0.0000000000
92229  46.751  17.367  50.220 0.0000000000
90584  47.916  16.794  50.630 0.0000000000
92207  47.264  17.781  52.855 0.0000000000
90564  47.661  16.297  52.433 0.0000000000
91424  30.681  16.846  52.914 0.0000000000
91406  30.050  15.961  54.105 0.0000000000
91373  28.421  16.217  56.611 0.0000000000
96694  40.997  23.738  41.277 0.0000000000
97325  39.215  24.224  40.747 0.0000000000
95942  34.766  22.124  38.520 0.0000000000
94541  34.282  20.933  38.241 0.0000000000
93065  36.033  19.003  38.846 0.0000000000
93820  36.844  19.866  36.091 0.0000000000
93071  36.728  18.816  37.678 0.0000000000
92307  36.974  17.408  39.563 0.0000000000
95229  42.549  21.092  42.755 0.0000000000
93783  39.612  19.173  41.708 0.0000000000
94523  40.837  20.088  40.769 0.0000000000
130343  42.371  20.498  40.580 0.0000000000
94531  42.102  20.376  38.683 0.0000000000
93813  41.332  19.478  37.229 0.0000000000
93082  41.967  18.887  35.506 0.0000000000
90643  44.916  15.704  44.442 0.0000000000
90664  44.672  15.501  42.224 0.0000000000
90687  44.320  15.611  40.670 0.0000000000
89825  48.324  14.867  40.612 0.0000000000
90693  47.033  15.318  38.652 0.0000000000
90704  44.778  15.887  38.323 0.0000000000
131729  44.069  16.287  36.278 0.0000000000
91586  43.702  17.298  34.369 0.0000000000
92332  43.724  18.160  33.119 0.0000000000
120921  42.657  17.887  32.962 0.0000000000
90742  40.732  15.762  34.035 0.0000000000
90737  38.581  15.235  34.809 0.0000000000
89874  40.752  14.430  36.334 0.0000000000
89077  38.901  13.767  35.832 0.0000000000
89886  36.919  13.552  35.216 0.0000000000
89080  35.445  12.007  35.029 0.0000000000
132285  35.883  10.884  42.371 0.0000000000
118245  34.103  22.074  40.875 0.0000000000
95901  34.951  22.537  41.053 0.0000000000
92988  33.891  17.943  51.352 0.0000000000
94565  42.019  21.191  34.841 0.0000000000
95270  42.251  21.765  35.171 0.0000000000
94573  41.902  20.798  33.664 0.0000000000
94572  42.307  20.461  33.780 0.0000000000
91502  42.407  16.135  45.810 0.0000000000
91512  42.057  15.912  44.851 0.0000000000
88226  41.816  11.992  43.302 0.0000000000
127808  41.200  12.521  42.944 0.0000000000
88228  39.758  12.087  43.342 0.0000000000
87476  40.244  11.215  43.848 0.0000000000
94488  44.582  20.708  42.700 0.0000000000
94498  45.190  20.648  42.028 0.0000000000
133970  45.488  20.480  40.554 0.0000000000
94520  44.219  20.469  40.511 0.0000000000
90585  47.163  16.060  50.153 0.0000000000
89746  46.226  15.359  49.832 0.0000000000
89747  45.242  14.567  50.357 0.0000000000
86659  41.108  10.590  47.826 0.0000000000
85840  40.331  9.272  47.727 0.0000000000
86660  40.575  10.015  47.406 0.0000000000
92295  36.271  17.254  40.978 0.0000000000
91460  36.677  16.304  48.537 0.0000000000
91475  37.003  16.853  47.847 0.0000000000
91459  37.509  16.103  47.936 0.0000000000
90619  38.315  15.887  47.716 0.0000000000
90608  37.992  15.381  48.434 0.0000000000
90528  35.681  14.962  55.161 0.0000000000
140534  35.752  14.218  53.656 0.0000000000
89706  37.067  14.810  54.308 0.0000000000
90556  42.521  15.227  53.377 0.0000000000
90557  41.920  14.919  52.980 0.0000000000
90566  42.724  15.513  52.551 0.0000000000
90577  42.538  15.749  51.593 0.0000000000
91421  44.005  16.481  52.146 0.0000000000
121556  44.152  16.371  52.978 0.0000000000
95951  39.301  22.681  37.201 0.0000000000
96726  39.619  23.115  38.614 0.0000000000
95939  38.950  22.866  37.930 0.0000000000
95940  38.224  22.843  38.415 0.0000000000
117988  37.997  22.658  37.551 0.0000000000
95953  36.967  22.391  37.037 0.0000000000
117642  37.791  22.490  36.721 0.0000000000
128135  38.868  17.088  35.631 0.0000000000
91581  38.344  16.072  35.602 0.0000000000
91574  37.913  15.737  36.219 0.0000000000
90722  37.253  14.689  35.618 0.0000000000
94481  39.265  20.762  44.516 0.0000000000
93768  39.121  19.728  43.282 0.0000000000
91554  41.849  16.571  39.800 0.0000000000
91555  41.150  16.875  39.346 0.0000000000
92311  41.352  17.165  38.093 0.0000000000
91563  42.671  16.447  39.004 0.0000000000
89798  48.172  15.169  44.487 0.0000000000
89796  48.397  15.331  43.631 0.0000000000
89803  48.275  14.816  43.438 0.0000000000
89068  44.453  14.183  37.337 0.0000000000
89067  45.401  14.453  36.979 0.0000000000
89859  45.063  14.562  36.513 0.0000000000
89870  45.370  14.817  36.241 0.0000000000
89871  44.476  14.631  35.774 0.0000000000
127696  43.282  14.466  34.854 0.0000000000
117336  42.606  14.396  36.444 0.0000000000
89031  37.617  13.583  40.159 0.0000000000
89044  37.992  13.877  38.929 0.0000000000
89045  36.933  13.297  38.876 0.0000000000
88261  35.881  12.495  38.886 0.0000000000
95244  33.659  21.237  39.374 0.0000000000
94524  33.194  20.811  40.036 0.0000000000
93803  33.754  20.273  39.450 0.0000000000
93793  34.034  19.273  39.870 0.0000000000
136058  34.159  20.329  38.834 0.0000000000
93731  36.859  19.319  50.568 0.0000000000
92985  36.315  19.022  50.960 0.0000000000
140323  34.822  17.114  50.450 0.0000000000
137073  35.432  17.044  49.890 0.0000000000
91450  35.696  16.633  49.585 0.0000000000
137897  35.715  15.703  49.759 0.0000000000
95934  45.176  21.877  38.042 0.0000000000
95921  43.934  22.525  38.935 0.0000000000
95935  44.066  22.238  37.894 0.0000000000
95972  41.539  22.190  35.118 0.0000000000
95949  41.795  22.509  37.212 0.0000000000
95961  40.788  22.404  35.942 0.0000000000
95974  39.555  22.049  35.027 0.0000000000
95985  40.193  21.922  34.346 0.0000000000
118690  40.365  19.201  33.685 0.0000000000
93841  39.541  19.776  33.863 0.0000000000
93831  39.593  19.091  34.200 0.0000000000
93090  39.341  18.589  34.796 0.0000000000
92340  40.131  17.261  34.268 0.0000000000
91515  39.167  16.952  44.270 0.0000000000
91526  39.367  17.014  43.070 0.0000000000
116889  39.626  16.716  43.759 0.0000000000
91530  42.068  15.891  42.867 0.0000000000
91538  42.240  16.007  42.021 0.0000000000
140981  41.735  16.328  41.559 0.0000000000
90678  42.966  15.813  41.707 0.0000000000
88223  44.468  12.741  43.724 0.0000000000
88986  45.103  13.026  43.131 0.0000000000
88232  44.337  12.497  42.906 0.0000000000
88244  42.683  13.087  41.849 0.0000000000
89008  44.287  13.162  41.174 0.0000000000
89009  43.239  13.388  40.938 0.0000000000
121227  43.297  13.628  39.967 0.0000000000
89040  42.908  14.063  39.398 0.0000000000
89027  42.577  13.850  40.280 0.0000000000
89012  40.316  13.759  41.688 0.0000000000
89029  40.630  14.169  40.762 0.0000000000
89030  39.481  14.014  41.057 0.0000000000
89013  38.920  13.591  41.707 0.0000000000
88999  38.999  13.129  42.367 0.0000000000
86690  38.497  11.026  43.099 0.0000000000
87482  38.368  11.589  42.917 0.0000000000
134469  31.660  15.958  52.677 0.0000000000
90570  32.306  15.306  52.784 0.0000000000
90548  33.188  14.759  54.951 0.0000000000
129200  33.957  15.324  55.612 0.0000000000
90529  34.813  15.173  55.453 0.0000000000
91394  34.666  15.976  56.050 0.0000000000
135686  45.043  20.551  38.307 0.0000000000
94536  45.889  20.821  37.633 0.0000000000
137604  44.846  20.902  36.621 0.0000000000
94548  44.099  20.830  36.712 0.0000000000
117389  45.573  17.001  48.198 0.0000000000
91467  46.597  16.714  47.477 0.0000000000
91453  46.934  16.883  48.358 0.0000000000
90617  47.204  15.930  47.858 0.0000000000
90616  47.579  16.304  47.197 0.0000000000
89775  47.085  15.456  47.104 0.0000000000
89784  47.035  14.880  46.374 0.0000000000
89785  45.918  14.544  46.832 0.0000000000
88940  43.769  13.533  49.385 0.0000000000
88180  42.677  12.243  49.256 0.0000000000
88196  42.786  12.269  47.403 0.0000000000
88195  43.306  12.922  47.899 0.0000000000
88202  43.516  12.847  46.880 0.0000000000
88962  44.189  13.099  46.121 0.0000000000
88208  44.060  12.820  45.248 0.0000000000
125833  43.438  12.546  45.897 0.0000000000
86672  41.031  10.711  46.046 0.0000000000
138782  42.196  11.621  45.337 0.0000000000
86678  41.088  10.647  45.122 0.0000000000
87469  41.713  11.256  44.674 0.0000000000
86679  40.447  10.247  44.810 0.0000000000
95181  39.175  21.633  47.756 0.0000000000
95190  38.720  21.314  46.978 0.0000000000
94470  38.824  21.160  46.207 0.0000000000
130674  38.131  20.659  46.695 0.0000000000
93737  36.837  19.020  48.841 0.0000000000
92256  37.533  17.635  46.593 0.0000000000
135518  37.248  18.828  47.119 0.0000000000
93010  37.448  18.440  46.527 0.0000000000
93757  37.673  18.905  45.891 0.0000000000
92264  37.691  18.012  45.857 0.0000000000
92263  38.132  17.550  45.299 0.0000000000
91472  39.527  16.298  47.061 0.0000000000
91489  39.964  16.474  46.466 0.0000000000
91488  40.945  16.515  46.575 0.0000000000
91470  41.231  16.430  47.504 0.0000000000
90581  33.617  15.449  51.678 0.0000000000
90568  33.975  14.581  52.253 0.0000000000
89742  35.619  13.792  51.568 0.0000000000
89743  35.265  13.976  51.113 0.0000000000
88936  35.977  13.666  50.840 0.0000000000
89752  36.395  14.070  50.252 0.0000000000
88935  36.817  13.603  50.724 0.0000000000
137693  38.649  14.781  54.402 0.0000000000
89719  38.420  14.497  53.545 0.0000000000
89704  39.237  14.619  53.992 0.0000000000
89740  39.689  14.335  51.481 0.0000000000
89741  38.896  13.874  51.804 0.0000000000
89750  38.861  14.139  50.706 0.0000000000
89757  39.504  14.687  49.990 0.0000000000
90596  39.170  14.868  49.189 0.0000000000
90588  40.396  15.079  50.295 0.0000000000
91441  42.250  16.125  50.034 0.0000000000
125712  41.547  15.787  49.822 0.0000000000
91448  41.965  16.242  49.282 0.0000000000
123483  42.478  16.504  48.652 0.0000000000
120521  43.488  16.769  48.788 0.0000000000
91446  43.834  16.855  49.681 0.0000000000
91427  45.661  17.317  51.664 0.0000000000
91437  45.836  17.373  50.834 0.0000000000
92223  46.846  17.550  51.121 0.0000000000
91436  47.783  17.077  50.194 0.0000000000
140460  48.274  17.177  51.405 0.0000000000
92199  47.353  17.842  53.766 0.0000000000
90554  47.658  16.373  53.233 0.0000000000
90555  46.782  15.584  52.946 0.0000000000
92218  30.402  17.741  52.968 0.0000000000
92200  29.065  16.776  54.223 0.0000000000
91415  29.673  16.698  53.779 0.0000000000
91407  29.411  16.008  54.572 0.0000000000
90551  30.137  15.540  54.749 0.0000000000
90534  29.619  15.572  55.401 0.0000000000
96695  40.404  23.963  40.707 0.0000000000
97316  40.201  24.294  41.538 0.0000000000
97324  39.832  24.312  40.901 0.0000000000
97317  39.414  24.532  41.457 0.0000000000
96720  37.919  23.209  39.592 0.0000000000
95912  36.039  22.636  39.767 0.0000000000
95926  35.227  22.268  39.300 0.0000000000
125687  36.074  22.526  39.138 0.0000000000
95258  35.282  21.741  37.102 0.0000000000
94552  34.711  21.483  37.729 0.0000000000
94551  35.089  21.023  37.150 0.0000000000
94540  34.930  20.461  37.812 0.0000000000
93808  35.497  19.578  38.130 0.0000000000
94566  37.516  20.801  35.059 0.0000000000
94567  36.675  21.088  35.409 0.0000000000
93827  37.005  20.383  35.472 0.0000000000
92319  37.879  17.595  37.427 0.0000000000
93070  37.393  18.505  37.164 0.0000000000
93063  37.307  18.123  38.034 0.0000000000
93064  36.686  18.545  38.507 0.0000000000
92313  37.189  17.825  38.860 0.0000000000
91558  37.200  16.680  39.472 0.0000000000
91557  37.454  16.536  38.647 0.0000000000
89850  35.795  14.666  38.049 0.0000000000
95188  41.183  22.263  46.032 0.0000000000
94490  40.663  21.070  43.341 0.0000000000
94489  41.748  21.275  43.125 0.0000000000
95219  42.732  21.288  43.467 0.0000000000
116755  41.775  20.835  42.166 0.0000000000
92285  39.379  17.949  42.088 0.0000000000
93774  39.337  19.401  42.481 0.0000000000
93039  39.560  18.422  41.485 0.0000000000
93800  40.546  19.133  39.557 0.0000000000
93791  40.301  19.199  40.440 0.0000000000
94511  41.629  20.505  41.150 0.0000000000
94522  41.596  20.312  40.294 0.0000000000
116760  42.376  20.407  39.683 0.0000000000
133451  41.598  20.238  39.554 0.0000000000
125768  41.124  17.885  37.477 0.0000000000
93069  41.200  18.620  36.899 0.0000000000
93818  41.748  19.266  36.276 0.0000000000
93074  41.746  18.495  36.220 0.0000000000
91499  46.319  16.496  46.050 0.0000000000
90633  45.643  16.022  45.303 0.0000000000
90642  46.276  15.843  44.572 0.0000000000
117391  47.049  15.571  42.028 0.0000000000
90653  45.955  15.612  43.098 0.0000000000
90663  45.804  15.562  42.275 0.0000000000
90676  45.053  15.497  41.460 0.0000000000
90686  45.582  15.545  40.593 0.0000000000
89006  47.036  13.824  41.261 0.0000000000
88993  48.046  14.394  41.733 0.0000000000
89023  47.294  14.013  40.176 0.0000000000
89856  46.587  15.197  37.466 0.0000000000
90701  47.160  15.124  38.208 0.0000000000
90702  46.671  15.377  37.729 0.0000000000
90694  45.860  15.609  38.690 0.0000000000
90703  46.025  15.712  37.418 0.0000000000
91571  43.497  16.374  37.261 0.0000000000
91570  44.864  16.040  37.075 0.0000000000
123441  44.629  16.175  34.777 0.0000000000
127191  44.425  16.475  34.835 0.0000000000
91585  44.006  16.792  34.190 0.0000000000
92329  43.529  18.215  33.803 0.0000000000
92336  43.777  17.310  33.632 0.0000000000
92337  43.660  17.993  32.943 0.0000000000
91598  43.248  17.123  33.305 0.0000000000
89891  41.727  14.457  34.186 0.0000000000
90741  41.660  15.750  33.775 0.0000000000
89892  40.520  14.667  34.374 0.0000000000
90736  39.284  15.538  34.530 0.0000000000
89893  39.280  14.955  34.710 0.0000000000
89848  40.988  14.376  38.002 0.0000000000
89861  41.604  14.483  37.079 0.0000000000
89862  40.455  14.309  37.166 0.0000000000
89072  37.881  13.137  36.608 0.0000000000
89071  38.853  13.524  36.511 0.0000000000
89078  37.862  13.085  35.863 0.0000000000
89083  37.785  13.781  35.385 0.0000000000
89084  36.914  12.753  35.356 0.0000000000
89085  36.296  12.716  35.296 0.0000000000
89079  36.261  12.160  35.408 0.0000000000
88262  34.820  11.907  38.501 0.0000000000
88268  34.910  12.186  37.346 0.0000000000
124650  36.778  11.475  42.366 0.0000000000
95928  33.828  21.694  39.628 0.0000000000
92994  35.133  18.179  50.879 0.0000000000
92987  34.668  18.427  51.275 0.0000000000
92233  34.552  17.542  50.859 0.0000000000
91443  34.430  16.717  50.650 0.0000000000
95957  44.541  21.592  36.668 0.0000000000
123158  43.618  22.127  36.610 0.0000000000
95970  42.738  21.853  35.935 0.0000000000
95971  42.383  22.006  35.326 0.0000000000
95984  41.127  22.002  34.390 0.0000000000
95280  40.705  21.645  34.003 0.0000000000
95291  41.162  21.072  33.754 0.0000000000
94581  41.625  20.274  33.273 0.0000000000
93840  41.505  19.470  33.104 0.0000000000
91513  41.192  16.287  44.903 0.0000000000
119646  40.493  16.390  44.082 0.0000000000
131978  41.377  16.131  44.168 0.0000000000
90645  42.728  15.683  44.333 0.0000000000
90656  42.808  15.677  43.489 0.0000000000
125498  43.130  12.231  43.225 0.0000000000
88233  43.716  12.346  42.695 0.0000000000
134878  42.511  12.239  42.989 0.0000000000
88234  42.952  12.532  42.539 0.0000000000
88245  41.866  13.342  41.865 0.0000000000
88997  41.012  13.293  42.358 0.0000000000
88998  39.954  13.275  42.417 0.0000000000
88237  39.562  12.717  42.818 0.0000000000
125856  39.108  11.347  43.426 0.0000000000
86687  38.926  10.679  43.537 0.0000000000
90550  31.437  15.055  54.579 0.0000000000
137660  46.615  20.938  40.048 0.0000000000
126171  46.201  20.721  39.757 0.0000000000
135089  45.346  20.457  39.764 0.0000000000
118045  43.561  20.490  38.761 0.0000000000
136914  47.530  16.856  49.361 0.0000000000
91452  47.349  16.745  48.643 0.0000000000
90592  47.409  16.746  48.900 0.0000000000
89755  46.413  15.424  49.001 0.0000000000
89768  45.493  14.819  48.551 0.0000000000
87435  42.167  11.646  48.766 0.0000000000
87445  41.634  11.127  48.271 0.0000000000
87450  42.251  11.690  46.960 0.0000000000
87456  42.216  11.708  46.078 0.0000000000
86666  41.056  10.692  46.952 0.0000000000
86667  40.547  10.088  46.521 0.0000000000
94456  38.017  20.621  48.290 0.0000000000
92998  36.957  18.743  47.874 0.0000000000
92246  36.888  17.739  47.830 0.0000000000
92245  37.296  17.268  47.259 0.0000000000
91492  37.703  16.936  46.800 0.0000000000
91491  38.282  16.691  46.513 0.0000000000
116734  37.964  16.414  47.225 0.0000000000
91473  38.695  16.303  47.080 0.0000000000
91458  39.857  15.956  47.610 0.0000000000
89723  34.270  14.173  53.567 0.0000000000
89735  34.498  13.889  52.746 0.0000000000
89722  35.099  13.811  53.276 0.0000000000
89721  35.879  13.835  53.041 0.0000000000
117285  36.823  14.140  52.851 0.0000000000
89717  40.496  14.557  53.631 0.0000000000
89718  39.858  14.478  53.414 0.0000000000
89730  40.487  14.489  52.893 0.0000000000
120818  40.429  14.603  52.037 0.0000000000
89748  40.462  14.759  51.172 0.0000000000
90579  41.114  15.250  50.874 0.0000000000
90578  41.782  15.516  51.269 0.0000000000
90586  42.415  15.945  50.788 0.0000000000
91430  43.143  16.218  51.044 0.0000000000
134698  43.720  16.642  50.544 0.0000000000
91429  43.921  16.575  51.280 0.0000000000
127341  44.606  16.849  51.694 0.0000000000
91402  47.946  17.494  54.301 0.0000000000
90519  47.061  15.953  54.874 0.0000000000
95924  40.969  22.937  38.770 0.0000000000
96716  41.083  23.237  39.529 0.0000000000
96717  40.223  23.357  39.216 0.0000000000
118936  39.814  23.687  39.776 0.0000000000
96706  39.201  23.748  40.068 0.0000000000
96728  38.313  23.055  39.069 0.0000000000
95925  37.608  22.803  38.926 0.0000000000
131972  36.649  22.584  38.658 0.0000000000
95941  36.286  22.456  37.756 0.0000000000
95257  35.951  22.131  36.951 0.0000000000
94559  35.657  21.271  36.451 0.0000000000
93084  38.021  19.135  35.559 0.0000000000
93075  38.308  18.172  36.032 0.0000000000
92324  37.957  18.114  36.669 0.0000000000
91565  37.811  16.405  37.529 0.0000000000
90715  36.564  14.994  37.508 0.0000000000
89864  35.749  14.067  36.739 0.0000000000
95200  40.465  21.692  45.582 0.0000000000
134811  40.545  21.546  44.862 0.0000000000
95211  40.133  21.206  44.264 0.0000000000
92293  40.229  17.348  40.707 0.0000000000
92301  39.903  18.222  40.658 0.0000000000
92300  40.335  17.763  39.976 0.0000000000
93054  40.431  18.246  39.290 0.0000000000
93806  40.686  18.949  38.701 0.0000000000
93062  40.726  17.896  38.451 0.0000000000
133558  41.788  17.155  37.176 0.0000000000
90631  48.019  16.110  45.634 0.0000000000
90641  47.794  16.014  44.645 0.0000000000
90640  48.241  15.636  44.186 0.0000000000
90651  48.328  15.374  43.263 0.0000000000
90674  48.063  15.404  41.706 0.0000000000
89038  45.788  13.937  38.632 0.0000000000
89037  46.902  14.463  38.686 0.0000000000
89053  46.572  14.650  37.860 0.0000000000
89845  46.539  14.927  37.369 0.0000000000
90712  46.288  15.298  37.026 0.0000000000
91578  45.206  15.970  36.022 0.0000000000
90720  45.291  15.506  36.134 0.0000000000
90726  44.887  15.556  35.312 0.0000000000
90727  44.398  15.471  34.641 0.0000000000
137730  43.035  15.270  33.897 0.0000000000
89890  42.877  14.631  34.210 0.0000000000
138498  42.448  14.471  34.414 0.0000000000
89882  41.979  14.371  34.867 0.0000000000
117198  39.215  14.148  38.732 0.0000000000
89849  39.981  14.195  37.892 0.0000000000
89059  38.374  13.577  37.869 0.0000000000
89073  36.630  12.144  36.154 0.0000000000
89046  36.067  12.796  37.484 0.0000000000
88267  35.241  12.258  37.594 0.0000000000
95228  43.559  20.857  42.960 0.0000000000
93049  34.587  18.780  40.475 0.0000000000
93057  34.861  19.045  39.743 0.0000000000
93734  36.808  19.221  49.719 0.0000000000
92996  36.464  18.515  49.355 0.0000000000
92993  35.688  18.463  50.553 0.0000000000
92231  35.882  18.117  49.784 0.0000000000
133750  36.241  17.736  49.110 0.0000000000
117873  36.142  16.926  49.036 0.0000000000
90599  36.562  15.423  49.189 0.0000000000
90546  37.602  15.107  55.032 0.0000000000
90526  38.079  15.644  55.472 0.0000000000
90525  38.865  15.585  55.475 0.0000000000
90544  39.239  14.901  54.948 0.0000000000
90543  39.996  14.894  55.205 0.0000000000
124028  41.365  14.799  54.794 0.0000000000
123678  42.089  15.078  54.828 0.0000000000
90541  42.680  15.300  54.093 0.0000000000
91412  44.162  16.271  53.873 0.0000000000
95911  42.966  22.636  39.851 0.0000000000
95922  42.735  22.635  39.126 0.0000000000
95948  42.707  22.478  37.347 0.0000000000
95937  41.777  22.604  38.155 0.0000000000
121249  40.900  22.629  37.963 0.0000000000
95938  39.959  22.741  37.754 0.0000000000
118774  39.134  22.557  36.384 0.0000000000
95963  38.210  22.368  35.977 0.0000000000
119765  39.027  22.326  35.634 0.0000000000
95273  37.818  21.378  34.887 0.0000000000
94575  38.066  20.933  34.574 0.0000000000
94584  39.215  21.210  33.953 0.0000000000
93842  38.853  20.273  34.024 0.0000000000
93825  38.581  19.399  35.074 0.0000000000
92330  39.344  17.639  35.199 0.0000000000
91587  39.211  16.618  34.954 0.0000000000
93020  38.444  18.463  44.224 0.0000000000
93775  38.860  18.980  42.986 0.0000000000
93025  38.696  18.355  43.454 0.0000000000
133323  39.243  17.577  42.651 0.0000000000
91533  39.746  17.122  42.259 0.0000000000
91524  41.133  16.210  43.192 0.0000000000
91532  40.594  16.586  42.266 0.0000000000
91540  40.268  16.968  41.472 0.0000000000
91549  40.713  16.835  40.881 0.0000000000
91548  41.545  16.545  40.801 0.0000000000
134446  42.357  16.329  40.529 0.0000000000
88984  47.491  14.284  43.169 0.0000000000
88985  46.308  13.681  43.369 0.0000000000
88995  45.750  13.319  42.354 0.0000000000
89007  45.902  13.422  41.454 0.0000000000
88242  44.278  12.629  42.160 0.0000000000
89025  44.745  13.340  40.310 0.0000000000
140627  44.877  13.467  39.542 0.0000000000
122125  44.521  13.626  38.914 0.0000000000
89069  43.465  14.167  37.761 0.0000000000
117625  42.694  14.331  37.380 0.0000000000
89846  42.790  14.313  38.113 0.0000000000
89834  42.437  14.305  38.754 0.0000000000
89835  41.477  14.406  38.832 0.0000000000
89028  41.674  14.124  40.539 0.0000000000
89042  41.033  14.321  39.741 0.0000000000
89015  37.555  13.326  41.316 0.0000000000
87483  37.686  12.079  42.573 0.0000000000
86691  37.757  11.194  42.593 0.0000000000
91433  32.397  16.972  51.760 0.0000000000
91432  33.091  16.268  51.523 0.0000000000
91422  32.306  16.051  52.115 0.0000000000
90558  33.059  14.628  52.937 0.0000000000
90549  32.257  14.799  54.281 0.0000000000
89711  32.978  14.583  53.850 0.0000000000
89724  33.527  14.384  53.447 0.0000000000
89709  34.417  14.466  54.389 0.0000000000
89697  34.851  14.648  54.934 0.0000000000
126307  36.388  15.635  55.617 0.0000000000
95920  45.276  22.168  39.035 0.0000000000
95243  46.521  20.994  38.727 0.0000000000
136221  46.306  21.090  37.760 0.0000000000
95946  45.347  21.456  36.863 0.0000000000
95262  44.253  21.453  36.542 0.0000000000
94556  43.636  21.251  36.402 0.0000000000
94557  42.305  20.882  35.510 0.0000000000
91469  43.558  16.495  47.195 0.0000000000
91486  44.383  16.359  46.559 0.0000000000
91485  45.666  16.615  46.672 0.0000000000
91498  47.472  16.394  46.232 0.0000000000
91466  47.436  16.560  47.857 0.0000000000
120853  47.641  16.379  46.960 0.0000000000
91483  47.980  16.191  46.366 0.0000000000
89790  48.124  15.816  46.152 0.0000000000
89791  47.806  15.203  45.842 0.0000000000
88968  46.132  13.932  45.252 0.0000000000
88939  44.428  14.105  49.895 0.0000000000
88946  44.527  14.148  48.961 0.0000000000
88954  44.599  14.342  48.025 0.0000000000
88188  42.715  12.277  48.333 0.0000000000
88955  43.988  13.549  47.550 0.0000000000
125733  44.887  14.022  47.238 0.0000000000
88961  45.035  13.645  46.432 0.0000000000
132463  45.445  13.437  44.769 0.0000000000
88215  44.651  13.032  44.600 0.0000000000
88216  43.864  12.548  44.339 0.0000000000
137425  42.719  12.114  45.583 0.0000000000
88217  43.063  12.126  44.032 0.0000000000
87468  42.214  11.610  43.960 0.0000000000
87475  41.328  11.375  43.881 0.0000000000
86685  40.142  10.554  44.290 0.0000000000
85863  39.476  9.412  44.471 0.0000000000
116919  39.649  21.443  45.891 0.0000000000
123140  38.966  21.022  45.323 0.0000000000
94482  38.563  20.214  44.874 0.0000000000
94454  37.777  20.244  49.711 0.0000000000
94457  37.657  20.187  48.827 0.0000000000
94463  37.768  20.372  47.487 0.0000000000
93744  37.349  19.583  47.476 0.0000000000
93743  37.623  19.980  46.860 0.0000000000
93751  37.790  19.826  46.154 0.0000000000
93756  38.060  19.524  45.336 0.0000000000
93763  38.373  19.300  44.524 0.0000000000
123020  39.204  16.740  44.986 0.0000000000
91506  38.597  16.841  45.632 0.0000000000
91505  39.477  16.575  45.727 0.0000000000
120137  40.463  16.481  45.044 0.0000000000
91503  41.068  16.436  45.688 0.0000000000
119342  41.749  16.430  46.228 0.0000000000
91487  42.566  16.384  46.663 0.0000000000
91431  33.962  16.008  51.051 0.0000000000
90590  34.547  15.334  50.896 0.0000000000
128921  34.847  13.942  51.936 0.0000000000
89754  35.090  14.689  50.722 0.0000000000
90589  35.074  15.533  50.361 0.0000000000
89761  36.096  14.794  49.900 0.0000000000
89760  36.828  14.612  49.632 0.0000000000
90598  37.348  14.968  49.011 0.0000000000
89720  37.424  14.513  53.538 0.0000000000
88923  37.128  13.775  52.078 0.0000000000
89732  38.688  14.084  52.654 0.0000000000
88922  38.068  13.659  52.022 0.0000000000
88928  37.412  13.581  51.354 0.0000000000
88934  37.763  13.803  50.671 0.0000000000
89759  37.518  14.522  49.560 0.0000000000
90597  38.226  14.737  49.185 0.0000000000
140186  38.753  15.159  48.657 0.0000000000
90607  39.623  15.493  48.413 0.0000000000
91457  40.558  16.002  47.963 0.0000000000
90594  40.829  15.504  49.630 0.0000000000
90606  40.659  15.650  48.809 0.0000000000
91456  42.113  16.501  47.844 0.0000000000
133399  42.623  16.509  47.358 0.0000000000
91454  44.180  16.863  48.078 0.0000000000
116792  44.642  17.119  48.869 0.0000000000
92236  46.102  17.221  48.967 0.0000000000
91439  44.442  16.960  50.281 0.0000000000
92230  46.045  17.326  49.659 0.0000000000
92235  47.093  17.167  49.436 0.0000000000
89738  46.085  15.225  50.737 0.0000000000
91411  45.236  16.979  53.394 0.0000000000
91419  46.055  17.470  52.618 0.0000000000
92214  47.827  17.615  52.232 0.0000000000
137104  47.787  17.563  53.743 0.0000000000
91418  48.253  17.216  52.544 0.0000000000
91426  48.283  17.207  51.823 0.0000000000
90574  47.808  16.490  51.560 0.0000000000
89727  45.951  15.114  51.669 0.0000000000
92226  32.603  17.807  51.784 0.0000000000
91423  31.241  16.594  52.652 0.0000000000
91413  31.016  16.045  53.148 0.0000000000
135622  30.158  17.041  53.271 0.0000000000
91414  30.378  16.326  53.514 0.0000000000
90560  30.740  15.566  54.020 0.0000000000
123721  30.754  15.273  54.860 0.0000000000
91396  28.402  16.195  55.532 0.0000000000
91372  29.061  15.757  55.986 0.0000000000
91371  30.180  16.293  56.828 0.0000000000
97318  38.650  24.528  41.389 0.0000000000
141280  38.840  23.939  40.450 0.0000000000
97326  38.471  24.104  40.808 0.0000000000
97319  37.772  24.276  41.391 0.0000000000
95913  35.503  22.517  40.290 0.0000000000
95927  34.358  21.919  39.082 0.0000000000
136864  34.004  21.614  39.006 0.0000000000
117659  35.533  22.406  38.337 0.0000000000
95251  34.345  21.713  38.407 0.0000000000
93809  34.676  19.963  38.494 0.0000000000
93801  35.118  19.225  38.950 0.0000000000
93056  35.719  18.714  39.596 0.0000000000
95263  36.712  21.672  35.577 0.0000000000
95264  36.134  21.459  35.863 0.0000000000
94558  36.225  20.719  35.945 0.0000000000
93077  36.775  19.262  36.832 0.0000000000
93814  36.131  19.464  37.438 0.0000000000
93807  36.209  19.084  38.132 0.0000000000
93055  36.521  18.262  39.303 0.0000000000
92302  36.234  17.854  40.162 0.0000000000
91550  36.814  16.797  40.320 0.0000000000
90696  37.160  15.983  39.103 0.0000000000
95199  41.239  21.838  45.166 0.0000000000
130320  43.013  21.550  44.340 0.0000000000
94500  42.976  20.767  42.159 0.0000000000
94502  39.797  20.264  42.830 0.0000000000
94501  40.694  20.550  42.452 0.0000000000
93792  39.824  18.907  41.072 0.0000000000
93782  40.160  19.594  41.253 0.0000000000
94512  40.830  20.253  41.653 0.0000000000
94510  42.529  20.628  41.403 0.0000000000
126304  43.527  20.518  41.450 0.0000000000
117211  43.288  20.492  39.995 0.0000000000
93805  41.229  19.731  38.184 0.0000000000
94539  42.020  20.271  37.604 0.0000000000
136897  42.815  20.472  36.957 0.0000000000
94550  42.025  20.069  36.723 0.0000000000
133941  42.121  20.109  35.938 0.0000000000
93824  42.007  19.806  35.040 0.0000000000
90634  44.378  15.778  45.203 0.0000000000
90644  43.685  15.586  44.234 0.0000000000
122545  44.362  15.547  43.692 0.0000000000
120666  46.743  15.697  43.774 0.0000000000
90654  44.436  15.476  42.961 0.0000000000
90665  43.725  15.554  42.232 0.0000000000
136659  43.629  15.653  41.405 0.0000000000
139844  43.678  15.884  40.029 0.0000000000
88983  48.186  14.577  42.577 0.0000000000
89810  48.708  15.045  41.986 0.0000000000
90684  48.001  15.271  40.625 0.0000000000
89833  47.540  14.799  39.072 0.0000000000
118342  47.997  15.074  39.648 0.0000000000
90685  46.835  15.502  40.482 0.0000000000
133434  45.261  15.628  39.845 0.0000000000
90695  44.554  15.769  39.483 0.0000000000
126653  43.682  16.098  39.186 0.0000000000
91562  43.625  16.239  38.153 0.0000000000
91572  42.780  16.686  36.752 0.0000000000
138297  42.301  17.257  36.320 0.0000000000
91579  44.707  16.296  35.455 0.0000000000
91580  43.403  16.810  35.517 0.0000000000
92323  42.501  17.958  35.352 0.0000000000
93081  42.726  19.017  34.419 0.0000000000
93830  42.737  19.818  33.833 0.0000000000
93094  43.163  18.783  32.856 0.0000000000
93095  42.215  18.822  32.783 0.0000000000
92338  41.667  18.055  33.201 0.0000000000
90740  42.663  16.008  33.715 0.0000000000
134976  41.306  16.446  33.718 0.0000000000
92339  40.755  17.662  33.676 0.0000000000
91593  39.632  16.400  34.519 0.0000000000
91594  38.930  15.820  34.653 0.0000000000
89873  41.746  14.440  35.974 0.0000000000
120857  41.048  14.440  35.500 0.0000000000
89863  39.632  13.874  37.093 0.0000000000
89070  39.737  14.071  36.451 0.0000000000
89875  39.998  14.402  35.602 0.0000000000
89884  38.950  14.466  35.242 0.0000000000
89885  38.192  14.693  35.108 0.0000000000
90729  37.334  14.270  35.268 0.0000000000
89876  36.720  13.670  35.263 0.0000000000
89877  36.032  13.064  35.547 0.0000000000
89865  35.208  12.918  36.246 0.0000000000
88277  35.264  11.874  35.680 0.0000000000
88278  34.992  12.173  36.027 0.0000000000
85867  39.085  9.993  43.821 0.0000000000
87463  41.622  11.211  45.619 0.0000000000
88187  43.239  12.895  48.841 0.0000000000
88273  35.080  12.083  36.402 0.0000000000
88274  34.687  12.419  36.716 0.0000000000
88967  47.353  14.551  45.043 0.0000000000
88975  46.310  13.809  44.432 0.0000000000
88996  44.842  12.849  42.464 0.0000000000
89005  47.976  14.421  40.813 0.0000000000
89022  47.889  14.581  39.909 0.0000000000
89054  46.003  14.603  37.286 0.0000000000
89056  44.007  13.827  38.273 0.0000000000
89057  43.227  14.130  38.606 0.0000000000
89074  35.760  11.866  35.582 0.0000000000
89696  40.672  14.779  55.061 0.0000000000
89702  40.910  14.659  54.231 0.0000000000
89705  37.940  14.804  54.335 0.0000000000
89707  36.167  14.729  54.294 0.0000000000
89710  33.741  14.512  54.192 0.0000000000
89716  41.169  14.636  53.361 0.0000000000
89729  41.175  14.755  52.513 0.0000000000
89734  36.187  13.870  52.189 0.0000000000
89744  34.653  14.552  51.420 0.0000000000
89767  46.512  15.490  48.322 0.0000000000
89782  48.042  16.104  46.584 0.0000000000
89792  46.929  14.492  45.737 0.0000000000
89797  48.274  15.653  44.520 0.0000000000
89811  48.604  14.835  42.080 0.0000000000
89817  48.512  14.838  41.408 0.0000000000
89824  48.560  15.012  41.233 0.0000000000
89832  48.076  14.956  39.739 0.0000000000
89843  47.563  15.057  38.928 0.0000000000
89857  46.226  14.933  36.986 0.0000000000
89869  45.909  15.062  36.691 0.0000000000
89872  43.364  14.414  35.840 0.0000000000
89880  44.968  15.055  35.679 0.0000000000
89889  43.794  14.810  34.524 0.0000000000
90553  48.125  17.113  53.308 0.0000000000
90563  48.154  16.860  52.709 0.0000000000
90573  48.277  16.933  52.042 0.0000000000
90575  47.079  15.810  51.104 0.0000000000
90583  48.270  17.085  51.359 0.0000000000
90593  47.188  16.233  49.260 0.0000000000
90605  47.196  16.140  48.561 0.0000000000
90618  39.124  15.841  47.615 0.0000000000
90655  43.612  15.540  43.191 0.0000000000
90661  48.511  15.228  42.295 0.0000000000
90662  47.884  15.536  42.665 0.0000000000
90673  48.518  15.125  41.413 0.0000000000
90675  46.205  15.555  41.352 0.0000000000
90677  44.216  15.532  41.601 0.0000000000
90683  48.359  15.018  40.557 0.0000000000
90692  47.568  15.094  38.910 0.0000000000
90706  36.632  15.351  38.644 0.0000000000
90713  45.937  15.639  36.737 0.0000000000
90714  37.279  15.351  36.903 0.0000000000
90721  37.860  15.105  35.295 0.0000000000
90728  37.931  14.828  35.152 0.0000000000
90732  43.722  15.360  34.209 0.0000000000
90734  41.133  14.873  33.957 0.0000000000
90735  40.110  15.212  34.336 0.0000000000
90743  39.975  15.887  34.315 0.0000000000
91435  48.124  17.154  50.977 0.0000000000
91438  45.416  17.266  50.242 0.0000000000
91447  42.823  16.529  49.460 0.0000000000
91539  41.034  16.581  41.522 0.0000000000
91547  42.342  16.183  41.243 0.0000000000
91564  41.673  16.720  38.826 0.0000000000
91597  43.562  16.255  33.843 0.0000000000
91599  42.205  16.750  33.324 0.0000000000
92205  47.986  17.396  53.186 0.0000000000
92206  47.825  17.637  53.023 0.0000000000
92213  48.101  17.392  52.380 0.0000000000
92215  46.995  17.673  51.997 0.0000000000
92221  48.150  17.338  51.538 0.0000000000
92228  47.834  17.347  50.710 0.0000000000
92271  39.140  17.161  43.660 0.0000000000
92278  38.940  17.627  43.225 0.0000000000
92306  37.396  17.152  39.033 0.0000000000
92328  43.794  17.557  33.626 0.0000000000
93031  39.301  18.689  42.157 0.0000000000
93032  39.008  18.288  42.706 0.0000000000
93089  43.254  18.964  33.296 0.0000000000
93097  40.070  18.256  34.095 0.0000000000
93769  38.661  19.137  43.738 0.0000000000
93773  39.986  19.896  42.028 0.0000000000
93799  41.025  19.929  39.079 0.0000000000
93815  35.560  20.195  37.292 0.0000000000
93819  37.402  19.706  35.662 0.0000000000
93833  38.310  20.282  34.669 0.0000000000
93838  42.763  19.596  33.161 0.0000000000
94464  37.525  20.124  48.085 0.0000000000
94519  46.493  20.678  40.585 0.0000000000
94521  43.121  20.524  40.819 0.0000000000
94527  46.547  21.058  39.629 0.0000000000
94528  46.499  20.903  39.088 0.0000000000
94535  46.434  20.977  38.061 0.0000000000
94538  43.201  20.497  37.683 0.0000000000
94542  33.995  21.323  38.756 0.0000000000
94546  46.046  21.251  37.424 0.0000000000
94555  45.183  21.300  36.796 0.0000000000
94574  38.562  20.803  34.176 0.0000000000
94580  42.298  20.118  33.208 0.0000000000
94582  40.572  20.019  33.533 0.0000000000
94583  39.637  20.587  33.790 0.0000000000
95249  45.979  21.282  37.220 0.0000000000
95250  34.857  22.104  37.833 0.0000000000
95256  45.747  21.211  36.967 0.0000000000
95271  41.885  21.811  34.654 0.0000000000
95272  38.519  21.852  35.048 0.0000000000
95279  41.522  21.487  34.081 0.0000000000
95281  39.912  21.593  34.053 0.0000000000
95292  40.203  21.223  33.851 0.0000000000
95947  44.383  22.169  37.087 0.0000000000
95958  43.618  21.731  36.317 0.0000000000
95959  42.941  21.963  36.046 0.0000000000
95960  41.895  22.247  36.146 0.0000000000
95964  37.187  22.188  36.067 0.0000000000
95986  39.302  21.653  34.384 0.0000000000
96718  39.421  23.431  39.339 0.0000000000
117392  45.185  15.520  42.834 0.0000000000
117393  45.561  13.495  39.893 0.0000000000
117394  45.251  13.318  40.872 0.0000000000
117684  46.923  15.597  42.932 0.0000000000
117831  47.464  15.287  39.573 0.0000000000
119188  44.654  20.486  41.380 0.0000000000
119767  46.581  13.885  39.501 0.0000000000
119830  36.178  20.017  36.657 0.0000000000
120138  45.369  15.627  43.626 0.0000000000
120391  46.341  15.499  39.623 0.0000000000
120546  39.966  22.533  36.708 0.0000000000
121228  39.176  14.393  53.219 0.0000000000
121639  41.507  17.248  33.409 0.0000000000
122849  43.569  22.339  37.353 0.0000000000
122857  34.690  21.024  37.708 0.0000000000
123530  38.062  14.262  49.981 0.0000000000
124962  47.718  17.811  54.589 0.0000000000
129339  48.615  14.972  42.725 0.0000000000
129791  48.213  15.841  44.891 0.0000000000
131141  34.582  16.033  50.573 0.0000000000
132397  44.030  15.944  45.888 0.0000000000
133631  43.335  22.525  38.586 0.0000000000
133797  41.380  21.408  43.653 0.0000000000
134092  35.521  14.955  50.229 0.0000000000
134600  41.139  15.026  51.665 0.0000000000
134606  40.527  16.662  34.021 0.0000000000
134980  41.309  15.843  49.185 0.0000000000
135329  47.677  17.141  49.933 0.0000000000
135364  35.796  21.737  36.413 0.0000000000
136532  38.342  17.833  44.641 0.0000000000
136730  39.860  16.585  45.213 0.0000000000
136776  48.168  16.009  46.113 0.0000000000
137282  39.902  14.655  34.872 0.0000000000
137696  38.959  20.743  33.896 0.0000000000
138170  43.496  15.987  52.587 0.0000000000
138404  47.980  15.243  45.223 0.0000000000
138770  41.022  17.117  38.784 0.0000000000
138807  37.467  14.255  35.256 0.0000000000
139316  29.001  15.873  55.244 0.0000000000
139491  47.300  14.358  39.414 0.0000000000
139859  44.181  16.778  50.752 0.0000000000
140175  37.194  21.359  35.238 0.0000000000
141318  46.403  13.565  41.864 0.0000000000
141373  41.118  15.476  50.251 0.0000000000
