#!ascii label  , from subject sub-v1s8x0051341_ses-1 vox2ras=TkReg
995
127195  36.944  30.592  38.569 0.0000000000
103226  44.160  33.676  36.594 0.0000000000
99235  44.631  27.928  45.802 0.0000000000
101325  33.564  30.336  43.359 0.0000000000
99261  37.095  27.653  43.803 0.0000000000
125724  38.316  29.689  33.387 0.0000000000
138918  39.682  36.928  41.597 0.0000000000
139456  43.271  40.158  42.127 0.0000000000
97258  47.824  24.293  47.485 0.0000000000
96693  44.478  22.981  41.666 0.0000000000
99997  43.197  28.230  35.092 0.0000000000
137412  41.664  29.577  41.706 0.0000000000
133746  47.133  31.151  40.459 0.0000000000
101962  46.987  32.213  47.478 0.0000000000
105722  37.066  38.840  41.015 0.0000000000
103796  42.378  34.385  35.215 0.0000000000
97913  40.170  25.334  43.963 0.0000000000
101365  34.571  30.670  40.791 0.0000000000
100639  35.852  29.720  43.402 0.0000000000
101333  37.422  30.292  42.084 0.0000000000
134930  36.932  27.279  34.318 0.0000000000
100693  34.501  28.453  37.562 0.0000000000
130097  40.323  39.457  45.804 0.0000000000
139258  45.556  23.514  48.560 0.0000000000
95195  46.656  22.075  44.928 0.0000000000
95863  43.558  22.264  45.590 0.0000000000
106264  38.066  39.599  36.500 0.0000000000
101424  45.200  29.820  35.566 0.0000000000
99965  45.662  28.609  37.804 0.0000000000
116722  44.374  31.210  38.469 0.0000000000
102567  41.336  32.474  44.975 0.0000000000
102578  44.094  33.115  44.633 0.0000000000
101975  43.972  31.565  46.782 0.0000000000
100541  45.782  29.389  49.268 0.0000000000
104754  44.804  37.443  39.282 0.0000000000
105280  43.668  37.726  37.645 0.0000000000
124578  45.457  34.613  35.338 0.0000000000
101445  43.390  30.495  32.686 0.0000000000
100598  43.955  28.880  43.974 0.0000000000
99931  40.593  28.128  44.547 0.0000000000
98575  42.253  26.393  45.455 0.0000000000
97908  35.500  25.679  44.338 0.0000000000
97301  36.302  24.895  43.213 0.0000000000
103833  40.123  33.957  30.877 0.0000000000
102675  37.701  33.134  35.198 0.0000000000
104278  42.454  35.603  39.055 0.0000000000
102645  41.973  32.536  39.272 0.0000000000
108274  41.451  44.566  48.050 0.0000000000
107033  40.511  41.976  44.661 0.0000000000
105719  42.824  38.636  42.251 0.0000000000
98565  47.404  26.417  46.708 0.0000000000
97275  44.309  24.655  45.232 0.0000000000
96665  47.672  23.320  44.200 0.0000000000
95238  47.058  21.020  40.804 0.0000000000
101416  40.110  30.053  36.569 0.0000000000
101375  39.997  30.606  39.394 0.0000000000
100691  42.464  29.494  38.812 0.0000000000
100648  44.696  29.300  41.155 0.0000000000
100611  45.961  29.872  43.053 0.0000000000
102625  45.566  32.199  41.680 0.0000000000
118192  47.207  32.720  43.885 0.0000000000
122841  47.412  30.206  45.981 0.0000000000
99877  47.464  28.832  48.974 0.0000000000
98523  46.621  26.647  50.752 0.0000000000
106240  35.820  39.791  39.839 0.0000000000
105282  38.172  36.994  37.933 0.0000000000
104767  40.072  36.651  38.318 0.0000000000
103798  40.220  34.327  35.130 0.0000000000
102701  41.024  31.875  31.479 0.0000000000
100021  40.005  27.122  32.625 0.0000000000
125016  39.502  29.171  43.432 0.0000000000
98589  38.219  26.512  43.846 0.0000000000
97319  37.772  24.276  41.391 0.0000000000
97305  42.043  23.937  43.300 0.0000000000
123544  36.138  30.543  38.866 0.0000000000
101348  36.729  30.912  41.575 0.0000000000
101362  37.862  31.149  40.461 0.0000000000
120450  36.761  28.878  36.560 0.0000000000
120378  35.224  27.841  36.155 0.0000000000
101393  36.137  29.739  37.923 0.0000000000
101379  34.802  29.730  38.870 0.0000000000
128474  44.925  23.515  49.021 0.0000000000
132347  44.564  23.020  47.226 0.0000000000
95839  43.540  23.144  47.260 0.0000000000
96688  35.416  23.120  42.493 0.0000000000
102059  44.774  31.443  35.990 0.0000000000
102049  45.075  30.489  36.571 0.0000000000
102041  43.731  31.585  37.735 0.0000000000
101989  41.434  31.885  45.695 0.0000000000
101988  42.536  31.938  45.829 0.0000000000
104289  44.885  35.532  37.316 0.0000000000
104778  45.271  36.504  37.112 0.0000000000
135949  45.215  34.271  35.907 0.0000000000
102674  44.990  32.741  34.873 0.0000000000
99929  44.024  28.529  44.709 0.0000000000
139609  42.752  28.170  44.717 0.0000000000
133763  43.283  27.242  45.590 0.0000000000
100601  32.973  29.497  44.691 0.0000000000
100600  33.972  29.400  44.506 0.0000000000
99945  36.523  28.379  43.908 0.0000000000
99256  35.577  27.601  44.448 0.0000000000
99255  36.311  27.564  44.135 0.0000000000
97918  36.118  25.419  43.686 0.0000000000
120320  36.963  26.206  43.536 0.0000000000
102689  39.441  32.460  32.199 0.0000000000
102680  38.513  32.928  33.543 0.0000000000
102076  37.972  31.561  34.704 0.0000000000
100653  32.713  29.369  41.151 0.0000000000
132250  32.149  29.639  42.780 0.0000000000
104262  40.825  35.884  40.094 0.0000000000
103753  40.563  34.481  39.515 0.0000000000
131122  39.332  35.526  40.760 0.0000000000
105708  40.244  38.359  43.670 0.0000000000
105707  41.682  38.735  43.807 0.0000000000
105230  40.738  37.436  41.619 0.0000000000
105239  42.408  37.494  40.936 0.0000000000
97885  47.903  25.643  46.752 0.0000000000
97265  46.995  24.861  45.911 0.0000000000
97271  48.049  23.847  45.724 0.0000000000
117861  46.308  21.216  43.339 0.0000000000
95216  47.579  21.320  42.855 0.0000000000
94509  45.888  20.519  41.275 0.0000000000
100732  41.283  28.830  35.075 0.0000000000
101403  41.346  30.047  37.473 0.0000000000
100718  42.594  29.096  36.742 0.0000000000
100675  46.537  29.507  39.204 0.0000000000
99959  45.361  28.632  38.861 0.0000000000
100647  46.230  29.453  40.964 0.0000000000
100631  45.302  29.419  41.763 0.0000000000
101331  47.381  30.907  41.731 0.0000000000
102638  41.529  32.517  40.674 0.0000000000
102027  43.552  31.897  40.220 0.0000000000
129504  43.492  32.246  41.769 0.0000000000
102556  45.958  33.381  46.097 0.0000000000
102576  46.025  33.438  44.310 0.0000000000
101986  47.087  32.807  45.937 0.0000000000
101312  47.428  31.204  44.776 0.0000000000
101293  47.482  31.140  46.410 0.0000000000
116661  47.554  29.284  46.866 0.0000000000
118213  47.228  30.857  48.478 0.0000000000
132967  45.365  28.356  49.616 0.0000000000
99199  46.333  27.920  50.151 0.0000000000
106224  36.138  39.227  40.949 0.0000000000
105764  36.991  38.528  38.803 0.0000000000
105255  37.928  37.608  39.255 0.0000000000
106645  42.130  40.708  43.736 0.0000000000
106657  39.971  40.171  43.009 0.0000000000
106221  41.240  39.678  41.732 0.0000000000
104795  43.297  36.503  36.559 0.0000000000
105281  42.452  37.343  37.742 0.0000000000
134000  42.101  36.134  36.918 0.0000000000
104302  40.377  35.253  36.616 0.0000000000
103797  41.150  34.132  35.300 0.0000000000
102679  40.752  33.189  33.420 0.0000000000
103269  41.475  32.802  33.535 0.0000000000
100749  43.180  28.326  32.926 0.0000000000
100756  41.940  28.322  31.597 0.0000000000
100009  41.547  27.599  33.433 0.0000000000
100744  39.657  27.632  33.990 0.0000000000
100666  40.958  29.928  40.986 0.0000000000
100650  40.023  30.134  41.779 0.0000000000
100633  41.002  29.535  42.614 0.0000000000
98581  39.941  26.571  44.623 0.0000000000
99253  39.373  27.192  44.479 0.0000000000
97914  39.426  25.564  43.765 0.0000000000
97923  38.275  25.314  42.783 0.0000000000
97922  39.103  25.207  42.935 0.0000000000
97296  44.536  23.924  43.856 0.0000000000
97297  43.416  24.047  43.906 0.0000000000
96684  43.504  23.438  42.339 0.0000000000
101350  34.340  30.794  41.678 0.0000000000
101323  34.979  30.375  43.162 0.0000000000
121112  35.097  31.010  42.364 0.0000000000
100638  36.561  29.740  42.978 0.0000000000
126714  37.080  29.275  43.200 0.0000000000
100024  37.636  27.574  33.665 0.0000000000
100667  33.779  29.674  39.956 0.0000000000
116805  46.629  23.731  48.502 0.0000000000
95848  47.421  22.856  46.355 0.0000000000
95849  46.307  22.576  46.458 0.0000000000
95196  45.524  21.877  44.882 0.0000000000
100742  44.739  28.559  34.713 0.0000000000
99985  44.453  28.151  36.230 0.0000000000
100716  45.467  28.580  36.597 0.0000000000
101387  45.863  29.868  37.962 0.0000000000
102033  46.428  30.541  39.434 0.0000000000
102594  41.956  32.633  43.782 0.0000000000
117360  42.777  32.535  43.327 0.0000000000
121907  43.153  32.798  44.899 0.0000000000
102565  44.360  32.995  45.443 0.0000000000
101964  45.073  31.859  47.454 0.0000000000
101272  46.752  31.013  48.694 0.0000000000
101284  44.613  31.073  48.230 0.0000000000
100554  44.288  30.012  49.164 0.0000000000
99870  42.798  28.413  49.305 0.0000000000
106649  37.039  40.412  43.340 0.0000000000
105729  44.621  38.876  40.724 0.0000000000
105730  43.775  39.355  40.591 0.0000000000
105266  45.118  38.113  38.361 0.0000000000
105289  45.003  37.006  37.042 0.0000000000
103813  44.286  34.250  34.439 0.0000000000
127549  43.266  32.584  33.292 0.0000000000
102678  44.759  32.779  34.213 0.0000000000
102074  44.549  30.662  34.466 0.0000000000
117739  43.361  29.269  42.575 0.0000000000
100615  41.435  29.138  43.459 0.0000000000
119742  42.200  28.340  44.458 0.0000000000
99244  41.646  27.065  45.164 0.0000000000
97904  41.206  25.728  45.039 0.0000000000
95920  45.276  22.168  39.035 0.0000000000
96703  43.214  22.766  40.476 0.0000000000
97899  34.260  25.486  45.242 0.0000000000
99934  35.249  28.381  44.466 0.0000000000
98586  34.593  26.916  45.019 0.0000000000
122967  34.782  25.300  44.758 0.0000000000
97289  35.072  24.707  44.371 0.0000000000
96677  35.850  24.219  43.232 0.0000000000
96687  36.141  23.538  42.161 0.0000000000
123176  39.836  35.085  31.638 0.0000000000
103818  38.262  34.392  33.635 0.0000000000
103771  42.739  34.231  37.742 0.0000000000
126056  42.672  32.851  37.650 0.0000000000
103220  41.623  33.637  38.564 0.0000000000
102639  40.841  32.908  40.036 0.0000000000
102629  40.714  32.753  41.105 0.0000000000
102612  40.738  32.592  42.911 0.0000000000
120479  40.437  32.643  43.792 0.0000000000
107877  41.868  43.352  46.363 0.0000000000
107448  42.221  41.973  45.408 0.0000000000
106644  42.930  40.325  43.707 0.0000000000
125314  43.357  39.286  42.631 0.0000000000
105238  43.684  37.940  40.915 0.0000000000
104765  43.846  36.565  39.181 0.0000000000
98566  45.500  26.956  46.445 0.0000000000
98567  44.494  26.632  46.247 0.0000000000
141214  45.133  25.408  46.064 0.0000000000
97284  46.247  24.164  44.516 0.0000000000
96683  46.199  23.171  42.454 0.0000000000
95870  47.715  22.439  44.158 0.0000000000
95887  47.659  21.815  42.400 0.0000000000
95898  46.651  22.043  41.145 0.0000000000
101406  38.559  30.167  37.158 0.0000000000
124428  38.564  30.915  38.865 0.0000000000
101390  40.054  30.644  38.295 0.0000000000
101373  41.476  30.049  39.092 0.0000000000
129680  42.751  29.441  40.093 0.0000000000
100690  44.153  28.591  38.149 0.0000000000
100663  43.711  29.201  40.026 0.0000000000
118816  43.653  29.336  40.865 0.0000000000
100632  44.318  29.353  42.118 0.0000000000
100612  44.918  29.360  43.503 0.0000000000
100597  44.915  29.040  44.476 0.0000000000
102042  43.296  31.839  38.592 0.0000000000
102026  44.809  31.506  40.158 0.0000000000
102020  47.017  31.860  40.819 0.0000000000
132989  44.779  32.741  43.381 0.0000000000
102607  46.421  32.596  42.257 0.0000000000
102013  47.377  31.957  42.042 0.0000000000
117875  47.443  31.638  43.828 0.0000000000
100596  47.080  30.173  44.746 0.0000000000
100581  46.111  29.166  45.578 0.0000000000
99233  46.691  27.961  46.498 0.0000000000
135794  47.668  27.485  47.089 0.0000000000
98548  47.495  26.647  48.593 0.0000000000
126942  47.160  29.556  49.183 0.0000000000
99197  47.283  28.083  49.738 0.0000000000
97244  47.211  25.148  49.152 0.0000000000
97246  46.127  24.466  50.463 0.0000000000
106245  36.695  39.853  38.399 0.0000000000
105291  37.854  38.056  36.896 0.0000000000
123332  38.410  36.957  36.538 0.0000000000
105732  41.531  38.843  40.249 0.0000000000
105254  38.947  37.605  39.522 0.0000000000
104768  39.018  36.551  38.052 0.0000000000
104783  39.090  35.972  37.105 0.0000000000
104318  39.433  35.409  35.382 0.0000000000
103816  40.103  34.343  33.774 0.0000000000
103285  40.366  33.457  30.961 0.0000000000
129961  39.639  31.049  31.915 0.0000000000
102089  42.122  31.324  32.065 0.0000000000
100763  40.617  29.297  30.981 0.0000000000
100750  38.924  28.818  32.488 0.0000000000
99999  38.420  27.345  33.884 0.0000000000
116685  38.594  28.611  35.393 0.0000000000
101361  38.779  30.832  40.341 0.0000000000
100636  38.137  29.781  42.582 0.0000000000
126531  38.119  28.446  43.783 0.0000000000
99942  39.965  28.695  44.120 0.0000000000
99254  38.778  27.822  44.259 0.0000000000
99260  37.951  27.458  43.935 0.0000000000
97916  37.671  25.860  43.398 0.0000000000
116811  37.275  24.633  42.195 0.0000000000
97897  43.048  25.706  45.672 0.0000000000
97288  41.839  24.907  44.805 0.0000000000
97300  40.649  24.645  43.443 0.0000000000
118794  41.942  23.419  41.144 0.0000000000
97316  40.201  24.294  41.538 0.0000000000
95864  42.000  22.271  45.484 0.0000000000
121457  42.003  21.530  43.918 0.0000000000
101378  37.058  31.151  39.532 0.0000000000
139878  37.497  30.957  39.027 0.0000000000
101407  37.009  30.011  37.503 0.0000000000
100707  36.057  28.822  36.844 0.0000000000
132406  44.139  23.438  48.075 0.0000000000
102668  44.317  32.123  36.237 0.0000000000
102050  44.241  31.361  36.824 0.0000000000
133619  43.461  32.461  36.949 0.0000000000
103770  43.954  34.439  37.236 0.0000000000
103769  45.076  34.905  36.617 0.0000000000
103233  44.517  33.009  36.026 0.0000000000
99913  44.613  28.501  45.234 0.0000000000
99914  43.811  27.956  45.359 0.0000000000
136578  44.032  27.320  45.951 0.0000000000
100622  33.301  30.021  43.925 0.0000000000
99936  33.699  28.938  44.994 0.0000000000
98591  36.688  26.811  43.872 0.0000000000
101442  38.760  30.796  33.341 0.0000000000
102084  38.752  32.022  33.253 0.0000000000
102075  38.361  31.256  34.043 0.0000000000
101337  33.453  30.372  42.695 0.0000000000
100640  32.564  29.695  42.161 0.0000000000
128989  32.844  30.100  43.079 0.0000000000
116758  32.298  29.792  43.626 0.0000000000
104735  40.340  36.735  41.127 0.0000000000
104263  40.042  35.506  40.319 0.0000000000
104736  39.741  36.167  40.905 0.0000000000
105716  39.996  37.951  42.833 0.0000000000
105216  40.327  37.708  42.255 0.0000000000
105240  41.191  37.085  40.980 0.0000000000
97879  47.796  25.216  47.397 0.0000000000
97264  47.927  24.679  46.211 0.0000000000
97263  48.133  24.066  46.519 0.0000000000
94487  45.747  20.825  42.638 0.0000000000
99998  42.266  28.218  34.401 0.0000000000
100731  42.154  28.942  35.712 0.0000000000
99986  43.368  28.459  35.965 0.0000000000
100660  47.006  29.959  39.639 0.0000000000
100661  46.585  29.450  39.915 0.0000000000
100646  47.172  30.226  40.313 0.0000000000
100629  47.147  30.178  41.137 0.0000000000
101343  47.297  30.852  40.879 0.0000000000
102628  41.597  32.453  41.731 0.0000000000
102627  42.460  32.343  41.284 0.0000000000
102610  42.610  32.390  42.311 0.0000000000
101973  46.622  32.920  46.761 0.0000000000
134366  46.458  33.257  45.893 0.0000000000
101972  47.208  32.139  46.699 0.0000000000
101281  47.330  31.318  47.503 0.0000000000
101282  46.856  31.634  48.178 0.0000000000
117304  44.670  27.574  49.711 0.0000000000
106212  36.141  39.539  41.889 0.0000000000
105736  36.730  38.734  40.258 0.0000000000
105752  37.305  38.240  39.612 0.0000000000
105735  37.589  38.465  40.466 0.0000000000
106655  42.651  40.459  43.175 0.0000000000
106656  41.447  40.371  43.121 0.0000000000
106207  42.367  40.248  42.449 0.0000000000
104316  43.032  35.170  35.641 0.0000000000
121223  42.528  35.638  36.281 0.0000000000
104317  41.811  34.804  35.926 0.0000000000
103252  41.845  33.521  34.427 0.0000000000
103268  42.668  33.020  33.668 0.0000000000
100019  43.513  27.817  33.711 0.0000000000
132936  42.790  27.718  33.126 0.0000000000
100665  42.042  29.619  40.639 0.0000000000
118687  40.698  29.825  41.839 0.0000000000
97905  40.444  25.899  44.630 0.0000000000
97906  39.808  25.959  44.315 0.0000000000
97921  39.883  24.972  43.132 0.0000000000
129715  44.848  23.322  42.409 0.0000000000
96675  44.055  23.688  43.135 0.0000000000
136121  35.119  31.207  41.570 0.0000000000
101334  36.646  30.324  42.337 0.0000000000
100637  37.258  29.726  42.703 0.0000000000
100013  37.212  27.314  33.991 0.0000000000
100745  36.978  27.834  33.860 0.0000000000
100014  36.494  27.380  34.481 0.0000000000
100708  34.548  27.926  36.688 0.0000000000
99976  34.764  27.693  35.771 0.0000000000
101380  34.883  30.384  39.751 0.0000000000
101366  33.613  30.057  40.939 0.0000000000
95837  46.726  23.040  47.171 0.0000000000
96642  46.122  23.341  48.065 0.0000000000
95851  43.859  22.620  46.387 0.0000000000
95850  45.106  22.517  46.441 0.0000000000
95862  44.585  22.168  45.513 0.0000000000
131559  44.632  21.732  44.767 0.0000000000
95197  43.789  21.830  44.951 0.0000000000
121678  37.310  40.173  37.621 0.0000000000
106676  37.981  40.850  37.065 0.0000000000
101432  44.933  29.642  34.965 0.0000000000
100730  45.245  28.713  35.548 0.0000000000
102040  44.893  30.626  37.535 0.0000000000
101402  45.612  29.783  37.171 0.0000000000
101372  46.395  29.977  38.665 0.0000000000
102034  45.596  30.446  38.511 0.0000000000
102580  41.255  32.651  44.210 0.0000000000
117735  42.968  32.709  44.201 0.0000000000
102579  42.124  32.591  44.536 0.0000000000
101987  43.621  32.108  46.014 0.0000000000
101974  44.687  32.421  46.409 0.0000000000
139219  44.107  31.199  47.503 0.0000000000
101274  44.006  30.432  48.672 0.0000000000
100555  43.399  29.835  48.940 0.0000000000
100543  43.653  29.230  49.242 0.0000000000
100544  42.780  29.266  49.081 0.0000000000
105745  44.857  38.429  40.006 0.0000000000
105746  44.702  38.719  39.979 0.0000000000
104753  45.229  37.641  38.655 0.0000000000
104299  45.721  35.355  36.062 0.0000000000
104793  45.412  36.297  36.211 0.0000000000
104804  45.474  35.902  35.608 0.0000000000
104315  44.897  36.134  35.515 0.0000000000
126050  45.015  35.273  35.058 0.0000000000
103250  44.677  33.565  34.225 0.0000000000
103249  45.195  33.648  34.742 0.0000000000
102068  44.849  30.734  35.156 0.0000000000
124997  44.713  31.800  34.635 0.0000000000
101433  44.459  29.541  34.352 0.0000000000
100614  43.196  29.016  43.469 0.0000000000
99940  42.277  28.859  43.864 0.0000000000
134395  43.031  28.610  44.271 0.0000000000
99243  42.528  27.151  45.351 0.0000000000
99251  42.259  27.718  44.888 0.0000000000
98576  41.553  26.278  45.259 0.0000000000
97900  33.663  25.725  45.739 0.0000000000
98577  34.102  26.306  45.424 0.0000000000
100620  35.183  29.620  43.748 0.0000000000
100599  34.865  29.166  44.306 0.0000000000
137172  35.173  26.473  44.635 0.0000000000
98585  35.205  27.072  44.629 0.0000000000
97909  34.741  26.021  44.908 0.0000000000
97302  35.683  24.833  43.771 0.0000000000
141468  35.886  23.720  42.769 0.0000000000
97311  36.472  24.275  42.592 0.0000000000
121052  40.150  34.796  32.032 0.0000000000
103826  40.053  34.518  31.324 0.0000000000
103253  38.190  33.471  34.282 0.0000000000
103817  38.538  33.782  33.159 0.0000000000
103240  37.768  33.894  34.791 0.0000000000
103241  37.260  33.835  35.697 0.0000000000
118273  42.686  34.914  38.385 0.0000000000
103762  41.898  34.145  38.314 0.0000000000
104279  41.813  34.704  38.755 0.0000000000
103213  40.594  33.702  39.585 0.0000000000
102630  39.958  32.743  42.159 0.0000000000
108285  41.626  44.267  46.891 0.0000000000
108277  41.862  44.157  47.540 0.0000000000
107445  42.305  42.352  46.117 0.0000000000
107030  42.419  41.604  45.736 0.0000000000
106640  42.363  41.309  44.908 0.0000000000
105714  42.502  38.924  43.085 0.0000000000
105706  43.332  39.815  43.312 0.0000000000
105718  43.818  38.946  42.085 0.0000000000
105228  43.224  38.309  41.542 0.0000000000
104756  42.655  36.507  39.682 0.0000000000
122055  43.788  35.898  38.494 0.0000000000
136882  46.616  27.077  46.577 0.0000000000
124992  45.218  26.017  46.329 0.0000000000
125462  46.322  26.211  46.510 0.0000000000
97283  47.360  23.980  44.626 0.0000000000
97273  46.635  24.474  45.239 0.0000000000
96666  46.979  23.694  43.917 0.0000000000
97295  45.786  23.857  43.832 0.0000000000
96673  46.589  23.443  43.191 0.0000000000
119281  47.040  22.394  45.675 0.0000000000
95860  47.891  22.779  45.508 0.0000000000
95871  47.629  22.339  44.911 0.0000000000
95226  47.620  21.124  42.148 0.0000000000
95225  47.773  21.612  42.891 0.0000000000
95897  47.346  21.364  41.524 0.0000000000
95888  47.085  22.458  41.877 0.0000000000
95907  46.912  21.288  40.760 0.0000000000
95908  46.278  21.686  40.365 0.0000000000
95239  46.611  21.067  39.986 0.0000000000
101417  39.110  29.674  36.384 0.0000000000
101405  39.579  30.386  37.272 0.0000000000
100705  42.065  29.561  37.385 0.0000000000
101388  41.886  29.816  38.140 0.0000000000
100678  42.168  29.667  39.705 0.0000000000
120900  45.119  28.179  36.751 0.0000000000
100703  44.269  28.390  37.234 0.0000000000
99974  45.123  28.283  37.670 0.0000000000
100662  45.533  29.104  40.254 0.0000000000
117213  44.943  28.864  39.678 0.0000000000
117681  44.500  29.158  40.404 0.0000000000
117682  43.527  29.363  41.692 0.0000000000
127164  45.111  29.465  42.557 0.0000000000
117579  45.818  29.768  43.979 0.0000000000
102654  42.419  32.518  38.451 0.0000000000
102028  42.847  32.050  39.371 0.0000000000
102021  44.427  31.913  41.120 0.0000000000
129460  46.010  31.683  40.793 0.0000000000
102593  43.880  32.826  43.829 0.0000000000
102592  45.020  33.107  44.153 0.0000000000
102575  46.742  33.266  44.501 0.0000000000
102591  45.940  33.004  43.305 0.0000000000
124423  46.829  33.067  43.458 0.0000000000
102606  47.066  32.611  42.508 0.0000000000
102006  47.314  32.353  43.017 0.0000000000
101321  47.419  31.338  42.749 0.0000000000
100579  47.425  30.679  45.486 0.0000000000
100580  46.997  29.741  45.364 0.0000000000
99899  46.251  28.669  46.088 0.0000000000
100571  47.134  29.373  46.046 0.0000000000
129643  47.577  29.099  47.838 0.0000000000
99897  47.567  28.263  46.928 0.0000000000
99884  47.582  28.060  47.864 0.0000000000
99220  47.614  27.113  47.707 0.0000000000
99211  47.496  27.665  48.839 0.0000000000
100553  46.068  30.340  48.898 0.0000000000
100552  47.036  30.335  49.026 0.0000000000
100540  46.782  29.587  49.305 0.0000000000
140250  46.716  27.476  50.431 0.0000000000
123142  46.965  28.141  50.109 0.0000000000
99198  47.046  27.382  50.289 0.0000000000
97866  47.300  26.117  49.483 0.0000000000
97867  46.918  25.566  50.184 0.0000000000
97245  46.639  24.769  49.781 0.0000000000
106666  35.150  40.483  40.762 0.0000000000
107055  34.774  41.249  41.154 0.0000000000
107058  35.616  40.984  40.090 0.0000000000
106239  36.252  39.653  39.200 0.0000000000
127804  37.350  38.146  38.224 0.0000000000
105774  37.512  38.494  37.450 0.0000000000
105283  37.716  37.682  37.689 0.0000000000
105290  38.109  37.303  37.084 0.0000000000
105763  43.440  38.423  39.123 0.0000000000
105731  42.747  38.835  39.915 0.0000000000
105748  42.134  38.256  39.140 0.0000000000
104766  41.357  37.141  38.181 0.0000000000
105252  41.080  37.993  39.246 0.0000000000
105269  40.580  37.395  38.801 0.0000000000
105270  39.464  37.073  38.858 0.0000000000
104303  39.538  35.444  36.447 0.0000000000
104304  39.048  35.834  36.181 0.0000000000
103799  39.759  34.791  34.761 0.0000000000
102688  40.697  32.658  32.346 0.0000000000
103270  40.331  33.361  32.092 0.0000000000
102702  40.080  32.679  31.172 0.0000000000
102092  39.910  31.930  31.274 0.0000000000
102091  40.470  31.604  30.929 0.0000000000
102088  43.123  31.190  32.476 0.0000000000
102082  43.194  31.918  32.822 0.0000000000
100028  41.359  27.441  32.139 0.0000000000
100762  41.441  29.135  31.122 0.0000000000
100036  40.021  28.335  31.470 0.0000000000
100757  39.392  28.579  31.954 0.0000000000
100030  39.537  27.565  32.114 0.0000000000
100023  38.457  27.411  33.375 0.0000000000
100011  39.289  27.117  33.268 0.0000000000
100733  40.255  28.737  34.972 0.0000000000
100734  39.122  28.213  34.781 0.0000000000
100721  39.692  29.295  35.685 0.0000000000
100722  38.050  29.053  36.055 0.0000000000
101376  39.076  30.866  39.531 0.0000000000
101360  39.615  30.609  40.261 0.0000000000
100651  39.444  29.999  42.127 0.0000000000
100652  38.769  30.119  42.030 0.0000000000
100635  39.066  29.632  42.683 0.0000000000
100617  38.598  29.178  43.355 0.0000000000
99941  41.442  28.583  44.250 0.0000000000
126252  40.746  28.796  44.054 0.0000000000
99932  39.632  28.009  44.484 0.0000000000
98583  38.674  27.063  44.191 0.0000000000
98590  37.407  26.718  43.707 0.0000000000
97310  38.050  24.930  42.002 0.0000000000
97924  37.496  25.237  42.719 0.0000000000
97320  36.870  23.961  41.782 0.0000000000
97888  44.233  25.718  46.050 0.0000000000
130587  43.874  25.156  45.659 0.0000000000
96676  42.931  23.799  43.203 0.0000000000
97287  42.862  24.559  44.679 0.0000000000
97299  41.485  24.417  43.813 0.0000000000
97306  41.275  23.969  42.829 0.0000000000
96715  41.977  22.932  39.763 0.0000000000
96704  42.340  23.041  40.475 0.0000000000
118707  36.008  30.991  39.794 0.0000000000
101364  35.691  31.226  40.845 0.0000000000
101363  36.840  31.295  40.612 0.0000000000
101347  37.612  30.797  41.353 0.0000000000
100723  36.993  28.220  35.758 0.0000000000
99987  36.242  27.215  34.798 0.0000000000
100724  36.021  27.805  35.755 0.0000000000
100692  35.265  28.626  37.257 0.0000000000
100679  34.455  29.033  38.279 0.0000000000
101394  35.254  29.515  38.286 0.0000000000
140100  35.427  30.341  39.127 0.0000000000
136797  45.171  23.382  48.003 0.0000000000
102058  45.051  30.596  35.811 0.0000000000
102566  42.255  32.408  45.215 0.0000000000
101294  43.281  30.928  47.154 0.0000000000
104277  44.977  36.168  37.994 0.0000000000
104763  45.513  36.916  37.983 0.0000000000
104276  45.260  36.290  37.434 0.0000000000
131984  45.443  35.827  36.780 0.0000000000
103239  45.137  33.525  35.301 0.0000000000
125409  44.751  32.425  35.517 0.0000000000
139748  43.591  28.569  44.444 0.0000000000
120347  43.352  28.275  44.796 0.0000000000
99915  42.982  27.763  45.124 0.0000000000
98574  42.910  26.595  45.649 0.0000000000
99946  35.799  28.998  44.066 0.0000000000
99933  35.918  28.201  44.250 0.0000000000
98584  35.860  26.739  44.320 0.0000000000
97907  36.356  26.053  43.871 0.0000000000
97917  36.807  25.562  43.267 0.0000000000
102704  39.540  33.115  31.825 0.0000000000
103271  38.989  33.625  32.371 0.0000000000
102690  38.994  32.948  32.575 0.0000000000
120978  38.374  32.094  34.133 0.0000000000
102681  38.113  32.573  34.637 0.0000000000
100654  31.728  28.724  41.298 0.0000000000
104270  41.506  35.794  39.638 0.0000000000
103752  41.255  34.977  39.199 0.0000000000
104271  40.639  35.234  39.731 0.0000000000
103754  40.110  34.831  39.976 0.0000000000
105702  39.886  38.582  44.695 0.0000000000
105701  41.076  38.775  44.532 0.0000000000
105715  40.995  38.366  42.898 0.0000000000
105215  41.481  38.236  42.222 0.0000000000
104744  41.664  36.614  40.278 0.0000000000
97886  47.270  25.517  46.441 0.0000000000
97272  47.682  24.251  45.400 0.0000000000
97282  47.939  23.598  44.923 0.0000000000
95207  46.357  21.686  44.203 0.0000000000
133003  47.134  21.598  43.603 0.0000000000
95227  47.164  20.911  42.338 0.0000000000
94508  46.821  20.669  41.207 0.0000000000
100720  40.854  29.512  35.940 0.0000000000
101415  40.894  30.044  36.827 0.0000000000
100719  41.636  29.601  36.701 0.0000000000
100704  43.019  29.109  37.757 0.0000000000
100688  46.044  28.942  38.508 0.0000000000
99966  45.511  28.471  38.215 0.0000000000
117568  45.979  28.908  39.397 0.0000000000
100630  46.380  29.820  41.998 0.0000000000
138184  46.967  30.366  42.615 0.0000000000
116987  42.391  32.286  40.218 0.0000000000
102637  43.245  32.165  40.945 0.0000000000
102626  44.473  32.219  42.009 0.0000000000
102564  45.440  33.418  45.539 0.0000000000
102577  45.191  33.509  44.946 0.0000000000
102563  46.090  33.618  45.272 0.0000000000
102562  46.752  33.239  45.310 0.0000000000
101994  47.297  32.519  44.850 0.0000000000
101985  47.436  31.819  45.728 0.0000000000
100570  47.549  30.272  46.755 0.0000000000
100564  47.508  30.168  47.735 0.0000000000
100551  47.364  29.896  48.669 0.0000000000
99868  46.518  28.724  49.660 0.0000000000
99190  46.186  27.193  50.645 0.0000000000
128533  34.843  40.307  42.206 0.0000000000
106225  35.277  39.860  41.466 0.0000000000
106234  36.078  39.229  40.018 0.0000000000
105765  36.634  39.170  38.729 0.0000000000
105753  36.591  38.843  39.430 0.0000000000
137203  37.421  37.925  38.902 0.0000000000
105272  37.784  37.498  38.485 0.0000000000
139767  40.830  41.388  44.294 0.0000000000
107040  39.804  41.301  44.134 0.0000000000
106646  40.699  40.786  43.723 0.0000000000
106208  40.718  39.862  42.397 0.0000000000
105268  42.709  37.866  38.388 0.0000000000
104780  42.872  36.992  37.204 0.0000000000
104781  41.709  36.624  37.517 0.0000000000
104782  40.619  36.333  37.724 0.0000000000
104290  41.012  35.828  37.178 0.0000000000
103783  40.707  34.670  36.005 0.0000000000
103815  40.570  33.771  34.268 0.0000000000
132289  42.109  32.188  32.836 0.0000000000
100754  43.496  29.469  33.098 0.0000000000
100755  43.001  29.531  32.290 0.0000000000
100027  42.362  27.834  32.438 0.0000000000
132130  40.978  27.125  32.812 0.0000000000
100010  40.361  27.312  33.346 0.0000000000
100743  40.894  28.149  34.166 0.0000000000
101359  40.471  30.370  40.249 0.0000000000
101344  40.040  30.359  41.048 0.0000000000
141029  40.453  30.087  41.427 0.0000000000
100634  40.016  29.667  42.572 0.0000000000
118965  40.915  27.388  44.860 0.0000000000
99252  40.178  27.325  44.738 0.0000000000
98582  39.128  26.357  44.202 0.0000000000
97915  38.617  25.762  43.566 0.0000000000
97309  38.848  24.909  42.095 0.0000000000
97286  43.875  24.350  44.588 0.0000000000
96685  42.301  23.644  42.573 0.0000000000
101336  34.219  30.778  42.540 0.0000000000
101324  34.112  30.537  43.190 0.0000000000
101335  35.870  30.394  42.722 0.0000000000
101349  35.897  31.031  41.949 0.0000000000
100619  36.544  29.131  43.552 0.0000000000
99944  37.247  28.605  43.594 0.0000000000
101434  37.697  29.043  33.712 0.0000000000
123512  37.823  30.432  34.343 0.0000000000
100746  36.440  28.136  34.248 0.0000000000
99975  35.337  27.278  35.148 0.0000000000
100680  33.926  29.172  38.864 0.0000000000
100681  32.962  28.497  39.278 0.0000000000
101351  33.492  30.238  41.854 0.0000000000
105689  39.506  38.877  45.600 0.0000000000
105210  39.279  37.766  43.091 0.0000000000
96641  47.302  23.782  47.907 0.0000000000
96649  47.679  23.496  47.053 0.0000000000
95838  45.675  22.921  47.245 0.0000000000
95861  45.840  22.242  45.655 0.0000000000
95208  45.244  21.447  44.184 0.0000000000
95217  44.701  21.023  43.446 0.0000000000
99995  44.286  27.920  34.478 0.0000000000
99996  44.328  27.939  35.198 0.0000000000
132814  44.901  27.972  35.105 0.0000000000
99984  45.126  27.965  35.823 0.0000000000
100702  45.722  28.790  37.400 0.0000000000
101414  45.481  29.547  36.314 0.0000000000
101413  45.731  29.169  37.047 0.0000000000
100701  45.907  28.989  37.935 0.0000000000
101386  46.131  29.453  38.260 0.0000000000
101371  46.775  30.027  39.240 0.0000000000
101357  46.969  30.522  39.886 0.0000000000
102611  41.592  32.560  42.819 0.0000000000
125650  43.176  32.487  45.421 0.0000000000
139857  45.288  33.080  46.025 0.0000000000
120757  45.708  32.772  46.765 0.0000000000
101963  46.266  32.214  47.575 0.0000000000
101283  45.871  31.345  48.386 0.0000000000
101273  44.980  30.640  48.896 0.0000000000
127895  45.131  30.005  49.132 0.0000000000
100542  44.694  29.247  49.326 0.0000000000
99869  44.031  28.197  49.464 0.0000000000
141127  43.985  27.204  49.644 0.0000000000
106211  37.135  39.511  42.178 0.0000000000
106218  44.347  39.244  41.093 0.0000000000
106219  43.599  39.645  41.496 0.0000000000
106230  44.466  39.134  40.463 0.0000000000
105762  44.554  38.421  39.169 0.0000000000
105267  44.326  38.200  38.279 0.0000000000
105278  45.320  37.428  37.842 0.0000000000
104779  44.154  37.206  37.056 0.0000000000
104794  44.502  36.600  36.320 0.0000000000
128253  44.158  35.563  35.314 0.0000000000
103795  43.699  34.832  34.973 0.0000000000
103251  43.351  33.635  34.155 0.0000000000
140663  44.138  33.689  34.076 0.0000000000
102687  44.091  32.425  33.490 0.0000000000
102081  43.750  31.421  33.117 0.0000000000
102080  44.407  31.656  33.868 0.0000000000
101440  43.959  30.319  33.678 0.0000000000
100748  44.043  28.622  33.833 0.0000000000
119366  42.574  29.396  42.137 0.0000000000
137715  41.813  29.399  42.586 0.0000000000
116801  42.443  29.223  43.027 0.0000000000
99930  41.497  27.877  44.710 0.0000000000
98580  40.804  26.613  44.990 0.0000000000
95909  45.276  22.277  40.073 0.0000000000
95900  44.070  22.748  40.861 0.0000000000
95910  44.065  22.560  39.923 0.0000000000
121501  33.774  24.972  45.529 0.0000000000
100621  34.307  29.944  43.776 0.0000000000
99935  34.406  28.546  44.824 0.0000000000
99257  34.860  27.697  44.745 0.0000000000
97290  34.328  24.605  44.937 0.0000000000
96667  34.635  23.851  44.340 0.0000000000
116895  35.285  24.064  43.800 0.0000000000
134370  35.401  23.564  43.196 0.0000000000
103827  39.306  34.423  32.075 0.0000000000
103828  38.915  35.192  32.403 0.0000000000
102069  37.313  30.700  35.014 0.0000000000
123109  37.501  32.009  35.420 0.0000000000
103227  42.983  33.464  37.264 0.0000000000
103219  42.165  33.450  37.983 0.0000000000
102655  41.771  33.034  38.607 0.0000000000
103763  41.143  34.113  38.888 0.0000000000
102646  41.294  33.207  39.211 0.0000000000
132782  41.536  32.604  39.852 0.0000000000
140180  41.062  32.569  42.640 0.0000000000
102595  41.197  32.643  43.530 0.0000000000
107449  41.517  42.563  45.386 0.0000000000
107875  42.027  43.666  47.307 0.0000000000
121105  41.607  41.787  44.782 0.0000000000
138750  41.745  41.207  44.220 0.0000000000
136630  42.421  40.816  44.250 0.0000000000
106206  43.252  40.222  42.848 0.0000000000
106192  41.715  39.310  44.960 0.0000000000
106190  43.038  39.986  44.167 0.0000000000
105713  43.594  39.599  42.319 0.0000000000
105712  44.199  39.186  41.681 0.0000000000
105237  44.490  38.340  40.574 0.0000000000
105250  44.720  37.895  39.961 0.0000000000
104743  43.009  37.251  40.291 0.0000000000
104755  43.935  37.178  39.834 0.0000000000
104764  45.011  36.832  38.622 0.0000000000
103761  43.804  35.205  37.819 0.0000000000
138457  44.779  27.356  46.177 0.0000000000
97896  44.720  25.027  45.743 0.0000000000
97887  46.075  25.464  46.217 0.0000000000
97895  45.778  24.945  45.801 0.0000000000
97285  44.995  24.222  44.547 0.0000000000
96674  45.304  23.593  43.134 0.0000000000
95889  45.785  22.796  41.731 0.0000000000
130957  48.069  23.379  46.040 0.0000000000
96657  48.109  23.223  45.233 0.0000000000
95205  47.717  21.839  43.459 0.0000000000
95880  47.816  22.293  43.133 0.0000000000
96672  47.506  23.057  43.462 0.0000000000
96682  47.368  22.804  42.670 0.0000000000
95899  45.440  22.511  40.947 0.0000000000
117741  37.891  30.334  37.603 0.0000000000
101392  37.788  30.738  38.451 0.0000000000
101391  38.524  30.699  38.087 0.0000000000
123272  39.239  30.803  38.695 0.0000000000
101404  40.517  30.367  37.455 0.0000000000
101389  41.023  30.354  38.243 0.0000000000
101374  40.802  30.348  39.574 0.0000000000
101358  41.331  30.052  40.060 0.0000000000
100717  43.515  28.596  36.809 0.0000000000
121286  43.372  29.082  38.652 0.0000000000
100689  44.922  28.443  38.399 0.0000000000
100676  44.223  28.838  39.047 0.0000000000
100677  43.081  29.279  39.410 0.0000000000
100664  42.932  29.406  40.594 0.0000000000
100649  42.700  29.442  41.278 0.0000000000
100613  44.126  29.210  43.021 0.0000000000
102653  43.018  32.256  37.903 0.0000000000
102035  43.927  31.576  39.362 0.0000000000
128439  45.186  31.035  39.305 0.0000000000
134356  45.900  31.095  40.022 0.0000000000
102025  46.782  31.177  40.252 0.0000000000
102609  43.853  32.420  42.783 0.0000000000
102608  45.178  32.523  42.576 0.0000000000
134071  46.617  32.228  41.363 0.0000000000
102624  47.117  32.288  41.592 0.0000000000
102019  47.263  31.611  41.152 0.0000000000
135354  46.921  30.408  43.522 0.0000000000
140705  47.177  30.615  44.183 0.0000000000
101322  46.577  30.110  44.266 0.0000000000
122367  46.040  29.603  44.844 0.0000000000
100582  45.335  28.945  45.169 0.0000000000
99900  45.344  28.507  45.686 0.0000000000
99234  45.533  27.876  46.229 0.0000000000
138304  46.020  27.504  46.496 0.0000000000
99232  47.446  27.324  46.799 0.0000000000
98564  47.755  26.693  46.957 0.0000000000
98558  47.708  26.170  47.467 0.0000000000
97872  47.518  25.678  48.361 0.0000000000
99867  47.130  28.872  49.587 0.0000000000
120083  47.516  24.872  48.204 0.0000000000
97250  47.148  24.273  48.677 0.0000000000
96620  46.365  24.137  49.459 0.0000000000
96621  45.826  24.060  50.118 0.0000000000
106253  37.565  39.369  37.190 0.0000000000
106244  37.017  39.061  37.997 0.0000000000
105782  37.852  38.816  36.720 0.0000000000
139477  38.129  38.435  36.440 0.0000000000
105781  38.419  37.841  36.104 0.0000000000
105297  38.709  36.864  35.695 0.0000000000
106210  38.165  39.564  42.270 0.0000000000
105721  38.004  38.795  41.136 0.0000000000
106231  42.634  39.459  40.777 0.0000000000
106232  41.422  39.353  40.971 0.0000000000
105734  38.515  38.494  40.682 0.0000000000
105751  38.162  37.965  40.028 0.0000000000
105271  38.488  37.140  38.719 0.0000000000
129900  39.717  36.180  37.733 0.0000000000
104784  38.541  36.644  37.228 0.0000000000
104796  38.744  36.381  36.404 0.0000000000
104319  39.042  36.091  35.449 0.0000000000
141281  39.593  35.174  34.445 0.0000000000
103832  40.354  33.998  30.991 0.0000000000
103297  40.184  33.757  30.781 0.0000000000
102703  39.845  32.997  31.107 0.0000000000
102083  39.323  31.539  32.534 0.0000000000
132490  39.248  30.676  32.670 0.0000000000
102090  41.191  31.239  30.969 0.0000000000
100761  42.218  29.606  31.432 0.0000000000
101452  41.229  30.286  30.836 0.0000000000
102101  40.629  30.975  30.793 0.0000000000
101453  40.445  30.282  30.898 0.0000000000
101448  39.473  29.949  32.106 0.0000000000
101441  38.845  29.766  32.897 0.0000000000
100751  38.359  28.458  33.134 0.0000000000
100012  37.704  27.341  33.796 0.0000000000
100000  37.497  27.275  34.086 0.0000000000
121231  38.122  27.674  34.548 0.0000000000
100735  37.412  27.622  34.830 0.0000000000
100706  37.580  29.521  36.825 0.0000000000
101377  38.122  31.096  39.471 0.0000000000
101346  38.539  30.551  41.227 0.0000000000
140562  39.255  30.501  40.886 0.0000000000
101332  38.106  30.325  41.888 0.0000000000
100618  37.739  29.221  43.253 0.0000000000
138505  37.591  28.059  43.840 0.0000000000
100616  40.421  29.190  43.438 0.0000000000
99943  39.077  28.605  44.027 0.0000000000
133931  36.863  24.985  42.740 0.0000000000
97889  43.610  26.512  45.957 0.0000000000
97276  43.357  24.859  45.287 0.0000000000
97898  42.569  25.122  45.247 0.0000000000
140712  42.026  25.662  45.335 0.0000000000
97912  40.924  25.116  44.335 0.0000000000
137987  43.490  23.152  41.553 0.0000000000
123656  42.613  23.407  41.772 0.0000000000
96686  41.623  23.629  41.937 0.0000000000
96705  41.277  23.431  40.416 0.0000000000
96694  40.997  23.738  41.277 0.0000000000
97315  40.829  23.907  42.037 0.0000000000
97307  40.382  24.416  42.519 0.0000000000
97308  39.633  24.734  42.250 0.0000000000
95852  42.320  22.803  46.662 0.0000000000
95198  42.853  22.023  45.177 0.0000000000
116781  42.039  21.831  44.708 0.0000000000
130320  43.013  21.550  44.340 0.0000000000
94496  47.319  20.824  41.610 0.0000000000
94497  46.501  20.662  41.841 0.0000000000
94518  47.018  20.868  40.857 0.0000000000
95206  47.317  22.021  44.194 0.0000000000
95209  44.147  21.417  44.268 0.0000000000
95234  47.312  20.929  41.453 0.0000000000
95879  47.816  22.108  43.475 0.0000000000
95919  46.202  21.479  39.335 0.0000000000
96629  45.832  23.757  49.142 0.0000000000
96664  47.994  22.991  44.534 0.0000000000
96671  47.711  22.667  43.836 0.0000000000
97274  45.408  24.560  45.216 0.0000000000
97298  42.401  24.246  43.972 0.0000000000
97855  47.065  26.475  50.375 0.0000000000
98536  47.346  27.124  49.718 0.0000000000
99898  47.141  28.699  46.387 0.0000000000
99973  45.467  28.442  37.242 0.0000000000
100001  35.462  27.212  34.816 0.0000000000
100008  43.551  27.840  34.315 0.0000000000
100020  41.960  27.498  32.913 0.0000000000
100022  39.193  27.241  32.751 0.0000000000
100029  40.346  27.397  31.870 0.0000000000
100031  38.916  27.794  32.569 0.0000000000
100035  40.957  28.210  31.386 0.0000000000
100764  39.995  29.570  31.372 0.0000000000
101345  39.340  30.280  41.519 0.0000000000
101401  45.870  29.326  37.664 0.0000000000
101446  42.750  30.533  31.910 0.0000000000
101447  41.928  30.667  31.307 0.0000000000
101454  40.045  30.854  31.081 0.0000000000
102719  40.072  33.510  30.828 0.0000000000
103267  43.905  33.203  33.714 0.0000000000
103286  39.852  33.608  30.894 0.0000000000
103287  39.445  33.511  31.859 0.0000000000
103782  45.612  35.477  35.613 0.0000000000
103784  39.840  34.852  35.835 0.0000000000
103812  45.080  34.296  34.724 0.0000000000
103814  43.095  34.104  34.657 0.0000000000
103825  40.286  33.924  32.504 0.0000000000
103834  39.717  34.012  31.297 0.0000000000
104288  45.629  35.943  36.311 0.0000000000
104291  40.018  35.715  37.244 0.0000000000
104300  43.760  36.026  35.857 0.0000000000
104301  41.387  35.330  36.559 0.0000000000
104314  45.738  35.824  35.956 0.0000000000
104745  40.570  36.322  40.580 0.0000000000
105227  44.267  38.755  41.337 0.0000000000
105229  41.900  37.925  41.558 0.0000000000
105249  45.084  37.995  39.460 0.0000000000
105251  44.077  37.688  40.374 0.0000000000
105253  40.083  37.717  39.382 0.0000000000
105279  44.891  37.835  37.642 0.0000000000
105747  44.152  39.012  39.853 0.0000000000
105750  39.188  38.251  40.261 0.0000000000
105761  44.989  38.195  39.294 0.0000000000
106193  40.671  39.049  45.253 0.0000000000
106220  42.580  39.949  41.602 0.0000000000
106223  37.615  39.179  41.639 0.0000000000
106235  35.636  39.759  40.522 0.0000000000
106670  35.592  40.250  40.114 0.0000000000
106683  37.860  40.101  36.941 0.0000000000
107054  35.247  41.295  40.592 0.0000000000
118029  48.007  22.730  44.866 0.0000000000
119875  46.907  23.447  47.737 0.0000000000
120215  39.176  30.680  37.870 0.0000000000
120959  44.781  31.682  35.302 0.0000000000
121925  48.039  24.748  46.775 0.0000000000
124876  41.584  38.485  39.620 0.0000000000
126755  36.781  39.229  41.534 0.0000000000
126945  41.546  37.730  38.754 0.0000000000
128453  42.706  27.709  33.568 0.0000000000
131103  46.446  29.602  38.758 0.0000000000
131558  43.026  22.847  46.696 0.0000000000
131726  40.672  30.430  38.950 0.0000000000
131808  42.792  22.547  45.976 0.0000000000
135041  40.652  27.130  32.358 0.0000000000
136105  38.199  30.324  33.823 0.0000000000
137214  42.925  23.142  41.050 0.0000000000
137937  42.569  28.689  32.117 0.0000000000
138974  44.471  33.034  33.848 0.0000000000
140001  46.659  32.874  42.897 0.0000000000
140265  44.499  39.041  41.272 0.0000000000
140756  46.730  20.988  40.306 0.0000000000
