#!ascii label  , from subject sub-v1s8x0051341_ses-1 vox2ras=TkReg
993
46995  27.416  -32.450  68.774 0.0000000000
67865  37.213  -10.422  56.481 0.0000000000
54909  31.873  -24.869  61.293 0.0000000000
42021  11.472  -37.334  80.824 0.0000000000
46936  23.133  -32.062  73.809 0.0000000000
131620  30.484  -19.113  61.212 0.0000000000
43984  16.898  -34.794  76.009 0.0000000000
41177  15.766  -38.191  78.504 0.0000000000
126058  20.506  -36.042  73.492 0.0000000000
66996  41.325  -11.463  54.784 0.0000000000
51845  27.148  -27.669  70.966 0.0000000000
53823  28.107  -25.077  68.172 0.0000000000
49934  30.850  -29.344  69.107 0.0000000000
71382  40.618  -6.338  54.737 0.0000000000
120506  43.856  -8.637  52.234 0.0000000000
67808  34.556  -10.413  60.299 0.0000000000
124786  38.209  -15.391  58.606 0.0000000000
62418  33.623  -16.528  59.359 0.0000000000
56724  36.243  -22.154  60.870 0.0000000000
45052  28.253  -34.413  73.136 0.0000000000
38445  10.423  -41.244  83.394 0.0000000000
38412  8.102  -41.567  86.434 0.0000000000
38368  8.246  -40.660  90.144 0.0000000000
47973  25.433  -31.974  71.378 0.0000000000
44008  24.171  -35.055  73.700 0.0000000000
55753  27.551  -22.917  65.506 0.0000000000
53836  32.403  -25.612  67.189 0.0000000000
122312  46.750  -5.060  50.355 0.0000000000
66981  39.229  -11.199  55.522 0.0000000000
66073  39.767  -12.195  57.471 0.0000000000
49936  28.086  -30.241  69.034 0.0000000000
50969  27.802  -29.325  67.675 0.0000000000
48007  29.615  -31.439  68.130 0.0000000000
70437  37.322  -7.262  57.881 0.0000000000
134890  39.787  -5.732  57.561 0.0000000000
70446  38.576  -7.529  55.714 0.0000000000
68822  40.265  -9.434  54.248 0.0000000000
35493  6.834  -44.552  90.931 0.0000000000
65159  33.792  -13.311  59.166 0.0000000000
64244  31.620  -14.538  60.946 0.0000000000
57730  30.830  -22.204  60.284 0.0000000000
58690  32.724  -20.658  59.394 0.0000000000
54924  34.119  -24.342  60.715 0.0000000000
54859  34.782  -25.191  64.054 0.0000000000
41164  13.493  -38.188  79.366 0.0000000000
40266  15.057  -39.732  80.343 0.0000000000
40254  12.649  -39.461  80.713 0.0000000000
39345  13.093  -41.161  83.402 0.0000000000
40238  11.038  -39.511  82.109 0.0000000000
40191  8.640  -39.673  85.757 0.0000000000
38388  7.854  -41.172  88.466 0.0000000000
47945  24.740  -31.229  73.183 0.0000000000
46001  24.585  -33.383  72.669 0.0000000000
46020  23.188  -33.053  72.118 0.0000000000
43019  20.027  -36.919  76.282 0.0000000000
42092  21.714  -37.175  75.593 0.0000000000
53794  29.816  -25.236  70.007 0.0000000000
54803  29.952  -24.630  68.440 0.0000000000
63307  31.431  -15.767  63.205 0.0000000000
58656  31.279  -20.735  62.851 0.0000000000
56692  30.267  -22.858  62.256 0.0000000000
43004  18.392  -36.357  76.907 0.0000000000
42032  17.995  -38.139  78.870 0.0000000000
43007  15.650  -36.068  77.215 0.0000000000
43949  14.377  -35.574  78.411 0.0000000000
43918  12.828  -35.743  79.822 0.0000000000
46022  21.096  -33.926  71.783 0.0000000000
46005  19.707  -34.123  73.600 0.0000000000
43998  18.554  -34.963  74.447 0.0000000000
53780  26.763  -25.442  71.986 0.0000000000
55712  26.078  -23.830  69.640 0.0000000000
52816  26.678  -26.689  68.726 0.0000000000
51865  29.425  -27.591  69.108 0.0000000000
71411  43.372  -6.085  52.298 0.0000000000
70454  42.025  -6.915  52.994 0.0000000000
135307  42.173  -9.877  53.312 0.0000000000
67845  35.505  -10.600  57.967 0.0000000000
66075  37.704  -12.344  57.576 0.0000000000
65178  35.426  -13.200  58.354 0.0000000000
63343  36.059  -15.465  59.051 0.0000000000
61470  36.461  -17.688  60.111 0.0000000000
61484  31.481  -17.703  59.598 0.0000000000
131053  34.638  -19.087  59.445 0.0000000000
46033  27.804  -34.068  70.639 0.0000000000
128264  30.582  -33.383  70.502 0.0000000000
68773  36.339  -8.246  60.196 0.0000000000
42929  10.814  -36.676  82.895 0.0000000000
40223  9.565  -39.292  83.707 0.0000000000
38436  8.958  -41.351  84.564 0.0000000000
36442  9.226  -44.002  85.715 0.0000000000
131045  7.915  -43.199  87.019 0.0000000000
136717  7.279  -42.807  89.282 0.0000000000
125143  6.583  -41.835  91.006 0.0000000000
38352  6.262  -40.695  91.942 0.0000000000
46978  26.279  -32.495  69.845 0.0000000000
46017  25.595  -33.237  71.614 0.0000000000
125009  25.989  -34.354  74.234 0.0000000000
44010  22.310  -35.803  72.472 0.0000000000
54876  29.478  -24.471  63.232 0.0000000000
54818  27.415  -23.924  67.192 0.0000000000
53855  29.774  -24.965  66.049 0.0000000000
52849  31.971  -26.496  64.915 0.0000000000
46965  31.999  -32.210  70.914 0.0000000000
72387  47.916  -5.454  48.538 0.0000000000
71428  44.653  -6.606  50.873 0.0000000000
138900  46.489  -7.555  49.960 0.0000000000
67880  38.449  -10.771  55.617 0.0000000000
66965  39.325  -11.557  56.419 0.0000000000
127090  38.559  -11.527  56.602 0.0000000000
47996  27.973  -30.987  68.649 0.0000000000
49002  28.139  -30.674  67.530 0.0000000000
47011  28.498  -32.376  68.193 0.0000000000
69637  36.692  -8.736  57.087 0.0000000000
69635  37.913  -7.934  56.163 0.0000000000
68815  37.703  -8.995  55.860 0.0000000000
68819  39.015  -9.259  55.022 0.0000000000
36408  6.237  -43.761  91.067 0.0000000000
65137  32.555  -13.120  61.129 0.0000000000
118655  32.367  -13.547  62.582 0.0000000000
54927  31.816  -24.138  60.735 0.0000000000
55827  32.903  -23.280  59.913 0.0000000000
54925  33.320  -24.451  60.695 0.0000000000
54891  34.767  -25.059  62.181 0.0000000000
53925  33.241  -25.842  62.338 0.0000000000
42034  12.563  -37.342  79.802 0.0000000000
40268  13.262  -39.243  80.246 0.0000000000
41124  11.934  -38.764  80.791 0.0000000000
136788  12.081  -39.552  81.140 0.0000000000
41125  11.181  -38.114  81.254 0.0000000000
47933  24.233  -31.103  73.932 0.0000000000
46945  23.709  -31.846  72.770 0.0000000000
46946  23.074  -32.023  72.880 0.0000000000
42062  19.701  -37.157  77.819 0.0000000000
56607  26.932  -22.220  70.068 0.0000000000
54778  30.652  -24.913  70.258 0.0000000000
57701  30.396  -22.313  62.005 0.0000000000
56657  31.059  -21.628  63.400 0.0000000000
43969  17.157  -35.514  76.322 0.0000000000
43005  17.439  -36.561  77.147 0.0000000000
43970  16.522  -35.311  76.555 0.0000000000
44965  14.505  -34.722  78.491 0.0000000000
44948  14.172  -34.733  79.028 0.0000000000
43935  13.465  -35.499  79.382 0.0000000000
45985  21.228  -34.038  74.139 0.0000000000
45977  17.346  -33.519  75.546 0.0000000000
45037  17.926  -33.933  74.953 0.0000000000
43983  17.533  -34.977  75.596 0.0000000000
43020  18.555  -35.890  75.974 0.0000000000
52794  26.149  -26.168  70.544 0.0000000000
51855  26.547  -27.529  69.440 0.0000000000
50955  29.702  -29.184  67.996 0.0000000000
126890  29.105  -28.633  67.899 0.0000000000
50941  30.556  -28.631  69.254 0.0000000000
51864  30.094  -27.852  69.533 0.0000000000
50940  31.175  -28.863  69.744 0.0000000000
71367  40.265  -5.869  55.599 0.0000000000
71396  42.467  -6.186  53.495 0.0000000000
70449  40.987  -6.906  53.981 0.0000000000
67893  41.100  -10.909  54.343 0.0000000000
68826  41.415  -9.431  53.419 0.0000000000
67892  41.856  -11.267  54.307 0.0000000000
67826  35.184  -10.318  58.726 0.0000000000
66949  35.653  -11.344  57.845 0.0000000000
66936  34.520  -11.768  58.880 0.0000000000
64267  33.445  -14.946  59.282 0.0000000000
64266  34.327  -14.507  59.048 0.0000000000
125580  34.543  -16.082  59.412 0.0000000000
62410  36.187  -16.856  59.915 0.0000000000
129186  35.378  -17.076  59.742 0.0000000000
61451  30.521  -17.568  61.923 0.0000000000
62401  30.738  -16.136  60.956 0.0000000000
60513  30.468  -17.830  60.587 0.0000000000
57729  34.995  -21.879  59.898 0.0000000000
58689  33.806  -20.519  59.414 0.0000000000
125407  35.306  -21.158  59.763 0.0000000000
59596  36.370  -19.998  59.932 0.0000000000
45081  28.194  -34.208  71.523 0.0000000000
45080  29.088  -34.122  71.646 0.0000000000
67807  35.237  -9.734  60.858 0.0000000000
67817  35.639  -9.051  60.216 0.0000000000
68806  35.841  -8.959  58.342 0.0000000000
41176  16.590  -38.323  78.503 0.0000000000
121141  16.654  -39.141  79.556 0.0000000000
39346  12.098  -40.987  82.922 0.0000000000
38443  12.319  -41.551  83.708 0.0000000000
38433  11.625  -42.064  84.130 0.0000000000
38434  10.619  -41.964  83.780 0.0000000000
41981  10.388  -37.359  84.276 0.0000000000
128626  10.028  -37.820  83.597 0.0000000000
41086  9.745  -38.121  84.124 0.0000000000
39310  8.339  -40.517  86.255 0.0000000000
40208  8.798  -39.767  85.016 0.0000000000
38423  8.405  -41.440  85.497 0.0000000000
37436  8.863  -42.271  84.982 0.0000000000
37423  8.264  -42.415  85.784 0.0000000000
36443  8.302  -43.404  86.225 0.0000000000
37411  7.948  -42.496  86.708 0.0000000000
38377  8.112  -40.751  89.424 0.0000000000
38403  7.658  -42.053  88.198 0.0000000000
38378  7.600  -41.256  89.988 0.0000000000
37391  7.134  -42.258  89.912 0.0000000000
38369  7.109  -41.552  90.582 0.0000000000
47960  27.125  -31.637  71.601 0.0000000000
47971  27.625  -31.493  70.532 0.0000000000
46966  25.876  -32.245  70.507 0.0000000000
46048  25.919  -32.811  70.276 0.0000000000
46036  25.465  -32.551  71.126 0.0000000000
45056  24.479  -34.196  73.249 0.0000000000
45055  25.278  -33.957  73.485 0.0000000000
45035  25.062  -34.717  74.200 0.0000000000
44025  20.217  -35.071  72.413 0.0000000000
44023  21.717  -35.370  71.863 0.0000000000
44011  21.412  -35.847  72.617 0.0000000000
131913  23.144  -37.239  75.745 0.0000000000
65176  37.502  -13.705  57.924 0.0000000000
139335  38.875  -13.721  57.938 0.0000000000
64262  39.129  -15.276  58.771 0.0000000000
57673  28.031  -21.760  64.639 0.0000000000
56678  28.728  -23.072  63.460 0.0000000000
54861  28.403  -23.932  64.228 0.0000000000
53825  26.450  -25.076  68.503 0.0000000000
131509  26.622  -23.740  68.069 0.0000000000
54805  27.584  -24.573  67.691 0.0000000000
54814  31.015  -24.768  68.103 0.0000000000
54827  30.005  -24.712  66.918 0.0000000000
53854  30.793  -25.411  66.267 0.0000000000
53874  30.569  -25.766  65.299 0.0000000000
53853  31.960  -25.796  66.289 0.0000000000
53871  33.276  -26.235  65.589 0.0000000000
46976  31.241  -32.430  70.173 0.0000000000
72375  46.852  -5.280  49.724 0.0000000000
70458  43.035  -6.793  52.017 0.0000000000
71422  44.342  -6.176  51.283 0.0000000000
70461  44.182  -7.072  51.323 0.0000000000
69660  45.834  -8.331  50.853 0.0000000000
68858  47.218  -8.947  50.739 0.0000000000
46919  16.474  -33.012  76.819 0.0000000000
44983  15.838  -34.031  77.028 0.0000000000
66998  39.902  -11.285  55.252 0.0000000000
66963  41.126  -11.237  56.448 0.0000000000
66964  40.310  -11.430  56.601 0.0000000000
50928  27.210  -28.516  70.224 0.0000000000
50929  26.739  -28.124  69.555 0.0000000000
120744  27.513  -29.393  68.190 0.0000000000
49014  28.744  -30.311  67.404 0.0000000000
49000  30.116  -30.538  68.232 0.0000000000
120054  39.565  -5.783  58.595 0.0000000000
71338  38.575  -6.460  57.281 0.0000000000
70439  38.844  -6.668  55.964 0.0000000000
70444  39.931  -6.738  55.033 0.0000000000
70450  40.389  -7.362  54.386 0.0000000000
69643  39.646  -8.854  54.597 0.0000000000
68823  39.682  -9.913  54.705 0.0000000000
35498  7.856  -44.969  89.613 0.0000000000
66915  34.141  -10.975  60.917 0.0000000000
134484  33.665  -11.951  59.738 0.0000000000
66031  33.329  -12.135  60.436 0.0000000000
65147  32.621  -13.666  60.289 0.0000000000
137264  31.963  -15.087  59.883 0.0000000000
58679  30.654  -20.681  60.304 0.0000000000
59598  30.918  -19.821  60.038 0.0000000000
138758  32.166  -22.072  59.563 0.0000000000
56727  33.826  -23.041  59.803 0.0000000000
55825  35.175  -23.223  60.696 0.0000000000
55792  35.948  -23.875  62.380 0.0000000000
55766  36.022  -24.082  64.080 0.0000000000
120334  28.081  -34.533  74.031 0.0000000000
128753  14.343  -38.509  79.154 0.0000000000
41142  15.788  -39.356  79.708 0.0000000000
41144  13.809  -38.932  79.712 0.0000000000
40252  14.397  -39.966  80.967 0.0000000000
39369  13.724  -40.326  81.448 0.0000000000
39361  11.378  -40.358  82.416 0.0000000000
138869  10.804  -40.406  82.776 0.0000000000
41076  9.529  -38.409  85.522 0.0000000000
39309  8.721  -39.560  86.645 0.0000000000
39300  8.478  -40.109  87.265 0.0000000000
38402  7.859  -41.628  87.457 0.0000000000
39301  8.203  -40.660  87.874 0.0000000000
130625  8.816  -40.190  89.434 0.0000000000
39281  8.780  -40.285  89.951 0.0000000000
125447  25.363  -31.414  72.856 0.0000000000
46956  24.861  -32.175  72.041 0.0000000000
47963  24.357  -31.736  72.623 0.0000000000
45070  23.841  -33.539  72.493 0.0000000000
45057  23.755  -34.522  72.838 0.0000000000
134819  20.548  -36.597  74.982 0.0000000000
43035  21.235  -36.793  74.911 0.0000000000
42093  20.828  -37.068  75.705 0.0000000000
63330  38.128  -16.167  59.789 0.0000000000
56626  27.514  -21.864  66.699 0.0000000000
53809  29.487  -24.952  69.412 0.0000000000
54804  28.792  -24.642  68.063 0.0000000000
54789  30.184  -24.803  69.431 0.0000000000
117204  30.772  -24.736  68.915 0.0000000000
72346  46.170  -5.390  50.920 0.0000000000
36402  5.532  -43.100  91.264 0.0000000000
136599  32.043  -17.316  63.609 0.0000000000
60487  31.118  -18.752  62.759 0.0000000000
58657  30.810  -20.448  62.081 0.0000000000
57720  30.472  -21.634  61.601 0.0000000000
56710  30.480  -23.042  61.484 0.0000000000
125382  30.622  -24.368  61.763 0.0000000000
121060  18.870  -37.072  78.183 0.0000000000
42046  18.697  -37.494  78.902 0.0000000000
42063  18.212  -36.926  77.601 0.0000000000
42065  16.600  -37.108  77.515 0.0000000000
42047  15.920  -37.561  78.014 0.0000000000
43960  15.367  -35.557  77.379 0.0000000000
42994  15.021  -36.173  77.746 0.0000000000
42049  14.415  -37.269  78.508 0.0000000000
42996  13.819  -36.841  78.824 0.0000000000
42987  12.639  -36.620  79.732 0.0000000000
42976  12.241  -36.127  80.336 0.0000000000
46947  22.534  -32.599  73.084 0.0000000000
46948  21.821  -33.320  73.388 0.0000000000
46004  20.451  -34.035  73.163 0.0000000000
45058  19.597  -34.549  73.344 0.0000000000
45975  18.984  -33.322  75.044 0.0000000000
45059  19.047  -34.193  73.970 0.0000000000
43997  19.230  -35.366  73.987 0.0000000000
131024  19.457  -36.289  75.639 0.0000000000
43003  19.181  -36.517  76.552 0.0000000000
55692  26.729  -23.180  71.647 0.0000000000
55702  26.161  -23.471  70.724 0.0000000000
54780  25.892  -24.494  70.470 0.0000000000
137476  26.175  -25.614  69.105 0.0000000000
52815  27.142  -26.347  68.367 0.0000000000
50958  26.737  -27.483  68.842 0.0000000000
134653  27.706  -26.770  68.319 0.0000000000
128302  28.339  -26.714  68.472 0.0000000000
51853  29.650  -26.864  69.698 0.0000000000
51843  30.733  -26.898  71.067 0.0000000000
71395  43.225  -5.901  53.170 0.0000000000
71412  42.709  -6.469  52.664 0.0000000000
69650  42.508  -7.387  52.485 0.0000000000
69645  41.329  -8.445  53.252 0.0000000000
118220  41.987  -8.910  53.038 0.0000000000
68817  36.631  -9.705  56.983 0.0000000000
66947  37.133  -11.622  57.296 0.0000000000
66948  36.297  -11.432  57.523 0.0000000000
66060  36.187  -12.619  58.024 0.0000000000
64281  36.892  -14.411  58.288 0.0000000000
65179  34.498  -13.255  58.713 0.0000000000
64282  35.904  -14.211  58.457 0.0000000000
63342  36.860  -15.601  59.096 0.0000000000
63331  37.293  -16.048  59.593 0.0000000000
61469  37.157  -17.008  60.278 0.0000000000
64234  31.506  -14.573  62.141 0.0000000000
119924  31.267  -15.948  60.077 0.0000000000
62419  32.497  -16.594  59.405 0.0000000000
59614  31.634  -19.405  59.630 0.0000000000
140565  33.077  -18.521  59.439 0.0000000000
60527  34.346  -18.288  59.470 0.0000000000
60526  35.292  -18.494  59.611 0.0000000000
46060  27.283  -33.170  69.069 0.0000000000
46993  28.790  -33.053  68.563 0.0000000000
46045  28.634  -33.821  70.107 0.0000000000
46015  29.964  -33.791  71.591 0.0000000000
69626  37.272  -7.407  58.925 0.0000000000
131686  36.255  -9.096  57.531 0.0000000000
121779  11.609  -36.222  81.554 0.0000000000
42928  11.713  -36.183  83.096 0.0000000000
42949  10.705  -36.954  81.997 0.0000000000
41110  10.282  -38.196  82.522 0.0000000000
40239  10.306  -39.054  82.555 0.0000000000
39348  10.253  -40.445  83.120 0.0000000000
40207  9.201  -39.411  84.402 0.0000000000
39335  9.340  -40.898  83.978 0.0000000000
38435  9.717  -41.632  83.865 0.0000000000
37450  10.017  -42.532  84.095 0.0000000000
36451  9.761  -43.738  84.925 0.0000000000
36423  8.033  -44.180  87.817 0.0000000000
37412  7.739  -42.634  87.571 0.0000000000
37401  7.488  -42.913  88.453 0.0000000000
35506  7.608  -44.360  89.012 0.0000000000
36415  7.031  -43.262  89.884 0.0000000000
130395  6.722  -43.750  90.474 0.0000000000
36400  6.091  -42.752  91.238 0.0000000000
38360  7.320  -40.918  91.266 0.0000000000
37365  6.311  -41.506  91.377 0.0000000000
37374  5.808  -42.661  91.294 0.0000000000
47997  27.576  -31.724  68.946 0.0000000000
47986  27.420  -31.580  69.621 0.0000000000
46996  26.877  -32.183  69.406 0.0000000000
46047  26.506  -33.175  69.746 0.0000000000
46034  26.719  -33.736  70.459 0.0000000000
45069  27.531  -34.136  72.255 0.0000000000
46018  24.854  -32.783  72.005 0.0000000000
123097  26.390  -33.764  72.527 0.0000000000
45053  27.231  -34.215  73.460 0.0000000000
46021  21.838  -33.379  71.774 0.0000000000
44022  22.536  -35.038  71.795 0.0000000000
44009  23.480  -35.425  73.105 0.0000000000
43043  22.487  -36.562  74.131 0.0000000000
43042  23.346  -36.459  74.338 0.0000000000
43041  24.119  -36.292  74.706 0.0000000000
66074  38.706  -12.256  57.450 0.0000000000
56677  29.785  -22.892  63.065 0.0000000000
54893  30.048  -24.308  62.495 0.0000000000
53927  30.615  -25.333  62.431 0.0000000000
55722  26.539  -23.347  68.895 0.0000000000
56621  26.854  -22.814  68.066 0.0000000000
55743  27.424  -23.316  66.479 0.0000000000
54817  28.225  -24.281  67.176 0.0000000000
54828  27.962  -23.865  66.459 0.0000000000
54844  28.413  -24.017  65.119 0.0000000000
53892  29.560  -25.281  64.260 0.0000000000
52866  30.528  -26.083  63.951 0.0000000000
53909  32.050  -26.233  63.292 0.0000000000
53890  33.530  -26.217  64.136 0.0000000000
126239  29.740  -32.849  69.023 0.0000000000
46991  30.879  -31.840  69.548 0.0000000000
48970  31.653  -30.453  70.106 0.0000000000
48957  32.701  -30.682  71.280 0.0000000000
49919  31.864  -29.553  70.485 0.0000000000
73294  48.550  -4.942  48.102 0.0000000000
71409  44.837  -5.736  51.364 0.0000000000
72363  45.395  -5.936  50.377 0.0000000000
70460  45.003  -7.513  50.864 0.0000000000
70463  45.847  -7.344  50.218 0.0000000000
71433  46.434  -5.875  49.604 0.0000000000
70467  47.173  -6.596  49.318 0.0000000000
70475  47.919  -6.798  48.966 0.0000000000
67864  37.743  -10.103  55.899 0.0000000000
125792  37.932  -11.124  56.207 0.0000000000
48010  27.861  -31.691  68.307 0.0000000000
47012  28.001  -32.245  68.305 0.0000000000
68816  37.149  -9.375  56.405 0.0000000000
54926  32.504  -24.420  60.757 0.0000000000
54908  32.895  -24.987  61.197 0.0000000000
53939  33.326  -25.437  61.638 0.0000000000
53940  32.528  -25.501  61.760 0.0000000000
41146  12.219  -37.977  80.235 0.0000000000
138841  11.669  -38.043  80.752 0.0000000000
47934  23.703  -31.475  74.178 0.0000000000
47947  23.640  -31.547  73.424 0.0000000000
42044  20.264  -37.397  78.525 0.0000000000
56601  27.402  -21.759  70.775 0.0000000000
45020  16.743  -33.956  75.945 0.0000000000
45019  17.384  -34.295  75.441 0.0000000000
52793  26.610  -26.923  70.802 0.0000000000
51854  26.626  -27.660  70.189 0.0000000000
49947  30.312  -29.718  68.385 0.0000000000
50954  30.315  -29.055  68.624 0.0000000000
71350  40.735  -5.291  56.330 0.0000000000
71366  41.039  -5.569  55.325 0.0000000000
71381  41.374  -6.039  54.499 0.0000000000
135294  8.179  -44.923  88.839 0.0000000000
66927  34.699  -10.796  59.233 0.0000000000
66935  35.114  -11.183  58.382 0.0000000000
63345  33.755  -15.700  59.301 0.0000000000
128673  34.659  -16.860  59.561 0.0000000000
60498  30.442  -18.255  61.378 0.0000000000
61461  30.388  -17.480  61.228 0.0000000000
126464  30.587  -18.841  60.533 0.0000000000
57728  35.878  -21.504  60.263 0.0000000000
45068  28.632  -34.290  72.345 0.0000000000
67818  35.076  -9.926  59.738 0.0000000000
41161  16.210  -38.790  79.033 0.0000000000
38444  11.349  -41.499  83.422 0.0000000000
38389  7.511  -41.874  89.102 0.0000000000
38359  7.991  -40.726  90.757 0.0000000000
47961  25.853  -31.644  72.017 0.0000000000
124857  26.779  -31.693  72.480 0.0000000000
47972  26.216  -31.791  70.877 0.0000000000
43994  24.514  -35.596  74.435 0.0000000000
44012  20.462  -35.643  72.904 0.0000000000
44024  20.887  -35.314  72.118 0.0000000000
43053  21.077  -36.221  73.381 0.0000000000
64280  37.795  -14.624  58.241 0.0000000000
64279  38.498  -14.772  58.346 0.0000000000
57659  27.630  -21.908  65.574 0.0000000000
56646  27.706  -22.591  64.608 0.0000000000
55752  27.884  -23.362  64.719 0.0000000000
53824  27.137  -25.354  68.121 0.0000000000
54806  26.879  -24.371  67.912 0.0000000000
53837  31.579  -25.192  67.517 0.0000000000
53838  30.872  -24.928  67.246 0.0000000000
139474  31.530  -25.412  66.920 0.0000000000
53852  32.906  -26.024  66.339 0.0000000000
72361  47.401  -4.771  49.872 0.0000000000
69649  43.182  -7.906  52.121 0.0000000000
69655  43.542  -7.163  51.741 0.0000000000
69654  43.979  -7.948  51.822 0.0000000000
46918  16.987  -32.502  76.828 0.0000000000
46905  16.491  -32.698  77.514 0.0000000000
66980  40.425  -11.399  55.705 0.0000000000
132976  39.807  -11.428  55.879 0.0000000000
120704  39.821  -11.633  57.080 0.0000000000
49921  28.044  -29.519  69.614 0.0000000000
130533  27.655  -29.610  68.685 0.0000000000
48008  28.791  -31.102  67.627 0.0000000000
49001  29.389  -30.672  67.701 0.0000000000
138747  38.574  -6.563  57.979 0.0000000000
70436  37.992  -6.850  57.504 0.0000000000
70440  38.259  -6.883  56.568 0.0000000000
71368  39.502  -6.252  55.811 0.0000000000
70445  39.263  -7.157  55.344 0.0000000000
70451  39.756  -7.800  54.734 0.0000000000
69639  39.090  -8.207  55.096 0.0000000000
67879  39.099  -10.323  55.216 0.0000000000
67895  39.755  -10.928  54.882 0.0000000000
35499  7.198  -44.257  89.884 0.0000000000
127871  33.745  -11.625  60.961 0.0000000000
66019  33.338  -11.870  61.497 0.0000000000
117036  32.176  -13.869  60.861 0.0000000000
64252  32.199  -14.297  60.288 0.0000000000
64268  32.763  -14.369  59.646 0.0000000000
57742  30.873  -21.432  59.910 0.0000000000
56743  31.416  -22.124  59.766 0.0000000000
126243  33.586  -23.808  60.245 0.0000000000
56726  34.671  -22.723  60.065 0.0000000000
55826  34.410  -23.567  60.333 0.0000000000
55806  35.611  -23.626  61.454 0.0000000000
55807  34.849  -24.023  61.030 0.0000000000
54874  34.772  -25.293  63.015 0.0000000000
54890  35.368  -24.626  62.684 0.0000000000
54873  35.383  -24.675  63.592 0.0000000000
54858  35.417  -24.673  64.523 0.0000000000
133626  34.579  -10.702  61.867 0.0000000000
41163  14.008  -37.694  78.931 0.0000000000
40253  13.474  -39.823  80.798 0.0000000000
132898  13.161  -40.560  81.909 0.0000000000
39370  12.729  -40.116  81.342 0.0000000000
40255  11.425  -39.120  81.443 0.0000000000
40237  11.831  -39.931  81.729 0.0000000000
40167  9.175  -39.251  87.519 0.0000000000
39290  8.831  -39.877  88.186 0.0000000000
138699  24.924  -30.930  73.985 0.0000000000
118848  25.479  -31.100  73.601 0.0000000000
46957  23.272  -32.393  72.468 0.0000000000
45071  23.089  -34.087  71.915 0.0000000000
43036  20.156  -36.611  75.455 0.0000000000
56620  27.379  -21.842  67.674 0.0000000000
53808  30.012  -24.907  70.018 0.0000000000
54777  31.370  -24.857  70.603 0.0000000000
54788  31.224  -24.791  69.666 0.0000000000
61440  31.612  -17.937  63.229 0.0000000000
58671  30.487  -20.719  61.255 0.0000000000
58670  30.740  -21.063  62.146 0.0000000000
55809  30.754  -23.708  61.212 0.0000000000
55793  30.368  -23.700  61.907 0.0000000000
125798  18.967  -36.771  77.402 0.0000000000
43006  16.463  -36.139  76.922 0.0000000000
42066  15.742  -36.752  77.500 0.0000000000
45957  15.485  -33.763  77.751 0.0000000000
44984  15.464  -34.727  77.316 0.0000000000
43948  14.865  -35.191  77.832 0.0000000000
42995  14.411  -36.522  78.363 0.0000000000
42048  15.066  -37.189  78.057 0.0000000000
43950  13.861  -36.036  78.825 0.0000000000
42986  13.268  -36.337  79.268 0.0000000000
45984  22.484  -32.905  73.932 0.0000000000
140286  21.931  -33.675  74.139 0.0000000000
45986  20.253  -34.015  74.108 0.0000000000
120264  21.071  -33.908  73.472 0.0000000000
46024  19.992  -34.288  72.955 0.0000000000
43999  18.023  -34.591  74.996 0.0000000000
45036  18.522  -34.345  74.435 0.0000000000
44014  19.069  -34.734  73.835 0.0000000000
43981  18.927  -35.637  74.936 0.0000000000
43021  17.795  -35.894  76.567 0.0000000000
54779  26.356  -24.345  71.679 0.0000000000
53781  26.043  -25.354  71.138 0.0000000000
127387  26.159  -26.202  69.613 0.0000000000
53795  25.952  -25.425  70.041 0.0000000000
137806  26.348  -26.260  68.986 0.0000000000
120630  26.625  -25.898  68.606 0.0000000000
50957  27.261  -28.338  68.346 0.0000000000
50944  26.760  -28.068  68.989 0.0000000000
51875  28.812  -27.781  68.415 0.0000000000
51876  27.907  -27.552  68.170 0.0000000000
52813  28.982  -26.707  69.033 0.0000000000
51851  30.984  -27.734  70.789 0.0000000000
51852  30.348  -27.138  70.353 0.0000000000
71331  40.254  -5.478  58.250 0.0000000000
71378  44.063  -5.588  53.908 0.0000000000
71379  43.113  -5.469  54.220 0.0000000000
69642  40.256  -8.415  54.198 0.0000000000
70456  40.786  -7.939  53.699 0.0000000000
69646  40.754  -8.945  53.673 0.0000000000
138895  42.619  -9.328  52.945 0.0000000000
67844  35.955  -9.969  57.586 0.0000000000
67866  36.607  -10.764  57.069 0.0000000000
129520  35.948  -10.822  57.539 0.0000000000
66061  35.301  -12.099  58.128 0.0000000000
66077  36.003  -11.913  57.825 0.0000000000
65177  36.488  -13.518  58.131 0.0000000000
66046  33.410  -12.693  59.700 0.0000000000
66045  34.078  -12.502  59.135 0.0000000000
64265  35.354  -14.897  58.915 0.0000000000
64283  34.948  -14.010  58.693 0.0000000000
64264  36.394  -15.002  58.680 0.0000000000
62416  36.322  -16.048  59.502 0.0000000000
60509  37.152  -17.929  60.390 0.0000000000
63314  31.600  -14.821  63.151 0.0000000000
63315  31.222  -15.273  62.510 0.0000000000
61472  30.747  -17.339  60.036 0.0000000000
62420  31.484  -16.766  59.685 0.0000000000
63346  31.948  -15.980  59.619 0.0000000000
61483  32.190  -17.301  59.434 0.0000000000
58691  31.661  -20.298  59.571 0.0000000000
130979  32.366  -19.818  59.447 0.0000000000
59611  34.163  -19.725  59.424 0.0000000000
59612  33.240  -19.749  59.406 0.0000000000
129956  33.664  -18.915  59.412 0.0000000000
127973  33.467  -18.105  59.444 0.0000000000
131493  35.331  -19.294  59.531 0.0000000000
46046  27.428  -33.711  69.728 0.0000000000
45067  29.604  -34.072  72.470 0.0000000000
68786  36.430  -8.057  58.968 0.0000000000
68807  35.513  -9.855  58.273 0.0000000000
120195  18.081  -37.591  78.211 0.0000000000
42964  12.182  -35.713  81.363 0.0000000000
141379  11.204  -36.437  83.444 0.0000000000
42948  11.221  -36.370  82.150 0.0000000000
42010  10.601  -37.722  81.905 0.0000000000
42000  10.414  -37.444  82.578 0.0000000000
41097  9.880  -38.585  83.311 0.0000000000
40222  9.951  -39.565  83.147 0.0000000000
41087  9.418  -38.590  84.707 0.0000000000
40190  8.991  -39.063  85.254 0.0000000000
39336  9.020  -40.353  84.465 0.0000000000
37451  9.376  -42.192  84.350 0.0000000000
36452  8.918  -43.172  85.304 0.0000000000
36434  8.132  -43.883  87.062 0.0000000000
36424  7.630  -43.843  88.393 0.0000000000
123397  7.341  -43.610  89.124 0.0000000000
37383  6.622  -42.740  90.618 0.0000000000
38350  8.016  -40.404  91.846 0.0000000000
38351  7.114  -40.603  91.923 0.0000000000
37366  5.770  -41.726  91.417 0.0000000000
47985  28.141  -31.147  69.434 0.0000000000
47987  26.476  -31.903  70.003 0.0000000000
46061  26.766  -32.728  69.322 0.0000000000
46035  25.904  -33.245  70.713 0.0000000000
141026  26.177  -33.269  70.245 0.0000000000
46016  26.509  -33.745  71.414 0.0000000000
46000  25.426  -33.483  72.637 0.0000000000
45054  26.179  -33.946  73.487 0.0000000000
119398  26.712  -34.275  74.132 0.0000000000
46002  21.987  -32.998  72.505 0.0000000000
119006  22.915  -35.545  72.536 0.0000000000
44021  23.203  -34.990  72.337 0.0000000000
43044  21.583  -36.575  74.108 0.0000000000
43034  22.061  -36.891  74.862 0.0000000000
121604  23.656  -36.789  75.188 0.0000000000
43033  22.864  -36.891  74.947 0.0000000000
66946  38.044  -11.717  57.016 0.0000000000
56658  30.442  -21.932  63.343 0.0000000000
56659  29.331  -22.157  63.533 0.0000000000
54877  28.758  -23.783  63.640 0.0000000000
55781  29.444  -23.725  63.097 0.0000000000
54892  30.410  -24.860  62.217 0.0000000000
54875  29.985  -25.057  62.765 0.0000000000
55711  26.443  -22.910  69.867 0.0000000000
55730  26.981  -23.551  67.396 0.0000000000
54790  29.447  -24.754  68.893 0.0000000000
54816  29.346  -24.506  67.511 0.0000000000
136867  28.943  -24.349  66.527 0.0000000000
54843  29.033  -24.538  65.583 0.0000000000
122104  28.397  -24.068  65.861 0.0000000000
128849  28.975  -24.665  64.685 0.0000000000
53875  29.688  -25.328  65.171 0.0000000000
52865  31.108  -26.289  64.571 0.0000000000
53891  30.230  -25.785  64.501 0.0000000000
52881  31.173  -26.258  63.638 0.0000000000
52864  31.986  -26.565  64.163 0.0000000000
52863  32.794  -26.463  63.769 0.0000000000
52848  32.819  -26.511  64.737 0.0000000000
53870  34.136  -25.755  65.537 0.0000000000
46058  29.239  -33.411  69.396 0.0000000000
46057  30.176  -33.203  69.780 0.0000000000
47984  31.565  -31.528  70.169 0.0000000000
127529  31.142  -31.055  69.565 0.0000000000
126449  32.323  -30.147  70.878 0.0000000000
49910  32.341  -29.281  71.172 0.0000000000
73280  48.080  -4.850  48.736 0.0000000000
71441  47.958  -6.198  48.473 0.0000000000
71394  44.087  -5.862  52.973 0.0000000000
71421  44.887  -6.036  50.778 0.0000000000
72347  45.425  -5.666  50.810 0.0000000000
69659  46.659  -8.256  50.359 0.0000000000
71426  45.738  -6.201  49.939 0.0000000000
70468  46.382  -6.811  49.692 0.0000000000
69664  47.135  -7.670  49.726 0.0000000000
66982  38.610  -11.357  55.931 0.0000000000
66945  39.061  -11.724  57.140 0.0000000000
49949  27.679  -30.243  68.188 0.0000000000
49003  27.847  -30.902  67.895 0.0000000000
48009  28.242  -31.558  67.877 0.0000000000
131528  28.874  -31.821  67.918 0.0000000000
69631  36.915  -7.895  57.405 0.0000000000
70441  37.485  -7.410  56.954 0.0000000000
69636  37.245  -8.352  56.595 0.0000000000
69640  38.403  -8.602  55.475 0.0000000000
68820  38.360  -9.685  55.439 0.0000000000
66006  32.802  -12.429  61.657 0.0000000000
66005  33.247  -12.274  62.373 0.0000000000
65128  32.499  -12.909  62.110 0.0000000000
64243  32.056  -13.784  61.775 0.0000000000
56728  31.357  -22.868  60.171 0.0000000000
55828  32.054  -23.518  60.245 0.0000000000
129055  32.797  -23.931  60.360 0.0000000000
54907  34.496  -24.783  61.414 0.0000000000
53938  33.735  -24.950  61.232 0.0000000000
53924  34.078  -25.465  61.917 0.0000000000
53907  34.076  -25.734  62.720 0.0000000000
41165  12.847  -37.891  79.658 0.0000000000
41145  12.998  -38.558  79.868 0.0000000000
40269  12.574  -38.853  80.309 0.0000000000
40256  10.742  -38.606  81.935 0.0000000000
47946  24.099  -31.363  73.132 0.0000000000
46958  22.585  -32.699  72.243 0.0000000000
42083  20.146  -37.249  77.048 0.0000000000
42082  20.752  -37.354  76.612 0.0000000000
42061  20.696  -37.459  77.590 0.0000000000
56615  26.903  -22.431  69.216 0.0000000000
53779  30.823  -25.444  71.128 0.0000000000
53793  30.381  -25.286  70.523 0.0000000000
53792  30.950  -24.953  71.029 0.0000000000
57700  30.863  -21.563  62.748 0.0000000000
56675  30.624  -21.978  62.867 0.0000000000
138471  17.209  -36.010  76.767 0.0000000000
44964  14.922  -34.255  78.162 0.0000000000
118046  19.738  -33.641  74.876 0.0000000000
45966  17.697  -32.681  76.117 0.0000000000
45976  18.107  -33.305  75.223 0.0000000000
43982  18.187  -35.241  75.241 0.0000000000
43968  17.829  -35.461  75.928 0.0000000000
130236  26.303  -26.903  69.962 0.0000000000
52804  26.426  -26.841  69.209 0.0000000000
49962  28.741  -29.405  67.468 0.0000000000
50956  28.251  -28.485  67.783 0.0000000000
50942  29.747  -28.413  68.660 0.0000000000
50926  30.766  -28.177  70.027 0.0000000000
50925  31.345  -28.483  70.441 0.0000000000
71351  39.931  -5.631  56.540 0.0000000000
72317  41.246  -4.786  57.142 0.0000000000
71380  42.199  -5.833  54.332 0.0000000000
71397  41.701  -6.526  53.718 0.0000000000
70455  41.424  -7.444  53.365 0.0000000000
68827  40.953  -9.923  54.037 0.0000000000
67912  41.635  -10.419  53.812 0.0000000000
67911  42.404  -10.851  53.689 0.0000000000
66995  42.684  -11.545  54.353 0.0000000000
66062  34.724  -12.583  58.553 0.0000000000
124991  33.579  -14.085  59.223 0.0000000000
63344  34.451  -15.299  59.216 0.0000000000
134866  35.365  -15.713  59.284 0.0000000000
62417  35.420  -16.441  59.575 0.0000000000
61471  35.698  -17.666  59.855 0.0000000000
62393  30.720  -17.037  62.292 0.0000000000
62392  30.846  -16.150  62.214 0.0000000000
62402  30.495  -16.884  61.583 0.0000000000
62412  30.457  -17.026  60.713 0.0000000000
60512  30.831  -18.196  59.982 0.0000000000
128029  33.568  -21.354  59.426 0.0000000000
57739  34.537  -21.160  59.531 0.0000000000
138856  34.560  -20.333  59.465 0.0000000000
58688  35.175  -20.491  59.575 0.0000000000
59597  35.653  -19.904  59.609 0.0000000000
58678  35.856  -20.629  59.856 0.0000000000
128286  28.635  -34.079  70.978 0.0000000000
66914  35.673  -9.942  61.871 0.0000000000
67806  36.100  -9.192  61.371 0.0000000000
138880  36.149  -8.673  60.787 0.0000000000
132828  35.805  -8.657  59.351 0.0000000000
68787  35.416  -9.416  59.094 0.0000000000
41175  17.329  -38.090  78.333 0.0000000000
41160  17.184  -38.687  79.054 0.0000000000
37449  10.857  -42.705  84.207 0.0000000000
41992  10.880  -36.735  83.786 0.0000000000
41993  10.394  -37.283  83.360 0.0000000000
127509  10.144  -37.875  83.036 0.0000000000
41098  9.528  -38.794  84.043 0.0000000000
39322  8.589  -40.504  85.230 0.0000000000
38353  5.612  -40.570  91.867 0.0000000000
45073  20.647  -34.636  71.948 0.0000000000
45084  21.281  -34.467  71.580 0.0000000000
44031  21.248  -34.973  71.652 0.0000000000
43052  21.997  -36.327  73.261 0.0000000000
42080  22.337  -37.430  76.406 0.0000000000
42091  22.429  -37.175  75.499 0.0000000000
138278  37.664  -13.078  57.666 0.0000000000
65189  38.303  -13.231  57.652 0.0000000000
65175  38.327  -14.071  58.048 0.0000000000
64278  39.019  -14.383  58.287 0.0000000000
57658  28.503  -20.976  65.258 0.0000000000
57672  28.911  -21.399  64.269 0.0000000000
56660  28.228  -22.372  63.911 0.0000000000
55767  27.990  -23.208  63.870 0.0000000000
54860  29.102  -24.562  63.907 0.0000000000
54807  26.354  -24.233  68.636 0.0000000000
54815  30.242  -24.646  67.687 0.0000000000
139560  30.191  -25.420  65.709 0.0000000000
53873  31.495  -26.021  65.495 0.0000000000
53872  32.435  -26.283  65.573 0.0000000000
46043  30.841  -33.017  70.135 0.0000000000
46030  31.361  -33.106  70.788 0.0000000000
46029  32.030  -33.124  71.413 0.0000000000
72374  47.563  -5.050  49.209 0.0000000000
71432  47.217  -5.653  49.206 0.0000000000
71423  43.696  -6.375  51.737 0.0000000000
119737  47.594  -8.535  50.217 0.0000000000
45003  16.209  -34.583  76.569 0.0000000000
45968  16.307  -33.663  76.580 0.0000000000
45956  16.025  -33.322  77.293 0.0000000000
45967  16.802  -33.135  76.176 0.0000000000
66997  40.509  -11.304  54.851 0.0000000000
66979  41.184  -11.496  55.473 0.0000000000
50943  27.137  -28.762  69.005 0.0000000000
49964  27.795  -30.128  67.733 0.0000000000
49963  28.113  -30.007  67.411 0.0000000000
49948  29.578  -29.964  67.659 0.0000000000
48985  30.889  -30.254  69.137 0.0000000000
70435  39.142  -6.191  57.806 0.0000000000
71352  39.092  -6.156  56.738 0.0000000000
67894  40.371  -10.475  54.476 0.0000000000
66928  34.040  -11.259  59.766 0.0000000000
66030  33.671  -11.552  60.277 0.0000000000
65136  33.009  -12.507  60.970 0.0000000000
65146  32.978  -12.922  60.324 0.0000000000
65160  33.150  -13.502  59.664 0.0000000000
138965  32.698  -15.008  59.465 0.0000000000
117810  32.796  -15.665  59.340 0.0000000000
59590  30.521  -19.818  60.757 0.0000000000
132800  31.018  -20.725  59.771 0.0000000000
57741  31.715  -21.293  59.547 0.0000000000
57740  32.758  -21.631  59.441 0.0000000000
56742  32.116  -22.750  59.778 0.0000000000
56741  33.022  -22.446  59.560 0.0000000000
137994  33.403  -21.865  59.459 0.0000000000
56740  34.053  -22.120  59.568 0.0000000000
56725  35.483  -22.404  60.454 0.0000000000
55805  36.279  -23.210  61.823 0.0000000000
54906  35.237  -24.385  61.818 0.0000000000
55779  35.898  -24.220  63.188 0.0000000000
118404  28.888  -34.468  73.715 0.0000000000
66901  34.876  -10.336  61.393 0.0000000000
41178  14.858  -37.962  78.562 0.0000000000
41162  15.258  -38.734  79.033 0.0000000000
41143  14.717  -39.215  79.645 0.0000000000
40267  14.114  -39.549  80.250 0.0000000000
122239  13.106  -40.822  82.621 0.0000000000
39360  12.371  -40.522  82.113 0.0000000000
39347  11.054  -40.829  83.000 0.0000000000
40177  9.106  -38.864  86.204 0.0000000000
119215  8.098  -40.882  87.043 0.0000000000
39291  8.493  -40.379  88.760 0.0000000000
47962  25.021  -31.635  72.317 0.0000000000
46019  24.003  -32.519  72.433 0.0000000000
43996  19.963  -35.804  73.633 0.0000000000
43045  20.639  -36.382  74.135 0.0000000000
133795  21.412  -37.363  76.239 0.0000000000
63341  37.772  -15.864  59.034 0.0000000000
56637  27.399  -22.586  66.249 0.0000000000
52803  28.725  -25.570  68.769 0.0000000000
53822  28.919  -24.786  68.713 0.0000000000
54802  31.614  -24.879  68.786 0.0000000000
68837  44.118  -9.295  52.512 0.0000000000
69648  44.561  -8.838  52.022 0.0000000000
36401  5.772  -43.835  91.374 0.0000000000
63306  32.264  -15.363  63.902 0.0000000000
62383  31.330  -16.895  63.016 0.0000000000
61450  30.914  -17.715  62.551 0.0000000000
132102  30.651  -18.960  61.961 0.0000000000
59583  30.618  -19.805  61.603 0.0000000000
57731  30.520  -21.501  60.649 0.0000000000
126504  30.454  -22.313  61.042 0.0000000000
56729  30.804  -22.973  60.734 0.0000000000
55829  31.270  -23.598  60.665 0.0000000000
55808  31.132  -24.329  61.164 0.0000000000
54910  30.936  -25.034  61.755 0.0000000000
42045  19.425  -37.271  78.774 0.0000000000
42064  17.396  -37.433  77.756 0.0000000000
119178  16.696  -37.824  78.022 0.0000000000
136951  16.250  -37.991  78.272 0.0000000000
139775  15.375  -37.752  78.257 0.0000000000
45004  15.896  -35.446  76.920 0.0000000000
42033  13.175  -37.268  79.305 0.0000000000
42020  12.074  -36.958  80.237 0.0000000000
46003  21.252  -33.620  72.566 0.0000000000
46023  20.550  -34.175  72.440 0.0000000000
45074  20.058  -34.654  72.619 0.0000000000
44013  19.665  -35.110  73.103 0.0000000000
45987  19.261  -33.801  74.299 0.0000000000
45988  18.544  -33.786  74.550 0.0000000000
43046  19.812  -36.131  74.646 0.0000000000
139789  19.588  -36.972  77.021 0.0000000000
55701  26.752  -22.608  70.770 0.0000000000
54791  26.040  -24.769  69.352 0.0000000000
52814  27.855  -25.984  68.267 0.0000000000
51877  27.145  -27.228  68.426 0.0000000000
52802  29.448  -25.768  69.534 0.0000000000
52792  29.952  -25.999  70.244 0.0000000000
52791  30.473  -26.111  70.862 0.0000000000
69644  41.933  -7.930  52.897 0.0000000000
68839  42.559  -8.449  52.628 0.0000000000
68838  43.331  -9.140  52.606 0.0000000000
66966  37.339  -11.209  56.731 0.0000000000
66076  36.771  -12.125  57.738 0.0000000000
66059  37.049  -12.904  57.799 0.0000000000
140528  34.072  -11.883  59.384 0.0000000000
134488  34.218  -13.851  58.926 0.0000000000
64263  37.325  -15.201  58.607 0.0000000000
62409  37.689  -16.415  60.095 0.0000000000
135144  36.943  -16.386  59.916 0.0000000000
63322  31.119  -15.308  61.543 0.0000000000
63332  31.272  -15.371  60.625 0.0000000000
139573  31.011  -18.953  59.919 0.0000000000
60529  31.602  -18.551  59.604 0.0000000000
59613  32.580  -19.002  59.456 0.0000000000
60528  32.503  -18.078  59.447 0.0000000000
61482  33.059  -17.347  59.382 0.0000000000
123662  34.027  -17.478  59.466 0.0000000000
61481  34.906  -17.653  59.604 0.0000000000
60511  36.015  -18.309  59.891 0.0000000000
131305  36.042  -19.132  59.750 0.0000000000
131442  36.793  -19.315  60.184 0.0000000000
60510  36.599  -18.523  60.116 0.0000000000
46994  27.954  -32.923  68.506 0.0000000000
46059  28.155  -33.497  69.042 0.0000000000
46044  29.741  -33.565  70.255 0.0000000000
46032  29.393  -33.855  70.923 0.0000000000
124067  30.157  -33.637  70.899 0.0000000000
129629  36.760  -7.704  58.178 0.0000000000
69632  36.395  -8.329  57.890 0.0000000000
41159  17.943  -38.604  79.493 0.0000000000
42977  11.688  -36.481  80.858 0.0000000000
42965  11.176  -36.736  81.417 0.0000000000
42009  10.938  -37.319  81.448 0.0000000000
39362  10.574  -39.918  82.632 0.0000000000
41075  9.945  -37.902  84.959 0.0000000000
39349  9.492  -40.137  83.693 0.0000000000
38446  9.783  -40.904  83.544 0.0000000000
36460  10.303  -43.278  84.484 0.0000000000
36461  9.506  -42.949  84.577 0.0000000000
36450  10.633  -43.967  84.928 0.0000000000
35522  8.836  -44.274  86.555 0.0000000000
35505  8.427  -44.791  88.112 0.0000000000
141133  7.951  -44.421  88.428 0.0000000000
36435  7.759  -43.463  87.690 0.0000000000
136388  26.964  -24.864  72.531 0.0000000000
45082  27.349  -34.052  71.248 0.0000000000
45034  27.341  -34.462  74.328 0.0000000000
126340  22.558  -33.412  71.769 0.0000000000
45083  21.643  -34.077  71.494 0.0000000000
45072  22.248  -34.089  71.468 0.0000000000
43051  22.954  -36.129  73.310 0.0000000000
43995  23.785  -35.907  73.906 0.0000000000
65188  39.227  -13.108  57.690 0.0000000000
56676  30.357  -22.386  62.831 0.0000000000
55780  30.006  -23.409  62.535 0.0000000000
138088  31.039  -25.437  62.158 0.0000000000
56627  27.088  -22.718  67.031 0.0000000000
55742  27.910  -23.549  65.672 0.0000000000
124938  30.024  -25.693  63.871 0.0000000000
53912  29.686  -25.171  63.491 0.0000000000
53911  30.414  -25.693  63.253 0.0000000000
53910  31.262  -25.798  62.709 0.0000000000
53926  32.237  -25.864  62.486 0.0000000000
140436  32.771  -26.096  63.032 0.0000000000
53908  33.451  -26.052  63.257 0.0000000000
120814  34.165  -25.751  63.607 0.0000000000
118969  33.602  -26.113  64.919 0.0000000000
53889  34.189  -25.722  64.550 0.0000000000
54842  34.839  -25.218  65.008 0.0000000000
47010  29.296  -32.353  68.338 0.0000000000
46992  30.161  -32.111  68.842 0.0000000000
46977  30.541  -32.610  69.579 0.0000000000
47995  30.494  -31.207  68.907 0.0000000000
47956  32.740  -31.523  71.401 0.0000000000
47968  32.213  -31.097  70.765 0.0000000000
49933  31.388  -29.572  69.769 0.0000000000
138946  31.560  -29.053  70.225 0.0000000000
50924  31.848  -28.818  70.791 0.0000000000
71410  44.176  -5.782  51.935 0.0000000000
72336  45.726  -5.601  51.695 0.0000000000
72362  46.004  -5.550  50.157 0.0000000000
120784  44.562  -8.004  51.475 0.0000000000
71427  45.186  -6.559  50.438 0.0000000000
71442  47.558  -6.116  48.853 0.0000000000
129989  47.748  -7.392  49.348 0.0000000000
44030  21.799  -34.725  71.449 0.0000000000
53941  31.592  -25.455  61.976 0.0000000000
59610  34.954  -19.805  59.462 0.0000000000
60488  30.643  -18.211  62.166 0.0000000000
62411  30.815  -16.614  60.221 0.0000000000
134176  37.167  -18.701  60.416 0.0000000000
137512  34.451  -25.452  62.425 0.0000000000
140713  32.295  -23.990  60.511 0.0000000000
