#Insight Transform File V1.0
#Transform 0
Transform: AffineTransform_float_3_3
Parameters: 1 0.000498999 8.62771e-07 -0.000499001 0.999999 0.001729 -1.37227e-07 -0.001729 0.999998 -0.0114635 -0.207458 0.0418701
FixedParameters: 0 0 0

#Transform 1
Transform: AffineTransform_float_3_3
Parameters: 1 0.000446999 6.19542e-07 -0.000447001 0.999999 0.001386 -3.80457e-07 -0.001386 0.999999 -0.00498043 -0.152543 0.0515782
FixedParameters: 0 0 0

#Transform 2
Transform: AffineTransform_float_3_3
Parameters: 1 0.000386377 -0.000271465 -0.000385624 0.999999 0.0013861 0.000271535 -0.0013859 0.999999 0.00483335 -0.149073 0.0337972
FixedParameters: 0 0 0

#Transform 3
Transform: AffineTransform_float_3_3
Parameters: 1 0.000337543 -0.000436581 -0.000336458 0.999999 0.00124315 0.000436419 -0.00124285 0.999999 0.0109664 -0.121779 0.0324867
FixedParameters: 0 0 0

#Transform 4
Transform: AffineTransform_float_3_3
Parameters: 1 0.000475192 -0.000189521 -0.000474808 1 0.00100909 0.00019048 -0.00100991 1 0.00520037 -0.114588 0.0381575
FixedParameters: 0 0 0

#Transform 5
Transform: AffineTransform_float_3_3
Parameters: 1 0.000432497 -0.000372424 -0.000431504 0.999999 0.00133316 0.000372575 -0.00133284 0.999999 0.00774408 -0.107135 -0.110419
FixedParameters: 0 0 0

#Transform 6
Transform: AffineTransform_float_3_3
Parameters: 1 0.000384609 0.000435346 -0.000384391 0.999999 0.000898833 -0.000434655 -0.000898167 1 -0.00119803 -0.0819526 -0.164325
FixedParameters: 0 0 0

#Transform 7
Transform: AffineTransform_float_3_3
Parameters: 1 0.000437123 -0.000120556 -0.000436878 1 0.00101505 0.000120444 -0.00101495 1 0.0176127 -0.1336 -0.162231
FixedParameters: 0 0 0

#Transform 8
Transform: AffineTransform_float_3_3
Parameters: 1 0.000437085 -0.000120691 -0.000436915 0.999999 0.000706052 0.000120308 -0.000705947 0.999999 0.0197355 -0.127468 -0.146613
FixedParameters: 0 0 0

#Transform 9
Transform: AffineTransform_float_3_3
Parameters: 1 0.000437109 -0.000120607 -0.000436892 1 0.000899053 0.000120393 -0.000898948 0.999999 0.019987 -0.129659 -0.141899
FixedParameters: 0 0 0

#Transform 10
Transform: AffineTransform_float_3_3
Parameters: 1 0.000324057 -6.37087e-05 -0.000323943 0.999999 0.00089902 6.32912e-05 -0.000898979 0.999999 0.0169445 -0.116873 -0.130356
FixedParameters: 0 0 0

#Transform 11
Transform: AffineTransform_float_3_3
Parameters: 1 0.00043701 -2.28103e-05 -0.00043699 1 0.00043401 2.31896e-05 -0.00043399 1 0.0143529 -0.0961809 -0.137618
FixedParameters: 0 0 0

#Transform 12
Transform: AffineTransform_float_3_3
Parameters: 0.999999 -0.000607737 -0.000617294 0.00060626 0.999996 -0.00281137 0.000619706 0.00281062 0.999996 0.0242856 0.0293202 0.124247
FixedParameters: 0 0 0

#Transform 13
Transform: AffineTransform_float_3_3
Parameters: 1 -0.00041674 0.000104046 0.00041726 0.999997 -0.00250996 -0.000102953 0.00251004 0.999997 0.0194836 0.0913987 0.101694
FixedParameters: 0 0 0

#Transform 14
Transform: AffineTransform_float_3_3
Parameters: 1 -0.000415766 0.000156623 0.000416233 0.999999 -0.00149893 -0.000155376 0.00149906 0.999999 0.00189049 0.0186732 0.0644271
FixedParameters: 0 0 0

#Transform 15
Transform: AffineTransform_float_3_3
Parameters: 1 -0.000335899 0.000113298 0.000335101 0.999999 -0.000887961 -0.000113702 0.000888037 0.999999 0.00760891 -0.0024027 0.0389873
FixedParameters: 0 0 0

#Transform 16
Transform: AffineTransform_float_3_3
Parameters: 1 -0.000409594 0.000365456 0.000410406 1 -0.00111285 -0.000364543 0.00111315 1 0.00367041 0.00555381 0.0290646
FixedParameters: 0 0 0

#Transform 17
Transform: AffineTransform_float_3_3
Parameters: 1 -0.000164851 0.000146169 0.000164149 1 -0.00102298 -0.000145832 0.00102303 1 0.0153796 -0.00263518 0.051725
FixedParameters: 0 0 0

#Transform 18
Transform: AffineTransform_float_3_3
Parameters: 1 -9.01007e-06 0.000145999 8.98993e-06 1 6.90013e-05 -0.000146001 -6.89987e-05 1 -0.0124967 -0.0104725 0.0609724
FixedParameters: 0 0 0

#Transform 19
Transform: AffineTransform_float_3_3
Parameters: 1 -0.000164938 -8.01283e-05 0.000165062 0.999999 0.000777986 7.98716e-05 -0.000778013 0.999999 0.00103741 -0.0271967 0.0104679
FixedParameters: 0 0 0

#Transform 20
Transform: AffineTransform_float_3_3
Parameters: 1 -0.000259016 0.000115964 0.000258984 1 0.00013903 -0.000116036 -0.00013897 1 0.00648919 -0.00420807 0.0028927
FixedParameters: 0 0 0

#Transform 21
Transform: AffineTransform_float_3_3
Parameters: 1 -9.03151e-06 -0.000114998 8.96849e-06 1 -0.000274001 0.000115002 0.000273999 1 0.0196616 0.0253995 -0.0163955
FixedParameters: 0 0 0

#Transform 22
Transform: AffineTransform_float_3_3
Parameters: 1 -9.09024e-06 0.000115993 8.90975e-06 0.999999 0.000778001 -0.000116007 -0.000777998 0.999999 0.0146371 -0.0723169 0.0297891
FixedParameters: 0 0 0

#Transform 23
Transform: AffineTransform_float_3_3
Parameters: 1 -9.01159e-06 1.4993e-05 8.9884e-06 0.999999 0.000773 -1.50069e-05 -0.000772999 0.999999 0.0179944 -0.0514798 0.0342395
FixedParameters: 0 0 0

#Transform 24
Transform: AffineTransform_float_3_3
Parameters: 1 -9.10544e-06 0.000115992 8.89455e-06 0.999999 0.000909 -0.000116008 -0.000908998 0.999999 0.0146346 -0.0307868 0.0113777
FixedParameters: 0 0 0

#Transform 25
Transform: AffineTransform_float_3_3
Parameters: 1 -0.000387106 0.000115646 0.000386895 0.999999 0.000914044 -0.000115354 -0.000913955 0.999999 0.00941345 -0.0390355 0.0341234
FixedParameters: 0 0 0

#Transform 26
Transform: AffineTransform_float_3_3
Parameters: 1 -0.000122124 0.000169911 0.000121876 0.999999 0.00073102 -0.000170089 -0.000730979 0.999999 0.0140351 -0.0521494 0.0321202
FixedParameters: 0 0 0

#Transform 27
Transform: AffineTransform_float_3_3
Parameters: 1 -9.08015e-06 0.000115994 8.91984e-06 1 0.000691001 -0.000116006 -0.000690999 1 -0.00816934 -0.0338212 0.0716924
FixedParameters: 0 0 0

#Transform 28
Transform: AffineTransform_float_3_3
Parameters: 1 -9.02711e-06 5.39955e-05 8.97289e-06 1 0.000502 -5.40045e-05 -0.000501999 1 -0.0163331 -0.0449703 0.0339503
FixedParameters: 0 0 0

#Transform 29
Transform: AffineTransform_float_3_3
Parameters: 1 -9.15265e-06 0.000115988 9.84734e-06 0.999999 0.001316 -0.000116013 -0.001316 0.999999 -0.035839 -0.00432737 0.163001
FixedParameters: 0 0 0

#Transform 30
Transform: AffineTransform_float_3_3
Parameters: 1 -9.06582e-06 3.09808e-05 8.93413e-06 0.999997 0.002124 -3.1019e-05 -0.002124 0.999997 -0.0180724 -0.0544852 0.053269
FixedParameters: 0 0 0

#Transform 31
Transform: AffineTransform_float_3_3
Parameters: 1 -0.000412971 -1.57764e-05 0.000413027 0.999998 0.00187999 1.42235e-05 -0.00188001 0.999998 -0.00827811 -0.0172665 0.0408386
FixedParameters: 0 0 0

#Transform 32
Transform: AffineTransform_float_3_3
Parameters: 1 -0.000461759 -0.000160693 0.000461239 0.999999 0.00149993 0.000159308 -0.00150007 0.999999 -0.00228738 -0.0120477 0.042198
FixedParameters: 0 0 0

#Transform 33
Transform: AffineTransform_float_3_3
Parameters: 1 -0.000461978 -1.565e-05 0.000462021 0.999999 0.00140699 1.43499e-05 -0.00140701 0.999999 -0.00719442 -0.00882138 0.026078
FixedParameters: 0 0 0

#Transform 34
Transform: AffineTransform_float_3_3
Parameters: 1 -0.000551975 -1.58915e-05 0.000552023 0.999998 0.00161499 1.41085e-05 -0.00161501 0.999998 -0.00372421 -0.047216 0.057536
FixedParameters: 0 0 0

#Transform 35
Transform: AffineTransform_float_3_3
Parameters: 1 -0.000461342 -0.000478635 0.000461658 0.999999 0.00137478 0.000478365 -0.00137522 0.999999 0.00847683 0.019061 0.0933116
FixedParameters: 0 0 0

#Transform 36
Transform: AffineTransform_float_3_3
Parameters: 1 -0.0004615 -0.000367629 0.000461501 0.999999 0.00136183 0.000367372 -0.00136217 0.999999 0.00845875 0.0173851 0.094067
FixedParameters: 0 0 0

#Transform 37
Transform: AffineTransform_float_3_3
Parameters: 1 -0.000461982 -1.55378e-05 0.000462017 0.999999 0.00116399 1.44622e-05 -0.00116401 1 0.00971415 0.0261507 0.0440806
FixedParameters: 0 0 0

#Transform 38
Transform: AffineTransform_float_3_3
Parameters: 0.999999 -0.00071174 -0.000122515 0.000711258 0.999997 0.00212891 0.000120486 -0.00212908 0.999997 0.00796132 -0.0691771 0.0883864
FixedParameters: 0 0 0

#Transform 39
Transform: AffineTransform_float_3_3
Parameters: 1 -0.000461973 -1.58071e-05 0.000462026 0.999999 0.00174699 1.41929e-05 -0.00174701 0.999999 -0.00509606 -0.00281028 0.0835455
FixedParameters: 0 0 0

#Transform 40
Transform: AffineTransform_float_3_3
Parameters: 1 -0.000461302 -0.000489659 0.000461697 0.999999 0.00142677 0.000488342 -0.00142623 0.999999 0.019579 0.0079803 0.0893355
FixedParameters: 0 0 0

#Transform 41
Transform: AffineTransform_float_3_3
Parameters: 1 -0.000461282 -0.000505656 0.000461717 0.999999 0.00142077 0.000504345 -0.00142023 0.999999 0.0151716 0.010495 0.0611297
FixedParameters: 0 0 0

#Transform 42
Transform: AffineTransform_float_3_3
Parameters: 1 -0.000461339 -0.000505604 0.00046166 0.999999 0.00130777 0.000504396 -0.00130823 0.999999 0.0262267 0.0147724 0.088746
FixedParameters: 0 0 0

#Transform 43
Transform: AffineTransform_float_3_3
Parameters: 1 -0.000461329 -0.000433714 0.000461671 0.999998 0.0015468 0.000433286 -0.0015472 0.999998 0.0238356 0.0147125 0.0825509
FixedParameters: 0 0 0

#Transform 44
Transform: AffineTransform_float_3_3
Parameters: 1 -0.000461621 -0.000285614 0.000461378 0.999999 0.00132887 0.000284387 -0.00132913 0.999999 0.0188153 0.0220418 0.0983261
FixedParameters: 0 0 0

#Transform 45
Transform: AffineTransform_float_3_3
Parameters: 1 -0.0004616 -0.00031858 0.0004614 0.999999 0.00125585 0.000318421 -0.00125615 0.999999 0.0199506 0.0505803 0.0786862
FixedParameters: 0 0 0

#Transform 46
Transform: AffineTransform_float_3_3
Parameters: 1 -0.000461898 -7.76075e-05 0.000461102 0.999999 0.00131496 7.73937e-05 -0.00131504 0.999999 0.000989784 0.0252817 0.0782543
FixedParameters: 0 0 0

#Transform 47
Transform: AffineTransform_float_3_3
Parameters: 1 -0.000461354 -0.000491607 0.000461645 0.999999 0.00131477 0.000490393 -0.00131523 0.999999 0.0164355 0.0382054 0.0802263
FixedParameters: 0 0 0

#Transform 48
Transform: AffineTransform_float_3_3
Parameters: 1 -0.000461494 -0.000318733 0.000461506 0.999998 0.00158785 0.000318267 -0.00158815 0.999998 -0.00140057 0.0396822 0.082407
FixedParameters: 0 0 0

#Transform 49
Transform: AffineTransform_float_3_3
Parameters: 1 -0.000462025 9.91335e-06 0.000461975 0.999997 0.00235201 -1.10866e-05 -0.002352 0.999997 -0.0188604 -0.0150157 0.112209
FixedParameters: 0 0 0

#Transform 50
Transform: AffineTransform_float_3_3
Parameters: 1 -0.000461381 -0.00027006 0.000461619 0.999998 0.00229588 0.000268941 -0.00229613 0.999998 -0.00178306 -0.0337301 0.108781
FixedParameters: 0 0 0

#Transform 51
Transform: AffineTransform_float_3_3
Parameters: 1 0.00012127 0.000274324 -0.000122732 0.999996 0.00266297 -0.000274674 -0.00266303 0.999997 -0.00659697 0.0899525 0.0987224
FixedParameters: 0 0 0

#Transform 52
Transform: AffineTransform_float_3_3
Parameters: 1 0.00010396 1.1373e-05 -0.000104042 0.999993 0.003587 -1.16269e-05 -0.003587 0.999993 -0.0204245 -0.117955 0.138026
FixedParameters: 0 0 0

#Transform 53
Transform: AffineTransform_float_3_3
Parameters: 1 2.19644e-05 1.1071e-05 -2.20354e-05 0.999995 0.00323 -1.09289e-05 -0.00323 0.999995 -0.021938 -0.0560657 0.144749
FixedParameters: 0 0 0

#Transform 54
Transform: AffineTransform_float_3_3
Parameters: 1 -0.000332033 9.93588e-06 0.000331966 0.999995 0.003205 -1.1064e-05 -0.003205 0.999995 -0.0148009 -0.0262807 0.133511
FixedParameters: 0 0 0

#Transform 55
Transform: AffineTransform_float_3_3
Parameters: 1 2.19668e-05 1.10662e-05 -2.2033e-05 0.999996 0.003012 -1.09337e-05 -0.003012 0.999996 -0.018832 0.000813744 0.122566
FixedParameters: 0 0 0

#Transform 56
Transform: AffineTransform_float_3_3
Parameters: 1 0.000220058 0.000254817 -0.000220943 0.999993 0.00370294 -0.000254184 -0.00370306 0.999993 -0.0310022 -0.0170258 0.141377
FixedParameters: 0 0 0

#Transform 57
Transform: AffineTransform_float_3_3
Parameters: 1 2.19628e-05 1.10741e-05 -2.2037e-05 0.999995 0.003371 -1.09258e-05 -0.003371 0.999995 -0.0223247 -0.0337328 0.125614
FixedParameters: 0 0 0

#Transform 58
Transform: AffineTransform_float_3_3
Parameters: 1 -0.000116032 1.06531e-05 0.000116967 0.999995 0.00299 -1.13498e-05 -0.00299 0.999995 -0.0145078 -0.0200725 0.131007
FixedParameters: 0 0 0

#Transform 59
Transform: AffineTransform_float_3_3
Parameters: 1 -0.000104522 -0.000548284 0.00010548 0.999997 0.00269594 0.000548718 -0.00269606 0.999996 0.00612722 -0.0103609 0.14245
FixedParameters: 0 0 0

#Transform 60
Transform: AffineTransform_float_3_3
Parameters: 1 2.30917e-05 -0.000422942 -2.19081e-05 0.999996 0.00258101 0.000423058 -0.00258099 0.999996 -0.0149663 0.0634005 0.178519
FixedParameters: 0 0 0

#Transform 61
Transform: AffineTransform_float_3_3
Parameters: 1 -0.000147037 -0.000423336 0.000148962 0.999998 0.00227494 0.000422662 -0.00227506 0.999998 0.0047109 0.050987 0.145578
FixedParameters: 0 0 0

#Transform 62
Transform: AffineTransform_float_3_3
Parameters: 1 -0.000331099 -0.00041472 0.000331901 0.999997 0.00217286 0.000414279 -0.00217314 0.999997 0.00317901 0.0331715 0.174033
FixedParameters: 0 0 0

#Transform 63
Transform: AffineTransform_float_3_3
Parameters: 1 -0.000381737 -0.00050895 0.000383263 0.999997 0.0024838 0.00050805 -0.00248319 0.999997 0.0100154 0.0344655 0.169844
FixedParameters: 0 0 0

#Transform 64
Transform: AffineTransform_float_3_3
Parameters: 1 -0.000477232 -0.000441832 0.000477769 0.999999 0.00174079 0.000441169 -0.00174121 0.999999 0.0135436 0.0921407 0.169308
FixedParameters: 0 0 0

#Transform 65
Transform: AffineTransform_float_3_3
Parameters: 0.999999 -0.000471227 -0.000621587 0.000471774 0.999999 0.00124471 0.000621413 -0.00124429 0.999999 0.0190252 0.110923 0.142833
FixedParameters: 0 0 0

#Transform 66
Transform: AffineTransform_float_3_3
Parameters: 0.999999 -0.000654409 -0.00037204 0.00065459 0.999998 0.00158876 0.00037096 -0.00158924 0.999998 0.023904 0.113479 0.167148
FixedParameters: 0 0 0

#Transform 67
Transform: AffineTransform_float_3_3
Parameters: 1 -0.000511066 -0.000487979 0.000512933 0.999998 0.00191475 0.000487018 -0.00191525 0.999998 0.026084 0.106946 0.0583592
FixedParameters: 0 0 0

#Transform 68
Transform: AffineTransform_float_3_3
Parameters: 1 -0.000413144 -0.000510694 0.000413856 0.999998 0.00167679 0.000510307 -0.00167721 0.999999 0.0184488 0.0838921 -0.0128004
FixedParameters: 0 0 0

#Transform 69
Transform: AffineTransform_float_3_3
Parameters: 0.999999 -0.00041304 -0.000762521 0.00041396 0.999999 0.00125968 0.000761479 -0.00125932 0.999999 0.0221661 0.0853197 0.00153967
FixedParameters: 0 0 0

#Transform 70
Transform: AffineTransform_float_3_3
Parameters: 1 -0.000413431 -0.000452521 0.000413569 0.999999 0.00125981 0.00045148 -0.00125919 0.999999 0.00617527 0.0943181 -0.0103646
FixedParameters: 0 0 0

#Transform 71
Transform: AffineTransform_float_3_3
Parameters: 0.999999 -0.000412987 -0.000804521 0.000414014 0.999999 0.00125967 0.000804479 -0.00125933 0.999999 0.0146545 0.0873083 -0.00823409
FixedParameters: 0 0 0

#Transform 72
Transform: AffineTransform_float_3_3
Parameters: 1 -0.000413502 -0.000395521 0.000413499 0.999999 0.00125984 0.000395479 -0.00126016 0.999999 0.00110407 0.0923605 0.0114318
FixedParameters: 0 0 0

#Transform 73
Transform: AffineTransform_float_3_3
Parameters: 1 -0.000413288 -0.000395745 0.000413713 0.999999 0.00180184 0.000395255 -0.00180216 0.999999 0.00124335 0.0995058 0.0690526
FixedParameters: 0 0 0

#Transform 74
Transform: AffineTransform_float_3_3
Parameters: 1 -0.000413211 -0.000395825 0.000413789 0.999998 0.00199384 0.000395176 -0.00199416 0.999998 -0.00607003 0.0708726 0.046872
FixedParameters: 0 0 0

#Transform 75
Transform: AffineTransform_float_3_3
Parameters: 1 -0.000413467 -0.000395557 0.000413533 0.999999 0.00134684 0.000395443 -0.00134716 0.999999 -0.00537468 0.127058 0.00986893
FixedParameters: 0 0 0

#Transform 76
Transform: AffineTransform_float_3_3
Parameters: 1 -0.000413322 -0.00039571 0.000413679 0.999999 0.00171584 0.000395291 -0.00171617 0.999999 -0.00620766 0.0971572 0.0285041
FixedParameters: 0 0 0

#Transform 77
Transform: AffineTransform_float_3_3
Parameters: 1 -0.000413265 -0.00039577 0.000413736 0.999998 0.00186084 0.000395231 -0.00186016 0.999998 -0.0152504 0.05172 0.0324854
FixedParameters: 0 0 0

#Transform 78
Transform: AffineTransform_float_3_3
Parameters: 1 -9.53746e-05 -0.000395151 9.66251e-05 0.999998 0.00158296 0.000394847 -0.00158304 0.999998 -0.0136889 0.0958873 0.0261026
FixedParameters: 0 0 0

#Transform 79
Transform: AffineTransform_float_3_3
Parameters: 0.999999 -0.00041262 -0.000824691 0.000413377 0.999998 0.00167266 0.000823309 -0.00167334 0.999999 0.00447521 0.0943875 0.0399419
FixedParameters: 0 0 0

#Transform 80
Transform: AffineTransform_float_3_3
Parameters: 1 -0.000413361 -0.000395668 0.000413639 0.999998 0.00161584 0.000395332 -0.00161616 0.999998 -0.00495713 0.11661 0.0498265
FixedParameters: 0 0 0

#Transform 81
Transform: AffineTransform_float_3_3
Parameters: 1 -0.000174301 -0.000395309 0.0001747 0.999999 0.00176793 0.000395692 -0.00176807 0.999999 -0.00720018 0.0811681 0.0624928
FixedParameters: 0 0 0

#Transform 82
Transform: AffineTransform_float_3_3
Parameters: 1 -0.000101956 -0.000613175 0.000103044 0.999998 0.00170294 0.000612826 -0.00170206 0.999999 -0.0180789 0.0843219 0.0724878
FixedParameters: 0 0 0

#Transform 83
Transform: AffineTransform_float_3_3
Parameters: 1 -0.000413055 -0.000472827 0.000413945 0.999998 0.0019998 0.000472173 -0.0020002 0.999998 -0.0192717 0.085615 0.0827908
FixedParameters: 0 0 0

#Transform 84
Transform: AffineTransform_float_3_3
Parameters: 1 -0.000117809 -0.000505279 0.00011819 0.999997 0.00235694 0.000504723 -0.00235706 0.999997 -0.0214929 0.0583459 0.0882521
FixedParameters: 0 0 0

#Transform 85
Transform: AffineTransform_float_3_3
Parameters: 1 -0.000173167 -0.000395366 0.000173834 0.999998 0.00210793 0.000395634 -0.00210807 0.999997 -0.0245543 0.0889961 0.0889483
FixedParameters: 0 0 0

#Transform 86
Transform: AffineTransform_float_3_3
Parameters: 1 -0.000101924 -0.000463238 0.000103076 0.999998 0.00232395 0.000462762 -0.00232405 0.999997 -0.0186152 0.0702581 0.0873163
FixedParameters: 0 0 0

#Transform 87
Transform: AffineTransform_float_3_3
Parameters: 0.999999 -0.000412341 -0.000603137 0.000413658 0.999996 0.00275275 0.000601863 -0.00275325 0.999996 -0.014959 0.0498697 0.107467
FixedParameters: 0 0 0

#Transform 88
Transform: AffineTransform_float_3_3
Parameters: 1 -0.000215038 -0.000395525 0.000215963 0.999997 0.00243391 0.000395475 -0.00243409 0.999997 -0.0241536 0.0850795 0.126789
FixedParameters: 0 0 0

#Transform 89
Transform: AffineTransform_float_3_3
Parameters: 1 -0.000210312 -0.000226641 0.000210689 0.999996 0.00304095 0.00022636 -0.00304105 0.999996 -0.0329151 0.0777721 0.138108
FixedParameters: 0 0 0

#Transform 90
Transform: AffineTransform_float_3_3
Parameters: 1 -0.000413086 -0.000267417 0.000413912 0.999994 0.00342589 0.000265583 -0.00342611 0.999994 -0.026252 0.0382999 0.142636
FixedParameters: 0 0 0

#Transform 91
Transform: AffineTransform_float_3_3
Parameters: 1 -0.000278566 -0.000454881 0.000280435 0.999995 0.00315587 0.000454117 -0.00315613 0.999995 -0.0215105 0.0686976 0.149409
FixedParameters: 0 0 0

#Transform 92
Transform: AffineTransform_float_3_3
Parameters: 1 -0.000298221 -0.000626849 0.000299779 0.999996 0.00283881 0.000626151 -0.00283919 0.999996 -0.0154235 0.103263 0.146071
FixedParameters: 0 0 0

#Transform 93
Transform: AffineTransform_float_3_3
Parameters: 1 -0.000412527 -0.000455339 0.000413472 0.999994 0.00323981 0.000453662 -0.00324019 0.999994 -0.0199282 0.0590572 0.164016
FixedParameters: 0 0 0

#Transform 94
Transform: AffineTransform_float_3_3
Parameters: 1 -0.000464038 -0.000454982 0.000464961 0.999997 0.00211479 0.000454017 -0.00211521 0.999997 -0.0244333 0.103607 0.106316
FixedParameters: 0 0 0

#Transform 95
Transform: AffineTransform_float_3_3
Parameters: 1 -0.00024971 -0.000454711 0.000250291 0.999996 0.00283889 0.000454291 -0.00283911 0.999996 -0.0296504 0.0716794 0.147265
FixedParameters: 0 0 0

#Transform 96
Transform: AffineTransform_float_3_3
Parameters: 1 2.2889e-06 -0.000453995 -7.11086e-07 0.999996 0.002839 0.000454004 -0.002839 0.999996 -0.042297 0.0984097 0.152043
FixedParameters: 0 0 0

#Transform 97
Transform: AffineTransform_float_3_3
Parameters: 1 -0.000413098 -0.00028531 0.000413901 0.999995 0.00316788 0.00028369 -0.00316812 0.999995 -0.0256392 0.0620902 0.138659
FixedParameters: 0 0 0

#Transform 98
Transform: AffineTransform_float_3_3
Parameters: 1 -0.000413699 -9.33413e-05 0.000413302 0.999994 0.00324096 9.26609e-05 -0.00324104 0.999994 -0.0320777 0.0584427 0.12195
FixedParameters: 0 0 0

#Transform 99
Transform: AffineTransform_float_3_3
Parameters: 1 -0.000233406 -0.000151916 0.000234594 0.999993 0.00392097 0.000151081 -0.00392104 0.999993 -0.0322062 0.0522855 0.180444
FixedParameters: 0 0 0

#Transform 100
Transform: AffineTransform_float_3_3
Parameters: 1 0.000206213 0.000351056 -0.000207787 0.999987 0.00509893 -0.000349945 -0.00509907 0.999987 -0.0540403 0.0945815 0.281248
FixedParameters: 0 0 0

#Transform 101
Transform: AffineTransform_float_3_3
Parameters: 1 1.27025e-05 0.000417076 -1.42971e-05 0.999985 0.00550899 -0.000416927 -0.005509 0.999984 -0.0578746 -0.027334 0.256097
FixedParameters: 0 0 0

#Transform 102
Transform: AffineTransform_float_3_3
Parameters: 1 0.000204999 0.000546136 -0.000208006 0.999985 0.00550088 -0.000545864 -0.00550111 0.999984 -0.0606404 -0.0075198 0.266801
FixedParameters: 0 0 0

#Transform 103
Transform: AffineTransform_float_3_3
Parameters: 1 0.000207335 0.000128084 -0.000207665 0.999987 0.00521798 -0.000126918 -0.00521803 0.999987 -0.0465635 0.0581879 0.239475
FixedParameters: 0 0 0

#Transform 104
Transform: AffineTransform_float_3_3
Parameters: 1 -4.44198e-05 8.07705e-05 4.3579e-05 0.999986 0.00519 -8.12272e-05 -0.00518999 0.999986 -0.0421123 0.0466207 0.228932
FixedParameters: 0 0 0

#Transform 105
Transform: AffineTransform_float_3_3
Parameters: 1 -0.000102087 1.5433e-05 0.000101909 0.999984 0.005556 -1.65665e-05 -0.00555599 0.999984 -0.0492509 0.0061014 0.244052
FixedParameters: 0 0 0

#Transform 106
Transform: AffineTransform_float_3_3
Parameters: 1 1.29225e-05 1.60627e-05 -1.30772e-05 0.999989 0.004836 -1.59369e-05 -0.004836 0.999989 -0.0406218 0.0743643 0.222807
FixedParameters: 0 0 0

#Transform 107
Transform: AffineTransform_float_3_3
Parameters: 1 -3.00734e-05 1.58616e-05 2.9926e-05 0.99999 0.004608 -1.61381e-05 -0.004608 0.99999 -0.0401465 0.0619471 0.233242
FixedParameters: 0 0 0

#Transform 108
Transform: AffineTransform_float_3_3
Parameters: 1 -3.00669e-05 1.58739e-05 2.99325e-05 0.999991 0.0042 -1.61259e-05 -0.0042 0.999991 -0.0501341 0.0784234 0.225671
FixedParameters: 0 0 0

#Transform 109
Transform: AffineTransform_float_3_3
Parameters: 1 -2.79662e-05 -0.000516114 3.00333e-05 0.999992 0.00394099 0.000515886 -0.00394102 0.999992 -0.0222028 0.107219 0.224877
FixedParameters: 0 0 0

#Transform 110
Transform: AffineTransform_float_3_3
Parameters: 1 -2.84542e-05 -0.000382118 2.95453e-05 0.999992 0.00404599 0.000381883 -0.00404601 0.999991 -0.0345988 0.104274 0.223587
FixedParameters: 0 0 0

#Transform 111
Transform: AffineTransform_float_3_3
Parameters: 1 -2.81112e-05 -0.000467117 2.98883e-05 0.999992 0.00404398 0.000466883 -0.00404401 0.999991 -0.023852 0.109352 0.258714
FixedParameters: 0 0 0

#Transform 112
Transform: AffineTransform_float_3_3
Parameters: 1 -2.88849e-05 -0.000291113 3.01146e-05 0.999992 0.00383099 0.000290887 -0.00383101 0.999992 -0.0297718 0.127089 0.257356
FixedParameters: 0 0 0

#Transform 113
Transform: AffineTransform_float_3_3
Parameters: 1 -0.000215063 1.51304e-05 0.000215938 0.999992 0.004044 -1.58734e-05 -0.004044 0.999992 -0.0480946 0.123648 0.240777
FixedParameters: 0 0 0

#Transform 114
Transform: AffineTransform_float_3_3
Parameters: 0.999999 -0.000439056 -0.000608407 0.000440945 0.999995 0.00319773 0.000607593 -0.00319827 0.999994 -0.0144511 0.134491 0.234344
FixedParameters: 0 0 0

#Transform 115
Transform: AffineTransform_float_3_3
Parameters: 1 -0.000246566 -9.41436e-05 0.000247433 0.999989 0.00463398 9.28544e-05 -0.00463403 0.99999 -0.0340292 0.0875596 0.278566
FixedParameters: 0 0 0

#Transform 116
Transform: AffineTransform_float_3_3
Parameters: 1 -3.06305e-05 0.000135859 2.93689e-05 0.999989 0.00463801 -0.000136138 -0.004638 0.999989 -0.0479916 0.101621 0.277354
FixedParameters: 0 0 0

#Transform 117
Transform: AffineTransform_float_3_3
Parameters: 0.999999 -0.000686266 0.0010619 0.000682734 0.999995 0.00307273 -0.0010641 -0.00307227 0.999994 -0.0243368 0.133657 0.328769
FixedParameters: 0 0 0

#Transform 118
Transform: AffineTransform_float_3_3
Parameters: 0.999999 -1.49458e-05 0.00105001 1.60542e-05 1 -0.00100398 -0.00104998 0.00100402 0.999999 -0.0571635 0.277141 0.224884
FixedParameters: 0 0 0

#Transform 119
Transform: AffineTransform_float_3_3
Parameters: 1 8e-05 4.512e-08 -8e-05 1 0.000564 4.512e-08 -0.000564 1 -0.0416293 0.202118 0.18456
FixedParameters: 0 0 0
