#!ascii label  , from subject sub-v1s8x0051334_ses-1 vox2ras=TkReg
701
60500  -30.625  -16.642  -0.069 0.0000000000
63661  -27.468  -12.858  -2.440 0.0000000000
73638  -26.327  0.315  -19.506 0.0000000000
68873  -30.466  -5.999  -11.901 0.0000000000
65926  -33.111  -9.055  -11.601 0.0000000000
65105  -32.134  -9.915  -3.774 0.0000000000
76350  -23.158  2.744  -21.077 0.0000000000
67359  -31.361  -6.430  -11.654 0.0000000000
65898  -29.709  -9.320  -8.402 0.0000000000
61359  -29.568  -15.120  -2.249 0.0000000000
63664  -30.465  -11.747  -3.524 0.0000000000
62869  -30.666  -13.139  -1.254 0.0000000000
55629  -25.885  -21.858  0.123 0.0000000000
58867  -27.009  -17.675  -1.948 0.0000000000
82415  -26.386  8.507  -14.596 0.0000000000
82437  -23.103  7.796  -18.944 0.0000000000
79359  -25.008  5.128  -20.896 0.0000000000
76361  -27.473  2.953  -21.261 0.0000000000
137503  -27.433  2.857  -19.401 0.0000000000
72673  -29.551  -0.706  -12.164 0.0000000000
72662  -31.273  -1.765  -10.687 0.0000000000
69775  -34.056  -4.820  -14.126 0.0000000000
154768  -34.857  -6.982  -15.124 0.0000000000
157251  -35.038  -6.843  -11.294 0.0000000000
65149  -30.857  -10.324  -6.250 0.0000000000
65899  -32.868  -9.891  -8.200 0.0000000000
66603  -29.753  -8.192  -8.255 0.0000000000
66587  -29.643  -8.086  -6.097 0.0000000000
60539  -29.499  -15.955  -2.091 0.0000000000
62116  -30.000  -14.500  -1.870 0.0000000000
61328  -30.861  -14.901  -0.597 0.0000000000
53189  -25.741  -25.767  2.479 0.0000000000
54032  -26.638  -24.679  2.648 0.0000000000
54811  -26.770  -23.793  2.376 0.0000000000
60572  -26.467  -16.440  -3.392 0.0000000000
58884  -25.235  -18.235  -3.385 0.0000000000
81405  -22.630  7.140  -20.187 0.0000000000
75445  -24.118  1.477  -21.015 0.0000000000
76358  -24.533  2.606  -22.241 0.0000000000
74565  -26.209  1.419  -21.661 0.0000000000
157615  -28.709  1.166  -21.149 0.0000000000
73647  -27.522  -0.046  -19.880 0.0000000000
69736  -30.563  -3.080  -10.729 0.0000000000
72661  -30.444  -1.568  -11.424 0.0000000000
69730  -31.990  -4.242  -10.603 0.0000000000
143140  -33.517  -4.497  -11.081 0.0000000000
68884  -32.176  -5.701  -11.875 0.0000000000
65937  -31.945  -7.705  -12.173 0.0000000000
67365  -33.622  -7.127  -13.674 0.0000000000
65945  -34.796  -7.183  -13.091 0.0000000000
66647  -36.991  -7.355  -14.507 0.0000000000
65204  -34.396  -8.391  -11.245 0.0000000000
138636  -27.667  -10.899  -2.870 0.0000000000
154536  -28.982  -9.980  -3.422 0.0000000000
64399  -29.508  -11.436  -3.362 0.0000000000
64416  -31.374  -10.720  -4.233 0.0000000000
65134  -31.746  -10.242  -5.764 0.0000000000
65863  -33.204  -9.288  -5.702 0.0000000000
66604  -33.436  -8.469  -8.442 0.0000000000
66578  -33.208  -8.462  -5.141 0.0000000000
55609  -27.011  -21.807  1.144 0.0000000000
56417  -25.778  -21.137  -0.339 0.0000000000
57206  -27.258  -20.410  0.517 0.0000000000
58007  -27.579  -19.541  0.257 0.0000000000
68848  -28.483  -5.985  -11.707 0.0000000000
68086  -31.014  -6.008  -12.050 0.0000000000
67355  -30.046  -6.239  -10.115 0.0000000000
65922  -30.369  -7.527  -9.245 0.0000000000
65200  -30.485  -9.418  -10.465 0.0000000000
62114  -28.629  -14.092  -2.279 0.0000000000
62899  -29.403  -12.236  -2.836 0.0000000000
62883  -29.516  -13.478  -2.114 0.0000000000
63645  -30.724  -11.964  -2.817 0.0000000000
64376  -31.361  -11.412  -1.912 0.0000000000
55597  -26.724  -22.607  1.369 0.0000000000
62128  -26.934  -14.528  -3.148 0.0000000000
61357  -27.576  -15.542  -2.813 0.0000000000
60538  -28.702  -16.247  -2.336 0.0000000000
59729  -29.261  -17.126  -1.220 0.0000000000
84373  -26.275  10.412  -14.085 0.0000000000
81332  -26.362  7.577  -14.202 0.0000000000
82427  -26.574  7.851  -16.686 0.0000000000
82465  -23.905  7.712  -19.644 0.0000000000
80359  -25.258  6.628  -21.563 0.0000000000
79361  -26.881  5.335  -22.223 0.0000000000
77312  -23.667  4.125  -21.474 0.0000000000
78326  -26.176  4.091  -21.140 0.0000000000
78329  -28.357  4.327  -22.410 0.0000000000
77321  -30.460  3.594  -22.489 0.0000000000
76353  -29.281  2.534  -20.853 0.0000000000
76324  -27.946  3.958  -17.550 0.0000000000
153506  -27.111  3.236  -15.175 0.0000000000
74506  -28.019  2.168  -13.392 0.0000000000
144377  -28.010  3.161  -14.096 0.0000000000
75360  -29.452  1.338  -11.715 0.0000000000
71692  -32.696  -2.545  -9.456 0.0000000000
70769  -33.914  -3.570  -15.357 0.0000000000
68091  -33.016  -5.980  -13.051 0.0000000000
153788  -33.541  -5.826  -15.381 0.0000000000
137282  -29.832  -9.218  -5.098 0.0000000000
65162  -29.903  -10.714  -7.772 0.0000000000
65184  -30.636  -11.065  -9.197 0.0000000000
64427  -30.741  -10.857  -4.662 0.0000000000
65164  -31.314  -10.554  -7.560 0.0000000000
65187  -33.306  -9.991  -10.003 0.0000000000
65909  -34.139  -9.439  -10.464 0.0000000000
67340  -33.958  -6.833  -9.886 0.0000000000
58051  -26.844  -18.627  -1.630 0.0000000000
58847  -28.292  -18.306  -0.950 0.0000000000
58818  -29.917  -18.086  0.597 0.0000000000
60523  -29.996  -16.001  -1.458 0.0000000000
61327  -30.398  -15.437  -1.075 0.0000000000
60511  -30.844  -15.730  -0.353 0.0000000000
61314  -31.246  -15.199  0.143 0.0000000000
60501  -31.162  -16.014  0.382 0.0000000000
53172  -27.156  -25.822  3.659 0.0000000000
53190  -26.472  -25.582  2.977 0.0000000000
53191  -27.147  -24.985  3.296 0.0000000000
74556  -25.177  1.130  -20.591 0.0000000000
74560  -24.584  1.148  -21.150 0.0000000000
73645  -25.991  0.599  -20.423 0.0000000000
73650  -26.727  0.784  -20.659 0.0000000000
73642  -26.832  -0.045  -19.661 0.0000000000
143781  -29.827  -6.030  -11.961 0.0000000000
68850  -30.693  -4.858  -10.369 0.0000000000
68861  -31.136  -5.110  -10.982 0.0000000000
70739  -31.148  -3.815  -10.630 0.0000000000
68862  -31.991  -5.138  -11.110 0.0000000000
155570  -32.326  -5.462  -11.629 0.0000000000
68874  -31.427  -5.473  -11.410 0.0000000000
65931  -32.206  -8.415  -12.152 0.0000000000
65938  -32.953  -7.808  -12.291 0.0000000000
65932  -33.432  -8.356  -11.969 0.0000000000
65210  -34.664  -7.263  -12.092 0.0000000000
65205  -34.164  -9.168  -11.499 0.0000000000
64397  -27.526  -11.915  -2.705 0.0000000000
64398  -28.419  -11.524  -2.673 0.0000000000
65118  -32.013  -10.189  -4.356 0.0000000000
65862  -32.451  -9.786  -5.185 0.0000000000
65848  -32.559  -9.546  -4.348 0.0000000000
141247  -33.444  -8.731  -6.066 0.0000000000
65849  -32.984  -9.209  -4.910 0.0000000000
159369  -33.018  -8.276  -4.432 0.0000000000
65835  -32.466  -9.284  -3.574 0.0000000000
56400  -27.334  -21.150  0.968 0.0000000000
68051  -29.014  -6.418  -9.805 0.0000000000
68068  -28.826  -6.306  -11.054 0.0000000000
67338  -28.808  -6.949  -10.074 0.0000000000
65916  -29.540  -8.426  -9.565 0.0000000000
65198  -30.095  -8.238  -9.209 0.0000000000
65199  -30.249  -8.344  -9.508 0.0000000000
64472  -28.711  -10.773  -9.608 0.0000000000
62130  -29.298  -14.480  -2.249 0.0000000000
62868  -30.233  -13.731  -1.520 0.0000000000
62885  -30.243  -12.700  -2.163 0.0000000000
63630  -30.791  -12.334  -1.789 0.0000000000
63646  -31.074  -11.813  -2.173 0.0000000000
63631  -31.244  -12.014  -1.382 0.0000000000
63617  -31.156  -12.699  -0.888 0.0000000000
52349  -25.405  -26.522  2.630 0.0000000000
51495  -25.174  -27.334  2.870 0.0000000000
54823  -27.153  -23.020  1.983 0.0000000000
55586  -27.762  -22.565  2.362 0.0000000000
61379  -26.919  -15.334  -3.264 0.0000000000
58886  -26.688  -17.462  -2.784 0.0000000000
59767  -26.924  -16.723  -2.851 0.0000000000
59749  -27.417  -17.071  -2.374 0.0000000000
59750  -28.253  -16.891  -2.127 0.0000000000
155911  -27.767  -17.420  -1.871 0.0000000000
156484  -26.319  9.116  -12.845 0.0000000000
83406  -26.269  9.736  -13.399 0.0000000000
83411  -26.317  9.453  -14.265 0.0000000000
83421  -26.599  9.527  -15.700 0.0000000000
135155  -26.366  9.222  -14.997 0.0000000000
81385  -24.893  7.486  -18.909 0.0000000000
81375  -25.575  6.968  -17.943 0.0000000000
81386  -25.358  7.550  -18.952 0.0000000000
82446  -25.675  7.883  -18.930 0.0000000000
132227  -25.242  7.804  -18.905 0.0000000000
84411  -23.602  8.774  -18.917 0.0000000000
83465  -22.568  8.583  -19.630 0.0000000000
80354  -24.422  6.184  -21.256 0.0000000000
139202  -24.837  6.701  -20.353 0.0000000000
135904  -25.489  6.123  -21.718 0.0000000000
144758  -26.270  6.046  -22.242 0.0000000000
151851  -23.088  3.477  -21.052 0.0000000000
134037  -25.851  2.675  -22.064 0.0000000000
77317  -25.864  3.495  -21.294 0.0000000000
159885  -26.727  3.458  -21.196 0.0000000000
78328  -27.674  4.734  -22.316 0.0000000000
77318  -27.663  3.837  -21.643 0.0000000000
78330  -29.175  4.246  -23.005 0.0000000000
76362  -28.871  3.006  -21.613 0.0000000000
74558  -28.678  1.034  -20.369 0.0000000000
75447  -29.206  2.083  -20.867 0.0000000000
75446  -28.877  1.840  -20.559 0.0000000000
76344  -27.395  3.266  -19.364 0.0000000000
75431  -27.960  3.794  -18.942 0.0000000000
71700  -29.993  -2.121  -11.235 0.0000000000
71708  -29.548  -1.121  -11.776 0.0000000000
138802  -28.222  1.019  -12.970 0.0000000000
74521  -27.604  3.103  -14.465 0.0000000000
74507  -28.764  0.146  -12.714 0.0000000000
73575  -30.252  -0.732  -11.765 0.0000000000
74496  -29.839  -0.054  -12.033 0.0000000000
74478  -29.577  0.622  -11.998 0.0000000000
75371  -29.025  1.446  -12.285 0.0000000000
74480  -30.726  -0.370  -10.958 0.0000000000
73561  -31.466  -0.946  -10.276 0.0000000000
72645  -32.021  -1.847  -9.764 0.0000000000
69750  -34.299  -4.698  -12.598 0.0000000000
69740  -34.270  -4.390  -11.717 0.0000000000
69764  -34.662  -4.415  -13.540 0.0000000000
70753  -35.052  -3.791  -13.225 0.0000000000
70761  -33.695  -4.357  -14.896 0.0000000000
67362  -31.581  -6.040  -12.065 0.0000000000
68087  -31.773  -6.386  -12.885 0.0000000000
68088  -32.536  -6.052  -12.710 0.0000000000
67369  -34.499  -7.234  -14.553 0.0000000000
68093  -33.618  -6.407  -14.768 0.0000000000
68097  -34.191  -6.252  -15.414 0.0000000000
68904  -33.721  -5.357  -16.098 0.0000000000
68905  -34.837  -5.480  -16.206 0.0000000000
67357  -35.834  -6.134  -13.102 0.0000000000
68061  -35.333  -6.213  -11.054 0.0000000000
66555  -29.005  -8.686  -3.496 0.0000000000
65861  -30.359  -9.928  -5.703 0.0000000000
151712  -30.434  -10.201  -6.927 0.0000000000
64465  -29.675  -11.481  -8.865 0.0000000000
65174  -30.495  -11.070  -8.262 0.0000000000
63663  -30.025  -12.129  -3.446 0.0000000000
63662  -30.014  -12.029  -3.624 0.0000000000
63675  -30.347  -11.500  -3.977 0.0000000000
65890  -32.775  -9.832  -7.232 0.0000000000
65151  -32.050  -10.273  -6.855 0.0000000000
65165  -32.162  -10.221  -7.849 0.0000000000
65176  -32.411  -10.458  -8.802 0.0000000000
65177  -33.063  -10.052  -9.140 0.0000000000
65188  -34.017  -9.973  -10.495 0.0000000000
65908  -33.423  -9.609  -9.785 0.0000000000
135984  -33.514  -7.452  -8.231 0.0000000000
152769  -33.501  -7.687  -9.216 0.0000000000
68046  -33.658  -6.628  -8.804 0.0000000000
58008  -28.408  -19.170  0.622 0.0000000000
58022  -27.926  -18.880  -0.259 0.0000000000
58817  -29.241  -18.586  0.591 0.0000000000
58830  -29.352  -17.881  0.008 0.0000000000
66610  -29.987  -7.876  -8.876 0.0000000000
67322  -29.564  -7.925  -7.203 0.0000000000
66596  -29.834  -8.710  -6.762 0.0000000000
61341  -30.046  -15.327  -1.816 0.0000000000
62099  -30.379  -14.678  -1.322 0.0000000000
62100  -30.744  -14.040  -0.832 0.0000000000
62858  -31.209  -13.479  -0.471 0.0000000000
62087  -31.326  -14.314  -0.046 0.0000000000
62074  -31.516  -14.761  0.674 0.0000000000
134336  -26.002  -26.248  2.943 0.0000000000
139745  -25.675  -23.779  1.210 0.0000000000
54044  -26.047  -24.342  1.923 0.0000000000
54033  -27.248  -24.174  3.001 0.0000000000
155791  -26.149  -16.171  -3.776 0.0000000000
59786  -25.542  -16.867  -3.862 0.0000000000
156082  -25.565  -17.554  -3.507 0.0000000000
58885  -26.054  -17.922  -3.143 0.0000000000
82404  -26.348  8.215  -12.720 0.0000000000
81372  -21.342  7.945  -18.751 0.0000000000
82464  -22.186  7.826  -20.100 0.0000000000
81394  -20.976  7.251  -19.741 0.0000000000
141947  -22.010  7.088  -19.983 0.0000000000
79354  -23.723  5.737  -21.222 0.0000000000
75449  -23.783  2.203  -21.432 0.0000000000
75450  -23.967  1.508  -21.443 0.0000000000
142447  -25.662  1.779  -22.133 0.0000000000
75455  -27.404  1.914  -21.464 0.0000000000
134979  -28.277  2.420  -21.318 0.0000000000
74566  -27.309  1.337  -21.331 0.0000000000
74567  -28.224  0.851  -21.147 0.0000000000
159218  -28.399  0.577  -19.956 0.0000000000
71709  -29.988  -1.479  -11.753 0.0000000000
136449  -30.942  -2.952  -10.773 0.0000000000
71702  -31.104  -2.324  -10.803 0.0000000000
70731  -32.349  -3.636  -10.344 0.0000000000
71691  -31.876  -2.720  -10.179 0.0000000000
69731  -32.961  -4.259  -10.651 0.0000000000
137636  -33.563  -4.901  -11.725 0.0000000000
69761  -33.275  -5.540  -12.674 0.0000000000
66638  -31.890  -7.244  -12.088 0.0000000000
66642  -32.553  -7.038  -12.466 0.0000000000
66639  -32.633  -7.341  -12.463 0.0000000000
66643  -33.795  -7.399  -13.428 0.0000000000
66649  -34.938  -7.321  -14.300 0.0000000000
67371  -36.627  -7.622  -15.024 0.0000000000
65946  -35.322  -7.025  -13.445 0.0000000000
65934  -35.434  -7.151  -12.617 0.0000000000
66627  -34.671  -7.512  -11.508 0.0000000000
65104  -28.581  -10.486  -3.055 0.0000000000
65117  -29.560  -10.552  -3.849 0.0000000000
65131  -30.236  -10.568  -4.657 0.0000000000
64428  -31.193  -10.633  -4.878 0.0000000000
136144  -31.757  -10.310  -4.904 0.0000000000
65877  -32.678  -9.814  -6.240 0.0000000000
155582  -33.156  -9.464  -7.644 0.0000000000
65900  -33.303  -9.411  -8.580 0.0000000000
65878  -33.305  -9.284  -6.735 0.0000000000
66588  -33.395  -8.246  -6.884 0.0000000000
67315  -33.329  -7.345  -6.667 0.0000000000
68026  -33.237  -6.854  -6.084 0.0000000000
67305  -33.297  -7.836  -6.022 0.0000000000
56399  -26.566  -21.274  0.440 0.0000000000
57223  -26.464  -20.406  -0.178 0.0000000000
57224  -26.992  -19.845  -0.088 0.0000000000
58021  -27.277  -19.345  -0.524 0.0000000000
144366  -27.965  -19.958  0.831 0.0000000000
68069  -29.188  -5.853  -11.084 0.0000000000
68872  -29.281  -6.061  -11.795 0.0000000000
69759  -29.933  -6.062  -12.719 0.0000000000
68890  -28.725  -5.938  -12.345 0.0000000000
67358  -29.997  -6.136  -10.810 0.0000000000
66635  -30.344  -6.271  -10.445 0.0000000000
66617  -29.401  -7.006  -9.571 0.0000000000
65927  -30.230  -6.671  -9.493 0.0000000000
66631  -30.907  -7.041  -11.061 0.0000000000
65929  -30.677  -7.467  -11.010 0.0000000000
65924  -30.802  -8.848  -11.288 0.0000000000
138045  -31.602  -9.948  -10.876 0.0000000000
62881  -28.153  -13.251  -2.178 0.0000000000
63644  -28.308  -12.472  -2.352 0.0000000000
62882  -29.112  -13.036  -2.238 0.0000000000
62900  -29.852  -12.517  -3.005 0.0000000000
62884  -29.900  -13.519  -1.984 0.0000000000
62901  -29.922  -12.665  -2.685 0.0000000000
64400  -30.982  -11.289  -3.528 0.0000000000
64386  -31.148  -11.302  -2.754 0.0000000000
135468  -31.497  -10.659  -2.470 0.0000000000
65092  -31.923  -9.826  -2.913 0.0000000000
62859  -31.614  -13.025  -0.138 0.0000000000
50740  -24.387  -27.767  2.623 0.0000000000
55607  -25.621  -22.600  0.252 0.0000000000
54822  -26.397  -23.425  1.639 0.0000000000
54839  -26.004  -22.997  0.949 0.0000000000
55608  -26.322  -22.203  0.699 0.0000000000
55599  -28.101  -21.847  1.994 0.0000000000
62897  -26.707  -13.398  -3.131 0.0000000000
62898  -27.595  -13.817  -2.504 0.0000000000
62129  -27.778  -14.854  -2.775 0.0000000000
61358  -28.674  -15.158  -2.538 0.0000000000
60554  -27.210  -16.077  -2.796 0.0000000000
60555  -28.216  -15.852  -2.612 0.0000000000
60556  -29.008  -15.690  -2.416 0.0000000000
60522  -29.528  -16.482  -1.524 0.0000000000
59730  -29.900  -16.732  -0.824 0.0000000000
84359  -26.056  9.934  -12.386 0.0000000000
140643  -26.348  7.420  -13.337 0.0000000000
143423  -26.449  7.683  -14.974 0.0000000000
81354  -26.461  7.271  -15.765 0.0000000000
82422  -26.589  8.406  -15.614 0.0000000000
82439  -26.202  8.396  -17.763 0.0000000000
82468  -23.281  7.516  -20.126 0.0000000000
81408  -25.960  6.922  -19.681 0.0000000000
81412  -25.682  7.549  -21.800 0.0000000000
80361  -26.604  6.793  -22.651 0.0000000000
79363  -27.182  6.358  -22.962 0.0000000000
153362  -28.512  5.988  -23.698 0.0000000000
78320  -23.380  5.035  -21.244 0.0000000000
78321  -23.931  5.015  -21.462 0.0000000000
77315  -24.202  3.401  -22.104 0.0000000000
136674  -25.741  4.031  -21.100 0.0000000000
151549  -25.908  4.963  -20.973 0.0000000000
79360  -25.990  5.159  -21.211 0.0000000000
78333  -28.734  5.128  -23.244 0.0000000000
140383  -30.815  4.748  -24.047 0.0000000000
77313  -30.690  3.232  -21.811 0.0000000000
76363  -29.415  2.914  -21.602 0.0000000000
76355  -30.267  3.018  -21.767 0.0000000000
74520  -27.322  2.879  -14.169 0.0000000000
74546  -26.946  2.285  -18.960 0.0000000000
73634  -27.147  2.761  -19.045 0.0000000000
74540  -27.577  3.972  -16.969 0.0000000000
143943  -27.717  3.947  -18.320 0.0000000000
73586  -29.314  -0.324  -12.438 0.0000000000
75408  -27.787  3.668  -15.323 0.0000000000
75421  -27.823  4.012  -17.446 0.0000000000
76301  -28.019  3.780  -14.938 0.0000000000
76284  -28.011  3.385  -14.194 0.0000000000
70732  -33.289  -3.634  -10.288 0.0000000000
70733  -34.186  -3.405  -10.493 0.0000000000
70747  -35.213  -3.091  -12.915 0.0000000000
144757  -34.663  -3.282  -14.685 0.0000000000
134928  -30.893  -5.954  -12.780 0.0000000000
69773  -31.803  -5.987  -11.945 0.0000000000
69784  -33.531  -5.267  -13.903 0.0000000000
68092  -33.273  -6.154  -13.762 0.0000000000
68898  -33.152  -5.952  -13.962 0.0000000000
69788  -33.264  -4.718  -15.142 0.0000000000
69789  -33.173  -4.190  -16.153 0.0000000000
67373  -37.330  -7.032  -14.942 0.0000000000
66577  -29.705  -8.337  -5.070 0.0000000000
135152  -29.930  -9.022  -5.969 0.0000000000
65834  -29.234  -9.501  -3.731 0.0000000000
65876  -30.079  -9.737  -6.909 0.0000000000
65173  -29.329  -10.501  -8.538 0.0000000000
64470  -28.978  -11.420  -9.363 0.0000000000
134759  -30.098  -10.557  -9.993 0.0000000000
64414  -30.096  -11.300  -4.053 0.0000000000
65132  -30.695  -10.540  -5.167 0.0000000000
65133  -31.032  -10.572  -5.565 0.0000000000
65150  -31.233  -10.465  -6.578 0.0000000000
65175  -31.483  -10.726  -8.515 0.0000000000
139629  -31.975  -10.591  -10.128 0.0000000000
65201  -32.880  -9.765  -11.018 0.0000000000
65197  -34.306  -9.943  -10.938 0.0000000000
65917  -34.438  -8.996  -11.006 0.0000000000
66620  -34.439  -7.785  -10.930 0.0000000000
66611  -33.478  -8.830  -9.488 0.0000000000
66618  -33.757  -8.148  -10.175 0.0000000000
67348  -34.893  -6.943  -11.006 0.0000000000
58866  -26.393  -18.228  -2.458 0.0000000000
155635  -26.974  -19.234  -1.119 0.0000000000
58039  -27.565  -18.800  -1.054 0.0000000000
58846  -27.712  -18.098  -1.476 0.0000000000
58848  -28.965  -17.792  -0.778 0.0000000000
59715  -29.521  -17.400  -0.602 0.0000000000
59716  -30.017  -17.382  -0.057 0.0000000000
55598  -27.479  -22.248  1.686 0.0000000000
58816  -28.635  -18.351  -0.043 0.0000000000
59728  -28.511  -17.506  -1.498 0.0000000000
59751  -28.988  -16.681  -1.845 0.0000000000
59766  -26.241  -17.146  -3.323 0.0000000000
59768  -27.788  -16.448  -2.520 0.0000000000
62115  -29.717  -14.249  -2.084 0.0000000000
62147  -26.397  -14.975  -3.836 0.0000000000
64401  -31.565  -10.582  -3.468 0.0000000000
64415  -30.778  -11.103  -4.103 0.0000000000
64426  -30.474  -10.957  -4.463 0.0000000000
64453  -29.918  -11.204  -8.229 0.0000000000
64464  -29.331  -11.355  -8.730 0.0000000000
64469  -28.742  -10.904  -9.281 0.0000000000
64471  -29.560  -11.301  -9.495 0.0000000000
64473  -29.039  -10.906  -10.108 0.0000000000
65163  -30.578  -10.549  -7.465 0.0000000000
65183  -28.689  -10.032  -9.538 0.0000000000
65185  -31.787  -10.817  -9.424 0.0000000000
65186  -32.585  -10.459  -9.640 0.0000000000
65192  -28.876  -9.841  -9.989 0.0000000000
65193  -29.631  -9.579  -10.168 0.0000000000
65194  -31.169  -10.439  -9.954 0.0000000000
65195  -32.733  -10.214  -10.331 0.0000000000
65196  -34.000  -10.139  -10.665 0.0000000000
65202  -34.178  -9.941  -11.164 0.0000000000
65203  -34.378  -9.523  -11.227 0.0000000000
65206  -34.268  -8.837  -11.491 0.0000000000
65207  -34.392  -7.663  -11.848 0.0000000000
65208  -34.937  -7.014  -12.171 0.0000000000
65209  -34.140  -8.133  -11.949 0.0000000000
65847  -29.790  -9.843  -4.569 0.0000000000
65889  -29.844  -8.935  -7.567 0.0000000000
65897  -28.930  -9.947  -9.123 0.0000000000
65906  -29.666  -8.960  -9.154 0.0000000000
65907  -29.826  -8.682  -8.954 0.0000000000
65915  -29.502  -8.001  -9.623 0.0000000000
65920  -30.020  -7.061  -9.496 0.0000000000
65921  -30.245  -7.333  -9.440 0.0000000000
65923  -30.419  -7.902  -10.220 0.0000000000
65925  -31.769  -9.200  -11.734 0.0000000000
65928  -30.620  -7.111  -10.127 0.0000000000
65930  -31.208  -8.163  -11.641 0.0000000000
65933  -34.772  -7.193  -11.757 0.0000000000
65935  -36.029  -7.168  -13.111 0.0000000000
65936  -31.228  -7.343  -11.479 0.0000000000
65939  -33.907  -7.955  -12.285 0.0000000000
65940  -34.354  -7.519  -12.536 0.0000000000
65941  -34.930  -7.074  -12.599 0.0000000000
65942  -35.482  -7.121  -12.924 0.0000000000
65943  -36.238  -7.121  -13.432 0.0000000000
65944  -34.120  -7.476  -13.020 0.0000000000
66556  -29.442  -8.699  -4.124 0.0000000000
66567  -32.937  -8.796  -4.212 0.0000000000
66597  -33.443  -8.107  -7.705 0.0000000000
66609  -29.671  -8.232  -9.292 0.0000000000
66619  -34.286  -8.549  -10.760 0.0000000000
66625  -29.380  -7.026  -9.675 0.0000000000
66626  -30.215  -6.728  -9.530 0.0000000000
66628  -30.118  -6.842  -10.114 0.0000000000
66629  -30.248  -6.435  -9.924 0.0000000000
66630  -30.435  -6.578  -10.261 0.0000000000
66632  -35.091  -7.146  -12.131 0.0000000000
66633  -35.605  -7.094  -12.943 0.0000000000
66634  -36.158  -6.967  -13.907 0.0000000000
66636  -30.867  -6.529  -11.135 0.0000000000
66637  -31.366  -6.855  -11.527 0.0000000000
66640  -33.413  -7.514  -12.786 0.0000000000
66641  -31.844  -6.965  -11.995 0.0000000000
66644  -34.421  -7.313  -13.651 0.0000000000
66645  -35.182  -7.215  -13.912 0.0000000000
66646  -35.964  -7.194  -13.902 0.0000000000
66648  -34.104  -7.278  -13.977 0.0000000000
66650  -35.959  -7.589  -14.766 0.0000000000
66651  -36.984  -7.646  -14.954 0.0000000000
67323  -33.437  -7.356  -7.384 0.0000000000
67337  -29.277  -7.131  -9.857 0.0000000000
67345  -29.037  -6.439  -10.396 0.0000000000
67346  -29.013  -6.530  -10.285 0.0000000000
67347  -34.279  -7.506  -10.639 0.0000000000
67353  -29.583  -6.912  -9.741 0.0000000000
67354  -35.338  -6.440  -11.507 0.0000000000
67356  -35.280  -6.662  -12.100 0.0000000000
67361  -37.320  -7.020  -14.875 0.0000000000
67363  -32.060  -7.065  -12.166 0.0000000000
67364  -33.053  -6.559  -12.961 0.0000000000
67366  -37.233  -7.275  -14.875 0.0000000000
67367  -33.350  -6.699  -13.533 0.0000000000
67368  -33.711  -6.937  -14.241 0.0000000000
67370  -35.646  -7.497  -14.979 0.0000000000
67372  -37.091  -7.413  -15.009 0.0000000000
68056  -28.260  -6.013  -11.829 0.0000000000
68057  -28.807  -6.180  -11.195 0.0000000000
68058  -28.899  -6.302  -10.844 0.0000000000
68059  -29.624  -5.893  -10.380 0.0000000000
68067  -28.398  -5.983  -11.797 0.0000000000
68074  -28.275  -6.169  -12.110 0.0000000000
68075  -29.460  -6.065  -10.952 0.0000000000
68081  -28.253  -6.023  -12.211 0.0000000000
68082  -29.781  -6.035  -10.951 0.0000000000
68083  -30.884  -6.250  -11.192 0.0000000000
68089  -37.157  -6.520  -15.037 0.0000000000
68090  -32.458  -6.034  -12.651 0.0000000000
68094  -35.781  -6.828  -15.364 0.0000000000
68096  -36.999  -6.489  -15.162 0.0000000000
68098  -35.343  -6.279  -15.716 0.0000000000
68858  -27.916  -5.965  -12.038 0.0000000000
68859  -29.973  -5.945  -10.778 0.0000000000
68860  -30.714  -5.629  -11.084 0.0000000000
68870  -28.025  -5.992  -12.105 0.0000000000
68871  -29.149  -5.938  -12.310 0.0000000000
68875  -33.028  -5.190  -11.643 0.0000000000
68881  -28.977  -6.328  -12.390 0.0000000000
68882  -30.157  -6.042  -12.221 0.0000000000
68883  -30.895  -6.006  -12.172 0.0000000000
68885  -33.119  -5.373  -12.052 0.0000000000
68891  -29.052  -6.108  -13.002 0.0000000000
68892  -29.833  -6.079  -12.857 0.0000000000
68893  -31.054  -6.059  -12.505 0.0000000000
68896  -32.152  -5.984  -12.753 0.0000000000
68897  -33.061  -5.833  -13.142 0.0000000000
68899  -33.361  -6.035  -14.906 0.0000000000
68901  -33.219  -5.521  -14.105 0.0000000000
68902  -33.270  -5.230  -15.013 0.0000000000
68903  -33.225  -5.210  -15.812 0.0000000000
69737  -30.931  -4.461  -10.523 0.0000000000
69738  -31.584  -4.737  -10.753 0.0000000000
69739  -32.645  -4.862  -11.054 0.0000000000
69746  -28.147  -5.925  -12.053 0.0000000000
69747  -28.382  -5.972  -11.883 0.0000000000
69748  -29.199  -5.612  -11.800 0.0000000000
69749  -33.632  -5.172  -12.422 0.0000000000
69751  -34.703  -4.266  -12.659 0.0000000000
69757  -28.386  -5.901  -12.399 0.0000000000
69758  -29.001  -5.884  -12.648 0.0000000000
69760  -32.080  -5.853  -12.017 0.0000000000
69762  -33.879  -5.197  -12.984 0.0000000000
69763  -34.248  -4.904  -13.172 0.0000000000
69771  -29.155  -5.999  -12.501 0.0000000000
69772  -30.064  -5.979  -12.967 0.0000000000
69774  -33.487  -5.312  -13.323 0.0000000000
69776  -34.241  -4.778  -14.011 0.0000000000
69783  -33.175  -5.803  -13.055 0.0000000000
70730  -31.441  -3.347  -10.544 0.0000000000
70738  -30.137  -2.767  -10.531 0.0000000000
70740  -33.838  -4.095  -10.844 0.0000000000
70760  -33.499  -4.768  -14.677 0.0000000000
70762  -34.395  -4.078  -14.495 0.0000000000
70767  -33.427  -4.675  -14.922 0.0000000000
70768  -33.383  -3.982  -15.484 0.0000000000
70774  -33.176  -3.788  -16.095 0.0000000000
71693  -33.611  -3.026  -9.591 0.0000000000
71701  -30.406  -2.266  -11.165 0.0000000000
71713  -35.130  -2.998  -13.843 0.0000000000
72674  -29.950  -1.074  -12.006 0.0000000000
72683  -29.034  -0.346  -12.577 0.0000000000
73576  -30.851  -1.081  -11.138 0.0000000000
73587  -29.726  -0.656  -12.147 0.0000000000
73633  -26.992  1.381  -19.307 0.0000000000
73639  -26.973  0.318  -19.435 0.0000000000
73640  -27.415  0.852  -19.507 0.0000000000
73641  -26.170  0.131  -19.793 0.0000000000
73643  -27.564  0.066  -19.664 0.0000000000
73644  -28.086  0.527  -19.734 0.0000000000
73646  -26.671  -0.043  -19.911 0.0000000000
73648  -28.254  0.334  -19.996 0.0000000000
73649  -25.943  1.049  -21.206 0.0000000000
73651  -27.346  0.358  -20.390 0.0000000000
73652  -28.053  0.443  -20.511 0.0000000000
73653  -26.782  1.157  -21.203 0.0000000000
73654  -27.565  0.806  -20.990 0.0000000000
74479  -30.169  0.136  -11.529 0.0000000000
74495  -29.176  0.369  -12.545 0.0000000000
74530  -27.296  3.652  -16.229 0.0000000000
74531  -27.577  3.709  -15.752 0.0000000000
74539  -27.222  3.070  -17.929 0.0000000000
74551  -26.752  1.205  -19.359 0.0000000000
74552  -27.562  1.765  -19.471 0.0000000000
74554  -25.891  0.558  -19.842 0.0000000000
74555  -28.209  1.068  -19.803 0.0000000000
74557  -25.567  0.859  -20.462 0.0000000000
74559  -29.038  1.485  -20.965 0.0000000000
74561  -25.191  0.991  -21.244 0.0000000000
74562  -28.542  0.815  -20.742 0.0000000000
74563  -24.463  1.253  -21.904 0.0000000000
74564  -25.280  1.280  -21.911 0.0000000000
75361  -29.953  0.929  -11.259 0.0000000000
75370  -28.242  2.432  -13.278 0.0000000000
75382  -28.461  1.168  -12.852 0.0000000000
75422  -28.135  4.125  -16.289 0.0000000000
75441  -25.253  2.166  -20.541 0.0000000000
75442  -28.100  1.974  -19.891 0.0000000000
75443  -22.925  2.664  -20.983 0.0000000000
75444  -23.399  1.976  -20.908 0.0000000000
75448  -29.792  2.944  -21.359 0.0000000000
75451  -29.471  2.676  -21.272 0.0000000000
75452  -24.142  1.831  -22.122 0.0000000000
75453  -24.932  1.845  -22.560 0.0000000000
75454  -26.437  1.817  -21.851 0.0000000000
75456  -28.264  1.434  -21.336 0.0000000000
75457  -28.981  2.083  -21.206 0.0000000000
76315  -28.421  4.074  -16.982 0.0000000000
76341  -24.369  3.514  -20.539 0.0000000000
76352  -28.063  2.764  -20.071 0.0000000000
76354  -23.712  3.093  -21.487 0.0000000000
76356  -30.705  3.145  -21.944 0.0000000000
76357  -24.071  2.574  -22.025 0.0000000000
76359  -25.243  2.699  -22.660 0.0000000000
76360  -26.614  2.529  -21.511 0.0000000000
76364  -30.050  2.933  -21.876 0.0000000000
77265  -28.092  4.058  -16.002 0.0000000000
77314  -31.046  3.775  -22.411 0.0000000000
77316  -24.559  3.520  -22.145 0.0000000000
77319  -28.577  3.654  -22.129 0.0000000000
77320  -29.523  3.490  -22.303 0.0000000000
78324  -24.063  4.235  -22.010 0.0000000000
78325  -24.844  4.649  -21.367 0.0000000000
78327  -26.800  4.395  -21.354 0.0000000000
78334  -29.889  4.948  -23.964 0.0000000000
79355  -24.127  5.802  -21.366 0.0000000000
79356  -24.811  6.081  -21.136 0.0000000000
79364  -27.778  5.582  -23.060 0.0000000000
80327  -21.010  6.655  -19.800 0.0000000000
80338  -21.081  6.578  -20.043 0.0000000000
80350  -23.105  6.723  -20.974 0.0000000000
80353  -23.867  6.170  -21.191 0.0000000000
80355  -25.216  6.722  -20.286 0.0000000000
80360  -25.917  6.794  -22.210 0.0000000000
81373  -22.032  7.952  -18.724 0.0000000000
81376  -25.983  7.506  -17.544 0.0000000000
81382  -21.006  7.433  -19.376 0.0000000000
81383  -21.721  7.082  -19.014 0.0000000000
81384  -23.077  7.215  -19.013 0.0000000000
81404  -21.537  7.276  -20.115 0.0000000000
81407  -23.874  6.861  -20.123 0.0000000000
81411  -25.678  6.981  -20.188 0.0000000000
82409  -26.345  8.588  -13.623 0.0000000000
82436  -21.595  8.343  -18.772 0.0000000000
82438  -25.729  7.786  -18.447 0.0000000000
82444  -21.056  8.165  -19.257 0.0000000000
82445  -24.819  7.744  -18.922 0.0000000000
82457  -21.463  8.041  -19.951 0.0000000000
82458  -22.063  8.280  -20.070 0.0000000000
82469  -24.131  7.142  -19.912 0.0000000000
83438  -21.665  8.616  -19.008 0.0000000000
83439  -22.249  8.425  -18.898 0.0000000000
83449  -22.338  8.777  -19.051 0.0000000000
83450  -22.924  8.566  -18.863 0.0000000000
83464  -21.754  8.476  -19.550 0.0000000000
83466  -23.398  8.577  -18.987 0.0000000000
83472  -22.539  8.138  -20.070 0.0000000000
83473  -23.031  7.923  -20.024 0.0000000000
127885  -23.711  8.978  -18.766 0.0000000000
132301  -23.827  8.862  -18.831 0.0000000000
134135  -24.225  8.894  -18.926 0.0000000000
134735  -33.425  -8.932  -7.624 0.0000000000
135115  -25.711  2.233  -22.462 0.0000000000
137192  -26.098  -25.130  2.337 0.0000000000
137992  -27.831  2.140  -13.407 0.0000000000
139764  -34.916  -3.808  -14.039 0.0000000000
141068  -23.217  8.622  -18.877 0.0000000000
141125  -37.160  -7.249  -14.667 0.0000000000
141921  -32.716  -3.177  -9.886 0.0000000000
143136  -33.239  -7.088  -13.011 0.0000000000
144230  -22.780  6.426  -20.357 0.0000000000
144310  -23.311  6.316  -21.060 0.0000000000
151865  -24.552  5.312  -21.409 0.0000000000
153104  -26.196  8.148  -18.540 0.0000000000
153303  -28.164  3.243  -21.409 0.0000000000
153683  -33.414  -6.396  -14.216 0.0000000000
153827  -34.065  -6.888  -14.795 0.0000000000
154780  -28.027  6.394  -23.503 0.0000000000
155250  -30.361  -16.109  -0.765 0.0000000000
156766  -33.132  -6.788  -12.961 0.0000000000
157627  -29.803  -9.972  -7.768 0.0000000000
157723  -30.586  -7.984  -11.165 0.0000000000
159434  -30.284  -12.259  -3.063 0.0000000000
159899  -31.101  3.776  -22.073 0.0000000000
