#!ascii label  , from subject sub-v1s8x0051334_ses-1 vox2ras=TkReg
1270
979  17.705  -95.285  -0.555 0.5000000000
150590  15.258  -76.962  -3.620 0.6000000238
9978  15.936  -76.782  -3.285 0.6000000238
9970  15.465  -77.056  -2.329 0.6000000238
155032  16.260  -77.176  -2.021 0.6999999881
147710  14.863  -76.910  -1.165 0.6000000238
9964  17.616  -77.368  -2.142 0.6999999881
9965  16.430  -77.437  -1.235 0.6000000238
5336  12.163  -84.702  -7.771 0.5000000000
4574  14.030  -86.360  -9.361 0.6000000238
4978  13.899  -85.427  -9.396 0.6000000238
5344  12.378  -84.890  -8.408 0.5000000000
3746  14.829  -87.751  -8.352 0.5000000000
4158  14.419  -87.040  -8.933 0.4000000060
4979  12.891  -85.823  -9.328 0.5000000000
4969  12.250  -85.521  -9.049 0.6000000238
146298  12.605  -79.967  -5.637 0.5000000000
2098  16.029  -92.613  -3.832 0.4000000060
8669  12.704  -79.109  -5.865 0.5000000000
8082  12.371  -79.461  -4.622 0.5000000000
9310  13.453  -77.886  -5.874 0.6000000238
9995  14.102  -77.096  -5.621 0.6000000238
9985  15.045  -76.655  -4.358 0.6000000238
10695  15.965  -76.332  -4.165 0.6999999881
9986  14.536  -77.242  -3.587 0.6000000238
150496  18.072  -76.084  -3.282 0.6000000238
164432  17.105  -76.804  -2.895 0.6999999881
169397  18.168  -75.568  -2.960 0.6000000238
9969  18.009  -76.869  -2.573 0.6000000238
10683  18.235  -76.198  -2.484 0.6999999881
169488  15.268  -77.149  -0.787 0.6000000238
5793  13.921  -84.088  -6.465 0.5000000000
5343  13.411  -84.697  -8.330 0.6000000238
5811  13.262  -84.518  -7.635 0.5000000000
4573  14.911  -86.347  -9.303 0.6000000238
4583  14.500  -85.753  -9.544 0.6999999881
5356  13.685  -84.904  -9.000 0.6000000238
3332  15.534  -88.632  -7.525 0.4000000060
8681  13.237  -79.082  -7.040 0.5000000000
8094  12.951  -79.642  -6.567 0.5000000000
1464  17.273  -92.235  -0.945 0.5000000000
152697  13.290  -78.453  -6.606 0.5000000000
10008  14.251  -77.072  -6.676 0.6999999881
10007  14.895  -76.467  -6.250 0.6999999881
9994  14.893  -76.455  -5.329 0.6000000238
10704  15.845  -75.821  -5.148 0.6999999881
10694  16.823  -75.649  -4.714 0.6000000238
11436  17.845  -75.417  -4.123 0.6000000238
10688  16.972  -76.105  -3.775 0.6000000238
11435  18.185  -74.942  -3.416 0.6000000238
11429  17.969  -74.737  -2.451 0.6999999881
9265  17.226  -77.924  -0.430 0.6999999881
9266  15.643  -77.379  -0.345 0.5000000000
9963  18.236  -77.257  -1.982 0.6999999881
9272  17.901  -77.767  -1.309 0.6999999881
5809  14.922  -84.005  -7.024 0.5000000000
5810  14.366  -84.062  -7.205 0.5000000000
5803  14.618  -83.655  -6.417 0.5000000000
5354  15.144  -84.568  -8.529 0.6999999881
5342  14.320  -84.422  -8.018 0.6000000238
4572  15.849  -86.307  -9.250 0.5000000000
4582  15.458  -85.679  -9.526 0.6999999881
5363  15.539  -84.869  -9.257 0.6999999881
5364  14.702  -85.046  -9.317 0.6000000238
5355  14.492  -84.706  -8.783 0.6000000238
3331  16.291  -88.399  -7.564 0.4000000060
152952  15.571  -88.134  -7.994 0.4000000060
4157  15.295  -87.035  -8.865 0.5000000000
8108  13.660  -79.374  -7.676 0.5000000000
9321  13.872  -77.796  -7.166 0.5000000000
8680  13.682  -78.562  -7.562 0.5000000000
10018  15.032  -76.649  -7.063 0.6000000238
10720  15.620  -75.905  -5.867 0.6999999881
10719  16.335  -75.681  -6.219 0.6000000238
11468  16.264  -75.535  -5.691 0.6999999881
11467  16.911  -75.289  -5.843 0.6000000238
11450  16.844  -75.383  -5.444 0.6000000238
148947  18.181  -74.253  -4.998 0.6999999881
12255  18.501  -73.523  -4.348 0.6000000238
11442  18.279  -74.512  -4.243 0.6999999881
13084  17.611  -72.929  -2.815 0.6000000238
12250  18.263  -73.830  -3.576 0.6000000238
141002  16.559  -77.858  1.625 0.6000000238
152672  17.900  -73.966  -2.858 0.6999999881
9264  18.145  -78.021  -0.181 0.6999999881
9260  16.120  -77.572  0.540 0.6000000238
12244  17.380  -72.667  -2.071 0.6999999881
11421  17.897  -75.123  -1.560 0.6999999881
10676  18.328  -76.517  -1.514 0.6999999881
144814  18.331  -77.518  -1.063 0.6999999881
5802  14.881  -83.428  -6.825 0.6000000238
5362  16.365  -84.680  -9.134 0.6999999881
5821  15.366  -83.997  -7.178 0.6999999881
5822  14.934  -84.275  -7.568 0.6000000238
4581  16.421  -85.502  -9.536 0.5000000000
4975  16.945  -84.985  -9.666 0.6999999881
3733  16.836  -87.937  -7.846 0.4000000060
4156  16.151  -87.071  -8.740 0.5000000000
167040  13.637  -80.399  -7.642 0.5000000000
6930  13.446  -81.432  -7.160 0.5000000000
8686  13.984  -79.000  -8.043 0.5000000000
9320  14.600  -77.253  -7.488 0.6000000238
146270  15.876  -76.526  -7.362 0.6000000238
171288  15.315  -76.931  -7.613 0.6999999881
10735  16.540  -75.993  -7.007 0.6999999881
10736  15.705  -76.167  -6.642 0.6999999881
10718  17.153  -75.487  -6.509 0.6000000238
12289  18.217  -74.139  -5.654 0.6999999881
11466  17.601  -74.841  -6.064 0.6999999881
143846  17.055  -78.349  3.943 0.6000000238
12264  18.442  -73.493  -5.048 0.6000000238
11449  17.763  -74.774  -5.529 0.6999999881
13931  17.290  -71.078  -3.052 0.6000000238
13105  17.817  -71.664  -3.644 0.6000000238
13104  18.367  -72.335  -4.268 0.6000000238
135322  17.084  -78.288  2.857 0.6000000238
13094  17.392  -71.954  -3.067 0.6000000238
13093  18.091  -72.698  -3.617 0.6000000238
10660  18.374  -76.592  0.530 0.6999999881
9950  18.524  -77.564  0.935 0.6000000238
9258  18.181  -78.169  0.795 0.6999999881
9259  17.572  -78.154  0.783 0.6000000238
13922  17.031  -71.421  -2.582 0.6000000238
13077  16.919  -72.189  -1.690 0.8000000119
12230  17.045  -73.262  -0.822 0.8000000119
12229  17.422  -74.224  -0.750 0.8000000119
11414  17.850  -75.334  -0.695 0.8000000119
10667  18.351  -76.584  -0.499 0.6999999881
9956  18.437  -77.568  -0.049 0.6999999881
12243  17.639  -73.473  -2.166 0.8000000119
12236  17.529  -73.911  -1.494 0.8000000119
5807  15.548  -83.386  -6.725 0.6999999881
6366  15.272  -82.838  -7.343 0.6999999881
6937  14.621  -82.162  -7.899 0.6999999881
6368  14.508  -82.536  -7.476 0.6000000238
5361  17.188  -84.520  -8.857 0.6999999881
4974  17.778  -84.883  -9.576 0.6000000238
6938  13.996  -81.598  -7.937 0.5000000000
7523  14.163  -80.548  -8.042 0.5000000000
135356  15.890  -73.776  8.678 0.6000000238
8116  14.487  -79.715  -8.062 0.5000000000
135338  15.876  -74.598  8.241 0.5000000000
147383  14.709  -78.945  -8.111 0.5000000000
141739  15.921  -76.059  7.626 0.6000000238
9328  16.231  -77.740  -8.150 0.6999999881
9329  15.269  -77.505  -7.966 0.6000000238
10017  16.726  -76.488  -7.659 0.6999999881
143464  16.424  -77.135  6.230 0.6000000238
10734  17.546  -75.863  -7.371 0.6000000238
11465  18.368  -74.466  -6.348 0.6999999881
142751  17.407  -78.112  4.417 0.6000000238
160332  16.966  -77.883  5.118 0.6000000238
12263  18.613  -73.084  -5.308 0.6000000238
143120  18.054  -76.741  3.692 0.6000000238
135328  16.596  -78.054  4.609 0.6000000238
13118  18.730  -72.042  -5.177 0.6000000238
13119  18.477  -72.162  -4.737 0.6000000238
143774  17.961  -75.855  2.362 0.6999999881
140955  18.326  -77.378  2.816 0.6000000238
160594  17.766  -78.355  3.542 0.6000000238
13941  17.806  -70.954  -3.632 0.6000000238
142628  16.726  -72.816  0.484 0.6000000238
142531  17.054  -73.396  1.016 0.6000000238
11394  17.912  -75.460  1.196 0.6999999881
10651  18.372  -76.774  1.626 0.6000000238
9251  18.171  -78.352  2.110 0.6000000238
135361  16.364  -71.853  -0.488 0.6000000238
12221  17.064  -73.560  0.042 0.8000000119
13071  16.718  -72.423  -1.020 0.6000000238
11406  17.846  -75.399  0.188 0.8000000119
6377  15.982  -83.164  -6.490 0.6999999881
6365  15.970  -82.569  -7.754 0.6999999881
5351  16.973  -84.296  -6.157 0.6999999881
5352  16.149  -84.129  -7.093 0.6999999881
6936  15.370  -81.708  -8.160 0.6000000238
154007  14.552  -81.319  -8.072 0.6000000238
13821  17.624  -72.389  9.437 0.6000000238
13822  16.258  -72.503  9.649 0.6000000238
12986  17.153  -73.112  8.930 0.6000000238
12987  15.712  -73.139  9.094 0.6000000238
7522  15.010  -80.570  -8.118 0.6000000238
142117  17.034  -73.734  8.351 0.5000000000
154195  16.621  -78.563  -8.282 0.6999999881
154154  15.540  -78.490  -8.177 0.6999999881
159663  17.549  -74.079  6.699 0.4000000060
154369  16.076  -75.279  7.902 0.5000000000
144358  16.899  -77.148  -8.084 0.6999999881
135326  17.199  -75.483  7.048 0.5000000000
10016  17.626  -76.601  -7.954 0.6000000238
10025  16.014  -77.000  -7.875 0.6999999881
142754  17.305  -76.095  6.269 0.6000000238
11484  17.953  -75.116  -6.842 0.6999999881
142527  17.622  -75.823  4.361 0.6999999881
135325  17.405  -76.763  5.552 0.6000000238
11464  19.152  -74.123  -6.704 0.6999999881
166457  17.198  -74.477  3.642 0.5000000000
142152  17.622  -77.506  4.837 0.6000000238
13958  19.250  -71.998  -5.590 0.6000000238
13139  18.963  -72.764  -5.732 0.6000000238
12288  18.657  -73.639  -6.010 0.6999999881
135337  17.476  -75.056  3.074 0.6999999881
135343  16.987  -73.117  1.881 0.5000000000
13940  18.216  -71.455  -4.147 0.6000000238
135354  16.371  -72.073  0.405 0.6000000238
142771  16.573  -72.520  1.172 0.5000000000
141572  17.488  -74.311  1.830 0.6999999881
141912  15.916  -71.141  -0.831 0.6000000238
6945  16.759  -82.500  -7.778 0.6999999881
6935  16.382  -81.663  -8.328 0.6000000238
14612  18.031  -71.757  10.024 0.4000000060
13811  16.755  -71.985  10.234 0.5000000000
8115  15.501  -79.634  -8.172 0.6000000238
161877  18.096  -72.336  8.215 0.5000000000
14614  15.148  -71.083  8.730 0.6000000238
7520  16.512  -79.988  -8.328 0.6999999881
8113  17.134  -79.370  -8.381 0.6999999881
140207  17.413  -73.940  7.638 0.5000000000
146977  17.816  -77.445  -8.209 0.6999999881
159888  17.627  -73.040  5.692 0.4000000060
10741  19.661  -75.546  -8.258 0.6999999881
165259  19.020  -75.644  -7.958 0.6999999881
10024  18.543  -76.880  -8.218 0.6999999881
135334  17.469  -74.206  5.558 0.6000000238
11481  20.460  -74.273  -7.796 0.6999999881
11488  20.011  -74.894  -8.130 0.6999999881
10733  18.497  -75.415  -7.525 0.6999999881
10742  18.405  -76.086  -7.896 0.6999999881
135340  17.074  -73.256  4.246 0.5000000000
135335  17.348  -74.809  4.726 0.5000000000
12287  19.482  -73.370  -6.329 0.6000000238
12300  20.000  -73.835  -7.040 0.6999999881
11482  19.609  -74.503  -7.522 0.6999999881
11483  18.814  -74.808  -7.138 0.6999999881
135341  17.013  -73.496  3.571 0.5000000000
13138  19.832  -72.449  -6.086 0.6000000238
7532  17.210  -81.532  -8.529 0.6999999881
14593  18.133  -70.889  10.633 0.4000000060
144937  18.048  -81.273  -8.628 0.6999999881
7521  15.937  -80.694  -8.272 0.6999999881
14594  17.009  -70.971  11.137 0.4000000060
7531  17.381  -80.358  -8.500 0.6999999881
15400  15.410  -70.707  9.331 0.6000000238
8123  17.990  -79.167  -8.457 0.8000000119
172327  17.687  -79.719  -8.456 0.6999999881
9326  18.747  -77.840  -8.391 0.6000000238
8685  17.955  -78.296  -8.338 0.6000000238
16991  15.293  -67.864  9.120 0.6000000238
152352  19.268  -76.268  -8.270 0.6999999881
9333  19.461  -77.127  -8.449 0.6999999881
10740  20.438  -75.506  -8.495 0.6000000238
12299  20.953  -73.663  -7.269 0.6000000238
17860  13.416  -66.460  8.628 0.5000000000
12286  20.435  -73.182  -6.597 0.6000000238
13137  20.877  -72.478  -6.383 0.5000000000
153514  18.164  -80.062  -8.578 0.6999999881
156471  16.837  -69.844  11.516 0.4000000060
15390  15.902  -69.978  10.291 0.5000000000
8691  19.297  -78.565  -8.540 0.8000000119
16990  15.691  -68.429  10.110 0.4000000060
16164  16.109  -69.367  10.818 0.4000000060
8692  18.593  -78.663  -8.460 0.6999999881
17858  14.749  -67.098  9.368 0.4000000060
16173  15.660  -69.043  9.542 0.5000000000
11487  20.919  -74.828  -8.277 0.6000000238
147545  20.013  -76.121  -8.571 0.6000000238
10023  19.743  -76.568  -8.488 0.6999999881
17844  14.211  -66.767  9.812 0.4000000060
11480  21.443  -74.170  -7.954 0.6000000238
146609  12.953  -66.818  9.566 0.4000000060
17859  14.137  -66.637  8.884 0.6000000238
12285  21.437  -73.063  -6.810 0.5000000000
13975  21.275  -71.629  -6.258 0.5000000000
16155  16.708  -69.094  11.694 0.4000000060
7530  18.862  -80.668  -8.751 0.8000000119
16975  15.998  -68.435  11.040 0.4000000060
8122  18.936  -79.461  -8.602 0.6999999881
17843  14.742  -67.134  10.230 0.4000000060
9332  20.189  -77.606  -8.587 0.6000000238
146489  19.549  -77.904  -8.514 0.6999999881
10022  20.816  -76.249  -8.666 0.6000000238
17845  13.480  -67.036  10.646 0.4000000060
12298  21.995  -73.582  -7.460 0.6000000238
16977  11.272  -68.389  10.619 0.4000000060
16144  16.521  -68.185  11.867 0.4000000060
8121  19.880  -79.183  -8.689 0.6999999881
165869  15.804  -67.675  11.244 0.4000000060
167296  20.689  -78.090  -8.650 0.6999999881
8690  20.048  -78.361  -8.609 0.6000000238
17832  14.355  -66.904  10.955 0.4000000060
10739  21.380  -75.552  -8.532 0.6000000238
10021  21.833  -76.394  -8.592 0.6000000238
17833  12.738  -67.351  11.698 0.4000000060
11479  22.529  -74.202  -7.955 0.6000000238
16966  11.460  -68.038  11.463 0.3000000119
12297  23.079  -73.617  -7.495 0.4000000060
12284  22.534  -72.964  -7.016 0.4000000060
18686  14.577  -66.403  11.803 0.4000000060
17823  12.456  -66.896  12.355 0.4000000060
10738  22.461  -75.652  -8.405 0.6000000238
11485  23.033  -74.940  -8.151 0.6000000238
10737  23.517  -75.719  -8.171 0.6000000238
12296  23.816  -73.704  -7.316 0.4000000060
11477  24.032  -74.470  -7.553 0.5000000000
143627  24.017  -72.987  -6.831 0.4000000060
19568  10.875  -64.016  8.869 0.3000000119
12295  24.201  -73.904  -7.018 0.4000000060
19520  15.659  -64.509  12.593 0.4000000060
20401  12.087  -63.531  9.928 0.3000000119
21243  11.246  -62.341  6.479 0.4000000060
20362  17.100  -63.457  12.816 0.4000000060
20373  15.295  -63.402  12.109 0.4000000060
21189  13.188  -62.646  10.539 0.3000000119
20388  13.049  -63.307  11.372 0.3000000119
20420  11.706  -62.898  8.298 0.3000000119
20411  11.610  -63.469  8.914 0.3000000119
20432  11.464  -62.579  7.551 0.3000000119
140732  16.236  -62.040  12.215 0.4000000060
150978  15.438  -62.184  11.684 0.4000000060
20387  13.913  -62.808  11.386 0.4000000060
135458  12.663  -62.732  9.719 0.3000000119
135459  12.626  -62.049  8.927 0.3000000119
135440  12.050  -57.246  2.764 0.4000000060
26550  11.806  -55.892  2.021 0.3000000119
27500  11.396  -55.037  1.922 0.3000000119
135452  12.298  -61.600  8.005 0.3000000119
135454  12.030  -61.103  7.103 0.3000000119
135435  15.480  -60.596  10.955 0.4000000060
142368  14.697  -61.918  11.095 0.4000000060
141230  13.777  -62.009  10.548 0.3000000119
142420  13.162  -62.043  9.835 0.3000000119
143873  12.832  -61.190  8.626 0.3000000119
142140  11.810  -59.187  4.448 0.3000000119
135446  12.545  -60.796  7.918 0.3000000119
26534  12.033  -56.523  2.365 0.3000000119
143364  12.379  -60.387  7.341 0.3000000119
146019  12.429  -55.897  2.920 0.4000000060
27499  12.138  -55.231  2.437 0.3000000119
28472  12.423  -54.378  2.922 0.3000000119
28485  11.687  -54.247  2.235 0.3000000119
135443  14.935  -61.016  10.729 0.4000000060
171970  14.465  -60.678  10.202 0.4000000060
139652  13.664  -60.222  9.066 0.3000000119
135438  11.997  -58.182  4.192 0.4000000060
140513  13.043  -60.444  8.514 0.3000000119
141621  12.087  -58.640  5.209 0.3000000119
26516  12.385  -56.701  3.498 0.4000000060
135449  12.348  -57.283  4.399 0.4000000060
29470  12.033  -53.602  2.722 0.3000000119
135447  15.051  -59.494  10.168 0.4000000060
171501  14.582  -59.285  9.550 0.4000000060
159019  14.013  -59.477  9.056 0.4000000060
141313  13.667  -58.869  8.517 0.4000000060
142552  12.773  -60.016  7.858 0.3000000119
135462  12.529  -58.237  6.101 0.3000000119
26477  12.712  -56.958  5.221 0.3000000119
26495  13.119  -56.075  5.154 0.5000000000
26496  12.684  -56.583  4.485 0.4000000060
27481  12.972  -55.077  4.202 0.4000000060
30459  12.315  -52.935  3.350 0.3000000119
165970  14.370  -58.733  9.122 0.4000000060
24513  14.085  -58.100  8.630 0.4000000060
24525  13.415  -58.207  7.989 0.3000000119
144735  13.638  -55.934  6.742 0.3000000119
28427  13.898  -55.125  6.308 0.3000000119
28438  14.265  -54.423  6.239 0.3000000119
135453  12.956  -59.087  7.729 0.3000000119
25501  13.395  -57.511  7.511 0.3000000119
164540  13.345  -55.752  6.007 0.3000000119
27447  13.443  -55.219  5.489 0.3000000119
29430  13.700  -53.653  5.221 0.3000000119
151927  13.061  -56.590  6.143 0.3000000119
28453  13.311  -54.554  4.834 0.3000000119
28471  12.853  -54.414  3.877 0.3000000119
31504  12.038  -51.659  4.012 0.3000000119
24502  16.838  -58.421  10.140 0.3000000119
24503  15.776  -58.032  9.666 0.3000000119
25490  15.259  -57.415  9.171 0.3000000119
26440  15.443  -55.974  8.485 0.3000000119
27433  15.190  -55.003  7.405 0.3000000119
29417  14.866  -54.063  6.398 0.3000000119
25491  14.519  -57.280  8.651 0.3000000119
27412  14.814  -55.637  7.911 0.3000000119
27434  14.333  -55.382  7.144 0.3000000119
28426  14.656  -54.720  6.762 0.3000000119
29429  14.269  -53.774  5.916 0.3000000119
29439  13.143  -53.665  4.350 0.3000000119
30433  13.413  -52.710  4.661 0.3000000119
153069  12.903  -53.040  3.880 0.3000000119
30458  12.867  -52.348  3.894 0.3000000119
25474  18.360  -57.428  10.025 0.3000000119
25488  16.728  -56.915  9.255 0.3000000119
26428  16.142  -56.419  8.938 0.3000000119
27411  15.583  -55.325  8.061 0.3000000119
28425  15.493  -54.383  6.931 0.3000000119
30432  14.286  -52.823  5.589 0.3000000119
31468  13.936  -51.853  5.188 0.3000000119
31487  13.239  -51.675  4.353 0.3000000119
32602  11.745  -50.792  4.196 0.3000000119
29416  15.646  -53.689  6.517 0.3000000119
30431  15.112  -52.598  5.964 0.3000000119
31486  13.627  -50.963  4.934 0.3000000119
32600  13.148  -50.778  3.998 0.3000000119
155830  12.578  -50.728  3.951 0.3000000119
32580  12.890  -49.872  3.931 0.3000000119
30421  15.765  -52.925  6.223 0.3000000119
144811  14.776  -51.900  5.804 0.3000000119
31467  14.431  -51.076  5.534 0.3000000119
29415  16.488  -53.261  6.731 0.3000000119
31466  16.249  -51.116  6.254 0.3000000119
155465  15.309  -51.118  6.036 0.3000000119
32556  14.930  -50.318  5.766 0.3000000119
32578  14.032  -50.260  5.323 0.3000000119
33746  13.075  -49.055  4.201 0.3000000119
33747  12.448  -49.003  3.937 0.3000000119
1202  18.129  -94.275  -0.782 0.5000000000
1474  16.447  -91.706  -0.980 0.5000000000
1791  15.656  -91.431  -1.915 0.4000000060
3320  15.925  -88.982  -7.007 0.4000000060
1473  17.366  -91.761  -0.538 0.5000000000
11443  17.671  -75.019  -4.993 0.6000000238
8679  14.324  -78.086  -7.989 0.5000000000
9327  17.148  -77.965  -8.265 0.8000000119
8114  16.272  -79.196  -8.281 0.6999999881
10732  19.247  -75.077  -7.846 0.6999999881
143674  13.661  -66.515  9.406 0.4000000060
164320  20.418  -71.770  -6.125 0.5000000000
11486  21.950  -74.841  -8.295 0.6000000238
13136  21.897  -72.376  -6.533 0.4000000060
9331  21.181  -77.308  -8.680 0.6000000238
17824  11.738  -66.946  12.337 0.3000000119
11478  23.518  -74.341  -7.784 0.4000000060
10731  23.889  -75.034  -7.980 0.4000000060
20363  16.006  -63.633  12.546 0.4000000060
24504  15.057  -58.725  9.731 0.3000000119
25475  16.794  -57.600  9.624 0.3000000119
155258  22.163  -79.570  -8.862 0.5000000000
8119  21.516  -80.081  -8.878 0.5000000000
8120  20.619  -79.836  -8.815 0.6999999881
163725  20.222  -80.764  -8.854 0.6999999881
148144  21.414  -79.220  -8.835 0.5000000000
149759  20.669  -78.829  -8.747 0.6000000238
155138  19.685  -80.154  -8.806 0.6000000238
6376  17.374  -82.914  -5.207 0.6000000238
5819  16.485  -83.445  -5.691 0.6000000238
6942  20.348  -81.590  -8.637 0.6999999881
143925  19.589  -82.268  -7.676 0.6000000238
146696  18.485  -82.501  -5.965 0.6000000238
6943  18.718  -82.058  -8.428 0.6000000238
163102  16.552  -82.922  -6.055 0.6000000238
8688  22.157  -78.742  -8.783 0.5000000000
6373  20.318  -82.945  -6.255 0.6999999881
6374  19.480  -82.927  -5.629 0.6999999881
5817  18.975  -83.611  -4.899 0.6000000238
145869  18.256  -84.344  -5.748 0.6000000238
145681  21.578  -82.193  -8.216 0.6000000238
145384  20.685  -82.458  -7.376 0.6999999881
6375  18.309  -82.975  -4.743 0.6000000238
6940  22.366  -81.820  -8.869 0.6000000238
8683  23.555  -78.859  -8.316 0.5000000000
9330  22.147  -77.884  -8.686 0.5000000000
6372  21.301  -82.805  -7.325 0.6999999881
147273  19.899  -83.869  -5.853 0.6000000238
5360  18.038  -84.544  -8.533 0.6000000238
8682  23.966  -78.665  -8.015 0.5000000000
8684  22.925  -78.327  -8.572 0.5000000000
9319  23.735  -77.516  -7.215 0.5000000000
9323  23.532  -77.917  -8.135 0.5000000000
9971  14.019  -76.844  -1.698 0.4000000060
9979  14.597  -77.205  -2.778 0.4000000060
149907  14.084  -77.427  -4.251 0.5000000000
9280  13.575  -77.607  -3.013 0.5000000000
164399  23.461  -77.089  -8.180 0.5000000000
9298  13.366  -77.930  -4.625 0.5000000000
8652  12.226  -78.803  -3.817 0.6000000238
9322  23.798  -77.196  -7.932 0.4000000060
8659  12.203  -78.729  -4.633 0.5000000000
9275  13.007  -77.084  -2.206 0.5000000000
9281  12.405  -77.709  -2.243 0.5000000000
9289  12.833  -77.937  -3.095 0.5000000000
9299  12.483  -78.484  -4.295 0.5000000000
10019  23.765  -76.451  -8.110 0.5000000000
9309  23.673  -77.196  -6.131 0.4000000060
10015  23.985  -76.527  -7.522 0.4000000060
167785  24.051  -76.325  -6.626 0.4000000060
135336  14.782  -77.169  0.436 0.5000000000
9276  11.548  -77.679  -1.253 0.5000000000
10020  22.966  -76.553  -8.413 0.5000000000
10730  24.038  -75.706  -7.944 0.4000000060
135323  16.048  -77.538  2.304 0.5000000000
160380  14.843  -76.141  2.078 0.5000000000
140251  14.514  -75.357  2.190 0.5000000000
135324  15.241  -77.184  1.317 0.5000000000
134761  24.158  -75.668  -7.319 0.4000000060
142683  16.066  -77.733  3.395 0.5000000000
135330  15.096  -76.356  3.115 0.5000000000
142361  15.678  -77.402  4.309 0.5000000000
135329  14.428  -75.145  3.209 0.5000000000
159438  14.511  -74.743  1.372 0.4000000060
140318  14.935  -76.270  4.455 0.5000000000
140912  14.188  -74.100  3.367 0.6000000238
135342  14.328  -74.167  2.262 0.6000000238
140897  16.123  -77.559  5.363 0.5000000000
141029  14.451  -75.440  5.092 0.5000000000
168499  14.407  -74.946  4.053 0.5000000000
135339  14.133  -74.201  4.349 0.6000000238
159129  13.792  -73.168  2.761 0.6000000238
161995  14.109  -73.276  1.705 0.6000000238
158100  14.161  -72.985  0.154 0.5000000000
138898  12.975  -72.009  -0.401 0.5000000000
161989  12.777  -71.521  -1.083 0.5000000000
159103  15.187  -76.751  5.920 0.5000000000
135347  15.400  -76.601  6.818 0.5000000000
159988  14.527  -75.796  6.259 0.5000000000
159549  14.157  -74.502  5.436 0.5000000000
158168  13.889  -73.370  3.707 0.6000000238
158041  13.340  -72.641  1.943 0.6000000238
161988  13.372  -72.364  0.315 0.6000000238
160321  12.723  -71.776  0.481 0.5000000000
158082  11.830  -68.674  2.058 0.5000000000
158039  12.369  -70.767  -0.948 0.5000000000
143867  16.513  -76.569  6.964 0.5000000000
141546  14.782  -75.699  7.168 0.5000000000
135344  14.623  -74.634  7.378 0.6000000238
141506  14.321  -73.620  6.693 0.6000000238
135370  14.257  -72.525  5.951 0.6000000238
160303  13.852  -73.200  4.484 0.6000000238
159060  13.868  -72.408  4.895 0.6000000238
162020  13.042  -72.469  2.715 0.6000000238
139538  13.276  -72.157  3.955 0.6000000238
161585  13.030  -72.193  1.207 0.6000000238
138937  12.533  -71.519  1.388 0.5000000000
161587  12.495  -71.313  -0.221 0.5000000000
157659  12.129  -70.563  -0.051 0.5000000000
158040  11.882  -70.342  0.799 0.5000000000
161588  11.785  -69.862  0.101 0.5000000000
159186  11.654  -69.629  0.869 0.5000000000
142597  14.763  -73.586  7.653 0.6000000238
141603  14.652  -72.609  6.988 0.6000000238
135374  14.676  -71.654  6.339 0.6000000238
141932  14.739  -70.767  5.803 0.6000000238
141080  14.273  -71.517  5.319 0.6000000238
135362  13.728  -71.388  4.331 0.6000000238
135371  14.365  -70.547  4.784 0.6000000238
162021  12.523  -71.061  2.958 0.5000000000
135346  12.779  -70.402  3.185 0.5000000000
159127  12.154  -70.774  1.542 0.5000000000
158634  12.568  -69.611  2.866 0.5000000000
158237  13.717  -69.173  3.808 0.6000000238
139522  11.866  -69.991  1.587 0.5000000000
160777  12.060  -69.454  2.213 0.5000000000
162201  13.018  -68.868  3.271 0.5000000000
158479  12.348  -66.702  3.920 0.5000000000
146290  15.092  -70.931  6.871 0.6000000238
169901  15.041  -70.190  6.260 0.6000000238
161073  14.381  -69.528  4.516 0.6000000238
142137  13.674  -70.285  3.849 0.6000000238
160492  13.414  -68.185  3.943 0.6000000238
139147  12.951  -67.279  4.341 0.5000000000
141691  15.269  -70.020  7.043 0.6000000238
17029  13.739  -67.621  4.771 0.6000000238
17924  13.173  -66.891  5.173 0.5000000000
16174  15.405  -68.554  8.617 0.6000000238
16185  15.345  -68.811  7.939 0.6000000238
16186  15.214  -68.061  6.968 0.6000000238
165045  14.607  -68.052  6.047 0.6000000238
149305  14.310  -68.004  5.235 0.6000000238
17903  13.099  -66.709  5.980 0.5000000000
17005  15.142  -67.864  8.018 0.6000000238
169626  14.435  -67.530  6.606 0.6000000238
17874  13.947  -66.838  7.964 0.6000000238
17017  13.870  -67.357  5.808 0.6000000238
17875  13.157  -66.546  7.675 0.6000000238
17877  11.394  -67.098  7.361 0.5000000000
17862  11.713  -67.555  8.496 0.4000000060
6944  17.642  -82.414  -7.521 0.6000000238
7529  19.568  -81.318  -8.796 0.6999999881
9325  22.228  -77.125  -8.597 0.5000000000
9324  22.933  -77.476  -8.480 0.5000000000
8678  23.761  -78.457  -7.133 0.5000000000
153374  23.757  -77.935  -7.837 0.5000000000
9290  12.028  -78.036  -3.135 0.6000000238
159987  14.062  -73.533  5.636 0.6000000238
159187  12.769  -72.009  2.120 0.6000000238
159188  12.267  -70.374  2.426 0.5000000000
135376  15.051  -69.434  6.247 0.6000000238
135377  14.682  -68.837  5.426 0.6000000238
17888  13.699  -66.968  6.874 0.6000000238
17889  12.815  -66.540  6.735 0.6000000238
964  19.031  -95.776  1.169 0.4000000060
1431  22.684  -94.295  4.643 0.5000000000
1435  22.411  -94.147  3.769 0.5000000000
1181  21.680  -94.605  3.390 0.4000000060
1187  20.122  -95.286  1.824 0.4000000060
1191  20.162  -94.787  0.967 0.4000000060
1192  19.500  -95.188  0.562 0.4000000060
1750  23.246  -92.695  3.702 0.5000000000
163649  23.261  -93.228  4.558 0.5000000000
1445  20.924  -94.296  1.046 0.5000000000
1451  19.699  -94.184  -0.439 0.5000000000
1201  19.041  -93.827  -0.490 0.4000000060
1755  23.028  -92.579  2.655 0.5000000000
1441  22.168  -93.833  1.979 0.5000000000
166896  21.045  -93.713  0.644 0.5000000000
1455  19.714  -93.078  -0.509 0.5000000000
1456  18.317  -92.938  -0.083 0.4000000060
1472  18.365  -91.910  -0.895 0.4000000060
170008  22.148  -93.356  1.552 0.5000000000
146225  21.464  -93.026  0.460 0.5000000000
1771  20.401  -92.925  -0.514 0.5000000000
164615  19.767  -92.642  -0.914 0.5000000000
1789  17.625  -92.834  -2.814 0.4000000060
4579  18.272  -85.113  -9.669 0.5000000000
4571  16.897  -86.288  -9.117 0.4000000060
4149  17.015  -87.284  -8.370 0.4000000060
154482  17.520  -87.847  -7.801 0.4000000060
3318  17.618  -88.803  -6.947 0.4000000060
2890  17.328  -89.358  -6.441 0.4000000060
1774  20.446  -92.547  -1.079 0.5000000000
2879  17.880  -89.812  -5.894 0.4000000060
2460  17.575  -90.525  -5.389 0.4000000060
157275  16.428  -91.952  -4.790 0.4000000060
1775  20.185  -92.840  -2.016 0.4000000060
1781  19.435  -92.623  -2.551 0.5000000000
2097  17.869  -92.537  -3.860 0.4000000060
153433  18.649  -92.383  -1.716 0.4000000060
4154  18.327  -86.503  -8.769 0.4000000060
3317  18.458  -88.580  -6.997 0.4000000060
2889  18.153  -89.217  -6.467 0.4000000060
2085  21.104  -92.154  -1.640 0.4000000060
2451  18.145  -90.887  -4.953 0.4000000060
2107  18.034  -91.643  -4.552 0.4000000060
2088  20.861  -92.051  -2.627 0.4000000060
2095  19.459  -92.052  -3.577 0.4000000060
2106  18.761  -91.183  -4.634 0.4000000060
2090  18.583  -92.753  -3.081 0.4000000060
4973  18.488  -84.866  -9.480 0.5000000000
148936  18.695  -85.550  -9.322 0.4000000060
4153  19.115  -86.287  -8.773 0.4000000060
3731  19.279  -87.639  -7.739 0.4000000060
3316  19.328  -88.625  -6.790 0.4000000060
2878  18.833  -89.585  -5.876 0.4000000060
2873  19.243  -90.170  -5.230 0.4000000060
2459  18.402  -90.267  -5.382 0.4000000060
2442  21.092  -91.210  -3.825 0.4000000060
2449  20.101  -91.026  -4.605 0.4000000060
2450  19.437  -90.791  -4.814 0.4000000060
147889  19.263  -84.215  -5.964 0.5000000000
4968  19.713  -84.899  -8.950 0.5000000000
5350  20.015  -84.451  -7.610 0.6000000238
4569  19.431  -85.367  -9.164 0.5000000000
146941  20.013  -88.102  -7.199 0.4000000060
171313  20.034  -88.737  -6.576 0.4000000060
2876  20.863  -89.652  -5.432 0.4000000060
2871  21.166  -90.259  -4.859 0.4000000060
4568  20.141  -85.349  -8.771 0.4000000060
164089  20.634  -84.107  -7.074 0.5000000000
4144  20.989  -86.432  -7.992 0.4000000060
3724  21.129  -87.934  -6.926 0.4000000060
169126  21.393  -85.868  -8.076 0.5000000000
4560  21.966  -86.288  -7.587 0.4000000060
4139  21.556  -87.184  -7.274 0.4000000060
3723  22.019  -87.579  -6.133 0.4000000060
5349  21.368  -84.106  -7.802 0.6000000238
5816  20.569  -83.396  -6.560 0.6000000238
4951  22.635  -85.635  -7.603 0.5000000000
4559  22.847  -86.265  -6.658 0.4000000060
7528  20.944  -80.795  -8.868 0.5000000000
135369  15.024  -72.601  8.089 0.5000000000
14626  15.113  -70.694  7.794 0.5000000000
15408  15.418  -69.281  8.733 0.5000000000
13823  15.291  -72.057  8.968 0.5000000000
15409  15.267  -69.965  8.269 0.5000000000
144050  14.935  -71.828  7.224 0.5000000000
1437  23.090  -93.470  3.226 0.5000000000
1439  21.533  -94.497  2.529 0.5000000000
4147  18.761  -87.135  -8.239 0.4000000060
3725  19.085  -88.165  -7.271 0.4000000060
2443  20.306  -91.489  -3.969 0.4000000060
4564  19.812  -86.124  -8.614 0.4000000060
3730  19.906  -87.377  -7.753 0.4000000060
2877  19.864  -89.656  -5.628 0.4000000060
2872  20.209  -90.329  -4.993 0.4000000060
4967  20.654  -84.820  -8.362 0.5000000000
3719  21.710  -88.358  -5.988 0.4000000060
4966  21.361  -84.896  -8.277 0.5000000000
4965  22.028  -84.649  -8.260 0.6000000238
4138  22.405  -86.936  -6.500 0.5000000000
5341  22.842  -84.350  -8.155 0.5000000000
7460  24.434  -80.849  0.764 0.3000000119
143953  23.064  -81.390  -1.691 0.3000000119
143835  22.499  -80.229  -2.945 0.3000000119
145949  23.161  -80.556  -0.706 0.3000000119
8060  23.900  -80.370  -0.293 0.3000000119
134751  26.650  -79.857  -2.285 0.3000000119
140794  24.778  -80.061  -1.905 0.3000000119
142747  23.646  -82.823  -2.370 0.3000000119
134742  24.455  -82.344  -4.143 0.4000000060
134737  24.803  -81.132  -5.415 0.4000000060
142506  24.106  -83.688  0.312 0.3000000119
7503  25.085  -80.637  -6.898 0.4000000060
142624  23.290  -80.065  -4.377 0.4000000060
8111  24.131  -79.479  -8.203 0.4000000060
8118  22.841  -80.001  -8.836 0.4000000060
6886  25.471  -81.497  0.621 0.3000000119
8093  23.790  -79.183  -6.367 0.4000000060
139212  24.027  -78.821  -3.413 0.3000000119
143288  22.375  -79.383  -3.763 0.3000000119
6351  25.019  -82.794  -5.927 0.4000000060
152899  25.103  -83.087  -8.084 0.4000000060
6370  23.454  -82.251  -8.672 0.4000000060
154915  23.890  -83.914  -2.749 0.4000000060
134749  25.014  -82.226  -5.394 0.4000000060
6933  25.581  -82.040  -7.953 0.4000000060
6369  24.379  -81.946  -8.639 0.4000000060
6939  23.474  -81.429  -8.883 0.4000000060
6332  23.995  -84.330  -1.250 0.3000000119
6929  25.297  -81.780  -6.853 0.4000000060
7524  24.339  -81.045  -8.627 0.4000000060
7527  21.807  -80.905  -8.956 0.4000000060
6324  24.945  -83.777  -0.476 0.3000000119
165466  24.625  -80.014  -8.108 0.4000000060
7526  22.696  -80.833  -9.002 0.4000000060
6893  26.766  -81.633  -2.176 0.3000000119
8107  24.335  -79.408  -7.620 0.4000000060
142575  23.109  -78.582  -5.401 0.4000000060
5335  24.339  -84.302  -7.216 0.4000000060
5805  23.590  -83.643  -8.190 0.4000000060
4948  24.012  -84.350  -5.756 0.4000000060
5334  24.562  -83.801  -6.348 0.4000000060
5801  24.846  -83.570  -7.574 0.4000000060
5813  23.283  -82.982  -8.334 0.4000000060
154695  24.835  -84.539  -2.674 0.3000000119
6345  24.272  -83.776  -3.908 0.4000000060
6343  27.815  -82.481  -3.891 0.3000000119
6330  26.570  -82.861  -2.970 0.3000000119
6901  27.574  -81.436  -3.581 0.3000000119
4960  22.456  -84.998  -8.080 0.4000000060
4958  23.807  -84.921  -7.336 0.4000000060
8667  23.232  -77.973  -5.900 0.3000000119
9297  23.124  -77.832  -5.150 0.3000000119
6941  21.270  -81.594  -8.630 0.4000000060
172279  22.738  -82.548  -8.438 0.4000000060
5814  22.340  -83.037  -8.038 0.4000000060
4950  23.400  -85.543  -6.704 0.4000000060
134738  23.873  -81.339  -3.669 0.3000000119
142414  23.062  -79.755  -2.084 0.3000000119
139114  25.004  -79.247  -3.277 0.3000000119
134744  24.376  -79.944  -5.852 0.4000000060
7517  25.391  -81.119  -7.830 0.4000000060
8106  24.629  -79.855  -6.988 0.4000000060
7525  23.553  -80.524  -8.775 0.4000000060
134741  22.997  -79.178  -4.909 0.4000000060
169790  24.352  -83.592  -4.733 0.4000000060
5812  24.308  -82.861  -8.411 0.4000000060
6364  25.195  -82.387  -8.292 0.4000000060
6344  24.097  -84.620  -2.205 0.3000000119
6934  25.131  -81.527  -8.367 0.4000000060
6331  25.050  -84.358  -1.861 0.3000000119
148956  24.025  -83.969  -4.171 0.4000000060
5784  23.982  -84.210  -3.011 0.3000000119
5773  25.882  -84.181  -3.082 0.3000000119
925  22.400  -94.999  10.427 0.3000000119
926  23.060  -96.422  9.586 0.3000000119
1160  21.421  -93.553  10.923 0.3000000119
923  21.161  -94.391  11.745 0.3000000119
1161  22.877  -94.507  9.710 0.3000000119
928  23.317  -95.577  9.152 0.3000000119
148058  21.741  -92.907  11.139 0.3000000119
1155  21.284  -92.985  12.595 0.3000000119
919  20.493  -93.404  12.360 0.3000000119
167456  21.590  -92.604  10.644 0.3000000119
1424  21.888  -93.222  10.464 0.3000000119
931  23.244  -95.759  7.924 0.3000000119
1178  21.897  -94.651  4.264 0.3000000119
1152  25.563  -93.751  13.032 0.3000000119
1153  24.244  -93.738  13.267 0.3000000119
1419  22.292  -92.802  11.604 0.3000000119
1418  23.535  -93.183  12.217 0.3000000119
1150  22.263  -93.774  14.009 0.3000000119
1427  23.478  -94.325  7.127 0.3000000119
134653  23.253  -93.646  5.413 0.3000000119
169569  23.292  -94.166  5.478 0.3000000119
1423  21.691  -92.310  10.978 0.3000000119
141048  22.268  -93.264  9.555 0.3000000119
160973  21.373  -92.120  10.173 0.3000000119
134646  20.744  -91.279  9.002 0.3000000119
160919  22.225  -92.812  6.779 0.3000000119
143294  23.206  -93.699  6.390 0.3000000119
134638  21.209  -91.717  6.371 0.3000000119
2056  22.110  -90.996  2.255 0.4000000060
134640  22.181  -91.249  4.945 0.4000000060
887  23.938  -95.804  18.279 0.3000000119
664  23.399  -96.376  18.658 0.3000000119
915  20.923  -93.557  13.484 0.3000000119
916  21.026  -94.568  13.879 0.3000000119
1127  26.169  -93.706  16.337 0.3000000119
1134  25.627  -94.294  16.256 0.3000000119
147175  24.565  -95.229  17.016 0.3000000119
900  23.900  -95.661  16.633 0.3000000119
678  23.369  -96.374  17.628 0.3000000119
1401  27.135  -93.119  15.359 0.3000000119
1141  25.639  -94.352  15.582 0.3000000119
903  24.565  -95.015  15.785 0.3000000119
687  23.112  -96.168  15.494 0.3000000119
683  23.499  -96.208  16.909 0.3000000119
1149  23.992  -94.313  14.122 0.3000000119
166850  22.649  -94.442  14.480 0.3000000119
907  23.409  -95.500  15.210 0.3000000119
689  22.805  -96.074  14.977 0.3000000119
149087  21.437  -94.314  14.272 0.3000000119
912  21.405  -95.049  14.346 0.3000000119
1168  23.577  -94.497  8.073 0.3000000119
1169  23.484  -95.124  7.428 0.3000000119
1145  26.232  -93.827  14.365 0.3000000119
134648  22.194  -92.966  8.713 0.3000000119
1117  24.994  -94.938  19.408 0.3000000119
696  22.051  -96.972  12.928 0.3000000119
1144  26.176  -93.941  15.158 0.3000000119
1128  25.654  -94.058  17.193 0.3000000119
906  24.304  -95.019  15.247 0.3000000119
904  23.832  -95.505  15.862 0.3000000119
693  21.903  -97.026  13.827 0.3000000119
143008  21.495  -91.204  5.624 0.3000000119
2414  26.045  -90.243  -0.189 0.3000000119
155221  25.330  -90.088  0.245 0.3000000119
2075  24.368  -90.647  -0.159 0.3000000119
2076  23.268  -91.439  -0.179 0.4000000060
2077  22.658  -92.110  -0.139 0.3000000119
1770  21.045  -92.476  -0.781 0.3000000119
2427  25.078  -90.246  -1.466 0.3000000119
2428  24.179  -90.602  -1.675 0.4000000060
2429  23.266  -90.886  -1.860 0.4000000060
2434  22.707  -90.594  -2.467 0.4000000060
2431  21.548  -91.512  -2.269 0.3000000119
3300  21.417  -88.396  -3.110 0.4000000060
2865  21.830  -89.782  -3.482 0.4000000060
2448  20.791  -90.899  -4.526 0.3000000119
3305  21.470  -89.359  -4.971 0.3000000119
2053  27.205  -91.347  2.721 0.3000000119
2061  26.595  -90.616  1.645 0.3000000119
2062  25.536  -89.713  1.063 0.4000000060
2069  24.315  -89.804  0.480 0.4000000060
2404  22.794  -89.581  1.273 0.3000000119
1763  22.490  -92.088  0.406 0.3000000119
2063  22.183  -90.967  1.293 0.3000000119
2072  27.092  -90.574  0.979 0.3000000119
2413  26.931  -90.235  0.221 0.3000000119
2426  25.914  -89.944  -1.297 0.3000000119
2853  25.463  -89.738  -1.897 0.3000000119
2854  24.584  -90.033  -2.113 0.3000000119
2855  23.646  -90.350  -2.331 0.4000000060
2858  25.791  -89.199  -2.278 0.3000000119
3297  24.488  -88.275  -3.533 0.3000000119
3292  24.191  -89.008  -3.188 0.3000000119
3293  23.005  -89.152  -3.318 0.4000000060
2864  22.102  -89.246  -3.136 0.4000000060
3710  23.409  -87.382  -2.722 0.3000000119
145219  21.326  -87.146  -2.482 0.4000000060
164676  21.156  -87.488  -2.712 0.4000000060
4551  22.847  -85.651  -4.724 0.3000000119
4134  22.127  -85.795  -3.665 0.4000000060
3717  21.429  -86.426  -3.019 0.4000000060
3718  21.409  -87.168  -4.294 0.4000000060
4558  23.240  -85.146  -4.941 0.3000000119
4137  22.557  -86.351  -5.491 0.4000000060
1714  28.759  -91.967  7.823 0.3000000119
1728  28.093  -92.409  6.766 0.3000000119
1730  26.773  -92.776  6.642 0.3000000119
142653  25.760  -92.169  5.892 0.3000000119
1753  27.714  -91.688  3.477 0.3000000119
1741  27.476  -92.297  4.576 0.3000000119
1743  26.154  -91.935  4.487 0.3000000119
140178  25.085  -91.352  5.405 0.3000000119
168396  28.186  -90.747  1.703 0.3000000119
2052  27.639  -91.424  2.822 0.3000000119
1749  26.517  -91.855  3.940 0.3000000119
2048  25.860  -91.339  3.968 0.3000000119
170232  24.889  -88.636  3.146 0.3000000119
153317  23.326  -87.354  3.685 0.3000000119
159171  22.447  -87.371  3.596 0.3000000119
2398  21.557  -89.287  2.956 0.3000000119
139351  21.381  -89.233  4.609 0.3000000119
140747  21.494  -90.042  5.053 0.3000000119
2065  27.762  -90.832  1.599 0.3000000119
3714  23.187  -86.245  -2.289 0.3000000119
3715  21.946  -86.609  -2.276 0.3000000119
4126  24.164  -86.074  -2.531 0.3000000119
4128  22.121  -85.661  -2.660 0.3000000119
4549  23.206  -84.645  -2.648 0.3000000119
4939  23.176  -84.731  -4.023 0.3000000119
4949  23.754  -84.873  -6.260 0.3000000119
2371  30.418  -90.494  9.216 0.3000000119
1720  28.715  -91.899  6.935 0.3000000119
1734  28.253  -92.256  5.775 0.3000000119
151171  27.194  -92.597  5.863 0.3000000119
1745  28.483  -91.762  4.418 0.3000000119
1736  27.020  -92.453  4.972 0.3000000119
159340  20.787  -89.464  5.826 0.3000000119
3236  31.694  -89.601  9.896 0.3000000119
2375  30.423  -90.527  8.734 0.3000000119
2033  29.285  -91.078  7.215 0.3000000119
2034  28.959  -91.535  6.453 0.3000000119
171374  28.160  -92.283  5.170 0.3000000119
2045  28.589  -91.472  3.615 0.3000000119
149804  32.096  -90.163  9.288 0.3000000119
2810  31.352  -90.008  8.545 0.3000000119
148221  29.289  -91.114  6.232 0.3000000119
154044  29.195  -91.334  5.625 0.3000000119
2049  22.850  -91.782  3.189 0.3000000119
153668  22.486  -92.105  1.811 0.3000000119
146330  22.111  -92.502  0.373 0.3000000119
2084  21.969  -91.687  -1.544 0.3000000119
2441  21.625  -90.746  -3.296 0.4000000060
4135  21.987  -86.603  -4.653 0.4000000060
5332  23.726  -84.221  -3.811 0.3000000119
2068  26.198  -90.296  0.762 0.3000000119
2415  25.003  -90.444  -0.466 0.3000000119
2416  24.056  -91.079  -0.598 0.4000000060
2079  23.183  -91.542  -0.678 0.4000000060
2430  22.346  -91.118  -2.013 0.4000000060
3299  21.719  -87.888  -2.566 0.4000000060
2059  27.517  -91.124  2.131 0.3000000119
2047  26.348  -91.319  3.218 0.3000000119
2396  24.227  -88.024  2.998 0.3000000119
2395  25.157  -89.201  2.215 0.3000000119
2834  23.168  -88.292  2.402 0.4000000060
2397  21.746  -89.913  1.908 0.3000000119
2412  27.489  -90.054  0.109 0.3000000119
2847  26.983  -89.697  -0.838 0.3000000119
2852  26.185  -89.502  -1.670 0.3000000119
3298  23.105  -88.254  -3.219 0.4000000060
4133  22.558  -85.264  -3.009 0.3000000119
2038  25.840  -91.858  5.097 0.3000000119
145666  25.430  -91.299  4.694 0.3000000119
2384  24.960  -90.206  4.363 0.3000000119
4540  23.161  -84.963  -2.255 0.3000000119
8668  12.801  -78.599  -5.429 0.4000000060
498  22.034  -97.136  14.576 0.3000000119
684  23.228  -96.325  16.163 0.3000000119
690  22.560  -96.692  15.047 0.3000000119
692  22.017  -96.162  14.494 0.3000000119
695  21.523  -95.757  13.934 0.3000000119
894  23.943  -95.738  17.405 0.3000000119
899  24.471  -95.196  16.322 0.3000000119
910  23.738  -94.910  14.717 0.3000000119
911  22.349  -95.202  14.755 0.3000000119
920  20.678  -94.302  12.866 0.3000000119
922  20.974  -93.634  11.508 0.3000000119
929  22.694  -96.359  8.410 0.3000000119
956  19.571  -95.759  1.697 0.4000000060
963  19.677  -95.374  1.249 0.4000000060
971  18.830  -95.540  0.249 0.4000000060
1129  25.016  -94.729  17.597 0.3000000119
1135  25.060  -94.762  16.070 0.3000000119
1140  26.028  -93.989  15.764 0.3000000119
1142  25.086  -94.684  15.363 0.3000000119
1146  24.914  -94.571  14.583 0.3000000119
1148  25.191  -94.146  13.707 0.3000000119
1157  20.962  -93.097  11.748 0.3000000119
1164  23.147  -94.150  9.042 0.3000000119
1165  23.548  -94.966  8.567 0.3000000119
1170  22.893  -95.563  6.890 0.3000000119
1175  23.086  -94.536  5.530 0.3000000119
1182  21.184  -95.041  3.861 0.3000000119
1185  20.827  -94.929  2.210 0.4000000060
1186  20.657  -94.737  1.557 0.5000000000
1195  19.967  -94.615  0.022 0.5000000000
1196  19.315  -94.863  -0.207 0.4000000060
1197  18.519  -95.026  -0.399 0.4000000060
1209  17.718  -92.944  0.050 0.5000000000
1402  26.542  -93.557  15.579 0.3000000119
1405  26.879  -93.462  14.701 0.3000000119
1409  26.142  -93.739  13.449 0.3000000119
1434  23.191  -93.681  4.113 0.5000000000
1438  22.247  -94.058  2.903 0.5000000000
1442  21.308  -94.365  1.733 0.5000000000
1444  21.601  -93.652  1.223 0.5000000000
1446  20.530  -94.137  0.384 0.5000000000
1449  20.787  -93.409  0.079 0.5000000000
1450  20.216  -93.842  -0.292 0.5000000000
1462  18.914  -92.538  -0.907 0.4000000060
1463  17.697  -92.420  -0.862 0.4000000060
1483  15.665  -91.595  -1.539 0.5000000000
1706  22.673  -91.700  10.824 0.3000000119
1721  28.494  -92.211  7.319 0.3000000119
1727  28.511  -92.088  6.476 0.3000000119
1729  27.405  -92.684  6.666 0.3000000119
1733  28.601  -91.907  5.770 0.3000000119
1735  27.734  -92.427  5.244 0.3000000119
1737  26.593  -92.561  5.842 0.3000000119
1739  28.414  -92.041  5.142 0.3000000119
1740  28.013  -92.203  4.623 0.3000000119
1742  27.045  -92.087  4.121 0.3000000119
1746  28.066  -91.820  3.883 0.3000000119
1747  27.577  -92.008  4.045 0.3000000119
1748  26.868  -91.630  3.362 0.3000000119
1754  27.297  -91.679  3.459 0.3000000119
1756  22.738  -93.426  2.487 0.5000000000
1759  22.149  -92.089  1.125 0.3000000119
1760  22.571  -92.976  1.822 0.5000000000
1764  22.117  -92.860  1.069 0.3000000119
1769  21.799  -92.439  -0.270 0.3000000119
1776  19.059  -92.420  -1.247 0.5000000000
1782  18.037  -92.288  -1.503 0.4000000060
1783  16.939  -91.596  -1.271 0.4000000060
1784  16.179  -91.525  -1.453 0.4000000060
1790  16.742  -92.709  -3.047 0.4000000060
2031  29.522  -90.959  8.225 0.3000000119
2032  29.053  -91.533  7.428 0.3000000119
2037  28.849  -91.639  5.832 0.3000000119
2042  28.969  -91.561  5.020 0.3000000119
2046  28.124  -91.490  3.106 0.3000000119
2054  26.805  -91.111  2.587 0.3000000119
2055  25.540  -90.096  3.299 0.3000000119
2058  28.055  -91.170  2.266 0.3000000119
2060  27.117  -90.976  2.025 0.3000000119
2066  27.336  -90.830  1.534 0.3000000119
2067  26.892  -90.655  1.358 0.3000000119
2070  23.092  -91.069  0.439 0.3000000119
2073  26.536  -90.311  0.634 0.3000000119
2074  25.626  -90.205  0.126 0.3000000119
2080  22.376  -91.896  -0.815 0.3000000119
2081  21.635  -92.095  -1.022 0.4000000060
2089  20.184  -92.153  -3.079 0.4000000060
2096  18.704  -91.882  -4.060 0.4000000060
2108  17.165  -92.256  -4.402 0.4000000060
2374  31.326  -90.469  8.994 0.3000000119
2378  29.730  -90.478  8.193 0.3000000119
2379  29.336  -90.634  7.171 0.3000000119
2389  24.314  -88.094  4.063 0.3000000119
2402  28.564  -90.764  2.171 0.3000000119
2403  24.274  -88.922  1.639 0.4000000060
2405  21.883  -88.859  2.389 0.3000000119
2408  28.122  -90.424  0.998 0.3000000119
2409  27.530  -90.484  0.846 0.3000000119
2419  27.091  -89.929  -0.318 0.3000000119
2420  26.451  -89.985  -0.640 0.3000000119
2421  25.547  -90.314  -0.879 0.3000000119
2422  24.634  -90.738  -1.048 0.4000000060
2423  23.734  -91.129  -1.203 0.4000000060
2424  22.834  -91.409  -1.362 0.4000000060
2435  21.889  -90.902  -2.642 0.4000000060
2436  21.275  -91.328  -3.015 0.4000000060
2437  20.759  -91.660  -3.364 0.4000000060
2444  19.464  -91.380  -4.318 0.4000000060
2452  17.358  -91.297  -4.953 0.4000000060
2806  31.411  -90.190  9.589 0.3000000119
2808  30.673  -90.342  8.725 0.3000000119
2828  23.335  -87.655  3.234 0.4000000060
2829  21.524  -88.112  3.434 0.3000000119
2848  26.492  -89.720  -1.175 0.3000000119
2859  24.931  -89.436  -2.533 0.3000000119
2860  23.941  -89.725  -2.745 0.3000000119
2861  22.930  -90.010  -2.921 0.4000000060
2862  22.155  -90.270  -2.985 0.4000000060
2866  21.434  -90.567  -4.088 0.3000000119
2870  21.390  -89.536  -3.889 0.4000000060
2888  18.847  -89.020  -6.464 0.4000000060
2891  16.442  -89.447  -6.415 0.4000000060
3262  22.896  -87.944  3.009 0.4000000060
3263  22.354  -88.173  2.945 0.3000000119
3303  21.033  -87.288  -2.991 0.4000000060
3304  21.092  -88.213  -3.348 0.4000000060
3308  21.255  -88.221  -4.602 0.3000000119
3309  21.256  -89.048  -5.819 0.4000000060
3310  20.442  -89.132  -6.032 0.4000000060
3311  19.551  -89.124  -6.227 0.4000000060
3315  20.791  -88.564  -6.453 0.4000000060
3319  16.799  -88.898  -6.971 0.4000000060
3329  17.826  -88.298  -7.355 0.4000000060
3330  17.142  -88.357  -7.393 0.4000000060
3711  22.077  -87.303  -2.122 0.4000000060
3732  18.410  -87.876  -7.676 0.4000000060
3734  16.242  -87.745  -8.148 0.4000000060
3735  14.902  -88.492  -7.806 0.4000000060
4127  22.917  -85.347  -2.220 0.3000000119
4140  20.593  -87.319  -7.574 0.4000000060
4145  20.187  -86.728  -8.069 0.4000000060
4146  19.508  -86.932  -8.202 0.4000000060
4148  17.927  -87.244  -8.240 0.4000000060
4155  17.601  -86.665  -8.769 0.4000000060
4550  22.940  -85.067  -3.387 0.3000000119
4562  21.783  -85.360  -8.123 0.5000000000
4563  20.933  -85.455  -8.323 0.5000000000
4570  17.873  -85.850  -9.293 0.5000000000
4580  17.393  -85.278  -9.556 0.5000000000
4584  13.690  -85.908  -9.521 0.6000000238
4959  23.201  -85.041  -7.811 0.4000000060
4972  19.031  -84.915  -9.583 0.4000000060
4976  16.028  -85.195  -9.602 0.6999999881
4977  15.141  -85.362  -9.535 0.6999999881
5340  23.699  -84.330  -7.869 0.4000000060
5347  22.886  -83.634  -8.265 0.4000000060
5348  22.204  -83.861  -8.214 0.5000000000
5353  15.659  -84.281  -7.977 0.6999999881
5357  12.677  -85.061  -8.903 0.6000000238
5792  24.878  -83.290  -6.286 0.4000000060
5800  25.133  -83.134  -7.499 0.4000000060
5804  24.396  -83.675  -8.045 0.4000000060
5806  19.719  -83.363  -5.633 0.6000000238
5808  15.182  -83.694  -6.780 0.6999999881
5815  21.496  -83.302  -7.575 0.6000000238
5818  17.627  -83.589  -4.792 0.6000000238
5820  16.074  -83.261  -7.058 0.6999999881
6318  25.026  -82.938  0.675 0.3000000119
6323  25.961  -82.950  -1.843 0.3000000119
6361  25.335  -82.618  -7.367 0.4000000060
6363  25.414  -82.630  -7.955 0.4000000060
6367  14.988  -83.144  -7.074 0.6999999881
6371  22.096  -82.536  -8.206 0.6999999881
6894  25.886  -82.278  -0.442 0.3000000119
7469  26.306  -80.836  -1.121 0.3000000119
7513  24.964  -80.277  -7.762 0.4000000060
7518  24.943  -80.648  -8.224 0.4000000060
7519  24.266  -80.208  -8.452 0.4000000060
8109  13.289  -79.760  -7.206 0.5000000000
8112  23.573  -79.688  -8.564 0.4000000060
8117  13.909  -79.763  -7.959 0.5000000000
8627  18.069  -78.455  2.122 0.6000000238
8687  22.889  -79.181  -8.693 0.4000000060
8689  21.370  -78.341  -8.740 0.6999999881
9252  18.058  -78.394  1.663 0.6000000238
9257  18.365  -78.000  0.516 0.6999999881
9943  18.467  -77.833  1.968 0.6000000238
10026  20.228  -76.817  -8.589 0.6999999881
11407  17.486  -74.343  0.704 0.6999999881
12220  17.481  -74.495  -0.093 0.8000000119
12237  17.224  -72.946  -1.507 0.8000000119
13085  17.190  -72.068  -2.362 0.6000000238
14599  17.212  -71.537  10.751 0.4000000060
14600  16.065  -70.937  10.382 0.4000000060
14613  15.629  -71.532  9.637 0.6000000238
15382  16.500  -70.312  11.009 0.4000000060
15399  15.505  -69.987  9.456 0.6000000238
16196  15.392  -69.075  7.063 0.6000000238
16967  10.820  -68.127  11.283 0.3000000119
16976  15.327  -67.631  10.249 0.4000000060
16992  14.721  -67.124  8.407 0.6000000238
17006  14.633  -67.321  7.419 0.6000000238
17831  15.272  -67.017  11.153 0.4000000060
17834  11.994  -67.606  11.963 0.4000000060
17835  11.245  -67.520  12.016 0.3000000119
17846  12.282  -67.764  10.910 0.4000000060
17847  12.038  -67.738  9.628 0.4000000060
17861  12.625  -66.862  8.535 0.4000000060
17876  12.302  -66.767  7.544 0.5000000000
18706  13.485  -66.821  12.017 0.4000000060
20374  14.436  -63.631  12.192 0.4000000060
20400  12.669  -63.181  10.497 0.3000000119
21169  14.958  -62.840  11.634 0.4000000060
21207  12.215  -62.906  8.906 0.3000000119
24512  14.811  -57.999  9.229 0.4000000060
25489  15.970  -57.153  9.297 0.3000000119
25500  13.824  -57.579  8.177 0.3000000119
25515  12.979  -57.445  6.656 0.3000000119
26411  17.624  -57.043  9.572 0.3000000119
26429  15.303  -56.740  8.853 0.3000000119
26441  14.624  -56.396  8.306 0.3000000119
26461  13.458  -56.735  7.121 0.3000000119
27462  13.184  -55.382  4.757 0.5000000000
27463  12.789  -55.836  4.062 0.4000000060
27482  12.685  -55.150  3.355 0.3000000119
28439  13.784  -54.443  5.718 0.3000000119
29428  15.000  -53.325  6.066 0.3000000119
30430  15.768  -51.996  6.133 0.3000000119
31503  12.778  -51.554  3.914 0.3000000119
32579  13.391  -50.030  4.526 0.3000000119
32601  12.199  -49.854  3.977 0.3000000119
34929  11.953  -48.354  4.226 0.3000000119
134649  23.218  -93.887  8.280 0.3000000119
134651  22.485  -91.131  4.157 0.4000000060
134652  22.952  -93.516  7.473 0.3000000119
134655  23.390  -94.283  6.038 0.3000000119
134656  23.086  -92.309  4.405 0.5000000000
134739  23.108  -81.290  -0.315 0.3000000119
134740  23.886  -82.101  1.006 0.3000000119
134746  23.422  -80.870  0.461 0.3000000119
135327  18.096  -78.010  3.866 0.6000000238
135331  15.344  -76.909  2.296 0.5000000000
135332  16.688  -74.575  7.981 0.5000000000
135333  16.664  -75.323  7.640 0.5000000000
135345  15.925  -74.131  8.466 0.6000000238
135348  16.361  -74.064  8.445 0.5000000000
135355  15.609  -74.085  8.397 0.6000000238
135363  16.493  -73.583  8.769 0.6000000238
135434  15.712  -62.846  12.099 0.4000000060
135444  14.980  -60.258  10.452 0.4000000060
135450  14.199  -61.306  10.386 0.3000000119
135451  13.238  -61.417  9.328 0.3000000119
135456  12.367  -57.777  5.186 0.4000000060
135463  12.009  -62.347  8.160 0.3000000119
139488  13.326  -72.649  3.470 0.6000000238
139524  12.383  -68.732  2.678 0.5000000000
139960  14.228  -74.737  6.488 0.6000000238
140168  17.024  -77.611  5.646 0.6000000238
140880  12.935  -58.240  7.135 0.3000000119
140899  22.456  -92.760  5.801 0.3000000119
141116  18.246  -78.296  2.907 0.6000000238
141311  11.828  -58.069  2.820 0.4000000060
141639  17.128  -73.766  2.747 0.5000000000
141695  14.177  -68.499  4.504 0.6000000238
141801  12.711  -57.400  5.866 0.3000000119
141838  23.438  -82.835  -0.431 0.3000000119
141857  16.708  -72.630  -0.232 0.6000000238
141980  17.978  -78.505  2.520 0.6000000238
142164  22.879  -78.317  -4.756 0.3000000119
142306  22.839  -92.498  5.049 0.3000000119
142593  11.741  -61.956  7.279 0.3000000119
142723  22.744  -80.418  -1.763 0.3000000119
142759  24.710  -90.469  5.075 0.3000000119
142832  11.573  -61.697  6.310 0.4000000060
142853  15.264  -73.594  8.418 0.6000000238
142877  13.632  -61.511  9.953 0.3000000119
143056  15.305  -75.234  7.815 0.5000000000
143257  13.024  -71.232  3.535 0.6000000238
143301  17.155  -74.747  7.445 0.4000000060
143360  12.106  -57.490  3.578 0.4000000060
143412  15.012  -71.522  7.981 0.5000000000
146049  18.340  -78.100  1.306 0.6999999881
146096  21.086  -92.869  -0.212 0.5000000000
146710  15.185  -74.327  8.022 0.5000000000
147108  21.006  -95.035  3.014 0.4000000060
148218  26.422  -92.272  5.087 0.3000000119
149068  25.225  -88.764  -2.900 0.3000000119
149083  24.023  -85.175  -2.335 0.3000000119
149709  25.092  -94.668  16.757 0.3000000119
151411  27.763  -92.466  6.038 0.3000000119
152049  25.674  -94.304  14.883 0.3000000119
152264  26.183  -90.488  2.255 0.3000000119
152336  12.654  -53.670  3.487 0.3000000119
152778  19.081  -84.556  -8.483 0.5000000000
154621  12.327  -52.271  3.803 0.3000000119
155205  16.375  -52.495  6.402 0.3000000119
155348  21.795  -90.106  3.458 0.3000000119
157132  22.114  -93.254  13.297 0.3000000119
157962  13.757  -72.783  1.028 0.6000000238
158015  12.459  -71.255  2.305 0.5000000000
158171  21.223  -89.904  5.499 0.3000000119
159128  12.731  -71.873  3.062 0.6000000238
159439  14.824  -76.651  1.496 0.5000000000
159447  13.316  -59.673  8.476 0.3000000119
159448  13.841  -60.849  9.666 0.4000000060
160536  14.774  -69.871  5.457 0.6000000238
160678  13.329  -60.831  9.031 0.3000000119
161992  12.281  -71.065  0.661 0.5000000000
161993  11.961  -70.016  -0.802 0.5000000000
162651  13.047  -85.343  -9.161 0.6000000238
162733  22.195  -80.266  -8.929 0.4000000060
163435  20.403  -86.028  -8.385 0.4000000060
163571  24.105  -75.127  -7.669 0.4000000060
163574  25.637  -94.119  14.188 0.3000000119
163606  23.276  -93.985  4.941 0.5000000000
164645  28.693  -91.827  6.293 0.3000000119
165296  15.613  -87.550  -8.398 0.5000000000
165565  12.122  -55.908  2.352 0.3000000119
165639  17.379  -78.672  -8.352 0.6999999881
166118  14.392  -60.040  9.711 0.4000000060
166313  16.712  -80.806  -8.444 0.6999999881
166543  21.681  -92.560  7.834 0.3000000119
166677  13.138  -69.687  3.369 0.5000000000
166877  21.299  -88.737  3.781 0.3000000119
169253  15.022  -68.668  6.342 0.6000000238
169421  17.522  -78.319  1.914 0.6000000238
170460  14.188  -85.026  -9.213 0.6000000238
170606  11.222  -54.062  1.959 0.3000000119
170931  26.669  -92.184  4.490 0.3000000119
171061  18.792  -90.638  -4.983 0.4000000060
171328  11.293  -55.935  1.869 0.3000000119
171786  14.564  -85.440  -9.490 0.6999999881
171950  24.768  -94.953  16.525 0.3000000119
