#!ascii label  , from subject sub-v1s8x0051339_ses-1 vox2ras=TkReg
936
49003  -42.303  -37.434  61.677 0.0000000000
46315  -25.171  -40.109  66.507 0.0000000000
48959  -32.800  -37.890  64.025 0.0000000000
70310  -49.161  -12.350  46.779 0.0000000000
71225  -56.486  -11.375  43.245 0.0000000000
47063  -18.919  -37.324  73.701 0.0000000000
69401  -44.508  -14.100  49.179 0.0000000000
52700  -43.765  -33.792  58.868 0.0000000000
47209  -37.519  -38.972  62.930 0.0000000000
48017  -20.189  -38.352  69.007 0.0000000000
44491  -19.793  -42.739  70.856 0.0000000000
49916  -38.261  -35.759  59.599 0.0000000000
52708  -39.556  -33.787  57.777 0.0000000000
48055  -29.569  -38.658  65.617 0.0000000000
50804  -34.890  -35.655  62.243 0.0000000000
131305  -40.555  -22.899  48.187 0.0000000000
121831  -43.632  -18.939  47.120 0.0000000000
67753  -47.727  -16.806  46.026 0.0000000000
43595  -15.479  -43.394  77.583 0.0000000000
130128  -14.951  -43.925  81.822 0.0000000000
54437  -36.909  -31.463  56.661 0.0000000000
58036  -36.132  -27.492  54.801 0.0000000000
59934  -37.849  -25.988  50.818 0.0000000000
43626  -17.069  -44.010  73.258 0.0000000000
45450  -24.719  -41.415  68.515 0.0000000000
45453  -27.372  -41.614  68.497 0.0000000000
48115  -40.176  -38.430  62.310 0.0000000000
48033  -24.304  -36.806  68.396 0.0000000000
47120  -22.371  -39.171  67.410 0.0000000000
46256  -22.073  -41.093  68.387 0.0000000000
50820  -38.435  -34.416  61.556 0.0000000000
122513  -36.165  -35.528  61.172 0.0000000000
64172  -39.702  -20.247  48.801 0.0000000000
64186  -41.671  -20.772  47.048 0.0000000000
143137  -41.428  -17.563  47.857 0.0000000000
129030  -45.540  -14.590  46.429 0.0000000000
69430  -47.491  -14.466  45.369 0.0000000000
67769  -49.854  -16.382  45.417 0.0000000000
128315  -50.048  -13.710  44.327 0.0000000000
69446  -51.689  -13.966  43.654 0.0000000000
54406  -38.823  -31.558  59.445 0.0000000000
53584  -39.259  -32.705  57.028 0.0000000000
55274  -35.989  -31.000  58.787 0.0000000000
58901  -33.551  -26.832  55.876 0.0000000000
59876  -34.247  -25.409  54.117 0.0000000000
58955  -36.544  -26.337  52.662 0.0000000000
142769  -35.411  -24.014  51.645 0.0000000000
61708  -37.238  -23.405  50.134 0.0000000000
48950  -31.349  -37.519  65.190 0.0000000000
46205  -16.100  -39.997  74.803 0.0000000000
45361  -16.453  -40.877  73.039 0.0000000000
41712  -15.877  -46.140  82.577 0.0000000000
40747  -15.234  -46.570  84.745 0.0000000000
68522  -42.433  -15.465  50.776 0.0000000000
54420  -43.857  -31.739  57.893 0.0000000000
47194  -35.533  -39.313  63.232 0.0000000000
47986  -19.312  -38.016  71.113 0.0000000000
45387  -17.767  -41.157  70.861 0.0000000000
45429  -19.308  -40.948  69.617 0.0000000000
72103  -57.499  -11.370  42.525 0.0000000000
49015  -40.084  -37.446  60.311 0.0000000000
49919  -40.904  -36.332  59.311 0.0000000000
50843  -39.290  -35.206  58.878 0.0000000000
48929  -25.322  -37.720  66.207 0.0000000000
47138  -27.330  -39.905  65.646 0.0000000000
49837  -27.370  -36.426  65.056 0.0000000000
49840  -29.998  -35.936  64.644 0.0000000000
49866  -31.447  -35.402  63.551 0.0000000000
51731  -33.009  -33.938  63.744 0.0000000000
49880  -33.071  -36.712  62.254 0.0000000000
48995  -35.139  -37.616  61.341 0.0000000000
48998  -37.903  -37.692  60.977 0.0000000000
59965  -41.357  -25.517  49.245 0.0000000000
68561  -43.270  -15.361  47.612 0.0000000000
67735  -45.807  -16.925  46.871 0.0000000000
69449  -54.590  -14.186  43.555 0.0000000000
43567  -15.383  -43.681  79.212 0.0000000000
40766  -16.324  -46.836  80.754 0.0000000000
51809  -41.276  -34.159  57.627 0.0000000000
52729  -41.081  -32.688  56.673 0.0000000000
55300  -40.316  -30.758  55.975 0.0000000000
135896  -34.139  -29.671  58.253 0.0000000000
57151  -35.635  -29.146  55.702 0.0000000000
141920  -39.228  -28.614  56.057 0.0000000000
125437  -38.562  -27.730  55.149 0.0000000000
58070  -39.448  -27.859  52.442 0.0000000000
58089  -40.573  -27.459  50.938 0.0000000000
60812  -39.265  -24.597  49.133 0.0000000000
63346  -38.622  -21.351  49.357 0.0000000000
46299  -29.327  -40.843  67.366 0.0000000000
46198  -15.392  -40.700  77.311 0.0000000000
42731  -16.201  -44.189  75.574 0.0000000000
43639  -18.363  -44.146  71.997 0.0000000000
40742  -13.774  -46.384  84.727 0.0000000000
46277  -24.445  -41.017  67.665 0.0000000000
45451  -25.492  -41.517  68.729 0.0000000000
46296  -25.696  -40.904  66.982 0.0000000000
48981  -40.848  -37.923  61.887 0.0000000000
48042  -23.723  -38.504  66.623 0.0000000000
141878  -22.909  -38.073  66.853 0.0000000000
46293  -23.440  -39.900  67.113 0.0000000000
46276  -23.593  -40.641  67.541 0.0000000000
65031  -39.909  -18.899  49.698 0.0000000000
65928  -40.760  -18.876  47.827 0.0000000000
66830  -40.530  -17.664  49.120 0.0000000000
70303  -47.701  -12.448  47.905 0.0000000000
70307  -46.686  -13.504  46.704 0.0000000000
70309  -48.405  -12.887  46.026 0.0000000000
70320  -49.177  -14.072  44.665 0.0000000000
121612  -49.262  -12.841  45.643 0.0000000000
71206  -50.175  -12.813  45.118 0.0000000000
55261  -37.402  -30.975  59.882 0.0000000000
60751  -33.887  -24.053  55.456 0.0000000000
60782  -34.576  -24.026  53.026 0.0000000000
62548  -35.260  -22.480  52.768 0.0000000000
62549  -35.930  -21.852  52.397 0.0000000000
48951  -31.919  -37.736  65.400 0.0000000000
48058  -32.194  -38.735  66.548 0.0000000000
48069  -33.065  -38.636  65.712 0.0000000000
47061  -17.107  -38.585  74.214 0.0000000000
47074  -17.336  -39.093  72.775 0.0000000000
71233  -56.150  -12.435  42.527 0.0000000000
142034  -15.722  -46.299  83.483 0.0000000000
51780  -44.537  -34.589  60.286 0.0000000000
52710  -44.087  -33.010  58.643 0.0000000000
133906  -36.203  -39.250  63.130 0.0000000000
47196  -37.520  -39.526  63.591 0.0000000000
48018  -21.140  -37.486  69.704 0.0000000000
122562  -21.613  -37.052  71.106 0.0000000000
47975  -20.883  -37.264  72.595 0.0000000000
126427  -19.846  -37.862  70.642 0.0000000000
46253  -18.844  -39.649  69.793 0.0000000000
47095  -19.695  -39.240  68.987 0.0000000000
45410  -23.650  -41.635  70.165 0.0000000000
45409  -21.536  -41.795  70.030 0.0000000000
49907  -38.661  -36.603  59.773 0.0000000000
49917  -39.173  -35.966  59.381 0.0000000000
50842  -38.634  -35.183  59.484 0.0000000000
48930  -25.978  -37.075  66.258 0.0000000000
48945  -26.453  -37.661  65.339 0.0000000000
49825  -27.011  -35.840  65.976 0.0000000000
51717  -29.276  -34.191  65.284 0.0000000000
51718  -29.776  -34.158  64.870 0.0000000000
50763  -30.672  -35.884  64.467 0.0000000000
51729  -31.272  -33.605  64.002 0.0000000000
50791  -35.345  -35.177  63.506 0.0000000000
51745  -33.990  -34.906  63.304 0.0000000000
50788  -32.571  -35.336  62.626 0.0000000000
49881  -33.704  -36.618  61.742 0.0000000000
48980  -34.309  -37.410  61.571 0.0000000000
144288  -34.752  -37.125  61.219 0.0000000000
50831  -37.157  -35.501  60.514 0.0000000000
49011  -36.613  -36.714  60.635 0.0000000000
49013  -38.260  -37.121  60.348 0.0000000000
48999  -38.821  -37.656  61.057 0.0000000000
60825  -41.347  -24.366  48.465 0.0000000000
60826  -42.301  -24.529  48.479 0.0000000000
61727  -41.802  -23.760  48.040 0.0000000000
65067  -42.900  -19.435  46.763 0.0000000000
63367  -43.528  -21.502  47.394 0.0000000000
68536  -43.941  -14.529  49.882 0.0000000000
68549  -42.132  -15.139  49.024 0.0000000000
69407  -43.594  -14.518  47.962 0.0000000000
126531  -46.368  -15.989  45.831 0.0000000000
67751  -45.502  -16.049  46.206 0.0000000000
142498  -46.216  -16.545  46.327 0.0000000000
66846  -46.328  -17.690  47.411 0.0000000000
69448  -53.720  -13.989  43.628 0.0000000000
70323  -53.359  -12.953  43.569 0.0000000000
71223  -54.101  -12.382  43.561 0.0000000000
136354  -15.131  -42.199  78.316 0.0000000000
146003  -15.096  -42.085  79.019 0.0000000000
43582  -15.434  -43.593  78.396 0.0000000000
129015  -16.448  -46.877  79.865 0.0000000000
39829  -17.037  -47.773  81.873 0.0000000000
50851  -39.836  -35.203  58.230 0.0000000000
50852  -40.848  -35.354  58.356 0.0000000000
51798  -40.561  -34.719  57.878 0.0000000000
53582  -37.603  -32.052  56.887 0.0000000000
53594  -39.847  -32.520  56.566 0.0000000000
129754  -39.234  -32.125  56.518 0.0000000000
54441  -40.782  -31.428  56.199 0.0000000000
55298  -38.366  -30.707  55.802 0.0000000000
57967  -33.702  -27.433  59.011 0.0000000000
58015  -34.431  -27.410  55.310 0.0000000000
57150  -34.566  -28.973  55.946 0.0000000000
57168  -36.315  -28.373  55.395 0.0000000000
57153  -37.658  -28.955  55.599 0.0000000000
57169  -37.319  -28.331  55.392 0.0000000000
135869  -38.732  -27.900  55.818 0.0000000000
58037  -37.001  -27.676  54.615 0.0000000000
59918  -36.810  -25.952  51.949 0.0000000000
58939  -37.913  -27.069  53.185 0.0000000000
127041  -38.375  -27.011  51.304 0.0000000000
58081  -40.099  -27.625  51.566 0.0000000000
58973  -38.687  -26.389  50.449 0.0000000000
59949  -39.146  -25.906  49.810 0.0000000000
59948  -38.221  -25.370  49.966 0.0000000000
130833  -37.436  -21.441  50.991 0.0000000000
62582  -38.062  -22.177  49.479 0.0000000000
63335  -38.066  -21.151  50.475 0.0000000000
47139  -28.278  -39.789  65.720 0.0000000000
46298  -28.351  -40.936  67.056 0.0000000000
47140  -29.218  -39.485  66.078 0.0000000000
145921  -16.081  -41.950  74.130 0.0000000000
44438  -15.965  -42.676  75.115 0.0000000000
42746  -16.501  -44.172  74.769 0.0000000000
135128  -18.370  -41.998  70.593 0.0000000000
137785  -17.634  -41.956  71.237 0.0000000000
43648  -19.467  -43.343  71.379 0.0000000000
45411  -24.587  -41.648  70.164 0.0000000000
45412  -25.506  -41.674  70.192 0.0000000000
45436  -26.878  -41.667  69.355 0.0000000000
45437  -27.839  -41.792  69.334 0.0000000000
48114  -39.198  -38.637  62.402 0.0000000000
47197  -38.363  -39.430  63.443 0.0000000000
48877  -23.489  -36.714  69.064 0.0000000000
48032  -21.972  -37.800  67.808 0.0000000000
47105  -21.269  -39.118  67.904 0.0000000000
46273  -20.445  -39.439  68.361 0.0000000000
136790  -22.208  -40.481  67.908 0.0000000000
146929  -23.446  -41.387  68.661 0.0000000000
50832  -37.779  -35.006  60.031 0.0000000000
51788  -38.548  -34.580  59.738 0.0000000000
121748  -35.730  -35.397  62.980 0.0000000000
49883  -35.344  -35.921  61.557 0.0000000000
142822  -36.693  -35.255  60.864 0.0000000000
127115  -40.130  -21.676  48.339 0.0000000000
62599  -41.638  -22.272  47.410 0.0000000000
64185  -40.957  -20.643  47.479 0.0000000000
126398  -41.428  -19.341  47.154 0.0000000000
141695  -42.287  -18.206  46.894 0.0000000000
124981  -44.787  -13.969  47.677 0.0000000000
69416  -45.904  -13.816  46.870 0.0000000000
69422  -46.321  -14.358  46.149 0.0000000000
68585  -47.524  -15.252  45.238 0.0000000000
67768  -48.929  -16.363  45.293 0.0000000000
68586  -48.472  -15.504  44.828 0.0000000000
68600  -49.943  -15.092  44.373 0.0000000000
68601  -50.926  -15.124  44.329 0.0000000000
69445  -50.873  -13.837  43.788 0.0000000000
71216  -51.740  -12.650  44.256 0.0000000000
42704  -15.951  -44.827  77.208 0.0000000000
42696  -15.929  -45.025  78.021 0.0000000000
40785  -16.853  -46.479  77.660 0.0000000000
53572  -39.420  -32.469  58.597 0.0000000000
128263  -39.473  -33.004  57.729 0.0000000000
54418  -38.393  -31.958  58.272 0.0000000000
54417  -37.373  -31.707  58.246 0.0000000000
54415  -35.908  -31.039  58.021 0.0000000000
137908  -33.462  -26.666  57.399 0.0000000000
59846  -33.490  -25.296  56.304 0.0000000000
58916  -33.722  -26.178  55.306 0.0000000000
58935  -34.683  -26.144  54.159 0.0000000000
58919  -36.244  -27.160  54.165 0.0000000000
59895  -34.812  -25.586  53.303 0.0000000000
59917  -36.067  -25.568  52.224 0.0000000000
60792  -36.616  -24.680  50.927 0.0000000000
60801  -36.909  -24.093  50.465 0.0000000000
61707  -36.436  -22.996  50.653 0.0000000000
48067  -30.505  -37.603  65.145 0.0000000000
47141  -30.143  -39.186  66.371 0.0000000000
48057  -31.516  -38.694  66.375 0.0000000000
46209  -16.266  -40.451  73.842 0.0000000000
44461  -16.357  -42.377  73.562 0.0000000000
42676  -15.218  -44.699  82.119 0.0000000000
43557  -14.768  -44.137  82.873 0.0000000000
128572  -15.095  -44.892  82.906 0.0000000000
122292  -15.091  -45.272  84.124 0.0000000000
42668  -14.366  -44.851  84.637 0.0000000000
55275  -43.946  -30.837  57.889 0.0000000000
48079  -33.900  -39.054  63.817 0.0000000000
47159  -33.730  -39.220  65.432 0.0000000000
47962  -20.407  -37.345  72.987 0.0000000000
47076  -18.799  -37.812  72.299 0.0000000000
47080  -17.590  -39.310  71.930 0.0000000000
47081  -17.878  -39.409  71.042 0.0000000000
46240  -18.702  -40.490  69.946 0.0000000000
44504  -20.173  -42.234  70.303 0.0000000000
45431  -20.933  -41.362  69.124 0.0000000000
125155  -20.543  -41.729  69.759 0.0000000000
44493  -21.535  -42.333  71.444 0.0000000000
72095  -57.079  -11.340  42.967 0.0000000000
49016  -40.799  -37.367  60.542 0.0000000000
138908  -41.370  -36.618  59.858 0.0000000000
49909  -40.602  -36.920  59.857 0.0000000000
129425  -39.746  -35.709  58.894 0.0000000000
128467  -39.158  -34.450  58.305 0.0000000000
134802  -38.945  -34.070  59.351 0.0000000000
52698  -39.320  -33.332  59.091 0.0000000000
121863  -39.446  -33.075  58.332 0.0000000000
54407  -39.254  -31.728  59.924 0.0000000000
47136  -25.204  -39.243  65.986 0.0000000000
46316  -26.082  -40.438  66.325 0.0000000000
48063  -26.287  -38.513  65.415 0.0000000000
48064  -27.027  -38.337  65.004 0.0000000000
48065  -27.984  -38.033  64.873 0.0000000000
50748  -28.054  -34.790  65.761 0.0000000000
49838  -28.192  -36.272  64.707 0.0000000000
48948  -29.840  -36.911  64.777 0.0000000000
48949  -30.710  -36.949  64.808 0.0000000000
49841  -31.154  -36.713  64.620 0.0000000000
128781  -32.127  -37.398  64.590 0.0000000000
52654  -32.032  -32.969  64.484 0.0000000000
50787  -31.840  -35.063  62.900 0.0000000000
49867  -31.957  -36.013  62.920 0.0000000000
48967  -33.119  -37.408  62.985 0.0000000000
48108  -33.740  -37.992  62.764 0.0000000000
48110  -35.454  -38.354  61.996 0.0000000000
48111  -36.263  -38.504  62.126 0.0000000000
48996  -36.009  -37.331  61.005 0.0000000000
48126  -36.624  -38.062  61.555 0.0000000000
124692  -37.781  -38.608  62.193 0.0000000000
48129  -39.418  -38.128  61.684 0.0000000000
49000  -39.707  -37.746  60.978 0.0000000000
48913  -24.730  -37.502  66.734 0.0000000000
62600  -42.497  -22.307  47.299 0.0000000000
67718  -41.289  -16.407  48.930 0.0000000000
67731  -42.293  -16.294  47.771 0.0000000000
122751  -43.354  -17.159  46.840 0.0000000000
68562  -44.022  -15.133  47.276 0.0000000000
67733  -43.925  -16.537  46.793 0.0000000000
66844  -44.257  -17.414  47.008 0.0000000000
65934  -45.972  -18.273  47.864 0.0000000000
146757  -55.541  -13.800  42.934 0.0000000000
71232  -55.445  -12.610  42.860 0.0000000000
71224  -55.644  -11.757  43.230 0.0000000000
129384  -15.083  -41.776  80.476 0.0000000000
130127  -15.210  -43.778  80.877 0.0000000000
142278  -15.925  -45.236  78.719 0.0000000000
41728  -15.724  -45.105  79.560 0.0000000000
42678  -15.363  -44.562  81.208 0.0000000000
40759  -16.147  -46.427  81.684 0.0000000000
49920  -41.740  -36.137  59.542 0.0000000000
50853  -42.433  -34.877  58.660 0.0000000000
52709  -42.999  -34.110  58.434 0.0000000000
52718  -40.287  -33.448  57.227 0.0000000000
52719  -41.024  -33.437  57.103 0.0000000000
144868  -42.707  -33.666  57.934 0.0000000000
53586  -42.309  -32.599  57.274 0.0000000000
54428  -41.655  -31.230  56.636 0.0000000000
55284  -41.783  -30.124  56.791 0.0000000000
55258  -34.705  -30.101  58.914 0.0000000000
55283  -35.491  -30.744  57.401 0.0000000000
125846  -33.637  -28.129  56.762 0.0000000000
56154  -34.368  -29.595  56.721 0.0000000000
135218  -36.635  -30.725  56.167 0.0000000000
56158  -37.973  -29.794  55.683 0.0000000000
122415  -39.694  -29.089  56.079 0.0000000000
58921  -37.700  -27.326  53.787 0.0000000000
58057  -39.308  -27.787  53.668 0.0000000000
58984  -40.973  -26.129  49.765 0.0000000000
59964  -40.506  -25.501  49.330 0.0000000000
60823  -39.713  -24.173  48.746 0.0000000000
61709  -37.797  -23.649  49.672 0.0000000000
61717  -38.289  -23.233  49.306 0.0000000000
62589  -39.972  -22.378  48.449 0.0000000000
63347  -39.188  -20.803  49.015 0.0000000000
65020  -39.557  -19.528  50.195 0.0000000000
141667  -27.426  -40.957  66.962 0.0000000000
133350  -27.854  -41.373  67.706 0.0000000000
46300  -30.302  -40.375  67.591 0.0000000000
44413  -15.285  -42.425  77.412 0.0000000000
45278  -15.629  -40.645  76.113 0.0000000000
44424  -15.469  -42.293  76.438 0.0000000000
43610  -15.842  -43.824  76.312 0.0000000000
41765  -16.451  -45.200  75.798 0.0000000000
46220  -17.017  -40.158  72.221 0.0000000000
137306  -17.175  -42.742  72.253 0.0000000000
43638  -17.674  -44.172  72.404 0.0000000000
39810  -15.143  -47.641  85.024 0.0000000000
41703  -14.751  -46.215  84.813 0.0000000000
42665  -13.784  -44.591  85.027 0.0000000000
126917  -42.683  -36.955  61.425 0.0000000000
46295  -24.962  -40.769  67.141 0.0000000000
46278  -25.404  -41.259  67.868 0.0000000000
49002  -41.399  -37.527  61.238 0.0000000000
47135  -24.404  -39.328  66.435 0.0000000000
47122  -23.714  -39.437  66.745 0.0000000000
46294  -24.195  -40.232  66.910 0.0000000000
65895  -40.361  -18.357  50.779 0.0000000000
65906  -40.263  -18.192  49.671 0.0000000000
66818  -40.472  -17.521  50.214 0.0000000000
126991  -48.279  -12.438  47.023 0.0000000000
70314  -48.658  -13.500  45.154 0.0000000000
61671  -34.793  -23.085  53.399 0.0000000000
48077  -32.594  -38.113  65.114 0.0000000000
124899  -19.215  -37.305  74.352 0.0000000000
47062  -17.897  -37.826  73.957 0.0000000000
47069  -18.007  -38.120  73.275 0.0000000000
135342  -56.916  -12.830  42.084 0.0000000000
144937  -56.685  -11.948  42.449 0.0000000000
52701  -44.500  -33.453  59.281 0.0000000000
47208  -36.630  -38.922  62.753 0.0000000000
47195  -36.844  -39.326  63.382 0.0000000000
122583  -20.632  -37.513  70.783 0.0000000000
48001  -20.062  -37.983  69.886 0.0000000000
48016  -19.626  -38.588  69.445 0.0000000000
49810  -26.491  -36.224  66.766 0.0000000000
52628  -30.296  -32.962  65.900 0.0000000000
52642  -30.131  -33.355  65.133 0.0000000000
51719  -30.407  -33.920  64.430 0.0000000000
50790  -34.431  -35.254  62.852 0.0000000000
50803  -33.968  -35.789  61.920 0.0000000000
49882  -34.538  -36.544  61.475 0.0000000000
49906  -37.697  -36.139  60.025 0.0000000000
139926  -37.077  -36.200  60.478 0.0000000000
61726  -40.889  -23.625  48.230 0.0000000000
62591  -41.292  -22.974  47.869 0.0000000000
64189  -43.697  -19.940  47.238 0.0000000000
65068  -44.299  -19.260  47.531 0.0000000000
69400  -43.589  -14.273  48.880 0.0000000000
67766  -47.196  -16.059  45.667 0.0000000000
67752  -46.927  -16.663  46.177 0.0000000000
66854  -47.470  -17.242  46.703 0.0000000000
134544  -53.618  -11.989  43.731 0.0000000000
138886  -15.291  -42.899  78.119 0.0000000000
42703  -15.660  -44.226  77.822 0.0000000000
51797  -39.836  -34.416  57.817 0.0000000000
129445  -38.461  -32.103  56.720 0.0000000000
54438  -37.850  -31.574  56.373 0.0000000000
54439  -38.828  -31.523  56.143 0.0000000000
58035  -35.265  -27.321  55.012 0.0000000000
58016  -35.064  -27.802  55.300 0.0000000000
58017  -35.892  -27.823  55.207 0.0000000000
58018  -36.796  -27.965  55.052 0.0000000000
147040  -37.846  -27.848  55.281 0.0000000000
59933  -37.093  -25.541  51.231 0.0000000000
58966  -37.508  -26.443  51.636 0.0000000000
47158  -28.608  -38.898  65.338 0.0000000000
43633  -16.524  -43.183  73.638 0.0000000000
127094  -16.165  -42.768  74.325 0.0000000000
43625  -16.500  -43.714  74.161 0.0000000000
42747  -16.899  -44.608  74.137 0.0000000000
133455  -18.898  -42.804  70.898 0.0000000000
136355  -14.921  -43.094  81.450 0.0000000000
137787  -14.772  -43.204  82.434 0.0000000000
50835  -44.156  -35.277  60.623 0.0000000000
45433  -24.040  -41.518  69.194 0.0000000000
45434  -25.049  -41.603  69.373 0.0000000000
45452  -26.318  -41.511  68.450 0.0000000000
45435  -25.946  -41.621  69.393 0.0000000000
133547  -27.356  -41.766  70.186 0.0000000000
48095  -39.789  -38.920  63.090 0.0000000000
48895  -23.225  -36.879  68.003 0.0000000000
48041  -22.388  -38.354  67.297 0.0000000000
48911  -22.667  -37.484  67.496 0.0000000000
48031  -21.450  -38.245  68.002 0.0000000000
47119  -21.869  -38.709  67.655 0.0000000000
47106  -21.968  -39.658  67.714 0.0000000000
45449  -23.859  -41.262  68.240 0.0000000000
45448  -22.944  -41.075  68.064 0.0000000000
50819  -37.904  -34.665  60.936 0.0000000000
51776  -38.512  -34.389  60.681 0.0000000000
122312  -36.197  -35.261  62.384 0.0000000000
50806  -37.817  -34.727  61.952 0.0000000000
50818  -37.232  -34.899  60.854 0.0000000000
63355  -39.891  -21.002  48.530 0.0000000000
63356  -40.535  -21.225  47.899 0.0000000000
64173  -40.330  -20.417  48.109 0.0000000000
65916  -40.919  -17.998  48.204 0.0000000000
65929  -41.529  -18.334  47.343 0.0000000000
65930  -42.194  -18.972  46.758 0.0000000000
66843  -42.016  -17.568  47.314 0.0000000000
69409  -45.596  -13.565  47.842 0.0000000000
70295  -46.381  -13.196  47.600 0.0000000000
69423  -47.129  -14.024  45.961 0.0000000000
69429  -46.839  -14.817  45.613 0.0000000000
69431  -48.245  -14.461  44.859 0.0000000000
68599  -49.103  -14.874  44.515 0.0000000000
69436  -49.708  -14.404  44.381 0.0000000000
69437  -50.357  -14.389  44.013 0.0000000000
69438  -51.036  -14.337  43.778 0.0000000000
130243  -50.738  -12.161  45.887 0.0000000000
71215  -50.858  -13.140  44.241 0.0000000000
54419  -39.252  -31.944  58.895 0.0000000000
53571  -39.000  -32.498  57.878 0.0000000000
55260  -36.379  -30.926  59.640 0.0000000000
54404  -36.929  -31.432  59.121 0.0000000000
144567  -36.429  -31.219  58.984 0.0000000000
54416  -36.519  -31.361  58.257 0.0000000000
60761  -33.979  -24.543  54.481 0.0000000000
60760  -33.710  -24.837  55.212 0.0000000000
59875  -33.849  -25.390  54.869 0.0000000000
128163  -34.157  -25.949  54.654 0.0000000000
60783  -34.998  -24.261  52.271 0.0000000000
59916  -35.269  -25.218  52.505 0.0000000000
60784  -35.630  -24.774  51.850 0.0000000000
59932  -36.355  -25.149  51.548 0.0000000000
60791  -35.924  -24.325  51.257 0.0000000000
60800  -36.244  -23.892  50.818 0.0000000000
61701  -35.730  -23.344  51.287 0.0000000000
62564  -36.077  -22.315  51.472 0.0000000000
48931  -31.146  -37.872  65.555 0.0000000000
48056  -30.573  -38.376  65.850 0.0000000000
48059  -32.835  -38.775  66.539 0.0000000000
46213  -16.733  -39.893  73.180 0.0000000000
46210  -16.612  -39.429  74.072 0.0000000000
45339  -16.236  -41.454  73.612 0.0000000000
41711  -15.516  -45.388  82.392 0.0000000000
40749  -15.358  -46.048  84.152 0.0000000000
41705  -15.098  -45.569  84.392 0.0000000000
42670  -14.634  -44.524  84.350 0.0000000000
53575  -44.370  -32.207  58.404 0.0000000000
54421  -44.528  -31.348  58.278 0.0000000000
47176  -34.688  -39.333  63.618 0.0000000000
47987  -20.113  -37.572  71.498 0.0000000000
47974  -20.334  -37.430  72.372 0.0000000000
47961  -19.700  -37.443  72.754 0.0000000000
145880  -18.825  -38.120  71.606 0.0000000000
137674  -18.233  -38.636  71.732 0.0000000000
47985  -18.547  -38.686  70.802 0.0000000000
46254  -19.328  -40.072  69.326 0.0000000000
45407  -18.903  -41.460  70.026 0.0000000000
45408  -19.669  -41.624  69.804 0.0000000000
141639  -21.328  -41.040  68.579 0.0000000000
46255  -20.595  -40.594  68.564 0.0000000000
121597  -21.990  -42.041  70.996 0.0000000000
140250  -21.120  -42.096  70.627 0.0000000000
51777  -39.035  -33.994  60.294 0.0000000000
52699  -39.742  -32.584  60.222 0.0000000000
53562  -39.623  -32.482  59.336 0.0000000000
53573  -39.541  -32.057  59.575 0.0000000000
48054  -25.547  -38.537  65.801 0.0000000000
48946  -27.166  -37.367  64.853 0.0000000000
48947  -27.904  -37.087  64.726 0.0000000000
50761  -29.320  -34.997  64.743 0.0000000000
50760  -28.447  -35.318  64.899 0.0000000000
49839  -29.085  -36.091  64.629 0.0000000000
49854  -31.142  -35.877  64.191 0.0000000000
49855  -31.645  -36.539  64.098 0.0000000000
51732  -34.162  -34.300  64.072 0.0000000000
146475  -32.772  -33.293  64.290 0.0000000000
51730  -32.120  -33.578  63.647 0.0000000000
51743  -32.280  -34.414  63.060 0.0000000000
49879  -32.625  -36.116  62.470 0.0000000000
49868  -32.563  -36.651  62.757 0.0000000000
48979  -33.581  -37.434  62.072 0.0000000000
142878  -34.745  -38.124  61.837 0.0000000000
48125  -35.899  -37.996  61.586 0.0000000000
49893  -35.872  -36.324  60.804 0.0000000000
49892  -35.184  -36.845  60.983 0.0000000000
48997  -36.993  -37.562  60.948 0.0000000000
48127  -37.474  -38.186  61.565 0.0000000000
48128  -38.429  -38.305  61.749 0.0000000000
49014  -39.196  -37.320  60.288 0.0000000000
49001  -40.505  -37.720  61.053 0.0000000000
48914  -25.417  -37.055  67.121 0.0000000000
48053  -24.677  -38.383  66.292 0.0000000000
58985  -41.844  -26.040  49.685 0.0000000000
60827  -43.206  -24.319  48.462 0.0000000000
125741  -42.936  -24.949  48.870 0.0000000000
63365  -42.027  -21.558  47.091 0.0000000000
67686  -42.049  -16.083  51.201 0.0000000000
67701  -41.188  -16.219  49.902 0.0000000000
68521  -41.707  -15.610  50.282 0.0000000000
68560  -42.501  -15.582  48.021 0.0000000000
67719  -41.848  -15.945  48.477 0.0000000000
122534  -42.511  -16.949  47.276 0.0000000000
67732  -43.055  -16.256  47.250 0.0000000000
69415  -45.268  -14.064  47.077 0.0000000000
69414  -44.235  -14.385  47.618 0.0000000000
69421  -44.755  -14.716  46.918 0.0000000000
67734  -44.862  -16.697  46.785 0.0000000000
67750  -44.537  -15.775  46.632 0.0000000000
66845  -45.310  -17.654  47.362 0.0000000000
65933  -45.292  -18.438  47.785 0.0000000000
66833  -46.767  -18.238  47.947 0.0000000000
69440  -53.180  -14.637  44.019 0.0000000000
132078  -54.842  -12.285  43.319 0.0000000000
132171  -15.223  -43.124  79.655 0.0000000000
44388  -15.130  -42.396  79.674 0.0000000000
44378  -15.102  -42.909  80.470 0.0000000000
43562  -15.322  -43.711  80.015 0.0000000000
40784  -16.254  -45.756  78.230 0.0000000000
41736  -16.154  -45.837  79.044 0.0000000000
41729  -15.996  -46.104  79.997 0.0000000000
41723  -15.638  -45.263  80.598 0.0000000000
41724  -15.841  -45.997  81.051 0.0000000000
39828  -16.558  -47.105  81.671 0.0000000000
51799  -41.493  -34.807  58.156 0.0000000000
142845  -41.649  -35.324  58.615 0.0000000000
51800  -42.171  -34.212  58.009 0.0000000000
52717  -39.857  -33.306  57.433 0.0000000000
52727  -39.919  -33.047  56.960 0.0000000000
52728  -40.439  -32.944  56.767 0.0000000000
53585  -41.623  -32.912  57.049 0.0000000000
52720  -42.015  -33.487  57.447 0.0000000000
52721  -42.883  -33.007  57.711 0.0000000000
55285  -42.479  -30.602  57.156 0.0000000000
55301  -41.050  -30.436  56.266 0.0000000000
56128  -33.999  -29.192  59.367 0.0000000000
55272  -34.741  -30.348  57.870 0.0000000000
58885  -33.457  -26.738  56.635 0.0000000000
57980  -33.450  -27.468  57.304 0.0000000000
57996  -33.601  -27.514  56.359 0.0000000000
56155  -35.053  -29.860  56.255 0.0000000000
55295  -35.444  -30.446  56.655 0.0000000000
56156  -36.024  -30.088  56.039 0.0000000000
55297  -37.375  -30.856  55.937 0.0000000000
56157  -37.025  -29.954  55.742 0.0000000000
57154  -38.564  -28.782  55.750 0.0000000000
56159  -38.896  -29.529  55.747 0.0000000000
56161  -41.166  -29.352  56.664 0.0000000000
56160  -40.408  -28.646  56.654 0.0000000000
58019  -39.292  -27.726  55.799 0.0000000000
58937  -36.377  -26.724  53.440 0.0000000000
58920  -37.055  -27.308  53.941 0.0000000000
58938  -37.176  -26.872  53.249 0.0000000000
58069  -38.551  -27.641  52.956 0.0000000000
58967  -39.812  -27.335  50.844 0.0000000000
58090  -41.309  -27.336  50.765 0.0000000000
58975  -40.552  -26.851  50.368 0.0000000000
59963  -39.655  -25.367  49.422 0.0000000000
60813  -40.083  -24.818  48.993 0.0000000000
60802  -37.622  -24.351  49.977 0.0000000000
62583  -38.959  -22.559  48.811 0.0000000000
131117  -39.407  -21.621  48.707 0.0000000000
64163  -39.293  -20.143  49.539 0.0000000000
47137  -26.466  -39.904  65.763 0.0000000000
46317  -26.947  -40.543  66.207 0.0000000000
46281  -28.630  -41.296  67.711 0.0000000000
45454  -28.402  -41.651  68.467 0.0000000000
136126  -29.128  -41.363  68.075 0.0000000000
145419  -30.923  -39.064  66.539 0.0000000000
47124  -30.660  -39.657  67.038 0.0000000000
47107  -31.161  -39.886  67.770 0.0000000000
45243  -15.142  -41.466  77.796 0.0000000000
45258  -15.263  -41.513  76.940 0.0000000000
134841  -16.380  -39.321  75.463 0.0000000000
47055  -16.395  -39.224  76.241 0.0000000000
124022  -15.891  -39.986  75.769 0.0000000000
44437  -15.655  -42.093  75.597 0.0000000000
44425  -15.835  -43.102  75.824 0.0000000000
42716  -16.039  -44.594  76.409 0.0000000000
46229  -17.502  -40.236  71.330 0.0000000000
45386  -17.193  -41.090  71.580 0.0000000000
43646  -17.765  -43.428  71.834 0.0000000000
146186  -17.553  -42.589  71.659 0.0000000000
142060  -17.267  -43.512  72.497 0.0000000000
72102  -57.114  -12.077  42.097 0.0000000000
39809  -14.331  -47.182  84.891 0.0000000000
121442  -14.781  -47.102  84.968 0.0000000000
40743  -14.275  -46.387  84.818 0.0000000000
41702  -14.084  -45.478  84.779 0.0000000000
40740  -13.785  -45.973  84.847 0.0000000000
46279  -26.182  -41.246  67.579 0.0000000000
48912  -23.549  -37.388  67.151 0.0000000000
47121  -22.975  -39.049  66.965 0.0000000000
46275  -22.799  -40.020  67.556 0.0000000000
50807  -38.775  -34.356  62.535 0.0000000000
65047  -40.139  -19.467  48.525 0.0000000000
65915  -40.339  -18.482  48.774 0.0000000000
66831  -41.066  -17.194  48.573 0.0000000000
70302  -47.046  -12.918  47.421 0.0000000000
70308  -47.557  -13.052  46.606 0.0000000000
70313  -47.864  -13.706  45.556 0.0000000000
70315  -49.435  -13.402  44.936 0.0000000000
54405  -37.930  -31.477  59.172 0.0000000000
55246  -36.856  -30.409  60.519 0.0000000000
61670  -34.371  -23.803  53.882 0.0000000000
60770  -34.377  -24.724  53.548 0.0000000000
61689  -34.865  -23.406  52.637 0.0000000000
61700  -35.217  -23.340  52.024 0.0000000000
62563  -35.551  -22.621  51.920 0.0000000000
48932  -31.741  -38.167  65.872 0.0000000000
48068  -32.348  -38.305  65.980 0.0000000000
47068  -17.206  -38.796  73.572 0.0000000000
70336  -56.502  -13.494  42.358 0.0000000000
123153  -16.140  -46.808  83.081 0.0000000000
40748  -15.836  -46.921  84.157 0.0000000000
53565  -44.772  -32.640  59.050 0.0000000000
53574  -43.668  -32.603  58.015 0.0000000000
47177  -35.482  -39.606  63.926 0.0000000000
125351  -36.190  -39.541  63.727 0.0000000000
47178  -36.957  -39.843  64.040 0.0000000000
47179  -37.890  -39.927  64.199 0.0000000000
48002  -22.242  -36.867  70.487 0.0000000000
122623  -22.085  -36.993  71.973 0.0000000000
47988  -21.047  -37.302  71.913 0.0000000000
47089  -18.736  -39.033  70.032 0.0000000000
48000  -19.249  -38.406  70.128 0.0000000000
47094  -19.188  -39.120  69.544 0.0000000000
45432  -22.953  -41.489  69.149 0.0000000000
127474  -21.899  -41.504  69.242 0.0000000000
122795  -22.634  -41.743  70.344 0.0000000000
49908  -39.620  -36.881  59.702 0.0000000000
48944  -25.898  -37.921  65.734 0.0000000000
49824  -26.635  -36.699  65.573 0.0000000000
51716  -28.712  -34.490  65.404 0.0000000000
50762  -30.177  -34.968  64.509 0.0000000000
50774  -30.853  -34.837  63.949 0.0000000000
50775  -34.851  -34.847  63.879 0.0000000000
51744  -33.171  -34.655  63.104 0.0000000000
50789  -33.504  -35.293  62.567 0.0000000000
50802  -33.186  -35.929  62.125 0.0000000000
50817  -36.531  -35.826  60.696 0.0000000000
49012  -37.421  -36.946  60.529 0.0000000000
137103  -41.648  -24.937  48.849 0.0000000000
60815  -42.271  -25.378  49.152 0.0000000000
61728  -42.684  -23.730  48.009 0.0000000000
65066  -42.074  -19.958  46.692 0.0000000000
64187  -42.437  -20.829  46.904 0.0000000000
122900  -42.860  -20.199  46.851 0.0000000000
68523  -43.276  -15.087  50.599 0.0000000000
132962  -42.310  -15.044  50.027 0.0000000000
68535  -42.957  -14.672  49.507 0.0000000000
68550  -42.900  -14.811  48.464 0.0000000000
68573  -46.023  -15.241  45.887 0.0000000000
68572  -45.258  -15.305  46.335 0.0000000000
66853  -46.671  -17.160  46.843 0.0000000000
66847  -47.264  -17.735  47.447 0.0000000000
70322  -52.288  -13.197  43.758 0.0000000000
69447  -52.736  -13.896  43.642 0.0000000000
70329  -54.306  -13.231  43.414 0.0000000000
44403  -15.231  -42.862  78.910 0.0000000000
50844  -40.414  -35.829  58.790 0.0000000000
50845  -41.282  -35.806  58.915 0.0000000000
51808  -40.469  -34.024  57.536 0.0000000000
53583  -38.350  -32.280  57.216 0.0000000000
53595  -40.522  -32.248  56.408 0.0000000000
145520  -41.167  -32.005  56.469 0.0000000000
54440  -39.854  -31.650  56.097 0.0000000000
55299  -39.472  -30.447  55.809 0.0000000000
56138  -33.679  -28.812  58.323 0.0000000000
58902  -33.915  -26.947  55.389 0.0000000000
57165  -33.870  -27.552  55.715 0.0000000000
57166  -34.477  -28.096  55.600 0.0000000000
57167  -35.339  -28.360  55.479 0.0000000000
57152  -36.665  -29.098  55.574 0.0000000000
57170  -38.276  -28.233  55.659 0.0000000000
57997  -39.091  -28.148  56.158 0.0000000000
58956  -37.260  -26.674  52.465 0.0000000000
58957  -37.914  -27.260  52.230 0.0000000000
58079  -38.575  -27.774  51.979 0.0000000000
58080  -39.138  -27.712  51.387 0.0000000000
142022  -39.091  -27.180  50.802 0.0000000000
58974  -39.561  -26.662  50.315 0.0000000000
59962  -38.898  -25.137  49.502 0.0000000000
62576  -37.078  -22.373  50.399 0.0000000000
61716  -37.620  -22.818  49.791 0.0000000000
62577  -37.526  -21.956  50.123 0.0000000000
134794  -38.902  -20.577  49.686 0.0000000000
47157  -27.648  -39.058  65.231 0.0000000000
46318  -27.886  -40.509  66.243 0.0000000000
47123  -28.835  -40.312  66.519 0.0000000000
45317  -15.982  -41.147  74.410 0.0000000000
129531  -15.738  -41.031  75.360 0.0000000000
44448  -15.893  -41.959  74.813 0.0000000000
43619  -16.199  -43.436  74.968 0.0000000000
42732  -16.756  -44.925  74.980 0.0000000000
44490  -18.134  -42.741  71.252 0.0000000000
43647  -18.587  -43.472  71.468 0.0000000000
131277  -43.767  -34.918  59.880 0.0000000000
51790  -43.378  -34.560  59.112 0.0000000000
122789  -24.210  -41.724  70.977 0.0000000000
123247  -25.080  -41.740  70.979 0.0000000000
45413  -26.420  -41.705  70.193 0.0000000000
48113  -38.382  -38.830  62.630 0.0000000000
48020  -22.981  -36.650  69.942 0.0000000000
48876  -22.493  -37.051  68.556 0.0000000000
48019  -22.078  -37.127  69.450 0.0000000000
129847  -21.626  -37.585  68.638 0.0000000000
48030  -20.934  -38.257  68.499 0.0000000000
46274  -21.363  -40.282  68.076 0.0000000000
50805  -36.815  -35.048  61.611 0.0000000000
62590  -40.750  -22.129  47.863 0.0000000000
63364  -41.250  -21.445  47.396 0.0000000000
65064  -40.760  -19.812  47.616 0.0000000000
65065  -41.363  -20.120  47.143 0.0000000000
65931  -42.911  -18.545  46.736 0.0000000000
129216  -45.038  -13.827  48.515 0.0000000000
68584  -46.766  -15.447  45.617 0.0000000000
67754  -48.537  -16.875  45.959 0.0000000000
67767  -48.051  -16.180  45.470 0.0000000000
68587  -49.413  -15.730  44.742 0.0000000000
68588  -50.319  -15.771  44.881 0.0000000000
144399  -51.534  -14.633  43.934 0.0000000000
70321  -51.454  -13.451  43.834 0.0000000000
41745  -16.279  -45.615  77.419 0.0000000000
139282  -37.675  -32.012  57.475 0.0000000000
124850  -36.980  -31.776  57.379 0.0000000000
54427  -36.303  -31.238  57.376 0.0000000000
59832  -33.460  -25.923  56.980 0.0000000000
134482  -33.362  -26.079  56.075 0.0000000000
60739  -33.605  -24.783  55.803 0.0000000000
59859  -33.572  -25.432  55.578 0.0000000000
58917  -34.458  -26.695  54.877 0.0000000000
58918  -35.382  -26.898  54.458 0.0000000000
58936  -35.512  -26.423  53.733 0.0000000000
59896  -35.684  -26.040  52.887 0.0000000000
60771  -34.740  -24.817  52.861 0.0000000000
59947  -37.375  -25.029  50.542 0.0000000000
48066  -29.761  -37.844  65.065 0.0000000000
48044  -31.448  -39.363  67.105 0.0000000000
48045  -32.100  -39.197  67.147 0.0000000000
136943  -17.393  -38.004  74.725 0.0000000000
46206  -16.680  -38.928  74.810 0.0000000000
44477  -21.175  -42.821  71.826 0.0000000000
42673  -14.881  -44.646  83.703 0.0000000000
41707  -15.390  -45.524  83.373 0.0000000000
128002  -14.633  -43.904  84.114 0.0000000000
131528  -14.558  -43.813  84.833 0.0000000000
67687  -42.942  -15.881  51.394 0.0000000000
68524  -44.357  -14.860  50.831 0.0000000000
68537  -44.947  -14.382  50.166 0.0000000000
56147  -43.309  -30.249  57.576 0.0000000000
48091  -33.509  -38.344  63.523 0.0000000000
48078  -33.361  -38.765  64.557 0.0000000000
47175  -34.140  -39.401  64.523 0.0000000000
47950  -20.387  -37.314  73.529 0.0000000000
47071  -19.804  -37.392  73.413 0.0000000000
47070  -18.842  -37.506  73.007 0.0000000000
47075  -18.082  -38.427  72.539 0.0000000000
46230  -18.028  -40.342  70.587 0.0000000000
47088  -18.381  -39.584  70.312 0.0000000000
45406  -18.333  -41.131  70.347 0.0000000000
44503  -19.258  -42.224  70.295 0.0000000000
128000  -19.929  -40.083  68.770 0.0000000000
45430  -19.982  -40.953  69.185 0.0000000000
44492  -20.740  -42.543  71.084 0.0000000000
49895  -42.086  -36.978  61.064 0.0000000000
49894  -41.407  -37.015  60.456 0.0000000000
49918  -40.057  -36.368  59.231 0.0000000000
145965  -39.182  -33.781  58.160 0.0000000000
51789  -38.928  -34.763  59.120 0.0000000000
52688  -39.560  -33.341  60.379 0.0000000000
47155  -25.973  -39.231  65.609 0.0000000000
47156  -26.774  -39.191  65.349 0.0000000000
128966  -28.941  -38.143  65.037 0.0000000000
50735  -27.577  -35.181  66.495 0.0000000000
50759  -27.692  -35.572  65.330 0.0000000000
133770  -28.800  -37.200  64.744 0.0000000000
49842  -31.575  -37.245  64.830 0.0000000000
51742  -31.595  -34.375  63.389 0.0000000000
48966  -32.285  -37.009  63.471 0.0000000000
48092  -34.170  -38.641  63.072 0.0000000000
48109  -34.176  -38.128  62.200 0.0000000000
48093  -34.914  -38.766  62.599 0.0000000000
47207  -35.825  -38.922  62.616 0.0000000000
48112  -37.063  -38.573  62.185 0.0000000000
48130  -40.131  -37.999  61.579 0.0000000000
48896  -24.981  -37.110  67.770 0.0000000000
142791  -24.295  -37.243  67.241 0.0000000000
48043  -24.142  -37.796  66.721 0.0000000000
61736  -42.164  -23.056  47.602 0.0000000000
62592  -43.016  -22.985  47.637 0.0000000000
63366  -42.843  -21.563  47.142 0.0000000000
66806  -40.921  -16.851  50.576 0.0000000000
66819  -40.773  -16.892  49.542 0.0000000000
67702  -41.581  -15.709  49.354 0.0000000000
66832  -41.719  -16.811  47.985 0.0000000000
122347  -42.777  -17.717  46.841 0.0000000000
123515  -43.590  -18.034  46.933 0.0000000000
69408  -44.176  -13.969  48.269 0.0000000000
130159  -43.743  -15.852  47.035 0.0000000000
70330  -55.092  -13.408  43.097 0.0000000000
70335  -55.745  -13.316  42.687 0.0000000000
71219  -56.010  -11.070  44.013 0.0000000000
42695  -15.633  -44.457  78.751 0.0000000000
42686  -15.513  -44.286  79.564 0.0000000000
42681  -15.471  -44.451  80.301 0.0000000000
41717  -15.575  -45.289  81.527 0.0000000000
41718  -15.830  -45.829  81.837 0.0000000000
40753  -16.300  -46.733  82.292 0.0000000000
49910  -42.146  -36.520  60.305 0.0000000000
50846  -42.127  -35.577  59.143 0.0000000000
51807  -40.000  -33.830  57.607 0.0000000000
141648  -43.390  -33.398  58.209 0.0000000000
53587  -43.098  -32.150  57.567 0.0000000000
53596  -41.709  -32.206  56.866 0.0000000000
54429  -42.418  -31.680  57.169 0.0000000000
54430  -43.237  -31.226  57.489 0.0000000000
55259  -35.513  -30.464  59.356 0.0000000000
57126  -34.511  -28.757  60.399 0.0000000000
56129  -34.881  -29.757  59.994 0.0000000000
55273  -35.372  -30.677  58.372 0.0000000000
55296  -36.093  -30.850  56.704 0.0000000000
57135  -33.415  -27.888  58.246 0.0000000000
57142  -33.568  -28.414  57.468 0.0000000000
57149  -33.924  -28.257  56.091 0.0000000000
57143  -33.906  -28.824  56.689 0.0000000000
146121  -34.348  -29.899  57.436 0.0000000000
55282  -34.809  -30.294  56.985 0.0000000000
140958  -40.366  -29.732  56.093 0.0000000000
127140  -41.971  -29.194  57.198 0.0000000000
58038  -37.794  -27.576  54.536 0.0000000000
58056  -38.431  -27.558  54.069 0.0000000000
58976  -41.543  -26.691  50.223 0.0000000000
59950  -40.056  -26.100  49.803 0.0000000000
60814  -40.904  -24.911  48.899 0.0000000000
60824  -40.465  -24.247  48.577 0.0000000000
61725  -39.912  -23.383  48.489 0.0000000000
60811  -38.403  -24.320  49.435 0.0000000000
61718  -39.039  -23.730  48.904 0.0000000000
65046  -39.638  -19.637  49.319 0.0000000000
46297  -26.541  -40.945  66.922 0.0000000000
46280  -26.949  -41.338  67.674 0.0000000000
126182  -29.804  -40.065  66.776 0.0000000000
46283  -30.817  -40.603  68.472 0.0000000000
46282  -29.865  -41.084  68.186 0.0000000000
46257  -30.187  -41.467  68.984 0.0000000000
128103  -33.430  -39.016  66.233 0.0000000000
46202  -15.826  -40.054  76.703 0.0000000000
45277  -15.483  -41.414  76.160 0.0000000000
46201  -15.452  -40.844  76.629 0.0000000000
43609  -15.585  -43.180  76.761 0.0000000000
43596  -15.695  -44.021  77.005 0.0000000000
41754  -16.308  -45.412  76.614 0.0000000000
146213  -16.698  -40.512  72.682 0.0000000000
126603  -17.124  -41.898  71.948 0.0000000000
45362  -16.742  -41.074  72.321 0.0000000000
44476  -16.622  -41.915  72.784 0.0000000000
44462  -16.809  -42.967  72.984 0.0000000000
43641  -20.109  -43.682  71.990 0.0000000000
43640  -19.227  -43.970  71.903 0.0000000000
42773  -18.321  -44.702  72.589 0.0000000000
42772  -17.731  -44.663  72.945 0.0000000000
42758  -17.513  -45.002  73.531 0.0000000000
40745  -15.524  -47.375  84.904 0.0000000000
40744  -15.080  -47.024  84.993 0.0000000000
121814  -14.834  -47.766  84.988 0.0000000000
40741  -13.433  -46.266  84.626 0.0000000000
41700  -13.296  -45.447  84.723 0.0000000000
41701  -13.387  -45.383  84.728 0.0000000000
42664  -13.263  -44.466  85.088 0.0000000000
41699  -13.737  -44.911  84.924 0.0000000000
47951  -20.996  -37.054  73.576 0.0000000000
47963  -21.114  -37.108  72.962 0.0000000000
47973  -19.505  -37.640  71.988 0.0000000000
56145  -33.908  -29.240  57.469 0.0000000000
58082  -41.077  -27.605  51.544 0.0000000000
64188  -43.261  -20.836  47.136 0.0000000000
69456  -56.005  -14.117  42.817 0.0000000000
130267  -25.763  -39.806  65.977 0.0000000000
142141  -41.837  -15.302  49.658 0.0000000000
