#!ascii label  , from subject sub-v1s8x0051339_ses-1 vox2ras=TkReg
1839
36218  -28.913  -52.305  -3.726 0.5000000000
36217  -28.219  -52.232  -3.194 0.4000000060
142368  -27.912  -52.724  -2.983 0.6000000238
37128  -28.552  -51.561  -3.233 0.6000000238
143809  -30.799  -50.472  -3.922 0.6000000238
37129  -29.597  -51.513  -3.600 0.5000000000
38872  -31.363  -49.573  -3.617 0.6000000238
37127  -27.938  -51.573  -2.889 0.6999999881
35299  -27.615  -52.826  -2.420 0.6999999881
38870  -29.527  -50.148  -3.017 0.6999999881
38022  -29.773  -50.707  -3.458 0.6999999881
38871  -30.797  -49.393  -3.581 0.6999999881
39763  -32.096  -48.678  -2.677 0.5000000000
39762  -31.689  -48.332  -2.855 0.6999999881
38873  -31.797  -49.813  -3.410 0.5000000000
30519  -23.972  -58.744  4.133 0.5000000000
37120  -27.535  -51.306  -2.378 0.6999999881
38869  -28.562  -50.175  -2.693 0.6999999881
38858  -30.054  -49.361  -3.212 0.6999999881
39769  -28.066  -49.493  -2.474 0.6999999881
39761  -30.453  -48.549  -3.020 0.6999999881
142685  -29.576  -48.811  -2.635 0.6999999881
39760  -29.434  -47.982  -2.439 0.6999999881
40692  -32.089  -47.723  -2.548 0.6000000238
35266  -30.102  -53.370  0.295 0.6999999881
36169  -29.832  -52.641  0.015 0.6999999881
37106  -27.514  -51.480  -1.856 0.6999999881
36181  -27.939  -51.900  -1.499 0.6999999881
29566  -21.642  -59.244  3.517 0.4000000060
38015  -27.502  -50.427  -2.291 0.6999999881
40699  -31.215  -48.031  -2.761 0.6999999881
41651  -32.160  -46.644  -2.625 0.6999999881
42619  -31.755  -45.629  -2.742 0.6999999881
41640  -32.910  -46.687  -1.227 0.6000000238
34316  -30.740  -54.142  1.372 0.6999999881
35267  -30.627  -53.392  0.931 0.6999999881
36183  -29.117  -52.733  -0.343 0.6999999881
36170  -30.481  -52.633  0.575 0.6999999881
31499  -25.972  -57.481  4.680 0.6000000238
37097  -29.305  -51.826  -0.257 0.6999999881
37984  -27.668  -49.999  -1.212 0.6999999881
37090  -30.193  -51.869  0.330 0.6999999881
140060  -30.520  -51.213  0.696 0.6999999881
30537  -22.662  -58.410  3.324 0.5000000000
140405  -22.256  -58.947  3.674 0.5000000000
39759  -28.542  -48.602  -2.291 0.6999999881
39758  -27.840  -49.020  -2.113 0.6999999881
37976  -30.454  -50.420  0.738 0.6999999881
29584  -21.233  -58.941  2.872 0.4000000060
41649  -31.239  -46.613  -2.562 0.6999999881
39747  -27.693  -48.680  -1.519 0.6999999881
37986  -29.088  -50.743  -0.366 0.6999999881
37975  -29.657  -49.945  0.211 0.6999999881
29582  -19.874  -58.953  1.754 0.4000000060
123787  -28.343  -47.551  -2.065 0.6999999881
137097  -29.120  -49.066  -0.134 0.6999999881
145418  -31.251  -47.360  -2.587 0.6999999881
41648  -30.122  -46.474  -2.398 0.6999999881
126152  -28.666  -46.842  -0.669 0.6999999881
39718  -28.571  -48.353  -0.390 0.6999999881
42620  -32.179  -45.649  -2.718 0.6999999881
40679  -28.200  -46.888  -1.706 0.6999999881
42608  -32.901  -45.809  -1.422 0.6000000238
43488  -32.373  -44.844  -2.509 0.6999999881
137426  -32.077  -44.623  -2.669 0.6999999881
45121  -33.461  -42.949  0.522 0.5000000000
43470  -33.559  -44.250  0.266 0.5000000000
43459  -35.790  -44.389  1.451 0.4000000060
43458  -34.975  -44.295  1.415 0.5000000000
37079  -31.361  -51.662  1.651 0.6999999881
135766  -25.568  -56.778  4.518 0.6000000238
37985  -28.212  -50.432  -0.826 0.6999999881
30538  -23.550  -58.138  3.475 0.5000000000
40690  -29.314  -47.135  -2.057 0.6999999881
144907  -27.823  -47.943  -1.489 0.6999999881
125669  -30.841  -45.923  -2.535 0.6999999881
41638  -28.655  -46.213  -1.384 0.6999999881
45120  -32.913  -42.480  0.071 0.6999999881
42607  -32.507  -45.435  -2.250 0.6999999881
45131  -33.083  -43.075  -0.387 0.6999999881
44301  -32.787  -44.106  -1.744 0.6999999881
132556  -30.321  -54.561  5.425 0.6999999881
34277  -31.296  -54.230  4.848 0.6999999881
35224  -31.650  -53.574  4.640 0.8000000119
35225  -32.083  -52.879  4.164 0.8000000119
34275  -29.140  -55.134  5.885 0.6000000238
34276  -29.649  -54.516  5.784 0.6000000238
35214  -31.147  -53.541  5.342 0.6000000238
36128  -31.976  -53.110  3.263 0.8000000119
139562  -29.033  -54.501  6.209 0.6000000238
136798  -28.577  -54.027  6.329 0.6000000238
37062  -31.822  -51.680  2.400 0.6999999881
127773  -27.399  -55.829  5.619 0.6000000238
32395  -24.842  -56.896  3.935 0.6000000238
136699  -25.888  -56.018  4.750 0.6000000238
129641  -31.094  -50.881  1.264 0.6999999881
31512  -22.921  -57.771  2.995 0.5000000000
31513  -23.453  -57.251  3.057 0.6000000238
129642  -31.414  -50.218  1.799 0.6999999881
38817  -30.468  -49.521  0.768 0.6999999881
42617  -30.063  -45.668  -2.182 0.6999999881
40689  -28.255  -46.840  -1.858 0.6999999881
39719  -29.341  -48.226  0.136 0.6999999881
45143  -32.312  -42.777  -1.642 0.8000000119
44300  -32.238  -44.092  -2.387 0.6999999881
41647  -29.259  -46.346  -1.858 0.6999999881
40654  -28.762  -47.555  -0.327 0.6999999881
45130  -32.677  -42.298  -0.923 0.8000000119
43502  -31.494  -44.809  -2.592 0.6999999881
43500  -29.653  -45.060  -1.691 0.6999999881
45110  -34.138  -42.731  1.322 0.5000000000
44268  -35.506  -43.755  1.558 0.5000000000
141156  -35.112  -41.965  2.246 0.5000000000
44269  -36.165  -43.704  1.437 0.4000000060
35213  -30.221  -53.830  5.744 0.6000000238
36103  -31.718  -52.832  5.095 0.6999999881
36104  -31.809  -51.995  5.230 0.8000000119
143897  -32.120  -52.265  4.669 0.8999999762
34263  -29.331  -53.893  6.227 0.6000000238
37042  -32.433  -51.332  3.926 0.8000000119
36141  -32.301  -51.668  3.230 0.8000000119
138228  -32.365  -50.170  3.105 0.8000000119
33296  -26.850  -55.140  5.434 0.6000000238
33309  -26.162  -55.246  4.988 0.6000000238
37957  -31.900  -49.997  2.486 0.8000000119
31527  -22.697  -57.179  2.301 0.6000000238
126850  -24.603  -56.106  3.840 0.6000000238
33308  -25.454  -55.319  4.548 0.6000000238
38806  -31.420  -49.445  1.924 0.6999999881
30549  -22.279  -57.994  2.626 0.5000000000
39706  -30.931  -48.248  1.229 0.6999999881
138534  -31.414  -48.470  1.996 0.6999999881
30566  -21.044  -57.708  1.426 0.5000000000
31526  -21.903  -57.537  1.766 0.5000000000
142737  -30.561  -48.767  0.828 0.6999999881
38816  -29.940  -48.935  0.387 0.6999999881
46110  -32.080  -41.882  -1.502 0.8000000119
44312  -31.651  -44.038  -2.427 0.8000000119
43501  -30.480  -44.884  -2.183 0.6999999881
43499  -28.822  -44.767  -1.295 0.6999999881
41617  -28.816  -45.924  -0.508 0.6999999881
44311  -30.729  -44.147  -2.161 0.6999999881
123831  -34.914  -43.242  1.673 0.5000000000
35197  -29.690  -53.122  6.242 0.6999999881
36089  -29.982  -52.311  6.347 0.6999999881
35198  -30.602  -52.880  5.867 0.6999999881
37011  -31.309  -51.600  5.752 0.8000000119
37917  -32.119  -50.677  5.114 0.8000000119
35196  -28.821  -53.259  6.415 0.6999999881
36997  -30.785  -51.173  6.257 0.8000000119
37931  -32.365  -49.902  4.789 0.8000000119
34274  -27.415  -53.961  5.849 0.6000000238
126393  -32.424  -50.757  3.489 0.8000000119
34273  -26.992  -54.435  5.545 0.6000000238
38797  -32.339  -49.398  3.118 0.6999999881
32405  -24.055  -56.503  3.319 0.6000000238
33317  -24.223  -55.558  3.528 0.6000000238
39699  -31.917  -48.258  2.648 0.8000000119
40631  -32.215  -47.758  3.089 0.6999999881
32416  -23.263  -56.452  2.638 0.6000000238
41592  -31.693  -46.544  2.614 0.8000000119
31542  -20.697  -57.228  0.472 0.4000000060
127073  -29.593  -47.413  0.238 0.6999999881
40655  -30.338  -47.099  0.557 0.6999999881
40642  -31.261  -47.698  1.678 0.6999999881
30584  -18.666  -58.530  -0.278 0.4000000060
41618  -29.576  -46.204  0.164 0.6999999881
40641  -30.873  -47.401  1.073 0.6999999881
45142  -31.536  -42.552  -1.800 0.8000000119
131037  -29.910  -43.641  -1.634 0.8000000119
132216  -29.145  -46.788  -0.120 0.6999999881
42598  -28.569  -45.032  -0.902 0.6999999881
46090  -32.590  -41.773  0.042 0.8000000119
46091  -32.870  -41.234  0.795 0.6999999881
137565  -33.465  -41.470  1.497 0.5000000000
46074  -35.867  -41.072  2.305 0.5000000000
45099  -34.703  -42.369  1.943 0.5000000000
131988  -36.442  -41.987  1.602 0.4000000060
133437  -29.435  -51.745  6.512 0.6000000238
37903  -30.867  -50.458  6.445 0.6999999881
37916  -31.443  -50.719  5.841 0.8000000119
38760  -32.258  -49.191  5.370 0.8000000119
35195  -27.946  -53.404  6.314 0.6999999881
35212  -27.229  -53.089  5.818 0.6999999881
38773  -32.432  -49.077  4.544 0.8000000119
35211  -26.662  -53.698  5.391 0.6000000238
123965  -32.443  -48.399  5.168 0.8000000119
35222  -25.389  -53.733  4.538 0.6000000238
39688  -32.445  -48.013  3.741 0.8000000119
33316  -23.622  -55.679  2.902 0.6000000238
34292  -23.806  -54.851  3.205 0.6000000238
40630  -31.656  -47.518  2.434 0.8999999762
41593  -32.054  -47.052  3.054 0.8000000119
140222  -30.860  -45.760  1.331 0.8000000119
42570  -31.344  -45.910  2.027 0.8000000119
31543  -21.302  -56.941  0.962 0.5000000000
43456  -30.341  -44.136  0.618 0.8000000119
42586  -30.278  -45.767  0.563 0.6999999881
31557  -20.472  -56.811  -0.022 0.4000000060
46938  -31.709  -40.493  -0.929 0.8000000119
44298  -30.867  -43.273  -1.893 0.8000000119
137039  -29.513  -42.859  -1.382 0.8000000119
44287  -28.564  -43.898  -1.022 0.8000000119
42585  -29.486  -45.533  0.027 0.6999999881
46100  -32.212  -41.274  -0.858 0.8000000119
44297  -28.908  -43.642  -1.213 0.8000000119
42584  -29.031  -44.924  -0.456 0.6999999881
47823  -32.073  -39.613  0.599 0.8000000119
45141  -29.873  -41.938  -1.400 0.8000000119
46071  -33.927  -41.241  2.164 0.6000000238
46917  -33.206  -40.625  1.644 0.6000000238
46073  -35.274  -41.218  2.437 0.5000000000
36996  -28.965  -51.121  6.597 0.6000000238
38748  -31.319  -49.888  6.333 0.6999999881
36086  -27.661  -52.612  6.175 0.6000000238
39662  -31.756  -48.457  6.572 0.6999999881
144122  -32.401  -48.101  5.696 0.6999999881
36994  -27.851  -51.884  6.227 0.6000000238
36995  -28.199  -51.126  6.306 0.6000000238
36101  -26.574  -52.739  5.334 0.6000000238
145042  -32.545  -47.944  4.857 0.8000000119
34293  -24.399  -54.718  3.812 0.6000000238
35223  -26.023  -53.205  4.910 0.6000000238
139209  -32.520  -47.625  5.396 0.6999999881
33330  -22.998  -55.714  2.345 0.5000000000
126873  -32.357  -47.178  3.690 0.8000000119
32431  -21.882  -55.864  1.006 0.3000000119
43438  -31.728  -44.858  2.950 0.8000000119
41580  -31.767  -45.682  2.843 0.8000000119
129423  -31.151  -45.123  1.751 0.8000000119
42556  -31.484  -45.221  2.382 0.8000000119
44265  -29.976  -43.159  0.321 0.8000000119
133468  -31.043  -41.801  -1.623 0.8000000119
44277  -28.653  -43.670  -0.908 0.8000000119
42569  -29.898  -44.886  0.217 0.8000000119
44288  -28.843  -43.135  -0.984 0.8000000119
45140  -29.119  -42.221  -0.881 0.8000000119
46928  -32.467  -40.388  0.697 0.6999999881
46906  -34.114  -40.329  2.552 0.6000000238
47816  -36.447  -39.792  1.755 0.3000000119
38746  -29.867  -50.032  7.072 0.6000000238
38747  -30.579  -49.784  6.914 0.6999999881
39661  -31.230  -49.112  6.802 0.6999999881
40596  -31.717  -47.775  6.907 0.6999999881
37060  -22.608  -51.561  1.807 0.5000000000
36102  -27.141  -52.107  5.688 0.6000000238
40604  -32.493  -46.947  6.071 0.6999999881
130974  -24.017  -54.003  3.422 0.5000000000
36112  -25.393  -52.778  4.485 0.5000000000
37010  -27.427  -51.102  5.771 0.6000000238
41564  -32.859  -46.119  5.924 0.6999999881
34315  -22.243  -54.345  0.952 0.3000000119
34305  -23.146  -54.876  2.462 0.5000000000
121977  -32.659  -46.724  5.187 0.8000000119
43421  -32.663  -44.839  4.316 0.8000000119
138852  -32.531  -45.725  4.099 0.8000000119
44257  -31.274  -43.689  2.100 0.8999999762
44249  -31.625  -44.013  2.901 0.8999999762
42545  -32.216  -45.293  3.523 0.8000000119
32430  -21.423  -56.271  0.348 0.4000000060
123540  -30.522  -42.755  1.078 0.8999999762
43457  -30.969  -44.323  1.499 0.8999999762
126980  -31.421  -39.850  -0.646 0.8000000119
46949  -31.152  -40.612  -1.272 0.8000000119
44278  -29.141  -43.084  -0.589 0.8000000119
43469  -29.301  -43.992  -0.286 0.8000000119
46926  -31.922  -40.165  -0.168 0.8000000119
137078  -32.268  -39.193  1.226 0.6999999881
47815  -33.279  -39.749  2.203 0.6000000238
48690  -35.259  -38.670  3.076 0.6000000238
47806  -35.515  -39.524  2.842 0.6000000238
122210  -29.198  -49.776  6.996 0.6000000238
38736  -29.855  -49.223  7.295 0.6000000238
128229  -30.636  -48.963  7.213 0.6999999881
37900  -28.542  -50.319  6.561 0.6000000238
40589  -31.384  -47.360  7.485 0.6999999881
37899  -27.837  -50.500  6.119 0.6000000238
41557  -32.122  -47.043  6.986 0.8000000119
36111  -24.837  -52.434  3.945 0.6000000238
37009  -26.649  -51.330  5.356 0.6000000238
41558  -32.520  -46.376  6.614 0.6999999881
122353  -33.016  -45.218  5.833 0.8000000119
136160  -22.486  -53.689  1.450 0.4000000060
144661  -33.069  -44.842  5.101 0.6999999881
33329  -22.454  -55.224  1.593 0.4000000060
141371  -32.827  -45.718  4.961 0.8000000119
122470  -31.509  -43.097  2.794 0.8000000119
44237  -32.559  -43.817  4.173 0.8000000119
45107  -30.034  -42.419  0.631 0.8999999762
43439  -32.156  -44.379  3.548 0.8000000119
45108  -30.405  -42.079  1.293 0.8000000119
46947  -29.757  -40.665  -0.865 0.8000000119
135679  -28.419  -41.038  -0.057 0.8000000119
45119  -29.302  -42.364  0.017 0.6999999881
47844  -31.076  -40.057  -1.012 0.8000000119
46089  -28.735  -41.563  -0.012 0.8000000119
46098  -28.882  -41.567  -0.238 0.8000000119
48715  -31.655  -38.813  0.733 0.8000000119
47843  -30.269  -39.906  -0.951 0.8000000119
48697  -32.812  -38.552  2.476 0.6999999881
48698  -33.594  -38.553  3.018 0.6999999881
50503  -34.273  -36.598  3.336 0.6000000238
50514  -34.845  -36.488  2.942 0.6000000238
50515  -35.504  -36.440  2.203 0.6000000238
38744  -27.822  -49.753  6.194 0.6000000238
41547  -30.945  -46.859  8.073 0.8000000119
38782  -23.666  -49.613  2.775 0.5000000000
37930  -26.117  -50.694  5.076 0.5000000000
42522  -32.697  -45.562  6.722 0.8000000119
128112  -24.839  -51.006  3.941 0.5000000000
37021  -25.979  -51.495  4.922 0.5000000000
42514  -32.202  -45.473  7.418 0.8000000119
43402  -32.496  -44.819  7.285 0.8000000119
143073  -23.641  -51.125  2.731 0.5000000000
123714  -33.113  -44.348  5.708 0.8000000119
45056  -33.230  -42.941  6.253 0.8000000119
139031  -33.051  -44.099  4.890 0.8000000119
133667  -33.148  -43.516  5.561 0.8000000119
139908  -32.004  -43.458  3.498 0.8000000119
46069  -30.804  -41.692  2.107 0.8000000119
45089  -32.381  -42.910  4.106 0.8000000119
46946  -29.166  -40.098  -0.405 0.8000000119
129638  -29.223  -41.115  0.511 0.8000000119
46925  -28.387  -40.844  0.118 0.8999999762
47822  -31.511  -39.379  -0.130 0.8000000119
48725  -30.276  -38.605  -0.557 0.8000000119
48707  -32.216  -38.625  1.671 0.6999999881
48706  -31.665  -37.994  1.423 0.6999999881
48688  -34.050  -37.962  3.404 0.6999999881
49575  -31.661  -37.160  2.152 0.6999999881
49576  -32.433  -37.265  2.730 0.6999999881
50513  -33.021  -36.824  3.249 0.6999999881
50502  -33.647  -36.282  3.424 0.6999999881
41546  -28.762  -47.095  7.486 0.8000000119
39650  -29.338  -48.397  7.338 0.6000000238
40587  -29.611  -47.561  7.664 0.6000000238
122773  -30.146  -46.932  8.156 0.8000000119
41591  -23.600  -46.419  2.494 0.6000000238
40608  -24.495  -47.619  3.773 0.5000000000
39659  -27.768  -48.838  6.278 0.6000000238
41536  -31.203  -46.143  8.235 0.8000000119
41578  -22.525  -46.178  2.865 0.6000000238
42555  -23.444  -45.930  2.668 0.6000000238
41567  -24.693  -46.061  3.962 0.6000000238
39677  -25.918  -47.928  4.929 0.5000000000
39669  -26.480  -48.659  5.369 0.5000000000
42533  -22.821  -44.814  4.396 0.5000000000
42532  -22.685  -45.194  3.717 0.5000000000
126389  -23.573  -44.762  3.405 0.6000000238
42534  -24.492  -45.416  3.697 0.6000000238
143431  -24.823  -49.193  4.161 0.5000000000
127510  -25.881  -48.833  4.918 0.5000000000
43393  -32.304  -44.180  7.838 0.8000000119
123482  -32.845  -44.049  7.168 0.8000000119
43436  -23.129  -43.935  3.664 0.5000000000
128111  -25.694  -50.160  4.725 0.5000000000
123170  -23.497  -45.017  5.353 0.4000000060
37929  -25.502  -50.869  4.520 0.5000000000
44222  -33.117  -43.799  6.399 0.6999999881
46045  -32.295  -41.566  4.760 0.8000000119
45069  -33.087  -42.677  5.451 0.8000000119
45070  -33.294  -42.120  6.064 0.6999999881
46905  -30.619  -40.783  2.292 0.8000000119
45098  -31.362  -42.160  2.774 0.8000000119
46036  -32.860  -41.863  5.381 0.8000000119
45088  -32.002  -42.080  4.171 0.8000000119
46883  -31.475  -40.479  4.097 0.8000000119
48714  -30.395  -38.005  -0.222 0.8999999762
47834  -29.902  -39.210  -0.730 0.8999999762
46913  -28.419  -40.177  0.299 0.8000000119
46081  -30.093  -41.138  1.300 0.8000000119
139410  -28.381  -39.954  -0.025 1.0000000000
46914  -29.196  -40.395  0.912 0.8000000119
125718  -28.626  -46.289  7.657 0.8000000119
41534  -29.806  -46.346  8.362 0.8000000119
133197  -30.467  -44.926  8.843 0.8000000119
135198  -24.880  -44.859  4.161 0.6000000238
41556  -28.085  -46.598  7.033 0.6000000238
40595  -28.207  -47.463  6.934 0.6000000238
42500  -30.831  -45.596  8.561 0.8000000119
43391  -31.260  -44.953  8.630 0.8000000119
42543  -23.107  -45.076  3.352 0.5000000000
42544  -23.857  -45.386  3.178 0.6000000238
42536  -26.012  -45.730  5.067 0.6000000238
40603  -26.944  -47.288  5.767 0.6000000238
42501  -31.399  -45.523  8.316 0.8000000119
43392  -31.859  -44.998  7.981 0.8000000119
43437  -23.856  -43.916  3.678 0.5000000000
41562  -26.457  -46.452  5.392 0.6000000238
40594  -27.666  -47.876  6.326 0.6000000238
43418  -23.125  -44.157  4.924 0.4000000060
44248  -23.496  -42.856  3.651 0.4000000060
45074  -24.299  -42.594  4.089 0.4000000060
122490  -24.932  -43.683  4.380 0.4000000060
140505  -33.096  -43.228  7.062 0.6999999881
46058  -23.189  -42.019  3.623 0.4000000060
127996  -26.306  -44.187  5.542 0.4000000060
46035  -24.691  -41.526  4.793 0.4000000060
45053  -25.764  -42.374  5.675 0.5000000000
124280  -23.762  -40.882  3.913 0.3000000119
46022  -25.345  -41.520  5.668 0.5000000000
45054  -26.416  -42.780  6.287 0.5000000000
46070  -31.195  -41.266  2.899 0.8000000119
125096  -31.380  -41.017  3.611 0.8000000119
46044  -31.724  -41.278  4.187 0.8000000119
140213  -32.630  -41.076  5.333 0.8000000119
132026  -29.946  -37.968  -0.414 0.8000000119
47833  -29.180  -39.301  -0.128 1.0000000000
47821  -28.545  -39.593  0.571 0.8000000119
47813  -28.697  -39.649  1.105 0.8000000119
124788  -30.283  -39.943  2.483 0.8000000119
46895  -30.981  -40.356  3.224 0.8000000119
48724  -29.718  -38.481  -0.405 1.0000000000
47804  -29.814  -39.041  2.547 0.8000000119
49600  -31.024  -38.058  0.554 0.8000000119
48713  -28.533  -38.454  0.700 0.8000000119
46904  -29.520  -39.722  1.741 0.8000000119
49587  -31.113  -37.308  1.162 0.8999999762
50512  -32.251  -36.537  2.814 0.6999999881
125908  -32.152  -35.689  2.917 0.6999999881
51466  -32.893  -35.976  3.321 0.6999999881
51454  -33.537  -35.444  3.349 0.6999999881
51467  -35.016  -35.692  2.526 0.6000000238
52368  -34.089  -34.870  3.130 0.6999999881
52379  -32.802  -34.243  3.021 0.6999999881
52382  -35.160  -34.832  2.138 0.6000000238
52381  -34.590  -34.377  2.645 0.6000000238
42512  -29.183  -46.012  8.266 0.8000000119
42499  -29.922  -45.614  8.557 0.8000000119
43427  -25.577  -45.013  4.759 0.5000000000
43400  -27.787  -44.817  7.246 0.8000000119
43401  -28.474  -44.609  8.126 0.8000000119
42511  -28.485  -45.483  7.852 0.8000000119
43425  -24.557  -44.115  4.028 0.5000000000
43420  -26.186  -45.006  5.310 0.6000000238
144423  -26.759  -44.338  6.005 0.5000000000
42521  -27.993  -45.740  7.103 0.8000000119
128183  -31.690  -44.219  8.486 0.6999999881
44236  -24.929  -43.024  4.475 0.4000000060
44231  -26.107  -43.223  5.567 0.5000000000
125262  -27.410  -45.269  6.524 0.6999999881
131091  -30.920  -44.246  8.907 0.6999999881
44208  -32.159  -43.443  8.262 0.6999999881
134941  -32.493  -41.887  8.358 0.6999999881
46059  -24.070  -41.690  3.848 0.3000000119
45037  -32.700  -42.675  7.787 0.6999999881
46017  -33.096  -41.756  7.649 0.6999999881
134761  -33.286  -40.882  7.580 0.6999999881
46863  -25.721  -41.125  6.557 0.5000000000
46864  -33.311  -40.728  6.583 0.6999999881
46873  -24.716  -40.882  5.300 0.4000000060
143598  -32.944  -40.679  5.828 0.6999999881
47799  -31.175  -39.656  3.911 0.8000000119
47785  -30.845  -38.885  3.869 0.8000000119
48671  -31.091  -38.330  4.469 0.6999999881
47812  -28.427  -39.052  1.114 0.8000000119
47798  -30.572  -39.413  3.248 0.8000000119
49610  -29.907  -37.343  -0.183 0.8999999762
49599  -30.499  -37.352  0.358 0.8999999762
49609  -29.445  -37.553  -0.026 0.8999999762
50543  -28.852  -36.733  0.126 0.8000000119
49608  -28.720  -37.527  0.459 0.8000000119
49585  -28.394  -37.540  1.321 0.8000000119
49586  -30.657  -36.755  0.876 0.8999999762
50533  -29.984  -36.585  0.302 0.8000000119
50524  -30.993  -36.538  1.664 0.8999999762
51476  -30.741  -35.692  2.047 0.8000000119
50525  -35.957  -36.797  1.570 0.4000000060
51465  -31.420  -35.333  2.538 0.8000000119
141152  -32.139  -34.942  2.943 0.6999999881
142273  -33.426  -34.721  3.228 0.6999999881
53289  -35.274  -32.910  1.069 0.5000000000
43389  -28.870  -44.010  8.559 0.6999999881
42498  -29.500  -44.647  8.695 0.8000000119
45048  -27.918  -42.994  8.252 0.6999999881
44188  -29.947  -43.040  9.595 0.6999999881
125488  -25.223  -42.054  5.112 0.4000000060
45047  -27.283  -42.653  7.677 0.6000000238
45035  -29.206  -42.808  9.241 0.6999999881
44207  -31.335  -43.376  8.871 0.6999999881
45036  -32.010  -42.635  8.636 0.6999999881
45992  -32.384  -41.079  8.800 0.6999999881
145054  -32.874  -41.281  8.156 0.6999999881
46015  -26.404  -41.468  7.154 0.5000000000
46855  -26.089  -40.680  7.321 0.4000000060
46857  -33.351  -40.060  7.271 0.6999999881
47758  -25.265  -39.398  6.961 0.3000000119
47759  -25.799  -39.927  7.547 0.3000000119
46841  -26.461  -40.284  8.066 0.5000000000
145749  -31.297  -39.101  4.389 0.6999999881
46884  -32.408  -40.290  5.380 0.6999999881
47760  -33.319  -39.297  7.011 0.6999999881
139156  -26.133  -39.683  8.224 0.4000000060
47786  -31.724  -39.807  4.763 0.6999999881
46874  -32.851  -40.016  6.051 0.6999999881
47775  -31.618  -38.902  5.068 0.6999999881
48670  -30.598  -38.240  3.884 0.6999999881
49598  -28.340  -37.568  0.854 0.8000000119
48695  -28.649  -38.382  1.570 0.8000000119
48696  -29.233  -38.461  2.231 0.8000000119
48686  -29.636  -38.169  2.928 0.8000000119
49574  -28.976  -37.733  2.321 0.8000000119
50532  -28.958  -36.222  -0.114 0.8000000119
50523  -30.456  -36.040  1.056 0.8000000119
51488  -29.739  -35.717  0.482 0.8000000119
141937  -29.302  -36.171  0.055 0.8999999762
126691  -30.771  -34.946  2.224 0.8000000119
53262  -31.504  -33.523  2.290 0.8000000119
124970  -34.547  -33.658  2.575 0.6999999881
52393  -35.093  -33.919  2.152 0.6000000238
53263  -32.329  -33.452  2.638 0.6999999881
53264  -33.272  -33.276  2.864 0.6999999881
54988  -31.728  -31.148  1.670 0.6999999881
44205  -29.549  -43.700  9.133 0.6999999881
46004  -28.083  -41.746  8.996 0.6000000238
45988  -28.619  -41.259  9.482 0.6000000238
45013  -28.880  -42.028  9.348 0.6999999881
45990  -30.294  -41.704  9.825 0.6999999881
45015  -30.504  -42.400  9.565 0.6999999881
45016  -31.263  -42.518  9.187 0.6999999881
46016  -27.021  -41.834  7.768 0.5000000000
44213  -27.566  -43.455  7.624 0.6000000238
132056  -30.834  -41.114  9.953 0.6999999881
140686  -31.130  -41.829  9.656 0.6999999881
45991  -31.838  -41.859  9.057 0.6999999881
45033  -27.661  -42.190  8.345 0.6000000238
47764  -24.842  -39.672  6.294 0.3000000119
46856  -26.709  -41.052  7.930 0.5000000000
46003  -27.404  -41.386  8.455 0.5000000000
146065  -32.934  -40.712  8.271 0.6999999881
139535  -26.868  -39.750  8.760 0.4000000060
46822  -27.609  -40.169  9.268 0.6000000238
46845  -33.280  -40.135  8.033 0.6999999881
48647  -33.214  -38.512  6.844 0.6999999881
48642  -33.341  -38.816  7.416 0.6999999881
125490  -32.815  -39.126  6.321 0.6999999881
49514  -25.679  -37.718  9.192 0.3000000119
48658  -32.179  -38.570  5.710 0.6999999881
49566  -30.123  -37.859  3.577 0.8000000119
146699  -30.044  -37.360  3.821 0.6999999881
49556  -30.534  -37.573  4.241 0.6999999881
49543  -31.506  -37.273  5.390 0.6999999881
50522  -28.137  -36.634  1.344 0.8000000119
133471  -29.499  -37.258  3.274 0.8000000119
51487  -28.938  -35.478  0.003 0.8000000119
49597  -28.221  -36.683  0.627 0.8000000119
49573  -28.729  -36.998  2.059 0.8000000119
128623  -29.572  -34.905  0.444 0.8000000119
53285  -27.133  -33.761  0.853 0.8000000119
51474  -27.429  -35.272  1.094 0.8000000119
53252  -27.722  -33.904  1.919 0.8000000119
136762  -27.032  -33.680  1.113 0.8000000119
54129  -34.792  -32.071  1.731 0.6000000238
54119  -34.319  -32.443  2.369 0.6999999881
54128  -31.475  -32.420  1.879 0.8000000119
54117  -32.729  -32.596  2.612 0.6000000238
55849  -31.599  -30.362  1.234 0.6999999881
55850  -32.347  -30.504  1.763 0.6000000238
146516  -33.462  -31.315  2.373 0.6000000238
122808  -29.168  -40.793  9.995 0.6000000238
46823  -28.370  -40.501  9.667 0.6000000238
46825  -31.317  -40.414  9.840 0.6999999881
133041  -31.617  -41.124  9.470 0.6999999881
47734  -28.889  -40.047  10.250 0.6000000238
47735  -31.824  -39.679  9.818 0.6999999881
46826  -32.078  -40.368  9.346 0.6999999881
140302  -26.812  -39.090  9.224 0.4000000060
47749  -27.404  -39.414  9.518 0.4000000060
47724  -30.993  -39.763  10.166 0.6999999881
46844  -32.674  -40.208  8.676 0.6999999881
47733  -28.096  -39.757  9.918 0.5000000000
47722  -28.584  -39.287  10.471 0.5000000000
47750  -32.993  -39.457  8.474 0.6999999881
48635  -33.266  -38.741  8.103 0.6999999881
48617  -26.353  -38.423  9.392 0.3000000119
49516  -26.864  -38.083  10.094 0.3000000119
48618  -27.160  -38.703  9.805 0.4000000060
48657  -31.572  -38.076  5.220 0.6999999881
136770  -33.332  -38.130  7.496 0.6999999881
49515  -26.255  -37.600  9.981 0.3000000119
127678  -32.704  -38.144  6.314 0.6999999881
49538  -33.180  -37.657  6.839 0.6999999881
50472  -32.045  -36.910  5.907 0.6999999881
50465  -33.083  -36.764  6.848 0.6999999881
50510  -28.992  -36.651  2.785 0.8000000119
50488  -30.795  -36.832  4.956 0.6999999881
140148  -31.085  -37.621  4.836 0.6999999881
51427  -32.961  -35.901  6.825 0.6999999881
50471  -31.480  -36.486  5.582 0.6999999881
51425  -31.854  -34.831  6.273 0.6999999881
51498  -27.890  -35.967  0.701 0.8000000119
50508  -27.836  -35.895  1.474 0.8000000119
50501  -30.037  -36.758  4.159 0.6999999881
51435  -31.598  -35.724  5.887 0.6999999881
51499  -28.531  -36.085  0.196 0.8000000119
50521  -27.697  -36.112  0.960 0.8000000119
51464  -28.279  -35.691  2.208 0.8000000119
50499  -28.793  -35.884  2.806 0.8000000119
50500  -29.438  -36.156  3.512 0.8000000119
52347  -30.509  -34.608  5.248 0.8000000119
53237  -31.204  -33.486  5.850 0.6999999881
52403  -28.434  -34.517  0.441 0.8000000119
51463  -27.924  -35.171  1.849 0.8000000119
52366  -28.597  -34.573  3.217 0.8000000119
138387  -29.722  -33.668  4.313 0.8000000119
145722  -29.080  -34.791  0.203 0.8000000119
53287  -28.704  -33.712  0.302 0.8000000119
52390  -27.137  -34.512  0.957 0.8000000119
52365  -28.069  -34.508  2.355 0.8000000119
53249  -29.493  -33.044  3.998 0.8000000119
52391  -30.054  -34.165  0.842 0.8000000119
53297  -27.619  -32.974  0.290 0.8000000119
53261  -27.732  -33.151  1.963 0.8000000119
54108  -28.594  -32.742  2.801 0.8000000119
54109  -29.277  -32.441  3.498 0.8000000119
53288  -29.640  -33.415  0.421 0.8000000119
54115  -28.261  -32.265  2.010 0.8000000119
53274  -30.455  -33.325  1.076 0.8000000119
133186  -34.962  -31.307  1.079 0.5000000000
54977  -34.004  -31.682  2.375 0.6000000238
54139  -30.157  -32.052  0.501 0.8000000119
54127  -30.792  -32.437  1.257 0.8000000119
54991  -34.451  -31.249  1.872 0.6000000238
55852  -34.523  -30.573  1.487 0.6000000238
55851  -33.169  -30.275  1.911 0.6000000238
139237  -33.953  -30.131  1.735 0.6000000238
46813  -29.714  -40.271  10.296 0.6999999881
127917  -29.993  -41.021  10.149 0.6999999881
135651  -30.558  -39.172  10.472 0.6999999881
47725  -31.515  -39.037  10.253 0.6999999881
131592  -32.250  -38.936  9.837 0.6999999881
48599  -29.019  -38.646  10.869 0.5000000000
48601  -31.085  -38.368  10.608 0.6999999881
49496  -27.615  -38.214  10.514 0.4000000060
132564  -27.856  -37.517  10.937 0.4000000060
49497  -28.423  -38.030  10.987 0.5000000000
136801  -32.768  -38.666  9.025 0.6999999881
136988  -33.184  -37.936  8.443 0.6999999881
50413  -26.933  -36.526  10.874 0.3000000119
50414  -27.780  -36.681  11.135 0.3000000119
135144  -28.573  -37.208  11.187 0.5000000000
49518  -32.749  -37.067  9.535 0.6999999881
49525  -33.296  -37.162  7.684 0.6999999881
122551  -25.678  -36.947  9.729 0.3000000119
51373  -27.296  -35.780  11.178 0.3000000119
51372  -26.684  -35.263  10.918 0.3000000119
51419  -33.254  -35.209  7.389 0.6999999881
50486  -29.883  -35.916  4.246 0.8000000119
50470  -30.956  -35.934  5.370 0.6999999881
51426  -32.284  -35.711  6.376 0.6999999881
50487  -30.367  -36.026  4.768 0.6999999881
51434  -31.092  -35.120  5.651 0.6999999881
52341  -31.769  -33.818  6.298 0.6999999881
51485  -27.466  -35.309  1.049 0.8000000119
51451  -28.383  -35.195  2.722 0.8000000119
51443  -30.072  -35.204  4.716 0.6999999881
53236  -30.631  -33.674  5.379 0.8000000119
51486  -28.098  -35.333  0.614 0.8000000119
53286  -27.781  -33.767  0.467 0.8000000119
129434  -28.960  -33.136  3.415 0.8000000119
128201  -29.840  -32.334  4.127 0.8000000119
53298  -28.148  -33.044  -0.143 0.8000000119
53299  -28.846  -33.061  -0.105 0.8000000119
126419  -27.385  -32.914  0.731 0.8000000119
144080  -29.122  -31.272  2.487 0.8000000119
143418  -30.026  -31.301  3.391 0.8000000119
54138  -29.446  -32.586  0.082 0.8000000119
54149  -28.611  -32.310  -0.368 0.8000000119
54126  -27.628  -32.048  0.675 0.8000000119
54973  -27.961  -31.790  1.271 0.8000000119
55834  -30.244  -30.845  3.195 0.8000000119
54987  -30.876  -31.587  1.083 0.8000000119
47723  -29.554  -39.416  10.545 0.6000000238
48619  -27.847  -39.012  10.164 0.5000000000
48600  -30.023  -38.528  10.817 0.6000000238
135141  -29.429  -37.728  11.177 0.5000000000
49499  -31.506  -37.520  10.573 0.6999999881
49517  -32.332  -37.445  10.093 0.6999999881
134486  -30.136  -36.897  11.332 0.6000000238
50443  -31.831  -36.655  10.470 0.6999999881
50444  -32.484  -36.520  9.968 0.6999999881
50412  -26.412  -35.958  10.743 0.3000000119
138755  -28.187  -35.880  11.362 0.3000000119
51398  -25.907  -35.181  10.437 0.3000000119
53169  -28.690  -33.479  11.353 0.3000000119
51399  -32.711  -35.658  9.664 0.6999999881
50451  -32.977  -36.449  9.273 0.6999999881
54043  -26.273  -32.589  10.181 0.3000000119
128777  -27.085  -32.824  10.658 0.3000000119
53168  -27.817  -33.159  11.113 0.3000000119
54023  -28.512  -32.696  11.172 0.3000000119
55766  -26.027  -30.961  9.245 0.3000000119
51418  -32.784  -35.032  6.768 0.6999999881
52342  -32.600  -34.126  6.687 0.6999999881
143015  -30.975  -32.751  5.420 0.8000000119
54105  -30.518  -32.093  4.604 0.8000000119
143717  -30.511  -31.362  3.874 0.8000000119
54148  -27.868  -32.252  -0.178 0.8000000119
54137  -27.666  -32.126  0.267 0.8000000119
55012  -27.698  -31.465  -0.045 0.8000000119
54999  -27.667  -31.422  0.214 0.8000000119
55837  -28.616  -30.771  1.501 0.8000000119
55838  -29.195  -30.730  2.149 0.8000000119
54970  -29.625  -31.177  2.900 0.8000000119
55000  -29.418  -31.807  -0.258 0.8000000119
55848  -28.327  -30.443  0.758 0.8000000119
146285  -30.261  -31.174  0.211 0.8000000119
55867  -30.780  -30.335  0.476 0.6999999881
49498  -30.592  -37.668  11.024 0.6000000238
132258  -31.066  -36.776  11.004 0.6000000238
52279  -28.896  -34.425  11.474 0.4000000060
51376  -30.882  -35.074  11.144 0.6000000238
50418  -32.111  -35.822  10.366 0.6999999881
52281  -30.698  -34.022  11.338 0.4000000060
51411  -33.345  -35.606  8.172 0.6999999881
55755  -29.245  -30.851  10.664 0.3000000119
53172  -31.377  -33.254  11.153 0.4000000060
52308  -32.491  -34.231  10.047 0.6000000238
53216  -33.342  -33.556  8.871 0.6999999881
52329  -33.346  -34.819  8.170 0.6999999881
52335  -33.155  -34.396  7.241 0.6999999881
53223  -33.396  -33.998  8.023 0.6999999881
53228  -32.425  -33.239  6.579 0.6999999881
52356  -30.136  -33.998  4.798 0.8000000119
53250  -30.120  -33.028  4.724 0.8000000119
54960  -31.266  -31.988  5.126 0.8000000119
55832  -31.385  -30.886  4.140 0.8000000119
54974  -28.597  -31.363  1.951 0.8000000119
55839  -29.880  -30.392  2.632 0.8000000119
135184  -28.426  -30.912  -0.545 0.8000000119
55879  -27.741  -30.925  -0.023 0.8000000119
56727  -28.821  -29.813  0.975 0.8000000119
56719  -28.911  -30.325  1.460 0.8000000119
134814  -28.360  -29.870  0.282 0.8000000119
56729  -32.425  -29.851  1.456 0.6000000238
56762  -30.000  -30.418  -0.383 0.8000000119
56746  -31.517  -29.560  0.690 0.6000000238
128003  -30.108  -29.093  -0.940 0.6999999881
50416  -30.582  -36.028  11.293 0.6000000238
50417  -31.386  -35.912  10.839 0.6000000238
125926  -29.695  -33.736  11.467 0.3000000119
52283  -32.277  -35.001  10.232 0.6000000238
53170  -29.456  -32.751  11.315 0.3000000119
53171  -30.461  -33.091  11.426 0.3000000119
54025  -31.048  -32.428  11.279 0.3000000119
53215  -32.885  -33.747  9.538 0.6999999881
55767  -27.883  -30.255  9.977 0.3000000119
131558  -32.793  -31.920  9.597 0.4000000060
54066  -33.330  -32.892  8.279 0.6999999881
57554  -28.057  -28.935  9.134 0.3000000119
54939  -32.768  -31.892  6.926 0.6000000238
54099  -31.728  -32.162  5.724 0.8000000119
54087  -32.297  -32.400  6.369 0.6999999881
140010  -32.669  -31.123  6.644 0.6000000238
54950  -32.329  -31.502  6.000 0.6999999881
54966  -31.224  -31.494  4.566 0.8000000119
55833  -32.216  -30.655  4.612 0.6999999881
127453  -32.460  -30.900  5.328 0.6999999881
55818  -32.641  -30.635  6.090 0.6999999881
56714  -30.927  -30.538  3.466 0.8000000119
145614  -31.765  -31.118  4.611 0.8000000119
56704  -32.898  -30.075  5.285 0.6999999881
139449  -30.502  -30.225  2.946 0.8000000119
56710  -32.517  -29.692  4.340 0.6999999881
55013  -28.144  -31.572  -0.369 0.8000000119
133227  -27.903  -31.020  -0.249 0.8000000119
125462  -29.481  -29.841  1.882 0.8000000119
123951  -31.177  -29.706  2.998 0.8000000119
56744  -28.501  -29.530  -0.309 0.8000000119
56728  -29.321  -29.276  1.191 0.8000000119
56713  -30.303  -29.633  2.506 0.8000000119
55014  -28.773  -31.537  -0.532 0.8000000119
55880  -28.253  -30.364  -0.275 0.8000000119
57638  -28.763  -29.151  0.361 0.8000000119
57639  -29.469  -28.600  0.921 0.8000000119
55882  -29.305  -30.948  -0.571 0.8000000119
55881  -28.801  -30.148  -0.755 0.8000000119
56761  -28.921  -29.413  -1.138 0.6999999881
57651  -31.944  -28.704  0.508 0.6000000238
58567  -32.213  -27.966  0.265 0.6000000238
133685  -29.502  -29.734  -0.840 0.8000000119
57669  -29.224  -29.033  -1.381 0.6999999881
57688  -29.774  -28.423  -1.389 0.6999999881
53194  -32.285  -33.329  10.292 0.5000000000
54877  -29.709  -31.459  10.843 0.3000000119
54879  -31.439  -31.763  10.735 0.4000000060
142326  -32.430  -32.469  10.069 0.5000000000
139544  -30.246  -30.103  10.436 0.3000000119
54065  -33.059  -32.842  9.433 0.5000000000
134813  -33.315  -32.114  8.937 0.6000000238
56648  -30.292  -29.430  10.311 0.3000000119
128697  -30.874  -30.196  10.382 0.3000000119
54920  -33.166  -31.208  9.065 0.6000000238
129533  -33.159  -31.812  8.034 0.6000000238
57556  -29.836  -28.679  9.808 0.3000000119
55770  -31.915  -30.396  10.229 0.3000000119
57555  -28.898  -28.786  9.511 0.3000000119
54940  -32.943  -31.125  7.384 0.6000000238
58471  -27.974  -27.849  8.155 0.3000000119
56720  -30.872  -28.942  2.485 0.8000000119
146308  -31.586  -28.984  2.821 0.6999999881
141112  -32.496  -28.765  3.485 0.6999999881
57632  -31.484  -28.364  2.496 0.6999999881
57630  -30.118  -28.954  1.747 0.8000000119
57631  -30.904  -28.318  1.928 0.6999999881
140502  -29.017  -28.416  0.215 0.6999999881
58549  -30.290  -28.000  1.233 0.6000000238
58592  -33.458  -27.082  0.010 0.6000000238
56760  -28.762  -29.464  -0.825 0.6999999881
57686  -28.814  -28.344  -1.400 0.6999999881
57668  -28.663  -28.605  -1.019 0.6999999881
57670  -30.703  -28.346  -0.676 0.6999999881
58590  -31.434  -27.725  -0.386 0.6999999881
57687  -29.064  -28.437  -1.545 0.6999999881
126297  -28.851  -23.795  -2.352 0.5000000000
139651  -29.030  -23.792  -2.514 0.5000000000
54921  -33.178  -30.959  8.221 0.6000000238
56688  -33.295  -29.704  7.959 0.6000000238
133963  -33.215  -30.017  7.228 0.6000000238
56705  -33.425  -29.254  5.760 0.6999999881
56711  -33.199  -29.155  4.831 0.6999999881
58514  -27.029  -27.094  6.927 0.3000000119
57622  -32.765  -28.904  4.041 0.6999999881
58548  -29.499  -27.861  0.505 0.6999999881
58534  -32.116  -27.806  2.541 0.6999999881
145394  -32.227  -28.515  2.988 0.6000000238
58541  -31.500  -27.766  2.020 0.6999999881
57650  -28.683  -28.576  -0.422 0.6999999881
59518  -30.117  -27.144  0.553 0.6000000238
58588  -28.577  -27.758  -0.899 0.6999999881
58568  -33.173  -27.679  0.408 0.5000000000
58605  -29.549  -27.713  -1.554 0.6999999881
58613  -29.282  -26.958  -1.563 0.6999999881
123266  -30.050  -26.878  -1.702 0.6999999881
60477  -29.562  -25.215  -1.960 0.6000000238
55789  -33.190  -30.225  8.680 0.5000000000
56664  -33.176  -29.207  8.703 0.4000000060
135081  -33.378  -29.056  7.919 0.5000000000
56697  -33.423  -29.430  7.233 0.6000000238
57610  -33.731  -28.518  6.311 0.6000000238
59449  -27.780  -26.833  7.097 0.3000000119
57618  -33.612  -28.482  5.340 0.6999999881
57623  -33.456  -28.280  4.390 0.6000000238
57627  -32.855  -28.333  3.572 0.6000000238
139077  -30.997  -27.745  1.577 0.6000000238
58542  -32.747  -27.337  2.620 0.6000000238
58565  -28.949  -27.817  -0.255 0.6999999881
127192  -30.759  -27.341  1.186 0.6000000238
59544  -29.462  -26.564  -0.229 0.6999999881
60455  -30.295  -26.205  0.167 0.6000000238
58612  -28.784  -26.981  -1.228 0.6999999881
59563  -30.339  -26.009  -1.831 0.6999999881
136278  -31.409  -27.063  -0.731 0.6000000238
59565  -32.611  -25.682  -0.745 0.5000000000
59564  -31.447  -25.669  -1.422 0.6000000238
59557  -31.963  -26.406  -0.745 0.6000000238
60470  -32.330  -24.996  -1.337 0.5000000000
60476  -28.964  -25.314  -1.909 0.6000000238
125476  -30.473  -25.168  -1.787 0.5000000000
58614  -29.520  -26.105  -1.785 0.5000000000
60468  -29.853  -24.388  -2.172 0.5000000000
61305  -31.098  -24.020  -1.925 0.5000000000
61312  -29.953  -23.589  -2.146 0.5000000000
62197  -29.405  -23.496  -2.198 0.5000000000
57576  -32.707  -28.310  9.018 0.4000000060
57577  -33.280  -28.442  8.239 0.4000000060
144520  -32.960  -27.790  8.405 0.4000000060
58474  -30.831  -27.350  9.023 0.4000000060
57599  -33.633  -28.617  7.338 0.6000000238
59466  -28.217  -26.304  6.675 0.3000000119
60359  -29.011  -26.111  7.086 0.3000000119
59451  -29.654  -26.356  7.775 0.3000000119
60387  -28.240  -25.243  5.694 0.3000000119
58529  -34.046  -27.335  4.432 0.6000000238
58543  -33.359  -27.061  2.954 0.5000000000
58536  -33.370  -27.609  3.576 0.6000000238
59520  -31.779  -26.379  1.247 0.6000000238
59505  -32.249  -27.124  1.872 0.6000000238
59519  -30.958  -26.667  0.862 0.6000000238
59506  -32.999  -26.593  2.375 0.6000000238
59543  -28.794  -26.908  -0.719 0.6999999881
130591  -30.203  -25.286  -0.355 0.6000000238
60467  -28.801  -25.395  -1.452 0.6999999881
61311  -28.845  -24.432  -2.269 0.5000000000
62196  -29.274  -23.456  -2.143 0.5000000000
126081  -32.036  -27.834  9.363 0.4000000060
135421  -33.516  -27.789  7.831 0.4000000060
59453  -32.721  -25.941  8.247 0.4000000060
125821  -33.985  -27.811  7.007 0.4000000060
58524  -33.886  -27.690  5.910 0.5000000000
60374  -28.608  -25.606  6.378 0.3000000119
60375  -29.430  -25.211  6.741 0.3000000119
60360  -29.754  -25.722  7.399 0.4000000060
58530  -34.192  -27.361  5.227 0.4000000060
61212  -29.475  -24.521  6.267 0.3000000119
60376  -30.296  -25.135  7.315 0.4000000060
59498  -33.967  -26.830  3.517 0.5000000000
128774  -33.888  -27.874  5.038 0.6000000238
59521  -32.574  -26.103  1.714 0.6000000238
60419  -34.301  -25.561  2.714 0.5000000000
60433  -31.230  -25.624  0.486 0.6000000238
61281  -31.991  -24.791  0.506 0.6000000238
60454  -29.163  -25.099  -0.881 0.6000000238
61280  -30.941  -24.465  -0.188 0.6000000238
60462  -28.780  -25.146  -1.275 0.5000000000
61304  -28.704  -24.346  -1.831 0.5000000000
62187  -28.823  -23.641  -1.772 0.5000000000
63056  -29.777  -23.211  -1.772 0.5000000000
127764  -30.201  -22.630  -1.845 0.5000000000
63864  -30.473  -21.736  -2.389 0.5000000000
58476  -32.410  -27.444  8.836 0.4000000060
58500  -33.028  -26.962  8.214 0.4000000060
58501  -33.798  -27.042  7.497 0.4000000060
58515  -34.107  -27.055  6.661 0.4000000060
59454  -33.537  -26.088  7.679 0.4000000060
59468  -34.213  -26.385  6.430 0.4000000060
58525  -34.207  -26.906  5.806 0.4000000060
125311  -34.489  -26.432  4.183 0.4000000060
59493  -34.554  -26.777  5.029 0.5000000000
62104  -28.752  -23.748  5.131 0.3000000119
60418  -33.371  -25.624  2.208 0.5000000000
61268  -34.645  -24.670  2.784 0.4000000060
60434  -32.261  -25.548  1.000 0.6000000238
60435  -32.867  -25.347  1.528 0.5000000000
144621  -33.947  -24.957  2.317 0.5000000000
62163  -32.509  -24.131  0.683 0.5000000000
61282  -32.731  -24.797  1.032 0.5000000000
62181  -29.045  -23.864  -1.225 0.5000000000
61294  -29.619  -24.331  -0.864 0.6000000238
127469  -31.312  -23.525  -0.296 0.6000000238
62162  -31.865  -24.043  0.251 0.6000000238
62173  -30.152  -23.642  -0.814 0.6000000238
63046  -29.252  -23.628  -1.334 0.5000000000
63057  -30.203  -22.212  -1.715 0.5000000000
63876  -30.824  -21.405  -2.665 0.5000000000
62182  -29.776  -23.476  -1.064 0.5000000000
63808  -28.119  -21.843  3.893 0.3000000119
145190  -29.327  -22.063  4.871 0.4000000060
64650  -29.788  -20.902  4.896 0.4000000060
64665  -28.602  -20.307  3.643 0.4000000060
63037  -31.652  -22.700  -0.417 0.5000000000
144929  -33.702  -22.021  0.995 0.5000000000
63031  -33.801  -22.616  1.284 0.5000000000
122266  -31.818  -21.833  -0.567 0.5000000000
63844  -33.317  -21.742  0.439 0.5000000000
63047  -30.208  -22.823  -1.436 0.5000000000
142122  -30.926  -22.261  -0.975 0.6000000238
139516  -30.935  -20.057  -2.672 0.5000000000
63850  -30.481  -21.347  -1.699 0.6000000238
64722  -31.074  -20.569  -1.571 0.5000000000
64731  -30.627  -20.664  -2.167 0.6000000238
64732  -31.004  -19.926  -2.302 0.4000000060
64666  -29.332  -20.471  4.333 0.4000000060
63779  -31.181  -21.442  5.885 0.4000000060
63842  -31.957  -20.995  -0.887 0.5000000000
63843  -32.728  -21.366  -0.232 0.5000000000
132628  -30.456  -21.968  -1.361 0.5000000000
63048  -31.073  -21.481  -1.163 0.5000000000
143899  -31.324  -19.288  -2.366 0.4000000060
64667  -30.117  -20.215  4.859 0.4000000060
65531  -29.170  -19.624  3.898 0.4000000060
63038  -32.531  -22.244  0.062 0.5000000000
63834  -34.265  -21.909  1.477 0.4000000060
64723  -32.006  -20.265  -1.193 0.4000000060
65580  -32.430  -19.564  -1.157 0.4000000060
66483  -31.826  -18.963  -1.858 0.5000000000
66484  -32.027  -18.186  -2.115 0.3000000119
64716  -33.520  -20.854  0.278 0.4000000060
122640  -32.792  -18.596  -1.166 0.5000000000
67378  -32.728  -17.696  -1.499 0.4000000060
65581  -33.267  -19.363  -0.477 0.4000000060
68246  -32.692  -15.928  -2.982 0.4000000060
141990  -33.232  -17.227  -1.082 0.4000000060
66466  -33.948  -18.252  0.477 0.4000000060
68235  -33.387  -16.586  -1.111 0.4000000060
68247  -33.097  -16.264  -1.951 0.4000000060
69077  -33.352  -15.359  -1.989 0.4000000060
69076  -32.827  -15.023  -2.986 0.4000000060
66476  -33.481  -18.446  -0.220 0.4000000060
67379  -33.310  -17.776  -0.703 0.3000000119
67364  -33.645  -17.591  0.140 0.4000000060
67365  -34.138  -17.521  0.791 0.4000000060
68221  -33.750  -16.076  -0.367 0.3000000119
125683  -33.487  -16.977  -0.353 0.3000000119
69064  -33.761  -15.301  -0.916 0.5000000000
68222  -33.967  -16.703  0.447 0.4000000060
38003  -27.425  -50.294  -1.739 0.6999999881
36140  -31.956  -52.470  2.764 0.6999999881
31514  -24.214  -57.480  3.526 0.6000000238
142752  -31.196  -52.918  5.491 0.6999999881
38796  -31.881  -49.016  2.568 0.8000000119
125478  -32.433  -50.669  4.296 0.8000000119
36087  -28.299  -52.572  6.402 0.6000000238
37902  -30.205  -50.679  6.716 0.6000000238
121511  -32.213  -46.279  3.438 0.8000000119
35242  -22.285  -52.906  1.233 0.4000000060
46948  -30.596  -40.443  -1.179 0.8000000119
38783  -24.296  -49.414  3.538 0.5000000000
45075  -32.592  -42.387  4.772 0.8000000119
42513  -31.742  -45.825  7.842 0.8000000119
125732  -22.704  -43.679  3.894 0.4000000060
126068  -27.500  -46.083  6.528 0.6000000238
43419  -25.552  -43.654  4.937 0.5000000000
44221  -27.381  -43.963  6.980 0.6000000238
44206  -30.400  -43.640  9.263 0.6999999881
48687  -30.276  -38.598  3.354 0.6999999881
144613  -30.247  -39.816  10.353 0.6999999881
54969  -29.041  -31.842  2.794 0.8000000119
48620  -31.933  -38.267  10.263 0.6999999881
52282  -31.679  -34.305  10.716 0.6000000238
53222  -33.078  -33.420  7.242 0.6999999881
54080  -32.772  -32.709  6.881 0.6000000238
51375  -30.043  -35.441  11.413 0.6000000238
54044  -31.771  -32.502  10.641 0.5000000000
144532  -32.943  -29.717  9.225 0.4000000060
133861  -33.031  -27.467  3.065 0.6000000238
63857  -30.337  -21.515  -2.097 0.5000000000
59467  -34.011  -26.491  7.103 0.4000000060
64715  -32.865  -20.366  -0.529 0.4000000060
123303  -30.416  -50.902  -3.806 0.5000000000
38024  -31.469  -50.304  -3.791 0.5000000000
34350  -27.427  -54.084  -2.070 0.6999999881
40680  -32.577  -47.275  -1.952 0.5000000000
30521  -25.663  -58.898  4.457 0.5000000000
41639  -32.491  -46.203  -2.186 0.6999999881
35256  -31.154  -53.367  1.629 0.6999999881
37078  -30.878  -51.869  0.975 0.6999999881
38834  -27.720  -49.215  -1.028 0.6999999881
38815  -28.261  -49.074  -0.569 0.6999999881
135724  -28.555  -45.734  -0.991 0.6999999881
39735  -27.881  -48.348  -0.887 0.6999999881
144450  -33.209  -44.327  -1.260 0.6999999881
43471  -34.282  -44.475  0.820 0.5000000000
44279  -33.378  -43.587  0.182 0.6000000238
46082  -34.026  -41.966  1.754 0.5000000000
136620  -26.581  -55.951  5.289 0.6000000238
37967  -30.985  -49.923  1.294 0.6999999881
44289  -32.833  -43.258  -1.283 0.6999999881
33297  -28.373  -55.694  5.832 0.6000000238
37958  -32.180  -50.864  2.759 0.8000000119
46083  -35.755  -41.807  2.086 0.4000000060
37022  -32.233  -51.482  4.676 0.8000000119
34283  -25.761  -54.557  4.748 0.6000000238
34282  -25.031  -54.604  4.356 0.6000000238
46099  -31.544  -41.149  -1.351 0.8000000119
36088  -29.147  -52.479  6.444 0.6999999881
38784  -32.455  -48.855  3.770 0.6999999881
32415  -22.602  -56.240  1.859 0.5000000000
130449  -34.596  -40.998  2.478 0.5000000000
38749  -31.840  -49.216  6.154 0.6999999881
35221  -24.640  -53.877  4.026 0.6000000238
41569  -32.540  -46.508  4.310 0.8000000119
123942  -30.624  -45.003  0.990 0.8000000119
47814  -32.680  -39.194  1.950 0.6999999881
121521  -34.761  -39.737  2.964 0.6000000238
40597  -32.235  -47.798  6.254 0.6999999881
36113  -25.969  -52.335  4.861 0.6000000238
46080  -29.651  -41.767  0.575 0.8999999762
46937  -28.728  -40.973  -0.287 0.8000000119
48699  -34.298  -38.605  3.251 0.6000000238
48701  -36.212  -38.533  2.035 0.4000000060
36153  -22.120  -52.163  1.299 0.3000000119
141707  -24.886  -53.171  4.163 0.5000000000
35232  -23.499  -53.305  2.854 0.5000000000
136600  -23.014  -53.940  2.277 0.5000000000
35255  -22.027  -53.564  0.740 0.4000000060
45109  -31.020  -42.695  1.907 0.8999999762
48726  -30.972  -38.678  -0.184 0.8000000119
38735  -29.042  -49.056  7.154 0.6000000238
38745  -28.465  -49.369  6.705 0.6000000238
39651  -30.223  -48.323  7.443 0.6000000238
41548  -31.615  -46.584  7.693 0.8000000119
37915  -27.257  -50.165  5.690 0.5000000000
36126  -23.780  -52.513  3.068 0.4000000060
36127  -24.300  -52.123  3.405 0.5000000000
125883  -24.729  -51.720  3.765 0.5000000000
46060  -31.581  -41.722  3.528 0.8000000119
49577  -33.113  -37.767  3.043 0.6999999881
51455  -34.325  -35.763  3.170 0.6000000238
51477  -35.489  -35.590  1.769 0.4000000060
39660  -28.464  -48.409  6.892 0.6000000238
38795  -23.274  -49.844  2.017 0.5000000000
37946  -24.284  -50.316  3.454 0.5000000000
38757  -26.339  -49.729  5.222 0.5000000000
38771  -25.004  -50.072  4.152 0.5000000000
145526  -32.612  -43.510  7.617 0.6999999881
40586  -28.850  -47.799  7.311 0.6000000238
40620  -24.065  -46.892  2.943 0.5000000000
40609  -25.161  -47.412  4.454 0.6000000238
122442  -24.365  -48.518  3.630 0.5000000000
129853  -25.209  -46.592  4.466 0.6000000238
39686  -23.712  -48.670  2.718 0.5000000000
39670  -27.108  -48.297  5.786 0.5000000000
42542  -22.810  -45.634  3.159 0.6000000238
42554  -23.058  -45.882  2.568 0.6000000238
128752  -26.544  -47.879  5.430 0.6000000238
40602  -26.265  -47.186  5.188 0.6000000238
38772  -25.501  -49.420  4.607 0.5000000000
44234  -22.322  -43.246  4.149 0.4000000060
45057  -33.331  -42.270  6.925 0.6999999881
46915  -29.974  -40.393  1.759 0.8000000119
47832  -28.658  -39.391  0.363 0.8999999762
141103  -25.758  -44.445  5.046 0.5000000000
41568  -25.872  -46.470  4.891 0.6000000238
41563  -26.979  -46.351  5.967 0.6000000238
43411  -26.796  -44.937  5.899 0.6000000238
45068  -25.441  -42.742  5.027 0.4000000060
43410  -26.734  -43.740  6.235 0.5000000000
46025  -33.357  -41.587  6.505 0.6999999881
126031  -25.222  -40.795  5.980 0.4000000060
46023  -26.044  -41.933  6.398 0.5000000000
45046  -26.639  -42.324  7.067 0.5000000000
48723  -29.103  -38.479  0.224 0.8000000119
53265  -34.130  -33.104  2.696 0.6999999881
43390  -30.149  -44.271  9.112 0.6999999881
145741  -27.851  -44.126  7.626 0.6999999881
44214  -28.216  -43.749  8.129 0.6999999881
133245  -33.192  -39.850  6.648 0.6999999881
46854  -25.400  -40.259  6.653 0.4000000060
52378  -31.646  -34.348  2.536 0.8000000119
45034  -28.390  -42.518  8.828 0.6000000238
45014  -29.700  -42.238  9.561 0.6999999881
45055  -26.906  -43.187  7.027 0.6000000238
47776  -32.261  -39.449  5.553 0.6999999881
48634  -26.187  -39.126  8.707 0.3000000119
51475  -30.262  -35.085  1.284 0.8999999762
53275  -31.132  -33.083  1.799 0.8000000119
54116  -31.858  -32.804  2.338 0.6000000238
54118  -33.622  -32.465  2.609 0.6000000238
54975  -32.154  -31.928  2.222 0.6000000238
122689  -31.413  -31.898  1.640 0.8000000119
46843  -27.858  -40.942  9.082 0.6000000238
45989  -29.444  -41.503  9.710 0.6999999881
46824  -30.507  -40.412  10.177 0.6999999881
46842  -27.168  -40.577  8.574 0.5000000000
138220  -31.963  -36.265  6.042 0.6999999881
52404  -29.316  -34.217  0.419 0.8000000119
47736  -32.429  -39.556  9.207 0.6999999881
136915  -32.827  -37.763  9.346 0.6999999881
128727  -26.286  -36.772  10.413 0.3000000119
49537  -32.604  -37.282  6.367 0.6999999881
50458  -33.308  -36.164  7.441 0.6999999881
50464  -32.488  -36.478  6.401 0.6999999881
52367  -29.181  -34.729  3.760 0.8000000119
51442  -29.511  -35.323  4.045 0.8000000119
144555  -29.159  -33.895  3.701 0.8000000119
48621  -32.460  -38.232  9.790 0.6999999881
50442  -27.055  -37.361  10.608 0.3000000119
49524  -33.139  -37.141  8.821 0.6999999881
138775  -29.328  -36.858  11.331 0.5000000000
50415  -28.754  -36.368  11.363 0.4000000060
50452  -33.277  -36.402  8.362 0.6999999881
52277  -26.671  -34.398  10.836 0.3000000119
143483  -33.306  -34.601  7.659 0.6999999881
51410  -33.172  -35.862  8.938 0.6999999881
54022  -27.842  -32.317  10.846 0.3000000119
54876  -28.819  -31.822  10.943 0.3000000119
56745  -30.496  -29.699  -0.225 0.6999999881
52280  -29.900  -34.681  11.451 0.6000000238
51377  -31.669  -35.209  10.645 0.6000000238
52309  -32.755  -34.773  9.579 0.6999999881
52328  -33.231  -34.329  8.967 0.6999999881
54081  -33.057  -32.553  7.437 0.6000000238
56709  -31.743  -30.131  3.803 0.8000000119
56763  -31.034  -28.964  -0.111 0.6000000238
140351  -31.480  -28.344  -0.056 0.6000000238
54024  -30.280  -32.410  11.264 0.3000000119
56646  -28.411  -29.522  9.730 0.3000000119
55769  -29.667  -30.078  10.440 0.3000000119
54961  -31.974  -31.456  5.072 0.8000000119
55819  -32.925  -30.534  6.898 0.6000000238
56715  -32.128  -29.285  3.421 0.6999999881
58589  -30.507  -27.548  -1.203 0.6999999881
54898  -31.175  -30.995  10.597 0.3000000119
56647  -29.292  -29.375  10.122 0.3000000119
57572  -28.508  -28.295  8.807 0.3000000119
57574  -30.361  -28.024  9.407 0.3000000119
55808  -33.177  -30.443  7.716 0.6000000238
55828  -33.151  -29.891  6.423 0.6000000238
58604  -28.929  -27.755  -1.479 0.6999999881
58603  -28.665  -27.745  -1.184 0.6999999881
128635  -33.559  -29.180  6.595 0.6000000238
59555  -28.624  -26.928  -1.039 0.6999999881
58591  -32.341  -27.172  -0.156 0.5000000000
139797  -32.707  -29.094  9.323 0.4000000060
134792  -29.562  -25.815  -0.424 0.6000000238
62188  -31.138  -23.297  -2.335 0.4000000060
141766  -30.601  -25.937  7.913 0.4000000060
61211  -28.922  -24.895  6.000 0.3000000119
59507  -33.861  -26.346  2.772 0.5000000000
127107  -28.694  -25.904  -0.764 0.5000000000
61213  -30.055  -24.488  6.739 0.4000000060
59482  -34.534  -26.201  5.695 0.4000000060
59499  -34.536  -26.092  3.313 0.4000000060
61283  -33.417  -24.717  1.675 0.5000000000
63036  -30.697  -23.049  -0.949 0.6000000238
126351  -28.768  -21.980  4.414 0.3000000119
64651  -30.514  -20.938  5.388 0.4000000060
121778  -32.407  -23.278  0.384 0.5000000000
69960  -33.184  -14.385  -2.510 0.3000000119
28710  -27.901  -59.977  -0.514 0.5000000000
130941  -27.202  -58.831  -1.310 0.5000000000
27741  -28.677  -61.511  1.488 0.4000000060
28676  -29.090  -60.861  1.165 0.5000000000
28692  -28.461  -60.355  -0.063 0.5000000000
28711  -28.526  -59.680  -0.287 0.5000000000
136845  -28.102  -59.098  -0.690 0.6000000238
30603  -28.001  -58.241  -1.078 0.6000000238
146040  -29.397  -60.498  1.662 0.5000000000
28659  -29.472  -60.402  2.387 0.5000000000
29622  -29.493  -59.324  0.596 0.5000000000
30587  -29.638  -58.487  0.391 0.5000000000
28641  -29.439  -60.139  3.142 0.5000000000
30605  -29.302  -58.219  -0.188 0.6000000238
32456  -29.188  -57.051  -0.596 0.6000000238
31569  -28.586  -57.602  -0.846 0.6000000238
32455  -28.556  -56.823  -1.143 0.6000000238
137267  -28.681  -55.369  -1.052 0.6000000238
33368  -29.134  -55.075  -0.479 0.6000000238
34340  -28.046  -55.160  -1.477 0.6000000238
141422  -27.848  -54.453  -1.607 0.6000000238
35280  -28.017  -53.751  -1.472 0.6000000238
29585  -29.821  -59.702  2.533 0.5000000000
30567  -29.958  -58.874  1.086 0.5000000000
31559  -29.730  -57.456  0.151 0.6000000238
29568  -29.156  -59.733  3.773 0.5000000000
29569  -29.791  -59.293  3.349 0.5000000000
32457  -29.578  -56.541  -0.142 0.6000000238
29548  -27.871  -59.684  4.434 0.5000000000
126607  -28.664  -59.299  4.271 0.5000000000
34341  -28.534  -54.485  -1.034 0.6000000238
36191  -27.565  -52.008  -2.133 0.6000000238
30568  -30.263  -58.511  1.774 0.5000000000
130564  -30.303  -57.117  1.020 0.5000000000
29549  -29.310  -59.103  3.995 0.5000000000
29570  -30.247  -58.524  3.271 0.5000000000
30550  -30.416  -58.164  2.557 0.5000000000
31545  -30.408  -57.652  1.778 0.5000000000
32444  -30.013  -56.447  0.518 0.6000000238
126520  -28.005  -58.803  4.687 0.5000000000
30524  -28.947  -58.518  4.537 0.5000000000
33353  -29.653  -55.640  0.128 0.6000000238
30523  -27.147  -58.999  4.671 0.5000000000
30504  -28.211  -58.077  5.149 0.5000000000
131559  -29.712  -53.963  0.115 0.6000000238
34342  -29.173  -54.168  -0.339 0.6000000238
124049  -28.094  -52.859  -1.421 0.6000000238
30525  -30.271  -57.977  3.803 0.5000000000
32417  -30.722  -56.396  2.511 0.5000000000
145868  -30.618  -56.129  1.840 0.6000000238
34306  -30.879  -54.883  1.810 0.6000000238
31500  -29.671  -57.801  4.487 0.5000000000
32445  -30.381  -56.281  1.241 0.6000000238
125937  -30.427  -54.906  1.129 0.6000000238
30503  -27.331  -58.231  5.047 0.5000000000
30520  -24.836  -58.644  4.263 0.5000000000
36182  -28.534  -52.363  -0.792 0.6000000238
37096  -28.425  -51.372  -0.852 0.6000000238
32397  -30.382  -56.512  4.513 0.5000000000
32406  -30.697  -56.696  3.493 0.5000000000
125591  -31.040  -55.831  3.099 0.5000000000
33331  -31.236  -54.899  2.720 0.6000000238
31486  -27.609  -57.429  5.400 0.6000000238
33312  -31.094  -55.343  4.366 0.6000000238
33318  -30.970  -55.940  4.011 0.5000000000
34307  -31.506  -54.110  2.751 0.6000000238
32385  -29.625  -56.566  5.103 0.6000000238
33310  -30.063  -56.026  5.135 0.6000000238
34317  -31.234  -54.134  2.087 0.6000000238
32396  -26.300  -56.744  5.008 0.5000000000
32383  -27.934  -56.610  5.655 0.5000000000
32384  -28.804  -56.547  5.463 0.6000000238
31497  -24.824  -57.795  4.051 0.4000000060
33298  -29.338  -55.884  5.508 0.6000000238
34285  -30.844  -54.902  4.944 0.6000000238
34286  -31.361  -54.749  4.314 0.6000000238
34294  -31.545  -54.381  3.524 0.5000000000
35244  -31.730  -53.735  3.130 0.6000000238
36155  -31.452  -52.485  1.920 0.6000000238
35234  -31.795  -53.653  3.826 0.6999999881
49578  -34.645  -37.358  3.277 0.5000000000
53238  -31.690  -32.961  6.104 0.6000000238
56747  -32.649  -29.125  1.089 0.5000000000
58606  -30.899  -26.591  -1.365 0.5000000000
69947  -33.712  -14.543  -1.424 0.4000000060
70833  -33.588  -13.667  -1.964 0.3000000119
71719  -33.992  -12.128  -1.626 0.3000000119
26803  -28.355  -62.122  1.791 0.4000000060
27740  -28.001  -61.927  0.982 0.5000000000
28691  -27.766  -60.799  -0.299 0.5000000000
31584  -27.173  -57.353  -1.762 0.5000000000
27727  -28.690  -61.707  2.556 0.4000000060
142765  -27.418  -58.015  -1.470 0.6000000238
33366  -28.320  -55.988  -1.336 0.6000000238
33381  -27.481  -55.769  -1.841 0.5000000000
34349  -27.342  -54.888  -2.057 0.5000000000
27715  -27.822  -61.902  3.954 0.4000000060
28640  -28.851  -60.454  3.640 0.5000000000
28623  -27.327  -60.526  4.455 0.5000000000
139152  -28.591  -59.959  4.099 0.5000000000
128977  -26.414  -60.036  4.585 0.3000000119
29547  -25.114  -59.432  4.607 0.4000000060
29567  -22.992  -58.930  4.093 0.4000000060
48700  -35.731  -38.671  2.652 0.4000000060
49589  -35.778  -37.349  2.165 0.4000000060
49579  -35.385  -37.930  2.951 0.4000000060
132880  -29.676  -36.150  11.408 0.5000000000
51374  -29.113  -35.406  11.463 0.4000000060
56730  -33.467  -29.590  1.511 0.5000000000
56748  -33.752  -28.896  1.077 0.5000000000
70817  -34.177  -13.855  -1.007 0.3000000119
71706  -34.360  -12.493  -0.835 0.3000000119
26782  -28.180  -62.228  3.180 0.4000000060
33354  -30.202  -55.644  0.841 0.6000000238
31498  -25.330  -57.415  4.329 0.5000000000
30522  -26.374  -58.349  4.703 0.5000000000
31485  -26.750  -57.510  5.146 0.6000000238
56731  -34.499  -29.657  1.114 0.5000000000
133502  -26.385  -59.246  4.589 0.4000000060
27753  -28.395  -61.125  0.488 0.4000000060
29621  -28.980  -59.838  0.243 0.5000000000
29639  -29.038  -59.029  -0.167 0.6000000238
28677  -29.675  -59.939  1.761 0.5000000000
27716  -28.449  -61.313  3.592 0.5000000000
31528  -30.555  -57.301  2.689 0.5000000000
31515  -30.496  -57.454  3.484 0.5000000000
30505  -28.909  -57.806  4.999 0.5000000000
133642  -29.847  -57.074  4.659 0.5000000000
69948  -34.184  -14.664  -0.560 0.4000000060
27702  -27.859  -61.183  4.212 0.4000000060
32471  -26.909  -56.487  -2.174 0.4000000060
34357  -26.805  -54.594  -2.630 0.4000000060
28624  -28.210  -60.550  4.157 0.4000000060
132620  -22.612  -49.670  1.473 0.4000000060
37966  -22.914  -50.124  1.687 0.3000000119
37956  -23.268  -50.650  2.254 0.4000000060
36139  -23.196  -52.296  2.394 0.4000000060
39705  -23.092  -48.424  1.087 0.4000000060
128004  -23.279  -48.930  1.662 0.4000000060
124058  -21.538  -48.044  4.411 0.4000000060
40619  -21.539  -47.132  3.257 0.4000000060
40640  -23.040  -47.445  1.224 0.4000000060
40629  -23.530  -46.995  2.076 0.4000000060
130999  -23.360  -48.753  5.717 0.3000000119
39675  -22.173  -47.618  4.639 0.3000000119
40601  -23.640  -47.368  5.734 0.4000000060
41589  -22.797  -46.329  1.904 0.4000000060
39668  -23.004  -47.941  5.285 0.4000000060
40607  -22.075  -46.722  4.236 0.5000000000
41561  -23.308  -46.487  5.315 0.4000000060
42527  -23.085  -45.671  4.930 0.4000000060
41566  -22.382  -45.974  3.780 0.5000000000
127441  -28.077  -35.097  11.396 0.3000000119
123678  -32.190  -31.821  10.287 0.3000000119
54899  -31.912  -31.205  10.411 0.3000000119
54900  -32.554  -31.134  9.943 0.3000000119
55771  -32.733  -30.394  9.485 0.3000000119
56663  -31.887  -28.665  9.618 0.3000000119
58475  -31.715  -27.254  9.122 0.3000000119
144642  -32.806  -23.698  0.850 0.4000000060
63039  -33.200  -22.553  0.683 0.4000000060
59429  -31.241  -26.613  8.601 0.3000000119
59428  -30.278  -26.768  8.389 0.3000000119
61267  -34.157  -24.307  2.068 0.4000000060
125278  -33.947  -23.229  1.519 0.3000000119
62174  -33.258  -23.328  1.082 0.4000000060
59430  -32.180  -26.641  8.675 0.3000000119
59452  -31.766  -25.858  8.297 0.3000000119
60362  -32.333  -25.243  7.832 0.3000000119
60363  -33.084  -25.380  7.760 0.3000000119
59455  -34.013  -25.960  6.981 0.3000000119
61200  -31.889  -24.509  7.489 0.3000000119
61201  -32.926  -24.554  7.485 0.3000000119
60377  -34.351  -25.675  6.414 0.3000000119
61199  -30.908  -24.480  7.175 0.3000000119
60361  -31.315  -25.225  7.613 0.3000000119
136111  -30.607  -23.864  6.624 0.3000000119
62091  -30.374  -23.329  6.258 0.3000000119
60401  -34.941  -25.623  3.975 0.3000000119
62090  -29.835  -23.825  6.162 0.3000000119
62106  -29.988  -23.140  5.858 0.3000000119
59508  -34.837  -25.362  3.261 0.3000000119
62154  -34.749  -23.259  2.573 0.3000000119
63797  -28.684  -21.176  4.026 0.3000000119
63798  -29.299  -21.371  4.589 0.3000000119
129538  -34.560  -23.937  2.495 0.3000000119
62153  -34.357  -23.582  1.922 0.3000000119
145683  -34.010  -21.318  0.929 0.3000000119
65570  -33.716  -19.933  0.165 0.3000000119
60364  -33.743  -25.229  7.143 0.3000000119
61217  -34.395  -24.820  6.423 0.3000000119
132926  -34.763  -25.368  5.663 0.3000000119
126601  -34.792  -25.925  4.878 0.3000000119
61214  -31.490  -23.811  7.036 0.3000000119
61215  -32.338  -23.884  7.299 0.3000000119
61216  -33.742  -24.294  6.901 0.3000000119
62095  -34.378  -23.948  6.348 0.3000000119
61225  -34.808  -24.461  5.625 0.3000000119
140318  -35.043  -25.036  4.760 0.3000000119
62092  -31.072  -23.228  6.537 0.3000000119
62093  -32.145  -23.156  6.877 0.3000000119
123287  -33.077  -23.663  7.147 0.3000000119
62978  -30.553  -22.656  6.062 0.3000000119
61254  -35.178  -24.624  3.771 0.3000000119
123892  -34.946  -23.829  3.178 0.3000000119
63778  -30.480  -21.868  5.641 0.3000000119
65523  -30.453  -19.306  4.763 0.3000000119
63032  -34.505  -22.718  1.872 0.3000000119
126337  -29.749  -19.717  4.409 0.3000000119
64702  -34.286  -20.316  0.917 0.3000000119
130087  -33.798  -19.059  0.279 0.3000000119
62094  -33.772  -23.582  6.684 0.3000000119
62108  -34.743  -23.542  5.602 0.3000000119
62963  -31.425  -22.565  6.431 0.3000000119
62965  -33.275  -22.878  6.678 0.3000000119
62107  -34.223  -23.135  6.292 0.3000000119
61235  -35.095  -24.059  4.741 0.3000000119
62979  -31.033  -22.074  6.086 0.3000000119
63758  -31.666  -21.900  6.343 0.3000000119
61236  -35.344  -23.539  3.975 0.3000000119
63008  -35.170  -22.272  3.410 0.3000000119
62142  -35.152  -22.987  3.331 0.3000000119
64652  -31.473  -20.663  5.799 0.3000000119
65507  -30.904  -19.983  5.405 0.3000000119
63019  -34.970  -22.441  2.714 0.3000000119
123870  -31.303  -19.142  5.410 0.3000000119
63820  -34.819  -21.793  2.168 0.3000000119
64703  -34.650  -20.994  1.663 0.3000000119
131292  -34.767  -20.123  1.678 0.3000000119
139974  -34.192  -19.510  0.693 0.3000000119
63759  -32.341  -21.772  6.451 0.3000000119
63760  -33.096  -22.048  6.473 0.3000000119
133201  -34.331  -21.794  5.741 0.3000000119
62124  -35.076  -23.073  4.788 0.3000000119
62981  -34.594  -22.637  5.617 0.3000000119
62999  -35.273  -22.612  4.052 0.3000000119
63780  -31.951  -21.238  6.271 0.3000000119
64635  -32.818  -21.277  6.426 0.3000000119
65508  -31.860  -19.838  5.830 0.3000000119
122589  -32.170  -19.044  5.812 0.3000000119
145315  -32.353  -18.541  5.741 0.3000000119
64687  -35.360  -20.651  2.983 0.3000000119
140966  -35.067  -21.078  2.422 0.3000000119
66408  -30.896  -18.553  4.993 0.3000000119
66409  -31.705  -18.224  5.466 0.3000000119
64686  -35.092  -20.368  2.306 0.3000000119
65558  -34.642  -19.365  1.392 0.3000000119
66467  -34.294  -18.799  0.854 0.3000000119
62980  -33.944  -22.330  6.260 0.3000000119
63781  -33.671  -21.544  6.252 0.3000000119
126551  -34.850  -22.011  4.833 0.3000000119
64653  -32.400  -20.529  6.254 0.3000000119
64654  -33.447  -20.630  6.292 0.3000000119
63782  -34.085  -21.114  5.954 0.3000000119
66410  -32.904  -18.813  6.034 0.3000000119
63809  -35.208  -20.921  3.717 0.3000000119
127183  -31.199  -16.927  4.744 0.3000000119
123481  -32.678  -18.128  5.719 0.3000000119
67314  -30.898  -17.717  4.715 0.3000000119
67299  -31.544  -17.404  5.207 0.3000000119
67300  -32.267  -17.435  5.493 0.3000000119
65544  -35.379  -19.811  2.910 0.3000000119
137991  -35.070  -18.773  2.077 0.3000000119
66451  -34.623  -18.445  1.468 0.3000000119
135543  -34.313  -18.132  0.998 0.3000000119
63799  -34.486  -21.141  5.316 0.3000000119
63800  -34.829  -21.088  4.495 0.3000000119
64655  -34.186  -20.463  5.811 0.3000000119
64668  -34.611  -20.406  5.078 0.3000000119
65510  -33.661  -19.209  6.052 0.3000000119
65511  -34.339  -19.657  5.603 0.3000000119
64669  -35.009  -20.306  4.353 0.3000000119
66411  -33.672  -18.371  5.756 0.3000000119
65532  -35.400  -19.201  3.605 0.3000000119
67301  -33.280  -17.514  5.613 0.3000000119
139603  -34.262  -18.911  5.664 0.3000000119
137678  -35.372  -18.986  2.806 0.3000000119
65543  -35.121  -19.569  2.188 0.3000000119
122497  -34.524  -16.209  0.960 0.3000000119
68206  -34.446  -16.891  1.238 0.3000000119
65524  -34.758  -19.768  4.887 0.3000000119
68159  -31.821  -16.757  5.290 0.3000000119
143563  -34.781  -18.950  5.107 0.3000000119
65525  -35.155  -19.493  4.359 0.3000000119
68984  -32.016  -15.960  5.371 0.3000000119
68160  -32.820  -16.603  5.518 0.3000000119
67315  -34.978  -17.899  5.122 0.3000000119
66422  -35.256  -18.571  4.432 0.3000000119
66426  -35.420  -18.228  3.490 0.3000000119
123674  -35.268  -16.923  2.914 0.3000000119
67334  -35.268  -17.619  2.796 0.3000000119
68190  -35.125  -16.328  2.558 0.3000000119
67333  -34.864  -17.075  2.108 0.3000000119
67350  -34.536  -17.658  1.439 0.3000000119
68189  -34.755  -16.242  1.721 0.3000000119
68997  -31.500  -15.432  4.893 0.3000000119
68985  -32.828  -15.644  5.523 0.3000000119
132672  -34.708  -17.152  5.292 0.3000000119
68172  -35.153  -16.971  4.967 0.3000000119
67316  -35.372  -17.614  4.436 0.3000000119
68162  -34.699  -16.281  5.276 0.3000000119
68173  -35.422  -16.724  4.352 0.3000000119
69009  -35.471  -15.515  3.696 0.3000000119
138429  -35.428  -16.361  3.502 0.3000000119
67324  -35.441  -17.250  3.612 0.3000000119
124563  -35.324  -15.765  2.964 0.3000000119
123708  -35.103  -15.615  2.193 0.3000000119
69065  -34.152  -15.351  -0.226 0.3000000119
69049  -34.299  -15.766  0.394 0.3000000119
69870  -32.166  -15.137  5.349 0.3000000119
123485  -33.716  -16.020  5.512 0.3000000119
68986  -34.280  -15.403  5.405 0.3000000119
68987  -34.971  -15.424  5.077 0.3000000119
68998  -35.228  -16.121  4.798 0.3000000119
139186  -35.454  -16.002  4.249 0.3000000119
69031  -34.814  -15.343  1.205 0.3000000119
69928  -34.534  -14.870  0.301 0.3000000119
124411  -33.504  -15.318  5.524 0.3000000119
34358  -27.298  -53.840  -2.616 0.4000000060
41604  -22.977  -46.743  1.474 0.4000000060
39687  -23.895  -47.724  2.767 0.4000000060
41577  -21.926  -46.642  3.519 0.4000000060
43423  -22.840  -44.383  3.783 0.4000000060
41560  -22.657  -46.231  4.599 0.4000000060
56650  -32.266  -29.624  9.694 0.3000000119
62164  -33.713  -23.880  1.553 0.4000000060
62977  -29.778  -22.500  5.422 0.3000000119
63777  -29.820  -21.588  5.183 0.3000000119
39667  -22.386  -48.648  4.994 0.4000000060
38770  -21.300  -48.816  4.507 0.4000000060
39685  -20.989  -47.856  3.390 0.4000000060
40626  -21.707  -47.401  2.397 0.4000000060
40592  -24.139  -47.954  6.323 0.3000000119
40600  -22.804  -47.060  4.934 0.4000000060
62964  -32.297  -22.385  6.585 0.3000000119
65522  -29.746  -19.024  4.159 0.3000000119
63821  -35.236  -21.573  3.018 0.3000000119
132981  -35.104  -21.747  3.906 0.3000000119
64675  -35.351  -20.076  3.641 0.3000000119
65509  -32.893  -19.682  6.263 0.3000000119
122216  -33.743  -19.914  6.140 0.3000000119
143521  -34.464  -18.377  5.449 0.3000000119
66437  -34.901  -17.969  2.097 0.3000000119
68161  -33.963  -16.879  5.495 0.3000000119
67302  -34.252  -17.704  5.494 0.3000000119
68988  -35.105  -14.761  4.913 0.3000000119
37913  -22.383  -50.469  5.267 0.4000000060
137509  -36.101  -39.936  2.480 0.4000000060
30585  -19.327  -58.421  0.066 0.3000000119
30546  -19.918  -58.384  0.900 0.3000000119
30601  -19.250  -57.840  -0.240 0.3000000119
30548  -21.407  -58.279  2.320 0.3000000119
41553  -24.029  -46.682  5.930 0.3000000119
42519  -23.847  -45.910  5.692 0.3000000119
42520  -24.492  -45.270  6.301 0.3000000119
39695  -20.456  -48.558  3.107 0.3000000119
39673  -20.347  -48.720  4.148 0.3000000119
39696  -21.321  -48.200  2.349 0.3000000119
142621  -21.333  -47.287  3.981 0.3000000119
38803  -22.697  -48.979  1.237 0.3000000119
139616  -21.889  -48.798  1.690 0.3000000119
146013  -20.729  -49.091  4.413 0.3000000119
38781  -20.314  -48.598  3.767 0.3000000119
46084  -36.296  -41.247  1.874 0.3000000119
26791  -28.199  -62.393  2.389 0.4000000060
27728  -29.163  -61.040  2.063 0.5000000000
28658  -29.115  -60.912  2.958 0.5000000000
28693  -29.410  -60.115  0.978 0.5000000000
29550  -29.795  -58.583  3.949 0.5000000000
29565  -20.915  -59.470  3.400 0.4000000060
29586  -30.196  -58.958  2.575 0.5000000000
29604  -30.008  -59.277  1.820 0.5000000000
29635  -18.007  -58.579  -0.447 0.4000000060
30536  -21.940  -58.690  3.023 0.4000000060
30539  -24.294  -58.164  3.845 0.4000000060
30547  -20.595  -58.458  1.779 0.3000000119
30586  -20.007  -57.671  0.046 0.3000000119
30588  -30.211  -58.043  0.947 0.5000000000
30604  -28.689  -58.320  -0.566 0.6000000238
31487  -28.444  -57.303  5.373 0.5000000000
31488  -29.222  -57.200  5.065 0.5000000000
31501  -30.327  -57.291  4.136 0.5000000000
31544  -22.034  -56.724  1.317 0.5000000000
31558  -20.992  -56.598  0.088 0.4000000060
31568  -27.951  -57.460  -1.341 0.6000000238
31570  -29.141  -57.735  -0.444 0.6000000238
32382  -27.075  -56.691  5.437 0.5000000000
32472  -27.737  -56.652  -1.562 0.5000000000
33289  -27.626  -54.884  5.849 0.6000000238
33299  -30.024  -55.260  5.377 0.6999999881
33307  -24.755  -55.407  4.142 0.6000000238
33311  -30.604  -55.688  4.741 0.6000000238
33319  -31.296  -55.232  3.688 0.5000000000
33342  -30.562  -55.571  1.505 0.6000000238
33367  -29.083  -56.081  -0.722 0.6000000238
33380  -26.543  -55.456  -2.502 0.4000000060
34261  -27.977  -54.233  6.210 0.6000000238
34262  -28.445  -54.778  6.148 0.6000000238
34284  -26.405  -54.504  5.198 0.6000000238
34327  -29.621  -54.681  0.139 0.6000000238
34328  -30.197  -54.209  0.635 0.6999999881
35233  -24.289  -53.057  3.566 0.5000000000
35243  -22.760  -53.093  2.076 0.4000000060
35257  -31.596  -53.349  2.475 0.6000000238
35281  -28.644  -53.400  -0.723 0.6000000238
35282  -29.447  -53.383  -0.169 0.6999999881
35288  -27.610  -53.279  -1.952 0.6000000238
36129  -32.210  -52.446  3.466 0.8000000119
36138  -22.568  -52.390  1.748 0.3000000119
36154  -30.988  -52.653  1.214 0.6999999881
36206  -27.782  -52.109  -2.627 0.6999999881
37012  -31.815  -51.300  5.338 0.8000000119
37041  -24.191  -51.230  3.300 0.5000000000
37061  -23.251  -51.392  2.328 0.5000000000
37089  -29.883  -51.009  0.223 0.6999999881
37095  -27.681  -50.897  -1.424 0.6999999881
37901  -29.420  -50.526  6.796 0.6000000238
37912  -21.270  -49.750  4.657 0.3000000119
37914  -26.770  -50.608  5.412 0.6000000238
37945  -23.693  -50.475  2.802 0.4000000060
37968  -31.621  -50.883  2.065 0.6999999881
37973  -27.992  -49.694  -0.773 0.6999999881
37974  -28.759  -49.831  -0.440 0.6999999881
38020  -27.955  -50.818  -2.879 0.6999999881
38021  -28.974  -50.842  -3.122 0.6000000238
38023  -31.090  -50.861  -4.161 0.5000000000
38758  -27.153  -49.250  5.725 0.5000000000
38759  -31.903  -49.937  5.602 0.8000000119
38804  -23.035  -49.272  1.250 0.4000000060
38805  -30.998  -49.068  1.308 0.6999999881
38848  -27.521  -49.555  -1.704 0.6999999881
38856  -27.648  -49.777  -2.270 0.6999999881
38857  -29.134  -49.480  -2.547 0.6999999881
38859  -32.141  -49.486  -2.808 0.5000000000
38868  -27.833  -50.114  -2.566 0.6999999881
39652  -31.112  -48.237  7.208 0.6999999881
39657  -24.069  -48.632  6.414 0.3000000119
39663  -32.238  -48.546  5.906 0.6999999881
39674  -20.790  -48.093  4.038 0.3000000119
39676  -25.135  -48.435  4.430 0.5000000000
39678  -32.502  -48.289  4.414 0.8000000119
39697  -22.467  -48.044  1.489 0.3000000119
39698  -23.357  -47.845  1.636 0.4000000060
39700  -32.298  -48.544  3.129 0.6999999881
39720  -30.270  -48.018  0.609 0.6999999881
39748  -27.864  -47.290  -1.854 0.6999999881
39770  -31.259  -48.820  -3.381 0.6999999881
39771  -31.742  -49.093  -3.267 0.6000000238
40588  -30.606  -47.557  7.698 0.6000000238
40610  -25.739  -47.118  4.790 0.6000000238
40611  -32.530  -47.464  4.502 0.8000000119
40627  -22.570  -46.994  1.632 0.4000000060
40628  -23.153  -47.012  1.484 0.4000000060
40668  -28.174  -47.406  -1.172 0.6999999881
40691  -31.802  -47.296  -2.670 0.6999999881
41535  -30.500  -46.271  8.380 0.8000000119
41549  -32.194  -46.163  7.249 0.8000000119
41555  -27.531  -46.949  6.445 0.6000000238
41579  -24.142  -46.059  3.137 0.6000000238
41588  -22.116  -46.695  2.546 0.4000000060
41590  -23.137  -46.379  1.891 0.4000000060
41605  -30.755  -46.512  0.989 0.8000000119
41606  -31.273  -46.832  1.734 0.6999999881
41619  -30.213  -46.475  0.495 0.6999999881
41631  -28.526  -46.503  -1.137 0.6999999881
41650  -31.982  -46.274  -2.787 0.6999999881
42526  -22.656  -45.561  4.273 0.4000000060
42528  -26.582  -45.684  5.596 0.6000000238
42529  -27.023  -45.659  6.105 0.6999999881
42535  -25.251  -45.728  4.455 0.6000000238
42572  -35.512  -45.114  1.356 0.4000000060
42606  -28.619  -45.241  -1.104 0.6999999881
42616  -29.106  -45.565  -1.566 0.6999999881
42618  -30.963  -45.364  -2.500 0.6999999881
43412  -32.947  -44.644  6.547 0.8000000119
43424  -22.666  -43.940  4.209 0.5000000000
43426  -25.244  -44.292  4.519 0.5000000000
43448  -31.399  -44.539  2.271 0.8000000119
43468  -28.559  -44.285  -0.902 0.8000000119
43487  -28.535  -44.468  -1.023 0.6999999881
43489  -32.939  -44.920  -1.557 0.6999999881
43503  -32.103  -45.111  -2.797 0.6999999881
44189  -30.664  -42.984  9.254 0.6999999881
44204  -28.686  -43.301  8.685 0.6999999881
44235  -24.324  -43.344  4.032 0.5000000000
44247  -22.615  -43.138  3.775 0.4000000060
44266  -30.751  -43.451  1.249 0.8999999762
44267  -34.153  -43.634  0.880 0.5000000000
44290  -33.314  -43.864  -0.804 0.6999999881
44296  -28.642  -44.169  -1.145 0.6999999881
44299  -31.899  -43.340  -2.129 0.8000000119
44310  -29.574  -44.331  -1.602 0.6999999881
45087  -22.655  -42.528  3.692 0.4000000060
45111  -35.340  -42.526  1.964 0.5000000000
45112  -35.974  -42.475  1.779 0.4000000060
45129  -29.070  -42.261  -0.546 0.8000000119
46018  -33.405  -41.454  7.052 0.6999999881
46024  -33.175  -41.337  5.917 0.6999999881
46043  -24.775  -42.251  4.543 0.4000000060
46072  -34.598  -41.663  2.250 0.5000000000
46108  -29.379  -41.435  -0.820 0.8000000119
46109  -30.468  -41.119  -1.341 0.8000000119
46907  -35.058  -40.405  2.748 0.5000000000
46908  -35.719  -40.454  2.553 0.5000000000
46909  -36.196  -40.547  2.177 0.3000000119
46916  -32.625  -39.804  1.377 0.6999999881
46924  -28.336  -40.502  0.071 1.0000000000
46927  -32.251  -40.967  0.029 0.8000000119
47751  -33.345  -39.427  7.731 0.6999999881
47803  -29.014  -39.046  1.717 0.8000000119
47805  -34.837  -39.008  3.186 0.6000000238
47807  -36.155  -39.250  2.340 0.4000000060
47835  -30.822  -39.320  -0.744 0.8000000119
48598  -28.282  -38.648  10.631 0.5000000000
48689  -34.781  -38.256  3.306 0.5000000000
48705  -28.315  -38.401  1.004 0.8000000119
49544  -32.122  -37.706  5.794 0.6999999881
49567  -33.805  -37.131  3.410 0.6999999881
49580  -35.879  -38.064  2.331 0.4000000060
49588  -32.257  -37.936  2.306 0.6999999881
50509  -28.471  -36.302  2.114 0.8000000119
50511  -31.453  -36.202  2.407 0.8000000119
50531  -28.013  -36.914  0.932 0.8000000119
50544  -29.350  -36.766  -0.005 0.8999999762
51400  -33.131  -35.179  8.949 0.6999999881
51433  -30.569  -35.383  5.195 0.8000000119
51452  -28.982  -35.315  3.373 0.8000000119
51453  -32.817  -35.149  3.261 0.6999999881
52348  -31.144  -34.256  5.824 0.6999999881
52355  -29.684  -34.492  4.341 0.8000000119
52377  -27.431  -34.522  1.447 0.8000000119
52380  -33.869  -33.990  3.016 0.6999999881
52392  -30.714  -34.046  1.817 0.8000000119
52394  -35.409  -34.290  1.453 0.6000000238
52402  -27.448  -34.551  0.762 0.8000000119
53253  -28.362  -33.692  2.822 0.8000000119
53276  -34.874  -33.048  2.127 0.6000000238
53277  -35.306  -33.564  1.514 0.6000000238
54114  -27.487  -32.667  1.238 0.8000000119
54976  -33.138  -31.803  2.516 0.6000000238
54986  -27.805  -31.421  0.653 0.8000000119
54989  -32.828  -31.051  2.241 0.6000000238
54990  -33.814  -30.827  2.166 0.6000000238
55001  -31.024  -30.903  0.981 0.8000000119
55756  -30.213  -30.769  10.638 0.3000000119
55836  -28.149  -31.087  1.068 0.8000000119
55865  -27.844  -30.928  0.336 0.8000000119
55866  -28.069  -30.397  0.069 0.8000000119
56778  -28.843  -28.906  -1.365 0.6999999881
57652  -32.929  -28.410  0.731 0.5000000000
58535  -32.704  -27.835  3.071 0.6000000238
58566  -29.321  -27.257  0.011 0.6999999881
59556  -28.428  -26.049  -1.024 0.6999999881
59562  -28.534  -26.286  -1.160 0.6999999881
59571  -28.887  -26.181  -1.558 0.6000000238
60469  -31.228  -24.729  -1.724 0.6000000238
61299  -28.814  -24.238  -1.386 0.5000000000
62208  -30.082  -23.022  -2.062 0.5000000000
62209  -30.383  -22.779  -2.196 0.5000000000
63072  -30.463  -22.277  -2.405 0.5000000000
64737  -30.707  -20.910  -2.462 0.5000000000
65579  -31.551  -19.734  -1.705 0.5000000000
66438  -35.267  -18.312  2.645 0.3000000119
68171  -31.356  -16.218  4.846 0.3000000119
68999  -35.345  -15.266  4.508 0.3000000119
121850  -30.375  -50.127  -3.628 0.6999999881
122662  -33.363  -42.097  0.863 0.5000000000
122766  -32.508  -49.832  3.834 0.8000000119
122998  -33.022  -24.071  1.211 0.4000000060
123797  -30.470  -57.916  3.188 0.5000000000
124418  -31.006  -50.099  -3.872 0.6000000238
124456  -30.154  -51.523  6.478 0.6000000238
124646  -34.040  -39.312  2.907 0.6000000238
124997  -32.356  -52.036  4.027 0.8000000119
125077  -30.420  -47.433  -2.555 0.6999999881
125374  -24.204  -44.704  3.580 0.5000000000
126080  -31.809  -42.568  3.478 0.8000000119
126366  -32.890  -43.230  4.788 0.8000000119
126538  -24.592  -46.760  3.870 0.5000000000
127369  -30.859  -55.620  2.227 0.5000000000
127647  -26.456  -51.997  5.244 0.6000000238
127820  -33.503  -15.913  -1.230 0.4000000060
127962  -27.364  -50.879  -1.900 0.6999999881
128386  -27.934  -48.105  -1.914 0.6999999881
129452  -30.159  -32.782  0.597 0.8000000119
130283  -26.059  -53.941  4.945 0.6000000238
131038  -25.330  -51.801  4.337 0.5000000000
131205  -32.049  -40.738  4.741 0.8000000119
133163  -28.631  -51.819  6.441 0.6000000238
133180  -29.747  -31.748  3.571 0.8000000119
133456  -25.498  -58.099  4.400 0.5000000000
133674  -34.616  -35.103  2.707 0.6000000238
134743  -27.186  -44.498  6.441 0.6000000238
134872  -23.745  -51.788  2.880 0.5000000000
135037  -35.763  -43.118  1.707 0.4000000060
135039  -35.255  -37.106  2.789 0.4000000060
135087  -30.822  -54.243  5.290 0.6999999881
135286  -27.032  -59.694  4.559 0.3000000119
135838  -25.152  -56.093  4.319 0.6000000238
136041  -29.345  -46.738  8.028 0.8000000119
136243  -30.012  -55.016  0.590 0.6000000238
136399  -36.451  -39.022  1.678 0.3000000119
136435  -29.752  -32.041  11.065 0.3000000119
136599  -23.535  -54.205  2.847 0.5000000000
137761  -28.435  -39.024  0.735 0.8000000119
138174  -31.576  -54.145  4.268 0.6000000238
138368  -30.702  -51.993  6.117 0.6999999881
138889  -30.512  -56.805  1.826 0.6000000238
139307  -24.426  -59.258  4.527 0.4000000060
139366  -32.430  -43.508  -1.894 0.6999999881
139753  -29.716  -59.508  1.235 0.5000000000
139953  -29.794  -46.792  0.277 0.6999999881
140154  -31.251  -52.379  5.620 0.6999999881
140249  -31.187  -52.168  1.418 0.6999999881
140412  -27.678  -52.445  -1.873 0.6000000238
140932  -31.376  -27.183  1.480 0.6000000238
141338  -33.267  -39.083  2.540 0.6999999881
141682  -28.891  -60.478  0.541 0.5000000000
142481  -29.654  -51.133  6.644 0.6000000238
142908  -29.102  -45.307  8.361 0.8000000119
142910  -23.361  -45.510  3.060 0.6000000238
143044  -25.805  -59.567  4.601 0.4000000060
143067  -30.551  -42.458  -1.632 0.8000000119
143359  -20.437  -57.877  0.932 0.5000000000
143823  -27.390  -49.990  -2.059 0.6999999881
143835  -30.112  -34.587  4.806 0.6999999881
143980  -32.026  -40.691  -0.562 0.8000000119
144107  -22.624  -54.418  1.789 0.3000000119
144188  -20.936  -58.714  2.406 0.3000000119
144928  -32.836  -34.262  9.551 0.6999999881
145062  -30.122  -31.879  4.072 0.8000000119
145485  -23.636  -48.129  5.879 0.3000000119
145579  -28.330  -40.042  0.099 0.8999999762
145599  -28.243  -47.899  -0.659 0.6999999881
145606  -31.066  -46.248  1.515 0.8000000119
146193  -27.630  -51.942  -1.867 0.6999999881
146410  -28.774  -24.790  -1.981 0.6000000238
146546  -29.385  -30.331  -0.671 0.8000000119
146760  -29.055  -37.182  2.650 0.8000000119
