#!ascii label  , from subject sub-v1s8x0051339_ses-1 vox2ras=TkReg
1010
22049  -40.469  -67.832  -12.337 0.5000000000
22047  -38.722  -67.637  -12.496 0.8000000119
23927  -37.719  -65.890  -10.328 0.8000000119
143242  -37.723  -66.537  -11.760 0.8000000119
22989  -39.446  -66.755  -11.998 0.8000000119
125037  -39.916  -69.245  -12.037 0.5000000000
22048  -39.607  -67.760  -12.406 0.5000000000
22990  -40.308  -66.976  -12.136 0.6000000238
23898  -37.810  -65.507  -8.360 0.6999999881
130948  -39.402  -65.833  -9.489 0.6999999881
22976  -40.182  -66.368  -11.093 0.8000000119
22977  -40.988  -66.397  -11.574 0.6999999881
21150  -41.268  -69.363  -11.115 0.6000000238
21161  -40.630  -68.662  -12.127 0.5000000000
129997  -42.032  -67.248  -12.264 0.6000000238
24911  -36.912  -64.544  -6.915 0.6999999881
22991  -41.156  -67.125  -12.202 0.6000000238
22992  -42.628  -66.505  -12.171 0.6000000238
24922  -38.284  -64.445  -7.648 0.6999999881
23889  -37.034  -65.504  -7.836 0.6999999881
132624  -41.770  -66.388  -12.041 0.6000000238
23940  -43.152  -65.785  -12.252 0.6000000238
23929  -40.090  -65.922  -10.008 0.8000000119
23931  -41.610  -65.609  -11.074 0.8000000119
23939  -42.318  -65.668  -11.898 0.6999999881
22041  -43.247  -68.094  -11.233 0.4000000060
124228  -43.041  -67.371  -11.974 0.6000000238
25938  -37.318  -63.691  -6.896 0.6999999881
23941  -44.267  -65.897  -12.273 0.6000000238
25948  -37.976  -63.619  -7.369 0.6999999881
24929  -38.930  -64.345  -7.940 0.6999999881
23900  -39.502  -65.398  -8.766 0.6999999881
24931  -40.338  -64.847  -8.939 0.6999999881
23913  -40.585  -65.383  -9.679 0.6000000238
24958  -42.188  -64.834  -11.355 0.6999999881
26899  -43.406  -62.538  -11.944 0.5000000000
25968  -40.666  -63.725  -9.419 0.6000000238
25971  -41.248  -63.587  -10.153 0.6000000238
25972  -41.801  -63.403  -10.797 0.6000000238
26898  -42.569  -62.498  -11.565 0.6000000238
26897  -41.961  -62.520  -11.082 0.6000000238
27836  -42.194  -61.738  -11.301 0.5000000000
22042  -44.371  -67.989  -10.550 0.4000000060
22052  -44.327  -67.299  -11.292 0.5000000000
133512  -36.625  -61.955  -6.590 0.6999999881
126426  -44.750  -66.572  -11.723 0.6000000238
23942  -45.672  -65.910  -11.696 0.6000000238
25949  -38.651  -63.593  -7.764 0.6999999881
130754  -43.695  -65.059  -12.415 0.6000000238
25959  -39.283  -63.627  -8.246 0.6999999881
25980  -44.732  -63.598  -12.266 0.5000000000
26901  -44.776  -62.590  -12.246 0.6000000238
26888  -40.198  -62.729  -9.376 0.6999999881
26889  -40.793  -62.682  -9.991 0.6000000238
27837  -42.943  -61.702  -11.715 0.5000000000
127958  -43.977  -61.715  -12.008 0.5000000000
27833  -41.575  -61.774  -10.850 0.5000000000
27804  -34.414  -61.302  -4.584 0.6000000238
28773  -34.936  -60.226  -5.964 0.6000000238
22043  -45.140  -67.992  -9.975 0.5000000000
22979  -46.486  -66.926  -10.356 0.5000000000
27809  -35.452  -61.536  -5.702 0.6999999881
26869  -35.489  -62.384  -5.544 0.6999999881
22994  -45.825  -66.876  -11.171 0.5000000000
24956  -46.995  -64.650  -11.271 0.4000000060
26877  -37.287  -62.027  -7.039 0.6999999881
24963  -46.661  -64.541  -11.586 0.5000000000
27818  -37.905  -61.969  -7.527 0.6999999881
27823  -39.164  -61.852  -8.684 0.6999999881
24966  -46.276  -64.011  -12.088 0.5000000000
27827  -39.746  -61.859  -9.327 0.6999999881
27828  -40.359  -61.840  -9.868 0.6000000238
27832  -40.943  -61.816  -10.405 0.6000000238
26902  -44.943  -61.661  -12.354 0.5000000000
27831  -40.473  -61.095  -10.306 0.5000000000
28793  -41.357  -60.460  -10.891 0.5000000000
28796  -42.060  -60.212  -11.171 0.5000000000
133087  -43.535  -60.800  -11.812 0.5000000000
28797  -42.834  -60.304  -11.545 0.5000000000
29743  -44.601  -59.108  -12.368 0.3000000119
24944  -45.822  -64.847  -9.786 0.3000000119
28765  -33.784  -60.777  -4.196 0.6000000238
145941  -34.267  -60.695  -4.611 0.6000000238
23915  -46.978  -66.098  -10.580 0.4000000060
24945  -46.809  -65.219  -10.433 0.4000000060
121859  -35.907  -60.224  -7.197 0.6000000238
25975  -46.745  -64.049  -11.317 0.5000000000
27816  -36.936  -61.269  -7.164 0.6999999881
27821  -38.014  -61.088  -8.000 0.6999999881
25982  -46.536  -63.135  -12.113 0.5000000000
27826  -39.223  -61.094  -9.288 0.5000000000
27842  -46.301  -61.569  -12.350 0.5000000000
124319  -39.871  -61.107  -9.816 0.5000000000
29745  -46.054  -59.798  -12.399 0.4000000060
27840  -44.681  -60.963  -12.351 0.3000000119
29744  -45.684  -58.876  -12.415 0.4000000060
29739  -42.752  -59.631  -11.490 0.5000000000
29740  -43.514  -59.155  -11.771 0.4000000060
29702  -33.448  -59.872  -4.380 0.6000000238
29714  -34.350  -59.777  -5.564 0.6000000238
29717  -34.571  -59.433  -6.490 0.6000000238
29718  -35.239  -59.837  -6.849 0.6000000238
29722  -35.555  -59.444  -7.685 0.6000000238
26895  -46.273  -62.799  -11.326 0.3000000119
26900  -46.660  -62.326  -11.943 0.4000000060
28778  -36.608  -60.493  -7.499 0.6000000238
126926  -46.105  -61.880  -11.521 0.3000000119
28783  -37.599  -60.383  -8.440 0.6000000238
27822  -38.603  -61.123  -8.672 0.6999999881
28795  -46.161  -59.958  -11.730 0.3000000119
27838  -46.564  -61.355  -11.990 0.3000000119
28784  -38.145  -60.585  -8.667 0.6000000238
30719  -45.891  -58.332  -11.710 0.3000000119
29741  -46.328  -59.780  -12.088 0.3000000119
29731  -38.887  -59.604  -9.735 0.5000000000
28787  -38.559  -60.350  -9.249 0.5000000000
29733  -39.799  -59.745  -10.288 0.5000000000
31668  -45.647  -57.267  -12.074 0.3000000119
30725  -46.140  -58.945  -12.136 0.3000000119
29734  -40.508  -59.530  -10.617 0.5000000000
129249  -41.236  -59.691  -10.902 0.5000000000
30724  -45.168  -58.079  -12.448 0.3000000119
30714  -40.088  -58.955  -10.497 0.5000000000
31666  -43.675  -57.410  -11.672 0.4000000060
31667  -44.760  -57.370  -12.261 0.3000000119
133480  -33.372  -58.803  -5.528 0.5000000000
29716  -33.948  -58.915  -6.061 0.6000000238
140518  -34.259  -58.762  -6.901 0.5000000000
28777  -36.236  -59.758  -7.972 0.6000000238
29725  -35.818  -59.107  -8.499 0.5000000000
31661  -44.865  -57.462  -10.592 0.3000000119
131258  -37.300  -59.750  -8.921 0.6000000238
32546  -45.014  -56.030  -10.470 0.3000000119
31662  -45.371  -57.108  -11.030 0.3000000119
29730  -37.994  -59.554  -9.298 0.6000000238
30712  -39.323  -58.871  -10.064 0.5000000000
31659  -40.549  -57.646  -10.488 0.5000000000
30721  -42.759  -58.029  -11.439 0.4000000060
32548  -42.471  -56.334  -11.064 0.4000000060
30697  -33.340  -58.214  -6.092 0.5000000000
30698  -33.864  -58.132  -6.770 0.5000000000
31642  -34.637  -57.331  -7.946 0.5000000000
29721  -34.853  -58.976  -7.408 0.5000000000
31645  -35.335  -57.468  -8.414 0.5000000000
32541  -43.504  -56.103  -9.247 0.3000000119
32545  -44.148  -56.574  -9.779 0.3000000119
132710  -36.752  -58.119  -9.253 0.6000000238
30708  -37.159  -58.895  -9.303 0.6000000238
30711  -38.305  -58.694  -9.598 0.5000000000
31658  -39.836  -58.197  -10.321 0.5000000000
133353  -44.459  -56.834  -11.905 0.4000000060
138704  -43.008  -55.413  -10.891 0.4000000060
31635  -34.055  -57.350  -7.294 0.5000000000
32528  -35.069  -56.497  -8.188 0.5000000000
33455  -42.857  -55.788  -8.566 0.4000000060
132210  -43.072  -55.092  -8.349 0.4000000060
31646  -36.130  -57.654  -8.887 0.5000000000
31647  -37.028  -57.369  -9.086 0.5000000000
34432  -43.587  -54.381  -8.654 0.4000000060
34433  -44.718  -54.162  -9.787 0.3000000119
32535  -36.556  -56.818  -8.590 0.4000000060
33459  -45.140  -54.720  -10.473 0.3000000119
31648  -37.956  -57.229  -9.097 0.5000000000
31652  -38.344  -57.801  -9.451 0.4000000060
31653  -39.088  -58.000  -9.796 0.4000000060
33462  -41.746  -55.639  -10.636 0.4000000060
33435  -34.418  -55.472  -7.142 0.5000000000
33443  -34.639  -55.818  -7.637 0.5000000000
33444  -35.426  -55.698  -7.720 0.5000000000
34416  -42.370  -54.109  -7.066 0.4000000060
32534  -35.781  -56.926  -8.511 0.5000000000
33445  -36.434  -55.613  -7.523 0.4000000060
35365  -43.125  -53.824  -7.900 0.4000000060
35360  -43.399  -53.010  -8.053 0.4000000060
32530  -36.992  -56.144  -8.007 0.4000000060
32536  -37.556  -56.591  -8.598 0.4000000060
127637  -44.243  -52.738  -8.770 0.4000000060
32537  -38.393  -56.493  -8.821 0.4000000060
32538  -39.070  -56.219  -9.034 0.4000000060
125143  -39.860  -56.339  -9.538 0.4000000060
32543  -40.515  -56.802  -10.232 0.4000000060
33461  -40.756  -55.817  -10.089 0.4000000060
131518  -42.201  -53.985  -10.255 0.4000000060
35372  -43.366  -53.970  -10.724 0.4000000060
34439  -42.326  -54.735  -10.511 0.4000000060
33427  -34.600  -55.091  -6.518 0.5000000000
34412  -35.434  -54.773  -6.525 0.4000000060
35353  -42.097  -53.607  -6.330 0.4000000060
35359  -42.682  -53.290  -7.101 0.4000000060
33436  -35.891  -55.127  -7.039 0.5000000000
34420  -36.796  -54.933  -6.971 0.4000000060
33446  -37.860  -55.927  -8.090 0.4000000060
36256  -43.709  -52.254  -8.273 0.4000000060
33453  -38.697  -55.723  -8.407 0.4000000060
33454  -39.492  -55.569  -9.022 0.4000000060
34441  -44.785  -53.847  -11.270 0.3000000119
33458  -41.275  -55.065  -10.242 0.4000000060
34405  -35.827  -54.318  -5.952 0.4000000060
35343  -36.447  -53.817  -5.799 0.5000000000
35349  -36.967  -53.939  -6.195 0.4000000060
37150  -42.610  -51.570  -6.777 0.4000000060
35350  -37.598  -53.742  -6.566 0.4000000060
34421  -37.563  -54.515  -7.032 0.4000000060
35356  -38.213  -53.961  -7.153 0.4000000060
34422  -38.212  -54.736  -7.490 0.4000000060
34429  -38.768  -55.012  -7.881 0.4000000060
132074  -39.591  -53.949  -8.246 0.4000000060
34435  -39.936  -54.966  -9.123 0.4000000060
34436  -40.603  -54.855  -9.641 0.4000000060
36267  -44.173  -52.594  -11.023 0.4000000060
35369  -41.511  -53.522  -9.825 0.4000000060
35370  -42.887  -53.249  -10.380 0.4000000060
35335  -36.479  -53.107  -5.282 0.4000000060
35344  -37.190  -53.230  -5.898 0.4000000060
36248  -37.596  -52.395  -6.043 0.4000000060
36249  -38.199  -52.323  -6.679 0.4000000060
35357  -38.661  -53.428  -7.372 0.4000000060
35358  -39.317  -53.189  -7.791 0.4000000060
36259  -39.845  -52.601  -8.119 0.4000000060
35364  -40.672  -53.390  -9.171 0.4000000060
36260  -40.515  -52.511  -8.677 0.4000000060
36263  -41.213  -52.710  -9.446 0.4000000060
37164  -41.936  -52.121  -9.748 0.4000000060
36241  -37.073  -52.453  -5.430 0.4000000060
37142  -37.432  -51.598  -5.678 0.4000000060
37148  -37.851  -51.715  -6.323 0.4000000060
37149  -38.324  -51.432  -6.821 0.4000000060
36254  -38.685  -52.680  -7.302 0.4000000060
37154  -38.795  -51.272  -7.443 0.4000000060
133379  -39.264  -52.102  -7.664 0.4000000060
37155  -39.509  -51.189  -7.829 0.4000000060
38049  -40.226  -51.075  -8.361 0.4000000060
36265  -42.949  -52.340  -10.368 0.3000000119
144330  -41.753  -51.457  -9.584 0.4000000060
37165  -42.910  -51.389  -10.295 0.4000000060
38033  -37.225  -50.720  -4.586 0.4000000060
38038  -37.446  -50.564  -5.554 0.4000000060
122274  -37.418  -50.012  -4.878 0.4000000060
129250  -37.806  -50.928  -6.363 0.4000000060
38887  -37.766  -49.912  -6.466 0.4000000060
38046  -38.986  -50.587  -7.642 0.4000000060
38047  -39.717  -50.296  -7.979 0.4000000060
37170  -45.051  -50.912  -10.819 0.4000000060
37166  -44.325  -50.978  -10.906 0.3000000119
38050  -40.599  -50.343  -8.618 0.4000000060
37160  -42.160  -50.741  -9.670 0.5000000000
38054  -43.610  -50.384  -10.415 0.4000000060
38051  -41.448  -50.338  -9.145 0.5000000000
38878  -37.499  -49.111  -4.626 0.4000000060
138295  -37.633  -48.246  -5.215 0.4000000060
38884  -37.505  -49.581  -5.621 0.4000000060
40713  -37.925  -47.940  -5.947 0.4000000060
128453  -37.679  -49.171  -6.293 0.4000000060
38901  -40.264  -49.619  -8.298 0.4000000060
38906  -42.636  -49.766  -9.549 0.5000000000
40700  -37.553  -47.678  -3.443 0.4000000060
41667  -37.688  -47.158  -4.453 0.4000000060
40707  -37.747  -47.478  -5.222 0.4000000060
130791  -41.253  -49.686  -8.811 0.4000000060
38903  -42.123  -48.955  -8.955 0.5000000000
134059  -37.657  -47.091  -2.929 0.4000000060
41659  -37.798  -46.808  -3.663 0.4000000060
41668  -38.043  -46.419  -4.502 0.4000000060
39801  -41.645  -48.209  -8.581 0.5000000000
44303  -38.419  -43.482  -2.140 0.4000000060
41652  -37.886  -46.411  -2.825 0.4000000060
42622  -38.410  -45.103  -2.740 0.4000000060
41660  -38.208  -46.081  -3.694 0.4000000060
43511  -38.546  -44.424  -3.400 0.4000000060
43518  -38.632  -44.128  -4.388 0.5000000000
42610  -38.273  -44.990  -1.908 0.4000000060
30715  -40.798  -58.980  -10.766 0.5000000000
31660  -41.282  -57.410  -10.761 0.5000000000
32551  -43.564  -56.623  -11.531 0.4000000060
21160  -39.112  -69.299  -12.359 0.5000000000
22973  -37.116  -66.118  -11.143 0.8000000119
123577  -37.138  -65.819  -10.157 0.8000000119
23897  -36.977  -65.627  -8.560 0.6999999881
20207  -40.583  -69.635  -10.794 0.5000000000
23888  -36.119  -65.700  -7.935 0.6999999881
20208  -41.491  -69.534  -10.384 0.5000000000
24910  -36.180  -64.656  -6.608 0.6999999881
128199  -43.662  -68.459  -10.428 0.4000000060
122973  -41.997  -69.138  -10.927 0.4000000060
25937  -36.592  -63.797  -6.451 0.6999999881
27808  -34.981  -61.798  -5.061 0.6999999881
21152  -44.462  -68.489  -9.846 0.4000000060
21138  -45.309  -68.227  -9.328 0.4000000060
27803  -33.750  -61.764  -4.026 0.6000000238
23914  -46.475  -65.864  -9.739 0.4000000060
29701  -32.591  -59.620  -3.999 0.6000000238
143785  -32.627  -58.537  -4.984 0.5000000000
30688  -32.885  -58.374  -5.431 0.5000000000
31634  -33.386  -57.335  -6.628 0.5000000000
130199  -34.043  -55.519  -6.746 0.4000000060
34404  -35.185  -54.591  -5.812 0.4000000060
36234  -35.862  -53.031  -4.497 0.4000000060
35342  -35.763  -53.878  -5.257 0.4000000060
36225  -36.133  -52.187  -4.174 0.4000000060
37136  -36.727  -51.534  -4.402 0.4000000060
38027  -37.292  -50.071  -4.062 0.4000000060
39772  -37.429  -48.671  -3.577 0.4000000060
123487  -37.600  -46.939  -2.305 0.4000000060
43491  -38.243  -44.234  -1.623 0.4000000060
22988  -38.494  -66.621  -11.861 0.8000000119
22975  -39.192  -66.118  -10.770 0.8000000119
21162  -41.503  -68.732  -11.642 0.5000000000
23910  -37.691  -65.747  -9.327 0.6999999881
24930  -39.487  -64.607  -8.417 0.6999999881
22993  -43.657  -66.596  -12.000 0.6000000238
24959  -42.791  -64.938  -12.077 0.6999999881
24953  -41.634  -64.533  -10.566 0.6999999881
24961  -44.828  -65.097  -12.323 0.6000000238
25977  -42.927  -63.333  -11.852 0.6000000238
141225  -42.156  -64.038  -11.095 0.6000000238
27813  -36.291  -61.055  -6.786 0.6999999881
24965  -45.289  -64.236  -12.241 0.5000000000
28774  -35.581  -60.786  -6.302 0.6000000238
23903  -46.622  -66.692  -9.716 0.5000000000
22995  -46.815  -66.276  -11.062 0.5000000000
25974  -46.565  -63.687  -11.022 0.3000000119
29738  -42.016  -59.332  -11.170 0.5000000000
138905  -35.315  -58.829  -8.096 0.6000000238
30720  -41.974  -58.549  -11.180 0.5000000000
32547  -41.313  -56.581  -10.662 0.4000000060
31654  -39.785  -57.339  -9.988 0.4000000060
146794  -44.088  -55.128  -11.398 0.4000000060
133091  -40.805  -54.064  -9.562 0.4000000060
35363  -40.046  -53.320  -8.450 0.4000000060
36235  -36.545  -52.349  -4.804 0.4000000060
37163  -41.101  -51.930  -9.208 0.4000000060
42636  -38.406  -45.608  -4.539 0.4000000060
16535  -23.479  -73.462  -12.763 0.4000000060
121921  -24.096  -73.884  -12.647 0.4000000060
16528  -26.017  -73.189  -11.618 0.4000000060
16529  -26.744  -73.417  -11.196 0.4000000060
17414  -25.374  -72.459  -11.817 0.4000000060
125064  -26.170  -72.415  -11.477 0.4000000060
16530  -27.322  -73.086  -11.194 0.4000000060
18352  -27.802  -72.036  -11.474 0.4000000060
17408  -29.067  -72.108  -11.119 0.5000000000
18350  -25.675  -71.634  -11.419 0.4000000060
18351  -26.861  -71.988  -11.338 0.4000000060
124435  -28.434  -71.603  -11.564 0.5000000000
18353  -29.120  -71.687  -11.517 0.5000000000
19264  -30.255  -70.495  -12.042 0.6000000238
19258  -24.596  -70.957  -11.264 0.4000000060
19260  -26.447  -71.011  -11.202 0.4000000060
20210  -27.133  -70.244  -11.152 0.4000000060
18345  -29.533  -71.631  -11.232 0.5000000000
20209  -42.400  -69.238  -10.096 0.3000000119
20195  -42.794  -69.297  -9.222 0.4000000060
22031  -45.934  -67.696  -8.937 0.3000000119
18346  -30.099  -71.126  -11.314 0.5000000000
132442  -38.229  -69.625  -10.689 0.5000000000
144280  -39.541  -69.498  -9.300 0.4000000060
21142  -27.041  -68.041  -10.480 0.4000000060
19261  -28.265  -70.795  -11.589 0.5000000000
19262  -29.159  -71.138  -11.775 0.5000000000
20199  -26.337  -69.186  -10.518 0.4000000060
19255  -30.592  -70.359  -11.607 0.6000000238
20187  -30.802  -69.982  -10.799 0.6000000238
21145  -31.944  -69.291  -11.152 0.6999999881
20188  -31.224  -69.342  -10.208 0.6999999881
21132  -33.512  -68.619  -9.796 0.6999999881
20189  -36.506  -69.380  -10.360 0.6999999881
124448  -33.160  -68.807  -10.831 0.6999999881
123357  -34.004  -68.752  -10.812 0.6999999881
20212  -29.145  -70.436  -11.838 0.5000000000
20213  -30.029  -70.147  -12.327 0.6000000238
132451  -30.673  -70.038  -12.265 0.6000000238
20221  -31.615  -69.445  -12.364 0.6000000238
129069  -26.960  -68.707  -10.570 0.4000000060
20200  -27.851  -68.783  -10.865 0.5000000000
135818  -30.082  -69.236  -11.982 0.6000000238
19265  -30.925  -70.008  -12.156 0.6000000238
142679  -32.419  -69.304  -12.070 0.6000000238
21146  -32.645  -69.131  -11.698 0.6000000238
23902  -45.965  -66.460  -8.928 0.3000000119
20201  -31.323  -69.792  -11.630 0.6000000238
21148  -34.480  -68.999  -11.704 0.6999999881
20204  -38.014  -69.803  -11.682 0.6000000238
20220  -40.022  -69.506  -11.523 0.5000000000
22971  -29.200  -66.733  -10.519 0.6000000238
139127  -29.560  -67.658  -10.930 0.6000000238
22040  -30.234  -67.226  -11.012 0.6999999881
123414  -30.763  -68.956  -12.376 0.6000000238
21155  -31.525  -68.780  -12.434 0.6000000238
123572  -33.293  -68.653  -12.269 0.6000000238
22039  -27.657  -67.520  -10.519 0.5000000000
21153  -29.054  -69.377  -11.551 0.6000000238
139821  -33.587  -68.865  -12.102 0.6000000238
21158  -35.064  -69.087  -12.297 0.6999999881
20216  -36.723  -69.377  -12.551 0.6999999881
21159  -35.807  -69.324  -12.080 0.6999999881
20218  -38.563  -69.681  -12.208 0.6000000238
20217  -37.730  -69.604  -12.461 0.6999999881
142770  -29.910  -66.308  -10.501 0.6000000238
22972  -31.479  -66.183  -11.211 0.6999999881
22982  -31.923  -67.065  -11.678 0.6999999881
22045  -30.915  -68.071  -11.795 0.6999999881
22054  -33.001  -68.037  -12.386 0.6000000238
22061  -38.922  -68.629  -12.636 0.5000000000
21164  -34.123  -68.635  -12.393 0.6999999881
21165  -34.957  -68.792  -12.571 0.6999999881
21169  -38.295  -69.256  -12.693 0.6000000238
23935  -33.599  -65.441  -11.446 0.6999999881
23938  -36.130  -65.871  -11.355 0.6999999881
23934  -32.338  -66.015  -11.479 0.6999999881
22984  -33.988  -66.307  -11.893 0.6000000238
22986  -35.675  -66.510  -12.038 0.5000000000
22996  -32.698  -67.095  -12.018 0.6999999881
22997  -33.483  -67.163  -12.299 0.6000000238
22056  -34.657  -68.262  -12.720 0.6999999881
22060  -38.058  -68.485  -12.962 0.5000000000
22055  -33.810  -68.072  -12.570 0.6000000238
22058  -36.418  -68.208  -13.012 0.6999999881
21168  -37.410  -69.093  -12.925 0.6000000238
23925  -35.550  -65.427  -10.742 0.6999999881
23909  -36.734  -65.674  -9.508 0.6999999881
23001  -36.849  -67.404  -12.719 0.6000000238
126035  -36.512  -66.582  -12.087 0.6999999881
20191  -39.005  -69.669  -10.119 0.5000000000
23000  -36.037  -67.453  -12.673 0.6000000238
16537  -25.093  -73.230  -12.050 0.4000000060
17417  -28.434  -72.289  -11.291 0.4000000060
19253  -24.901  -70.095  -10.636 0.4000000060
128989  -27.482  -71.295  -11.392 0.4000000060
20211  -28.140  -69.861  -11.360 0.4000000060
130698  -27.297  -69.376  -10.910 0.4000000060
146648  -35.721  -69.238  -10.808 0.6999999881
20203  -36.546  -69.501  -11.459 0.6999999881
21154  -31.165  -69.424  -12.428 0.6000000238
145126  -32.367  -68.890  -12.349 0.6000000238
21143  -28.565  -68.362  -10.921 0.6999999881
22044  -30.157  -68.270  -11.548 0.6000000238
22053  -32.204  -68.019  -12.308 0.6000000238
22983  -33.163  -66.201  -11.767 0.6999999881
22998  -34.309  -67.293  -12.435 0.6000000238
23937  -35.270  -65.677  -11.438 0.6000000238
23921  -31.802  -65.390  -11.049 0.5000000000
22970  -27.983  -66.419  -10.400 0.4000000060
143462  -28.609  -66.101  -10.291 0.5000000000
24949  -32.595  -64.341  -10.707 0.6000000238
22969  -26.722  -66.232  -10.349 0.4000000060
23917  -26.908  -65.354  -10.230 0.5000000000
23919  -29.160  -65.688  -10.106 0.5000000000
24948  -31.702  -64.567  -10.592 0.5000000000
24940  -32.008  -63.866  -10.252 0.5000000000
132409  -30.193  -65.486  -10.341 0.5000000000
24957  -33.143  -64.770  -11.168 0.6000000238
24950  -33.351  -64.393  -10.683 0.5000000000
24942  -34.321  -64.726  -9.599 0.6999999881
144698  -33.099  -63.882  -9.563 0.6000000238
24928  -34.515  -65.073  -8.430 0.6000000238
22965  -25.453  -65.640  -10.037 0.5000000000
23905  -27.053  -64.423  -9.889 0.5000000000
24938  -30.078  -63.979  -9.650 0.5000000000
25966  -31.508  -63.575  -9.688 0.5000000000
24946  -29.594  -64.734  -9.808 0.5000000000
23907  -34.914  -65.103  -10.176 0.6000000238
25967  -32.408  -63.629  -9.623 0.6000000238
24927  -33.701  -64.490  -8.054 0.5000000000
23887  -35.202  -65.375  -7.649 0.6000000238
124776  -26.455  -64.283  -9.608 0.5000000000
24936  -27.586  -63.595  -9.487 0.5000000000
25955  -29.951  -63.360  -8.784 0.5000000000
25965  -30.535  -63.652  -9.460 0.5000000000
25957  -32.015  -63.499  -8.826 0.5000000000
128680  -35.753  -65.553  -8.777 0.6000000238
25947  -33.102  -64.147  -7.724 0.5000000000
24918  -34.401  -64.928  -7.394 0.6000000238
23895  -26.137  -64.596  -9.402 0.5000000000
24935  -26.882  -63.597  -9.478 0.5000000000
25954  -28.658  -63.035  -8.735 0.5000000000
25943  -28.336  -62.603  -8.238 0.5000000000
146002  -29.171  -63.070  -7.553 0.6000000238
123100  -30.596  -63.275  -8.112 0.4000000060
25924  -30.627  -63.600  -5.719 0.4000000060
122195  -30.117  -63.360  -7.362 0.5000000000
121523  -32.041  -63.708  -7.030 0.5000000000
25956  -31.053  -63.471  -8.858 0.4000000060
25914  -30.738  -63.695  -4.661 0.4000000060
25925  -31.547  -63.715  -5.066 0.5000000000
122418  -32.670  -63.776  -6.034 0.5000000000
25900  -30.985  -63.412  -3.631 0.4000000060
24906  -32.865  -64.117  -6.951 0.6000000238
24917  -33.643  -64.517  -7.072 0.6000000238
24908  -34.479  -64.613  -6.398 0.6000000238
24901  -35.036  -64.232  -5.691 0.6000000238
25935  -31.587  -63.598  -6.127 0.5000000000
138457  -31.539  -63.518  -4.289 0.5000000000
25915  -33.258  -63.305  -4.610 0.5000000000
144864  -32.254  -63.711  -5.346 0.5000000000
26857  -31.505  -62.778  -3.038 0.4000000060
26859  -33.072  -62.135  -3.486 0.5000000000
25916  -34.091  -63.140  -4.726 0.6000000238
144648  -33.255  -63.853  -5.610 0.6000000238
25928  -34.595  -63.644  -5.226 0.6000000238
26863  -33.539  -62.609  -4.207 0.5000000000
29687  -31.741  -59.837  -3.582 0.3000000119
138214  -31.862  -61.084  -2.870 0.4000000060
27795  -32.407  -61.671  -2.958 0.4000000060
27796  -33.158  -61.260  -3.534 0.5000000000
26864  -34.325  -62.285  -4.511 0.5000000000
26868  -34.875  -62.828  -4.980 0.6000000238
33426  -33.835  -55.330  -6.140 0.3000000119
32519  -32.770  -56.135  -6.232 0.3000000119
31625  -32.724  -57.669  -5.962 0.4000000060
30687  -32.263  -58.016  -5.182 0.4000000060
35320  -35.274  -53.537  -3.720 0.3000000119
38026  -36.780  -50.830  -3.763 0.3000000119
36224  -35.647  -52.606  -3.542 0.3000000119
38874  -36.988  -50.194  -3.048 0.3000000119
38861  -37.217  -49.302  -2.775 0.3000000119
124597  -37.359  -48.419  -2.607 0.3000000119
40683  -37.358  -47.230  -1.492 0.3000000119
41641  -37.691  -46.402  -1.864 0.3000000119
28764  -33.132  -60.412  -3.808 0.5000000000
34395  -35.014  -54.444  -4.934 0.3000000119
23924  -34.704  -65.101  -10.957 0.5000000000
23918  -28.001  -65.447  -10.132 0.5000000000
25946  -32.431  -63.732  -7.881 0.5000000000
24900  -34.300  -64.145  -5.669 0.6000000238
20178  -37.965  -69.470  -9.481 0.3000000119
21133  -34.385  -68.665  -9.767 0.6000000238
21134  -35.227  -68.804  -9.718 0.6000000238
146993  -41.201  -69.493  -7.084 0.3000000119
123534  -41.416  -69.353  -7.734 0.3000000119
124372  -40.463  -69.327  -8.129 0.3000000119
20181  -41.195  -69.638  -8.823 0.3000000119
20167  -39.778  -69.277  -7.461 0.3000000119
125156  -40.281  -69.508  -9.071 0.3000000119
20194  -41.835  -69.554  -9.495 0.3000000119
21121  -34.715  -68.610  -8.829 0.6000000238
20177  -36.916  -69.320  -9.442 0.5000000000
20156  -42.679  -69.352  -6.291 0.3000000119
125473  -42.661  -69.283  -7.370 0.3000000119
20182  -42.177  -69.391  -8.499 0.3000000119
20196  -43.620  -69.129  -8.980 0.3000000119
20180  -39.611  -69.333  -8.427 0.3000000119
20179  -38.841  -69.428  -8.902 0.3000000119
21123  -36.366  -69.027  -8.498 0.4000000060
21141  -26.115  -67.969  -10.418 0.4000000060
137226  -42.002  -69.628  -5.963 0.3000000119
20157  -43.603  -69.187  -6.465 0.3000000119
140801  -44.977  -68.721  -7.042 0.3000000119
21126  -44.654  -68.636  -8.002 0.3000000119
15590  -27.020  -74.066  -9.140 0.5000000000
142644  -28.180  -73.303  -8.583 0.5000000000
15614  -24.986  -74.381  -11.858 0.4000000060
15602  -25.539  -74.261  -11.401 0.4000000060
15589  -26.483  -74.264  -9.777 0.4000000060
137749  -26.352  -74.413  -8.917 0.5000000000
18328  -29.705  -71.986  -8.780 0.5000000000
144897  -29.347  -72.476  -8.550 0.5000000000
16512  -27.934  -73.281  -10.286 0.5000000000
17396  -28.489  -73.041  -9.492 0.5000000000
16522  -27.328  -73.419  -10.790 0.4000000060
20164  -30.926  -69.080  -7.775 0.6000000238
20176  -30.903  -69.333  -8.870 0.6000000238
19245  -30.473  -70.252  -8.871 0.5000000000
16523  -27.945  -72.965  -11.022 0.3000000119
17407  -28.650  -72.603  -10.501 0.4000000060
17388  -29.213  -72.429  -9.469 0.5000000000
21103  -32.260  -68.402  -7.930 0.6000000238
140486  -31.461  -68.848  -9.278 0.6000000238
125055  -30.635  -69.912  -9.825 0.6000000238
17397  -29.308  -72.004  -10.495 0.4000000060
127237  -30.331  -70.601  -9.670 0.5000000000
123519  -33.402  -68.398  -7.830 0.6000000238
21108  -38.029  -69.184  -7.609 0.3000000119
21105  -35.739  -68.836  -7.743 0.4000000060
137400  -32.043  -68.499  -9.042 0.6000000238
19249  -30.445  -70.584  -10.599 0.4000000060
21096  -37.892  -69.094  -6.845 0.3000000119
20168  -40.633  -69.393  -7.229 0.3000000119
21124  -37.344  -69.202  -8.293 0.3000000119
122198  -34.920  -68.711  -7.939 0.5000000000
21130  -31.861  -68.748  -10.054 0.6000000238
21119  -32.941  -68.405  -8.856 0.6000000238
21118  -31.426  -68.682  -8.385 0.6000000238
21106  -36.621  -68.949  -7.431 0.3000000119
20165  -31.532  -68.687  -7.543 0.5000000000
122948  -31.998  -68.523  -6.915 0.5000000000
123500  -32.742  -68.410  -7.105 0.5000000000
21090  -32.608  -68.365  -6.167 0.4000000060
21091  -33.467  -68.392  -6.787 0.5000000000
127959  -31.196  -69.035  -5.971 0.5000000000
19233  -30.508  -70.388  -6.621 0.5000000000
21075  -31.583  -68.998  -5.375 0.4000000060
21076  -32.218  -68.598  -5.360 0.4000000060
129204  -33.550  -68.454  -5.896 0.4000000060
21104  -34.243  -68.469  -7.339 0.5000000000
19240  -30.238  -70.692  -8.045 0.5000000000
142951  -30.433  -70.346  -7.375 0.5000000000
122790  -35.097  -68.669  -6.982 0.4000000060
11018  -24.815  -79.479  -12.158 0.3000000119
11897  -25.704  -78.901  -11.943 0.3000000119
11885  -25.691  -78.893  -10.885 0.3000000119
11858  -26.363  -78.564  -9.699 0.3000000119
124859  -26.768  -78.413  -8.942 0.4000000060
10978  -25.606  -78.901  -10.044 0.3000000119
10977  -24.766  -79.093  -9.659 0.3000000119
11840  -27.585  -78.182  -8.902 0.4000000060
11857  -25.515  -78.765  -9.284 0.3000000119
11856  -24.315  -78.719  -9.129 0.3000000119
133488  -28.220  -77.734  -7.335 0.4000000060
145819  -27.688  -77.762  -6.799 0.4000000060
125954  -26.204  -78.455  -8.254 0.4000000060
11839  -25.479  -78.553  -8.547 0.4000000060
11837  -23.984  -78.045  -8.729 0.4000000060
11838  -24.736  -78.334  -8.324 0.4000000060
13544  -29.320  -76.629  -4.894 0.3000000119
12678  -28.113  -77.523  -6.317 0.4000000060
12658  -27.537  -77.206  -5.548 0.4000000060
12677  -27.163  -77.665  -6.327 0.4000000060
12656  -26.008  -77.055  -5.872 0.4000000060
12695  -25.008  -77.215  -6.904 0.4000000060
12712  -24.319  -77.523  -8.101 0.4000000060
14448  -29.539  -75.242  -3.511 0.3000000119
13543  -27.917  -76.749  -4.908 0.4000000060
14487  -26.954  -75.886  -5.019 0.4000000060
13542  -27.194  -76.611  -5.130 0.4000000060
14486  -26.414  -75.991  -5.555 0.4000000060
15523  -27.114  -74.611  -5.934 0.4000000060
14504  -26.073  -75.662  -6.082 0.4000000060
15522  -26.428  -74.951  -6.410 0.4000000060
13579  -24.859  -76.451  -7.029 0.4000000060
13594  -24.249  -76.586  -8.157 0.4000000060
16456  -28.853  -74.115  -4.089 0.4000000060
15481  -28.238  -74.739  -4.449 0.4000000060
16485  -27.506  -74.036  -6.778 0.4000000060
123524  -26.891  -74.448  -6.812 0.4000000060
143143  -25.137  -75.251  -8.211 0.4000000060
14522  -25.143  -75.616  -7.237 0.4000000060
13593  -23.888  -76.409  -9.126 0.4000000060
16473  -28.410  -73.830  -5.054 0.4000000060
15524  -27.905  -74.022  -5.949 0.4000000060
135337  -28.110  -73.575  -6.742 0.4000000060
16495  -27.930  -73.540  -7.606 0.4000000060
15568  -25.944  -74.707  -8.239 0.4000000060
15569  -26.723  -74.323  -8.274 0.4000000060
16487  -29.084  -73.029  -5.683 0.4000000060
17374  -29.340  -72.544  -7.182 0.4000000060
18314  -29.556  -72.220  -7.934 0.4000000060
19221  -30.620  -70.396  -5.660 0.4000000060
17363  -29.563  -72.340  -6.323 0.4000000060
21060  -31.943  -68.907  -4.789 0.3000000119
21061  -32.488  -68.638  -4.568 0.3000000119
146352  -28.591  -73.081  -7.985 0.4000000060
18299  -30.245  -71.093  -6.178 0.4000000060
21078  -34.261  -68.654  -5.749 0.3000000119
18298  -29.764  -71.917  -7.186 0.4000000060
125451  -27.021  -78.262  -8.150 0.4000000060
11822  -26.401  -78.199  -7.466 0.4000000060
12676  -26.311  -77.576  -6.274 0.4000000060
12696  -25.354  -77.748  -7.060 0.4000000060
14471  -28.992  -75.701  -3.886 0.4000000060
133118  -28.748  -76.854  -5.198 0.4000000060
134919  -29.714  -75.840  -3.770 0.3000000119
13541  -26.555  -76.529  -5.506 0.4000000060
16457  -29.408  -73.444  -3.796 0.3000000119
14447  -28.846  -75.003  -3.824 0.4000000060
15502  -27.628  -74.585  -5.072 0.4000000060
16474  -29.134  -73.230  -4.684 0.4000000060
135904  -29.093  -72.881  -6.522 0.4000000060
15547  -26.323  -74.645  -7.359 0.4000000060
17362  -28.707  -73.088  -7.168 0.4000000060
18283  -29.908  -71.763  -5.764 0.4000000060
12701  -30.450  -77.004  -7.223 0.3000000119
12731  -29.764  -77.557  -9.481 0.3000000119
126694  -28.720  -77.798  -10.320 0.3000000119
12713  -29.239  -77.616  -8.586 0.3000000119
12700  -29.752  -77.353  -7.692 0.3000000119
11860  -28.146  -78.053  -9.626 0.3000000119
139164  -28.538  -77.773  -8.131 0.3000000119
12680  -29.706  -77.098  -6.676 0.3000000119
125281  -28.957  -77.401  -6.986 0.3000000119
12679  -28.903  -77.161  -6.070 0.3000000119
18275  -30.298  -71.392  -4.470 0.3000000119
18284  -30.251  -71.199  -5.303 0.3000000119
19222  -30.973  -70.137  -4.967 0.3000000119
13545  -30.205  -76.507  -5.101 0.3000000119
17345  -29.530  -72.464  -5.289 0.3000000119
10993  -25.082  -79.222  -10.384 0.3000000119
11807  -25.927  -77.908  -6.904 0.4000000060
11820  -24.844  -77.749  -7.524 0.4000000060
11821  -25.532  -78.223  -7.672 0.4000000060
11823  -27.841  -77.995  -8.111 0.4000000060
11841  -28.375  -77.898  -8.824 0.3000000119
11876  -26.246  -78.607  -10.504 0.3000000119
12657  -26.740  -77.169  -5.652 0.4000000060
12659  -28.226  -77.166  -5.520 0.4000000060
12675  -25.639  -77.400  -6.511 0.4000000060
12697  -26.595  -77.908  -6.818 0.4000000060
12698  -27.276  -77.995  -7.265 0.4000000060
12699  -28.961  -77.580  -7.751 0.3000000119
12730  -28.958  -77.798  -9.503 0.3000000119
13531  -27.676  -76.073  -4.655 0.4000000060
13532  -29.491  -76.255  -4.264 0.3000000119
13558  -25.463  -76.787  -6.400 0.4000000060
13559  -25.957  -76.404  -5.899 0.4000000060
13560  -29.574  -76.843  -5.717 0.3000000119
14469  -27.601  -75.351  -4.700 0.4000000060
14470  -28.324  -75.536  -4.330 0.4000000060
14503  -25.462  -76.026  -6.495 0.4000000060
14521  -24.619  -75.967  -7.745 0.4000000060
14523  -25.761  -75.274  -6.793 0.4000000060
15462  -29.493  -74.360  -3.414 0.3000000119
15500  -26.637  -75.356  -5.637 0.4000000060
15501  -27.115  -75.143  -5.166 0.4000000060
15546  -25.624  -75.057  -7.549 0.4000000060
15548  -27.160  -74.172  -7.560 0.4000000060
15604  -26.659  -73.906  -10.667 0.4000000060
15615  -25.481  -73.840  -11.803 0.4000000060
15616  -26.147  -73.928  -11.333 0.4000000060
15623  -24.720  -73.862  -12.214 0.4000000060
16486  -28.556  -73.381  -6.189 0.4000000060
16504  -27.458  -73.832  -8.422 0.5000000000
16505  -28.891  -72.872  -8.668 0.5000000000
16511  -27.220  -73.780  -10.047 0.5000000000
16536  -24.274  -73.313  -12.378 0.4000000060
16540  -22.828  -73.875  -13.329 0.4000000060
17330  -29.619  -72.635  -4.347 0.3000000119
17346  -29.910  -71.895  -4.869 0.3000000119
17373  -29.118  -72.726  -7.918 0.4000000060
17415  -26.799  -72.815  -11.348 0.4000000060
17416  -27.578  -72.590  -11.316 0.4000000060
17422  -24.483  -72.600  -12.162 0.4000000060
18315  -29.895  -71.515  -8.004 0.4000000060
18329  -30.089  -71.169  -9.020 0.5000000000
18339  -29.667  -71.714  -9.761 0.5000000000
18340  -30.074  -71.165  -10.172 0.4000000060
18354  -29.704  -71.145  -11.743 0.6000000238
19206  -30.598  -70.718  -4.793 0.3000000119
19254  -25.956  -70.129  -10.767 0.4000000060
19259  -25.548  -70.798  -11.065 0.4000000060
19263  -29.769  -70.760  -12.056 0.5000000000
20116  -31.459  -69.529  -4.671 0.3000000119
20134  -31.093  -69.618  -5.478 0.4000000060
20150  -30.828  -69.637  -6.259 0.5000000000
20151  -31.278  -69.026  -6.801 0.5000000000
20155  -41.103  -69.562  -6.427 0.3000000119
20166  -38.852  -69.313  -7.797 0.3000000119
20169  -44.004  -69.092  -7.437 0.3000000119
20183  -43.222  -69.271  -8.332 0.3000000119
20184  -43.993  -68.996  -8.374 0.3000000119
20190  -37.349  -69.543  -10.712 0.6999999881
20192  -40.015  -69.725  -10.034 0.5000000000
20193  -40.932  -69.837  -9.786 0.3000000119
20202  -32.064  -69.511  -12.009 0.6000000238
20205  -38.812  -69.716  -11.371 0.5000000000
20206  -39.639  -69.688  -10.998 0.5000000000
20214  -31.126  -69.757  -12.321 0.6000000238
20215  -31.533  -69.650  -12.198 0.6000000238
20219  -39.337  -69.583  -11.866 0.5000000000
20222  -32.120  -69.356  -12.177 0.6000000238
21077  -32.959  -68.423  -5.213 0.4000000060
21089  -31.707  -68.592  -6.065 0.4000000060
21092  -34.253  -68.554  -6.475 0.4000000060
21095  -37.164  -69.064  -6.690 0.3000000119
21107  -37.408  -69.065  -7.359 0.3000000119
21120  -33.879  -68.471  -8.840 0.6000000238
21122  -35.528  -68.791  -8.695 0.5000000000
21125  -38.190  -69.318  -8.398 0.3000000119
21131  -32.640  -68.608  -9.864 0.6000000238
21135  -36.042  -69.118  -9.546 0.6000000238
21136  -43.478  -68.923  -9.758 0.4000000060
21144  -29.364  -68.420  -11.264 0.6000000238
21147  -33.552  -68.929  -11.755 0.6000000238
21149  -40.664  -69.246  -11.588 0.5000000000
21151  -42.844  -68.753  -10.660 0.4000000060
21156  -32.829  -69.086  -12.069 0.6000000238
21157  -34.297  -68.898  -12.192 0.6999999881
21163  -42.370  -68.589  -11.337 0.4000000060
21166  -35.768  -69.060  -12.719 0.6999999881
21167  -36.491  -68.892  -13.006 0.6000000238
21170  -39.785  -68.650  -12.398 0.5000000000
22032  -46.358  -67.185  -9.549 0.5000000000
22035  -45.908  -67.622  -9.752 0.5000000000
22046  -37.759  -67.357  -12.616 0.6000000238
22050  -41.353  -67.958  -12.229 0.5000000000
22051  -42.276  -68.055  -11.929 0.6000000238
22057  -35.623  -68.498  -12.921 0.6999999881
22059  -37.159  -68.298  -13.021 0.5000000000
22962  -45.740  -67.167  -8.383 0.3000000119
22963  -46.329  -67.121  -9.110 0.3000000119
22968  -25.706  -66.066  -10.254 0.4000000060
22974  -38.120  -66.082  -10.992 0.8000000119
22978  -45.443  -67.512  -10.528 0.4000000060
22980  -47.192  -65.860  -11.001 0.5000000000
22981  -31.107  -67.095  -11.452 0.6999999881
22985  -34.826  -66.432  -11.943 0.6000000238
22987  -37.199  -66.694  -12.156 0.6999999881
22999  -35.185  -67.433  -12.543 0.6000000238
23881  -35.729  -65.185  -7.108 0.6000000238
23886  -35.355  -65.522  -8.311 0.6000000238
23890  -37.749  -65.110  -7.755 0.6999999881
23899  -38.665  -65.128  -8.196 0.6999999881
23904  -25.918  -64.977  -9.917 0.5000000000
23906  -28.379  -64.655  -9.737 0.5000000000
23908  -35.815  -65.525  -9.686 0.6000000238
23911  -38.660  -65.711  -8.894 0.6999999881
23912  -40.056  -65.569  -9.242 0.6999999881
23916  -26.002  -65.348  -10.202 0.5000000000
23920  -31.115  -65.423  -10.638 0.5000000000
23922  -32.427  -65.003  -11.111 0.6000000238
23923  -33.902  -64.846  -11.102 0.5000000000
23926  -36.408  -65.730  -10.462 0.8000000119
23928  -38.513  -65.893  -9.904 0.8000000119
23930  -40.794  -65.849  -10.510 0.8000000119
23932  -47.174  -65.367  -10.962 0.4000000060
23933  -46.913  -65.417  -11.303 0.4000000060
23936  -34.421  -65.543  -11.446 0.6000000238
24907  -33.564  -64.147  -6.109 0.6000000238
24909  -35.393  -64.694  -6.381 0.6000000238
24919  -35.035  -65.024  -6.952 0.6000000238
24920  -36.513  -65.201  -7.282 0.6999999881
24921  -37.570  -64.458  -7.298 0.6999999881
24937  -28.840  -63.867  -9.446 0.5000000000
24939  -31.105  -63.875  -10.096 0.5000000000
24941  -33.691  -64.328  -9.070 0.6000000238
24947  -30.661  -64.548  -10.220 0.5000000000
24951  -34.115  -64.654  -10.499 0.5000000000
24952  -41.012  -64.642  -9.714 0.6000000238
24954  -46.206  -64.247  -10.416 0.4000000060
24955  -46.973  -64.575  -10.930 0.4000000060
24960  -43.262  -64.195  -12.151 0.6999999881
24962  -45.936  -64.912  -11.866 0.5000000000
24964  -44.214  -64.295  -12.373 0.5000000000
25901  -31.940  -63.113  -3.720 0.4000000060
25902  -32.763  -62.857  -3.928 0.5000000000
25926  -32.958  -63.713  -5.160 0.5000000000
25927  -33.740  -63.774  -5.242 0.6000000238
25929  -35.358  -63.400  -5.499 0.6000000238
25934  -29.524  -63.385  -6.613 0.6000000238
25936  -35.843  -64.045  -5.965 0.6999999881
25944  -29.476  -63.091  -8.188 0.4000000060
25945  -31.094  -63.577  -7.201 0.5000000000
25958  -32.966  -63.799  -8.697 0.6000000238
25960  -39.992  -63.739  -8.777 0.6999999881
25963  -28.032  -63.011  -9.223 0.5000000000
25964  -29.328  -63.508  -9.164 0.5000000000
25970  -45.015  -63.969  -9.991 0.3000000119
25976  -42.330  -63.293  -11.349 0.6000000238
25978  -43.807  -63.433  -12.191 0.6000000238
25979  -46.689  -63.795  -11.717 0.5000000000
25981  -45.717  -63.363  -12.317 0.5000000000
26848  -31.833  -62.182  -2.776 0.4000000060
26858  -32.310  -62.467  -3.207 0.5000000000
26872  -36.151  -62.890  -6.064 0.6999999881
26873  -36.959  -62.848  -6.657 0.6999999881
26878  -37.628  -62.804  -7.182 0.6999999881
26879  -38.294  -62.742  -7.645 0.6999999881
26883  -38.926  -62.714  -8.176 0.6999999881
26884  -39.580  -62.725  -8.756 0.6999999881
26893  -41.387  -62.592  -10.563 0.6000000238
26896  -46.608  -63.290  -11.685 0.5000000000
26903  -46.107  -62.472  -12.372 0.5000000000
26904  -46.613  -62.336  -12.089 0.5000000000
27786  -31.567  -61.649  -2.684 0.4000000060
27812  -35.944  -61.755  -6.158 0.6999999881
27817  -37.493  -61.408  -7.470 0.6999999881
27839  -46.550  -61.696  -12.106 0.3000000119
27841  -45.641  -61.167  -12.507 0.5000000000
28755  -32.395  -60.637  -3.369 0.4000000060
28769  -34.124  -60.141  -4.740 0.6000000238
28770  -34.606  -60.604  -5.115 0.6000000238
28771  -35.105  -61.005  -5.505 0.6000000238
28779  -37.306  -60.741  -7.747 0.6000000238
28782  -36.908  -60.091  -8.261 0.6000000238
28788  -39.377  -60.393  -9.795 0.5000000000
28791  -40.015  -60.519  -10.199 0.5000000000
28792  -40.639  -60.299  -10.589 0.5000000000
28798  -43.602  -59.852  -11.796 0.4000000060
28799  -46.443  -60.518  -12.003 0.3000000119
28800  -46.426  -61.030  -12.172 0.3000000119
28801  -44.511  -60.096  -12.321 0.3000000119
28802  -45.499  -60.369  -12.522 0.3000000119
28803  -46.130  -60.703  -12.438 0.4000000060
29712  -33.013  -59.042  -4.833 0.5000000000
29713  -33.724  -59.426  -5.166 0.6000000238
29726  -36.526  -59.403  -8.805 0.6000000238
29727  -37.900  -60.108  -8.953 0.6000000238
29737  -46.217  -59.049  -11.928 0.3000000119
29742  -46.297  -60.355  -12.226 0.3000000119
30677  -32.318  -58.754  -4.588 0.5000000000
30702  -34.410  -58.129  -7.432 0.5000000000
30703  -34.975  -58.185  -8.044 0.5000000000
30706  -35.588  -58.329  -8.570 0.6000000238
30707  -36.235  -58.620  -9.040 0.5000000000
30716  -41.422  -58.982  -10.981 0.5000000000
30722  -43.924  -58.297  -11.844 0.3000000119
30723  -46.114  -58.344  -12.002 0.3000000119
31633  -32.648  -56.869  -6.310 0.4000000060
31641  -33.831  -56.706  -7.092 0.5000000000
31651  -37.541  -58.014  -9.374 0.5000000000
31657  -44.907  -56.703  -10.452 0.3000000119
31663  -45.610  -57.070  -11.772 0.3000000119
31664  -41.897  -57.760  -11.124 0.5000000000
31665  -42.634  -57.219  -11.291 0.4000000060
31669  -45.440  -57.344  -12.240 0.3000000119
32520  -33.357  -56.445  -6.661 0.4000000060
32521  -34.005  -56.007  -7.123 0.5000000000
32527  -34.325  -56.568  -7.640 0.5000000000
32529  -36.014  -56.284  -8.127 0.4000000060
32542  -38.934  -57.064  -9.362 0.4000000060
33434  -33.482  -55.809  -6.526 0.3000000119
33447  -38.227  -55.372  -7.832 0.4000000060
33456  -43.896  -55.100  -9.302 0.4000000060
33457  -40.158  -55.512  -9.438 0.4000000060
33465  -43.746  -55.795  -11.461 0.4000000060
34403  -34.436  -54.982  -5.499 0.3000000119
34413  -36.340  -54.470  -6.407 0.5000000000
34414  -37.079  -54.349  -6.580 0.4000000060
34423  -38.931  -54.180  -7.701 0.4000000060
34425  -42.696  -54.624  -7.791 0.4000000060
34430  -39.403  -54.818  -8.442 0.4000000060
34431  -40.142  -54.189  -8.970 0.4000000060
34437  -41.370  -54.375  -10.018 0.4000000060
34440  -43.794  -54.597  -11.176 0.4000000060
35334  -35.419  -53.901  -4.455 0.4000000060
35351  -38.219  -53.185  -6.888 0.4000000060
35366  -44.232  -53.468  -9.017 0.4000000060
35373  -44.208  -53.310  -11.060 0.4000000060
36236  -37.018  -51.861  -5.070 0.4000000060
36264  -42.021  -52.804  -9.916 0.4000000060
36268  -44.998  -52.074  -11.200 0.4000000060
37137  -37.246  -51.274  -5.021 0.4000000060
37159  -40.027  -51.866  -8.145 0.4000000060
37168  -44.071  -51.772  -11.015 0.3000000119
37169  -44.880  -51.442  -11.105 0.4000000060
38056  -45.050  -50.073  -10.536 0.4000000060
39783  -37.632  -48.757  -5.727 0.4000000060
40693  -37.478  -47.592  -2.400 0.4000000060
40708  -37.964  -46.695  -5.219 0.4000000060
41653  -38.246  -45.750  -3.014 0.4000000060
42621  -38.101  -45.731  -2.268 0.4000000060
42629  -38.443  -45.321  -3.586 0.4000000060
43504  -38.445  -44.338  -2.425 0.4000000060
122199  -34.243  -68.495  -8.137 0.6000000238
122468  -32.825  -63.971  -10.201 0.5000000000
122475  -37.544  -48.029  -4.442 0.4000000060
122483  -30.507  -69.788  -7.991 0.6000000238
122743  -34.846  -68.886  -10.747 0.6999999881
122850  -41.119  -61.067  -10.720 0.5000000000
122872  -37.332  -49.483  -3.599 0.4000000060
123328  -39.142  -69.294  -6.828 0.3000000119
123600  -41.794  -61.035  -11.057 0.5000000000
123881  -27.722  -73.554  -9.339 0.5000000000
124214  -38.523  -61.876  -8.077 0.6999999881
124525  -30.718  -69.677  -12.351 0.6000000238
125392  -31.579  -63.432  -8.004 0.5000000000
126542  -41.857  -57.059  -11.015 0.5000000000
126912  -42.774  -58.851  -11.498 0.5000000000
127363  -26.066  -78.582  -8.933 0.3000000119
127563  -37.444  -55.341  -7.529 0.4000000060
127786  -44.675  -55.606  -10.017 0.3000000119
127924  -37.805  -52.988  -6.369 0.4000000060
128336  -46.052  -60.915  -11.576 0.3000000119
128753  -29.746  -71.573  -10.653 0.4000000060
128782  -34.982  -55.186  -7.254 0.4000000060
129279  -41.797  -69.502  -6.844 0.3000000119
129676  -33.564  -64.238  -9.995 0.6999999881
129826  -35.171  -69.163  -11.621 0.6999999881
130037  -30.732  -69.687  -7.132 0.5000000000
130504  -26.323  -64.770  -10.060 0.5000000000
130631  -40.477  -58.412  -10.583 0.5000000000
130685  -41.195  -58.263  -10.832 0.5000000000
130716  -38.480  -69.213  -7.072 0.3000000119
130721  -43.395  -51.563  -7.821 0.4000000060
131000  -42.508  -60.970  -11.451 0.5000000000
131753  -30.688  -66.305  -10.791 0.6000000238
131949  -41.010  -51.066  -9.108 0.5000000000
132085  -45.818  -58.019  -12.176 0.3000000119
132211  -45.362  -59.617  -12.517 0.4000000060
132458  -24.941  -78.755  -8.969 0.4000000060
132464  -38.557  -44.875  -4.181 0.5000000000
132494  -38.638  -51.950  -7.212 0.4000000060
134515  -24.547  -77.018  -7.481 0.4000000060
134979  -35.106  -65.279  -9.168 0.6000000238
135205  -41.158  -65.253  -10.218 0.8000000119
136427  -42.611  -64.100  -11.643 0.6999999881
136558  -30.145  -71.097  -7.130 0.4000000060
136559  -45.520  -57.587  -11.415 0.3000000119
136648  -45.915  -57.721  -11.978 0.3000000119
137011  -32.461  -68.903  -10.766 0.6999999881
139001  -31.554  -67.853  -11.970 0.6999999881
139036  -32.350  -63.482  -4.538 0.5000000000
139430  -46.718  -62.964  -11.943 0.4000000060
139573  -40.567  -51.697  -8.659 0.4000000060
140553  -43.436  -69.324  -5.561 0.3000000119
140757  -30.612  -63.562  -6.587 0.5000000000
140967  -35.916  -68.753  -6.993 0.3000000119
142111  -28.756  -67.550  -10.681 0.6000000238
142408  -36.302  -65.615  -8.876 0.6999999881
142830  -37.145  -65.058  -7.404 0.6999999881
143012  -28.571  -76.259  -4.473 0.4000000060
143057  -36.474  -50.927  -2.987 0.3000000119
143460  -38.142  -56.199  -8.448 0.4000000060
143543  -25.381  -79.034  -12.587 0.3000000119
144352  -24.541  -76.495  -7.585 0.4000000060
144385  -37.284  -69.666  -11.895 0.6999999881
144419  -40.899  -57.108  -10.534 0.5000000000
145039  -32.929  -65.408  -11.421 0.6999999881
145243  -34.793  -61.177  -5.054 0.6000000238
145567  -42.761  -69.621  -5.531 0.3000000119
146328  -45.655  -61.873  -12.418 0.5000000000
146387  -29.927  -71.641  -6.524 0.4000000060
