#!ascii label  , from subject sub-v1s8x0051339_ses-1 vox2ras=TkReg
326
140733  -27.965  -10.813  -0.186 0.0000000000
77708  -27.146  -6.260  -4.647 0.0000000000
121072  -19.840  7.229  -2.413 0.0000000000
126516  -22.750  2.600  -1.884 0.0000000000
80983  -25.325  -1.979  -0.791 0.0000000000
77646  -29.266  -5.324  -0.503 0.0000000000
89722  -19.150  9.518  -2.447 0.0000000000
82547  -23.703  0.245  -1.173 0.0000000000
81006  -24.883  -1.313  -4.110 0.0000000000
135777  -26.513  -8.579  -2.780 0.0000000000
76785  -27.677  -6.147  -1.758 0.0000000000
121000  -28.543  -8.155  -0.698 0.0000000000
69062  -25.720  -15.566  -0.883 0.0000000000
72607  -26.446  -11.346  -2.339 0.0000000000
94291  -15.974  15.485  -1.761 0.0000000000
137784  -18.701  13.386  -2.619 0.0000000000
132314  -20.292  12.047  -0.891 0.0000000000
89682  -22.161  9.965  -1.012 0.0000000000
88865  -22.966  8.054  -0.571 0.0000000000
138101  -21.151  4.687  -2.343 0.0000000000
121218  -23.417  5.440  -0.276 0.0000000000
121056  -25.006  3.167  0.164 0.0000000000
128268  -25.903  0.812  -0.268 0.0000000000
80963  -27.980  -1.479  -1.414 0.0000000000
78550  -25.918  -4.478  -3.177 0.0000000000
79394  -27.444  -4.199  -0.869 0.0000000000
81806  -24.601  -0.710  -4.640 0.0000000000
81016  -24.873  -1.230  -5.689 0.0000000000
146670  -27.540  -9.270  -1.493 0.0000000000
75029  -28.043  -8.549  -1.341 0.0000000000
121321  -28.409  -9.507  -0.283 0.0000000000
123684  -26.064  -19.924  1.299 0.0000000000
66449  -26.503  -18.088  1.247 0.0000000000
67349  -26.665  -17.067  1.052 0.0000000000
73418  -25.796  -10.671  -3.841 0.0000000000
72605  -24.791  -11.236  -2.724 0.0000000000
91947  -19.863  12.722  -1.283 0.0000000000
88883  -19.598  8.107  -2.586 0.0000000000
89701  -20.541  9.838  -1.474 0.0000000000
88012  -20.915  8.035  -1.560 0.0000000000
88864  -22.346  8.367  -0.751 0.0000000000
88013  -21.447  7.577  -1.332 0.0000000000
145836  -21.898  3.427  -2.469 0.0000000000
138103  -22.496  5.372  -0.662 0.0000000000
138111  -22.971  4.063  -0.734 0.0000000000
121054  -24.391  3.862  -0.168 0.0000000000
121494  -23.597  2.802  -0.696 0.0000000000
81775  -24.014  -0.592  -1.122 0.0000000000
82548  -24.233  0.087  -0.657 0.0000000000
81749  -25.668  -0.659  -0.529 0.0000000000
82528  -27.416  -0.117  -0.988 0.0000000000
80961  -26.008  -1.426  -0.595 0.0000000000
77706  -26.104  -5.103  -5.438 0.0000000000
79417  -26.492  -3.788  -5.038 0.0000000000
140061  -26.808  -5.033  -4.441 0.0000000000
124978  -28.152  -5.994  -1.214 0.0000000000
78538  -27.055  -4.943  -1.332 0.0000000000
78524  -29.016  -4.646  -0.968 0.0000000000
136962  -28.548  -3.257  -0.869 0.0000000000
131318  -28.861  -3.944  -0.171 0.0000000000
69047  -26.795  -15.087  0.136 0.0000000000
69959  -25.777  -14.342  -1.530 0.0000000000
69946  -26.994  -14.344  -0.213 0.0000000000
71704  -26.476  -12.947  -0.891 0.0000000000
83336  -23.083  1.608  -3.693 0.0000000000
123407  -23.285  1.955  -1.808 0.0000000000
82579  -23.511  0.270  -2.878 0.0000000000
81798  -23.773  -0.444  -2.894 0.0000000000
80235  -24.583  -2.104  -2.315 0.0000000000
75946  -26.986  -7.589  -3.949 0.0000000000
77682  -27.134  -6.009  -3.186 0.0000000000
75933  -27.508  -7.245  -2.037 0.0000000000
75922  -28.255  -7.397  -1.319 0.0000000000
75911  -28.764  -6.728  -0.742 0.0000000000
68219  -26.549  -16.276  0.580 0.0000000000
75081  -26.118  -7.772  -4.998 0.0000000000
120990  -26.962  -9.493  -4.298 0.0000000000
120988  -26.629  -10.136  -2.635 0.0000000000
120989  -27.755  -10.910  -1.920 0.0000000000
143837  -17.195  16.493  -2.641 0.0000000000
92744  -15.366  13.700  -1.503 0.0000000000
93535  -17.835  14.136  -3.102 0.0000000000
125018  -20.697  13.768  -1.838 0.0000000000
131110  -20.612  13.213  -1.019 0.0000000000
131475  -22.295  12.114  -0.607 0.0000000000
90442  -19.904  10.673  -1.557 0.0000000000
91182  -21.044  11.328  -0.946 0.0000000000
146131  -22.697  11.641  -0.558 0.0000000000
89683  -22.844  9.721  -0.732 0.0000000000
89684  -23.786  9.402  -0.385 0.0000000000
87995  -23.807  7.777  -0.209 0.0000000000
121205  -20.644  5.904  -2.157 0.0000000000
121065  -21.976  6.062  -0.890 0.0000000000
138053  -23.004  6.329  -0.514 0.0000000000
87996  -24.449  7.109  -0.113 0.0000000000
121178  -25.072  6.015  0.185 0.0000000000
135102  -26.234  2.792  0.285 0.0000000000
84086  -23.629  1.876  -0.806 0.0000000000
144507  -25.360  1.428  -0.159 0.0000000000
80261  -25.708  -2.469  -5.305 0.0000000000
80241  -25.244  -2.844  -3.630 0.0000000000
80236  -24.979  -3.034  -1.994 0.0000000000
77666  -26.849  -5.530  -2.851 0.0000000000
79393  -26.449  -4.301  -1.426 0.0000000000
137979  -26.286  -3.011  -0.862 0.0000000000
80204  -28.091  -2.387  -1.083 0.0000000000
80964  -28.440  -1.511  -1.302 0.0000000000
71737  -25.852  -12.237  -2.253 0.0000000000
71718  -26.763  -12.071  -1.039 0.0000000000
72581  -27.538  -11.598  -0.464 0.0000000000
121313  -28.010  -10.129  -0.614 0.0000000000
120981  -27.997  -9.399  -0.928 0.0000000000
129052  -28.384  -10.206  0.104 0.0000000000
65542  -26.778  -19.546  1.880 0.0000000000
125444  -26.372  -19.008  1.249 0.0000000000
66450  -27.098  -18.666  1.639 0.0000000000
145544  -20.169  7.768  -1.917 0.0000000000
88862  -20.208  8.470  -1.744 0.0000000000
88028  -20.666  7.173  -1.715 0.0000000000
84101  -22.449  2.856  -2.747 0.0000000000
84084  -22.305  3.274  -1.877 0.0000000000
138102  -22.456  3.799  -1.346 0.0000000000
121055  -22.982  3.238  -1.208 0.0000000000
84085  -23.274  2.513  -1.288 0.0000000000
80982  -24.570  -1.496  -1.100 0.0000000000
81776  -24.692  -0.681  -0.619 0.0000000000
142947  -25.170  -1.271  -0.610 0.0000000000
77707  -26.886  -6.164  -5.048 0.0000000000
78574  -26.827  -4.703  -5.004 0.0000000000
77693  -26.967  -5.562  -4.745 0.0000000000
76786  -28.940  -5.829  -0.952 0.0000000000
77657  -28.600  -5.323  -1.065 0.0000000000
77645  -29.202  -5.087  -1.021 0.0000000000
78525  -29.104  -4.680  -0.857 0.0000000000
78511  -29.046  -4.670  -0.002 0.0000000000
77634  -29.546  -5.167  0.463 0.0000000000
125261  -23.182  1.253  -4.525 0.0000000000
126084  -23.389  0.822  -3.797 0.0000000000
81799  -24.184  -0.912  -3.520 0.0000000000
80997  -24.490  -1.483  -3.131 0.0000000000
80998  -24.867  -1.931  -3.569 0.0000000000
75050  -26.537  -7.898  -3.053 0.0000000000
75932  -26.823  -7.237  -2.847 0.0000000000
75039  -27.046  -7.889  -2.384 0.0000000000
144270  -28.698  -7.438  -0.593 0.0000000000
75903  -29.131  -7.088  -0.149 0.0000000000
75902  -28.792  -7.828  0.047 0.0000000000
65569  -25.221  -20.210  0.612 0.0000000000
64700  -25.657  -20.617  1.206 0.0000000000
68220  -27.228  -16.125  1.054 0.0000000000
74231  -26.877  -8.580  -4.265 0.0000000000
121227  -26.009  -10.609  -2.783 0.0000000000
121317  -26.670  -10.452  -4.052 0.0000000000
121338  -26.807  -10.768  -2.460 0.0000000000
120982  -27.408  -10.639  -2.046 0.0000000000
72608  -27.391  -11.185  -2.157 0.0000000000
141998  -16.770  16.055  -0.674 0.0000000000
95070  -16.663  16.010  -2.339 0.0000000000
94303  -17.452  15.909  -3.069 0.0000000000
142163  -17.214  15.229  -2.864 0.0000000000
92745  -17.144  13.280  -2.501 0.0000000000
93536  -19.488  13.903  -2.583 0.0000000000
92746  -19.732  13.282  -1.918 0.0000000000
137867  -20.660  12.579  -0.807 0.0000000000
91948  -21.522  12.779  -0.663 0.0000000000
128822  -21.284  12.046  -0.763 0.0000000000
89700  -19.677  9.840  -1.836 0.0000000000
89702  -21.421  9.839  -1.196 0.0000000000
90443  -20.843  10.605  -1.271 0.0000000000
90428  -21.752  10.588  -1.079 0.0000000000
91183  -22.142  11.336  -0.854 0.0000000000
90429  -22.594  10.533  -0.824 0.0000000000
88841  -22.917  8.858  -0.612 0.0000000000
88842  -23.561  8.543  -0.400 0.0000000000
88015  -22.985  7.252  -0.528 0.0000000000
121256  -21.434  3.959  -2.854 0.0000000000
138084  -20.662  5.341  -2.764 0.0000000000
121257  -20.926  5.312  -1.911 0.0000000000
138093  -21.204  5.909  -1.496 0.0000000000
138065  -21.626  5.080  -1.396 0.0000000000
138563  -22.922  4.762  -0.451 0.0000000000
88016  -23.657  6.947  -0.299 0.0000000000
138106  -24.113  6.266  -0.144 0.0000000000
121183  -24.377  5.352  0.049 0.0000000000
140606  -24.756  4.590  0.101 0.0000000000
121370  -25.147  3.987  0.188 0.0000000000
84878  -26.023  3.713  0.454 0.0000000000
83301  -23.557  1.119  -1.456 0.0000000000
83302  -23.914  0.916  -0.713 0.0000000000
82549  -25.214  0.068  -0.425 0.0000000000
83303  -24.782  0.824  -0.428 0.0000000000
84066  -26.504  1.755  0.008 0.0000000000
81751  -27.810  -0.872  -1.542 0.0000000000
81752  -28.426  -0.873  -1.956 0.0000000000
79447  -25.301  -2.401  -5.496 0.0000000000
79416  -25.975  -3.753  -4.104 0.0000000000
79430  -26.119  -3.115  -4.747 0.0000000000
79405  -25.370  -3.800  -2.706 0.0000000000
77667  -27.232  -5.918  -2.217 0.0000000000
79392  -25.737  -3.601  -1.506 0.0000000000
80224  -26.791  -3.584  -0.832 0.0000000000
80203  -27.136  -2.812  -0.785 0.0000000000
80225  -27.906  -3.338  -0.934 0.0000000000
79376  -28.815  -3.291  -0.546 0.0000000000
80205  -28.620  -2.433  -0.812 0.0000000000
71705  -27.282  -12.582  -0.352 0.0000000000
71691  -28.011  -12.313  0.346 0.0000000000
82585  -23.552  0.628  -4.909 0.0000000000
81807  -24.694  -0.788  -5.396 0.0000000000
81007  -25.165  -1.329  -5.028 0.0000000000
75028  -27.096  -8.684  -1.977 0.0000000000
121312  -28.384  -8.889  -0.668 0.0000000000
120999  -28.662  -8.737  0.081 0.0000000000
120998  -28.643  -9.587  0.516 0.0000000000
67363  -25.924  -17.720  0.672 0.0000000000
123363  -27.295  -17.768  1.566 0.0000000000
73432  -26.088  -10.198  -4.249 0.0000000000
72625  -25.294  -10.738  -2.899 0.0000000000
72606  -25.533  -11.373  -2.602 0.0000000000
93533  -15.264  14.732  -0.923 0.0000000000
91946  -18.785  12.792  -2.137 0.0000000000
91181  -19.273  12.133  -1.390 0.0000000000
91196  -20.147  11.404  -1.261 0.0000000000
133420  -20.193  9.186  -1.598 0.0000000000
88863  -20.989  8.950  -1.269 0.0000000000
89703  -22.027  9.126  -0.855 0.0000000000
129280  -21.674  8.265  -1.091 0.0000000000
88014  -22.171  7.582  -0.831 0.0000000000
121215  -21.764  4.017  -1.839 0.0000000000
121244  -22.344  4.503  -1.047 0.0000000000
138104  -23.766  4.521  -0.270 0.0000000000
122870  -23.607  3.621  -0.550 0.0000000000
140882  -24.101  3.181  -0.249 0.0000000000
82527  -26.362  0.032  -0.528 0.0000000000
81750  -26.763  -0.783  -0.725 0.0000000000
80962  -27.115  -1.534  -0.839 0.0000000000
79442  -26.133  -3.533  -5.382 0.0000000000
78589  -26.444  -4.386  -5.238 0.0000000000
78563  -26.519  -4.460  -4.372 0.0000000000
77656  -27.651  -5.589  -1.374 0.0000000000
78539  -27.935  -4.958  -0.945 0.0000000000
79395  -28.508  -4.018  -0.827 0.0000000000
79375  -28.809  -4.071  -0.744 0.0000000000
79364  -29.261  -3.361  0.179 0.0000000000
135530  -29.246  -4.072  0.283 0.0000000000
69945  -26.186  -14.871  -0.699 0.0000000000
69944  -25.534  -15.063  -1.518 0.0000000000
70815  -26.360  -13.905  -0.836 0.0000000000
70816  -27.123  -13.484  -0.300 0.0000000000
83335  -22.611  2.129  -3.712 0.0000000000
84102  -23.025  2.222  -2.859 0.0000000000
83320  -23.304  1.219  -2.630 0.0000000000
82567  -23.536  0.517  -1.986 0.0000000000
82580  -23.827  -0.090  -4.017 0.0000000000
81774  -23.687  -0.225  -1.968 0.0000000000
81791  -24.032  -1.120  -2.192 0.0000000000
80222  -24.930  -2.302  -1.361 0.0000000000
76816  -27.228  -6.814  -4.431 0.0000000000
77694  -27.100  -6.100  -4.076 0.0000000000
135263  -27.035  -6.650  -3.528 0.0000000000
76797  -27.213  -6.495  -2.368 0.0000000000
75040  -27.663  -7.939  -1.840 0.0000000000
76798  -27.898  -6.619  -1.646 0.0000000000
141808  -28.347  -6.482  -1.113 0.0000000000
76773  -29.262  -6.258  -0.357 0.0000000000
76763  -29.524  -5.969  0.351 0.0000000000
131328  -29.411  -6.692  0.302 0.0000000000
75009  -28.996  -8.239  0.661 0.0000000000
64699  -25.064  -21.070  1.056 0.0000000000
68234  -25.524  -16.253  -0.612 0.0000000000
68218  -25.852  -16.780  0.257 0.0000000000
69063  -26.192  -15.782  -0.076 0.0000000000
145610  -26.814  -15.699  0.504 0.0000000000
69048  -27.278  -15.254  0.784 0.0000000000
75978  -26.814  -7.475  -5.050 0.0000000000
75083  -26.994  -7.871  -4.431 0.0000000000
75069  -26.832  -8.606  -3.881 0.0000000000
121341  -26.724  -9.555  -3.529 0.0000000000
120983  -26.618  -9.255  -2.474 0.0000000000
120987  -26.997  -9.624  -1.935 0.0000000000
124216  -27.578  -10.086  -1.407 0.0000000000
73383  -27.503  -10.760  -0.944 0.0000000000
93534  -16.289  14.476  -2.338 0.0000000000
93552  -18.905  14.781  -2.921 0.0000000000
138380  -21.686  13.715  -0.753 0.0000000000
127418  -19.439  11.445  -1.597 0.0000000000
91184  -23.269  11.997  -0.343 0.0000000000
134041  -23.031  11.210  -0.564 0.0000000000
140459  -23.556  10.457  -0.441 0.0000000000
138094  -20.061  5.947  -2.924 0.0000000000
138082  -20.257  6.539  -2.325 0.0000000000
121233  -20.814  6.443  -1.707 0.0000000000
87243  -21.554  6.804  -1.280 0.0000000000
121314  -22.335  6.819  -0.771 0.0000000000
138054  -25.377  5.267  0.257 0.0000000000
121290  -25.737  4.527  0.353 0.0000000000
135196  -26.790  4.305  0.323 0.0000000000
84064  -24.238  2.453  -0.233 0.0000000000
83289  -24.431  1.600  -0.336 0.0000000000
84065  -25.267  2.188  0.035 0.0000000000
126972  -25.301  -1.853  -5.438 0.0000000000
140473  -25.554  -2.007  -5.082 0.0000000000
80251  -26.145  -3.012  -5.211 0.0000000000
80250  -25.790  -2.551  -4.856 0.0000000000
124976  -25.320  -1.949  -4.454 0.0000000000
77681  -26.885  -5.544  -3.834 0.0000000000
133584  -26.500  -5.045  -3.529 0.0000000000
77655  -26.931  -5.453  -1.940 0.0000000000
78537  -26.377  -4.934  -2.322 0.0000000000
142435  -25.778  -4.309  -2.184 0.0000000000
80223  -25.506  -2.749  -1.108 0.0000000000
80984  -26.343  -2.277  -0.715 0.0000000000
146820  -27.405  -2.117  -0.891 0.0000000000
71717  -26.179  -12.629  -1.721 0.0000000000
72591  -26.843  -11.829  -2.012 0.0000000000
72592  -27.445  -11.272  -1.705 0.0000000000
71690  -27.681  -13.092  0.163 0.0000000000
75068  -26.541  -9.042  -4.396 0.0000000000
75082  -26.582  -8.153  -4.588 0.0000000000
75979  -27.221  -7.325  -4.677 0.0000000000
76831  -27.188  -6.878  -5.043 0.0000000000
133029  -26.694  -5.270  -5.155 0.0000000000
142880  -22.658  2.491  -3.202 0.0000000000
142960  -25.631  -21.133  1.509 0.0000000000
145747  -26.421  -20.089  1.837 0.0000000000
146220  -26.972  -8.191  -4.188 0.0000000000
