#!ascii label  , from subject sub-v1s8x0051339_ses-1 vox2ras=TkReg
1053
48046  15.896  -35.529  76.613 0.0000000000
47912  27.420  -36.037  81.888 0.0000000000
146123  36.324  -15.036  61.390 0.0000000000
59210  27.551  -25.868  67.261 0.0000000000
52713  30.469  -30.474  75.306 0.0000000000
76912  49.611  -5.619  55.619 0.0000000000
63715  36.213  -18.546  62.905 0.0000000000
63721  31.205  -19.264  61.878 0.0000000000
49000  10.749  -35.830  75.436 0.0000000000
45951  22.682  -36.449  79.433 0.0000000000
45001  24.500  -37.343  76.625 0.0000000000
49906  20.044  -34.714  73.714 0.0000000000
73419  42.852  -9.441  59.468 0.0000000000
45939  18.400  -36.804  80.579 0.0000000000
46928  13.768  -35.519  80.311 0.0000000000
71655  40.159  -11.533  63.119 0.0000000000
146149  9.016  -35.553  80.703 0.0000000000
47950  4.099  -37.116  80.329 0.0000000000
63663  28.779  -20.086  66.682 0.0000000000
56321  30.030  -29.292  70.283 0.0000000000
52748  27.228  -32.119  71.845 0.0000000000
49915  26.641  -35.306  74.235 0.0000000000
126777  35.787  -18.220  65.093 0.0000000000
62871  34.343  -19.482  62.307 0.0000000000
64588  32.736  -18.127  64.190 0.0000000000
64573  37.929  -18.024  65.718 0.0000000000
49040  15.142  -35.913  73.515 0.0000000000
49042  12.815  -36.225  73.656 0.0000000000
48973  14.174  -34.885  76.313 0.0000000000
46991  18.488  -35.721  78.193 0.0000000000
48022  20.987  -35.661  77.196 0.0000000000
48994  17.578  -35.639  75.107 0.0000000000
125826  17.056  -35.415  72.441 0.0000000000
69093  36.231  -13.687  59.987 0.0000000000
68137  37.805  -15.181  63.839 0.0000000000
69964  38.117  -12.768  62.214 0.0000000000
70835  38.851  -11.209  60.490 0.0000000000
46884  13.019  -35.603  82.287 0.0000000000
47944  11.393  -35.289  80.419 0.0000000000
47915  10.304  -36.007  82.682 0.0000000000
46861  5.091  -35.796  85.478 0.0000000000
47919  5.579  -36.269  82.767 0.0000000000
46887  3.155  -36.999  83.635 0.0000000000
46889  1.187  -37.801  83.629 0.0000000000
45875  0.427  -37.613  85.899 0.0000000000
57262  30.206  -28.016  72.210 0.0000000000
133028  30.509  -30.002  72.065 0.0000000000
53662  30.226  -31.321  70.195 0.0000000000
52733  29.666  -31.575  72.372 0.0000000000
46047  23.919  -37.850  73.178 0.0000000000
47014  25.757  -37.023  75.005 0.0000000000
47041  24.535  -38.149  72.030 0.0000000000
49066  25.418  -36.415  71.698 0.0000000000
61084  27.555  -23.503  66.818 0.0000000000
62004  27.411  -21.705  64.406 0.0000000000
145054  26.321  -24.980  64.119 0.0000000000
80453  52.131  -1.846  53.495 0.0000000000
77803  50.200  -3.883  53.780 0.0000000000
66355  36.581  -17.417  61.882 0.0000000000
64626  35.344  -19.450  60.575 0.0000000000
65439  38.084  -17.317  64.579 0.0000000000
44917  25.116  -37.402  80.374 0.0000000000
46937  26.198  -37.053  79.293 0.0000000000
133190  23.706  -37.429  77.655 0.0000000000
47017  22.996  -36.572  74.758 0.0000000000
48086  21.739  -36.470  71.386 0.0000000000
73395  44.103  -8.956  61.692 0.0000000000
74238  45.053  -8.172  59.436 0.0000000000
74252  45.932  -7.587  57.688 0.0000000000
75132  47.127  -7.139  55.177 0.0000000000
131440  17.413  -36.423  79.230 0.0000000000
46979  15.130  -35.522  78.890 0.0000000000
45942  16.564  -36.208  80.747 0.0000000000
45952  20.176  -36.562  79.907 0.0000000000
125908  41.633  -10.038  61.275 0.0000000000
48002  12.775  -35.064  78.351 0.0000000000
47979  9.888  -35.426  78.279 0.0000000000
143218  7.145  -36.485  77.612 0.0000000000
47917  7.580  -35.842  82.732 0.0000000000
140420  6.479  -36.775  80.408 0.0000000000
44841  -2.355  -38.826  87.154 0.0000000000
65413  30.795  -17.985  66.261 0.0000000000
60081  27.799  -24.713  68.751 0.0000000000
59180  29.505  -26.007  70.414 0.0000000000
58240  29.553  -27.373  68.651 0.0000000000
55429  29.419  -29.833  68.502 0.0000000000
53674  28.065  -31.664  68.934 0.0000000000
52774  24.815  -31.987  69.120 0.0000000000
47994  27.333  -36.057  78.074 0.0000000000
50757  27.900  -33.903  77.049 0.0000000000
51700  28.674  -31.890  75.124 0.0000000000
51727  26.623  -32.922  73.413 0.0000000000
50800  25.046  -34.025  71.568 0.0000000000
143133  29.404  -19.002  64.305 0.0000000000
144643  28.039  -20.441  61.168 0.0000000000
63660  35.257  -17.931  65.624 0.0000000000
63673  34.822  -18.181  64.793 0.0000000000
63661  34.236  -17.678  65.269 0.0000000000
63658  36.754  -18.235  66.186 0.0000000000
48996  15.884  -35.771  75.564 0.0000000000
129388  14.327  -35.254  75.283 0.0000000000
149200  14.785  -35.236  76.288 0.0000000000
48024  17.314  -35.556  77.316 0.0000000000
48043  18.230  -35.332  77.185 0.0000000000
48044  17.449  -35.561  76.240 0.0000000000
49017  16.849  -35.654  74.129 0.0000000000
69084  36.365  -14.233  60.842 0.0000000000
67241  36.713  -15.337  62.162 0.0000000000
69066  37.774  -13.536  62.811 0.0000000000
68164  36.798  -14.292  61.715 0.0000000000
69979  37.546  -12.899  61.061 0.0000000000
46862  3.426  -36.028  85.550 0.0000000000
146362  4.082  -36.155  84.473 0.0000000000
142082  2.660  -36.978  84.411 0.0000000000
46888  2.452  -37.263  83.564 0.0000000000
46874  1.870  -37.324  84.722 0.0000000000
46875  1.278  -37.693  84.548 0.0000000000
55369  30.653  -29.713  73.073 0.0000000000
53645  30.365  -30.103  73.379 0.0000000000
144993  30.494  -31.156  72.256 0.0000000000
124996  29.407  -30.849  73.017 0.0000000000
48930  28.566  -35.084  81.461 0.0000000000
46066  23.659  -38.411  72.249 0.0000000000
46064  24.066  -38.451  72.585 0.0000000000
134587  23.704  -38.935  71.250 0.0000000000
47078  24.063  -38.586  70.588 0.0000000000
60110  27.360  -24.420  66.605 0.0000000000
61085  27.320  -23.680  65.977 0.0000000000
143542  49.336  -5.998  56.999 0.0000000000
76902  50.356  -5.386  56.961 0.0000000000
77794  50.605  -4.469  55.558 0.0000000000
78670  50.890  -3.518  54.253 0.0000000000
77798  49.664  -4.612  54.210 0.0000000000
64618  36.373  -18.820  62.128 0.0000000000
65460  35.935  -18.630  60.873 0.0000000000
63730  36.040  -19.811  61.935 0.0000000000
63719  32.682  -19.150  62.390 0.0000000000
149223  33.322  -19.477  61.608 0.0000000000
63734  31.844  -19.537  61.367 0.0000000000
64587  37.180  -18.213  64.492 0.0000000000
64609  37.113  -17.965  63.670 0.0000000000
65447  37.222  -17.550  63.476 0.0000000000
49022  11.560  -35.792  74.846 0.0000000000
49001  9.799  -36.227  75.653 0.0000000000
44938  23.743  -36.967  79.404 0.0000000000
138128  24.833  -37.939  78.833 0.0000000000
45968  23.535  -36.911  78.807 0.0000000000
48991  20.439  -35.347  75.460 0.0000000000
48021  21.972  -35.989  76.577 0.0000000000
48990  21.478  -35.591  74.987 0.0000000000
48058  22.408  -36.084  74.321 0.0000000000
49037  20.942  -34.830  73.237 0.0000000000
49928  19.336  -34.833  72.257 0.0000000000
54556  28.296  -30.305  66.159 0.0000000000
73409  43.339  -9.272  60.345 0.0000000000
73416  44.481  -8.490  60.170 0.0000000000
73418  43.714  -9.078  59.462 0.0000000000
141390  44.892  -8.254  57.619 0.0000000000
74262  45.029  -7.984  56.269 0.0000000000
74273  46.627  -7.175  56.221 0.0000000000
45974  18.032  -36.605  79.737 0.0000000000
46938  16.717  -36.169  79.965 0.0000000000
45941  17.197  -36.427  80.760 0.0000000000
45938  18.998  -37.003  80.453 0.0000000000
45973  18.639  -36.715  79.610 0.0000000000
72550  42.283  -10.218  62.751 0.0000000000
71663  40.989  -10.752  62.385 0.0000000000
71698  38.952  -10.884  59.561 0.0000000000
47958  13.936  -35.399  79.487 0.0000000000
48001  13.734  -35.036  78.203 0.0000000000
143144  13.013  -35.379  79.599 0.0000000000
130876  9.685  -35.530  80.527 0.0000000000
123530  10.521  -35.069  79.230 0.0000000000
143616  9.457  -35.461  79.740 0.0000000000
47980  8.935  -35.933  77.979 0.0000000000
47963  8.026  -35.954  79.214 0.0000000000
47902  7.722  -35.594  83.985 0.0000000000
47932  5.199  -36.804  81.768 0.0000000000
47931  6.237  -36.610  81.945 0.0000000000
47949  4.912  -37.027  80.054 0.0000000000
127991  5.798  -36.796  78.867 0.0000000000
61046  27.853  -23.688  69.057 0.0000000000
56312  30.143  -28.429  71.124 0.0000000000
58220  29.680  -26.596  71.163 0.0000000000
57284  29.887  -27.803  69.890 0.0000000000
58233  29.292  -26.359  68.863 0.0000000000
57298  29.781  -28.027  69.303 0.0000000000
56342  29.304  -28.695  68.067 0.0000000000
55428  29.600  -29.745  69.109 0.0000000000
52758  29.016  -32.096  70.813 0.0000000000
125750  29.035  -31.482  68.938 0.0000000000
52772  27.570  -31.871  69.840 0.0000000000
53676  25.887  -31.578  69.409 0.0000000000
52761  25.912  -31.747  70.437 0.0000000000
45985  25.009  -37.342  77.905 0.0000000000
46951  26.718  -36.418  78.387 0.0000000000
46988  25.957  -36.843  77.462 0.0000000000
49012  26.415  -36.438  74.937 0.0000000000
48988  27.303  -35.732  76.574 0.0000000000
49898  27.367  -35.109  75.869 0.0000000000
51688  28.307  -32.709  75.965 0.0000000000
50772  27.557  -33.294  75.452 0.0000000000
51714  27.883  -32.304  74.098 0.0000000000
50780  26.650  -34.444  74.041 0.0000000000
49067  25.342  -36.592  70.749 0.0000000000
49936  25.542  -35.252  71.287 0.0000000000
64563  29.728  -19.048  66.575 0.0000000000
65424  30.302  -18.180  64.982 0.0000000000
64564  29.215  -19.495  66.160 0.0000000000
62017  26.690  -22.375  62.435 0.0000000000
62874  27.498  -20.865  62.525 0.0000000000
80458  52.483  -1.234  53.066 0.0000000000
63686  36.538  -18.492  64.122 0.0000000000
123673  35.670  -19.261  62.622 0.0000000000
124499  34.913  -18.854  63.615 0.0000000000
63703  33.147  -18.957  62.954 0.0000000000
63704  32.208  -18.866  62.762 0.0000000000
63656  37.844  -18.126  66.501 0.0000000000
63671  37.353  -18.291  65.640 0.0000000000
49041  13.459  -36.262  73.422 0.0000000000
49020  13.403  -35.722  74.338 0.0000000000
48999  12.430  -35.243  75.528 0.0000000000
148671  20.483  -36.315  78.846 0.0000000000
46973  21.317  -36.142  78.452 0.0000000000
133416  20.061  -35.591  77.659 0.0000000000
48992  19.341  -35.351  75.703 0.0000000000
124240  18.564  -35.320  74.756 0.0000000000
49929  18.564  -34.794  72.406 0.0000000000
49038  17.343  -35.266  73.281 0.0000000000
49058  15.658  -35.979  72.512 0.0000000000
73427  41.825  -9.422  58.321 0.0000000000
44892  18.246  -36.933  81.519 0.0000000000
68129  38.471  -14.060  64.399 0.0000000000
69948  38.869  -12.466  63.332 0.0000000000
70808  39.405  -11.738  62.619 0.0000000000
70820  39.505  -11.259  61.703 0.0000000000
132868  38.482  -12.138  61.697 0.0000000000
69989  37.447  -12.465  60.252 0.0000000000
141721  13.055  -35.543  81.118 0.0000000000
47943  12.054  -35.297  80.498 0.0000000000
47928  12.172  -35.415  81.093 0.0000000000
130877  10.543  -35.680  81.305 0.0000000000
47946  9.223  -35.698  81.305 0.0000000000
142809  6.958  -35.586  84.074 0.0000000000
46885  4.794  -35.930  84.164 0.0000000000
47905  4.625  -36.278  83.348 0.0000000000
135991  3.540  -37.181  82.253 0.0000000000
46915  2.564  -37.479  81.935 0.0000000000
56299  30.585  -29.389  72.396 0.0000000000
55405  30.356  -29.711  70.570 0.0000000000
54524  30.490  -30.322  70.043 0.0000000000
53660  31.151  -30.727  70.997 0.0000000000
52746  30.272  -31.569  71.661 0.0000000000
124224  28.397  -32.114  72.305 0.0000000000
46031  24.271  -36.964  74.695 0.0000000000
127594  25.161  -37.183  75.837 0.0000000000
46029  24.865  -36.891  74.667 0.0000000000
127222  24.839  -36.913  73.456 0.0000000000
49035  25.649  -36.288  73.356 0.0000000000
49926  25.739  -35.863  72.756 0.0000000000
48100  25.101  -37.087  72.020 0.0000000000
48115  24.962  -37.307  70.286 0.0000000000
145258  28.098  -21.559  66.901 0.0000000000
62842  28.123  -21.009  65.716 0.0000000000
61995  27.557  -21.926  65.363 0.0000000000
141401  26.762  -23.272  64.504 0.0000000000
78668  52.090  -2.557  54.397 0.0000000000
78676  50.761  -3.304  53.507 0.0000000000
66369  36.211  -17.000  61.276 0.0000000000
67243  35.769  -16.518  60.674 0.0000000000
66370  35.848  -17.401  60.711 0.0000000000
63732  34.569  -19.785  61.312 0.0000000000
63743  34.188  -19.713  60.652 0.0000000000
65420  38.872  -16.973  66.527 0.0000000000
66332  38.846  -16.444  65.628 0.0000000000
67202  38.776  -15.713  65.284 0.0000000000
67213  37.957  -15.954  64.168 0.0000000000
67227  36.999  -16.133  62.755 0.0000000000
140552  26.060  -37.036  80.912 0.0000000000
47941  26.889  -36.615  80.333 0.0000000000
45934  25.699  -37.268  79.560 0.0000000000
44953  24.937  -38.224  78.144 0.0000000000
44985  24.675  -37.716  77.363 0.0000000000
46971  23.139  -36.456  77.461 0.0000000000
46989  23.258  -36.581  76.550 0.0000000000
46016  23.998  -36.914  76.027 0.0000000000
47016  23.458  -37.184  73.753 0.0000000000
47028  23.474  -37.467  72.695 0.0000000000
142129  22.315  -37.504  71.005 0.0000000000
74236  46.416  -7.546  59.360 0.0000000000
74247  44.678  -8.471  58.272 0.0000000000
74245  45.811  -7.810  58.921 0.0000000000
74244  46.571  -7.516  58.826 0.0000000000
75114  47.179  -6.841  57.919 0.0000000000
75120  48.005  -6.554  56.572 0.0000000000
76033  48.555  -6.455  55.364 0.0000000000
76039  48.753  -5.906  54.307 0.0000000000
46993  16.818  -35.648  78.249 0.0000000000
47999  15.383  -35.279  78.028 0.0000000000
46978  16.091  -35.502  79.050 0.0000000000
46958  15.931  -35.769  79.693 0.0000000000
46927  14.878  -35.622  80.546 0.0000000000
45924  16.894  -36.429  81.191 0.0000000000
135478  14.883  -35.639  81.166 0.0000000000
46883  14.116  -35.665  82.322 0.0000000000
47898  27.470  -36.057  82.756 0.0000000000
45895  25.513  -36.968  81.855 0.0000000000
44901  24.682  -37.478  80.771 0.0000000000
44920  23.256  -36.860  80.402 0.0000000000
44921  22.318  -36.288  80.342 0.0000000000
125994  21.349  -36.400  79.711 0.0000000000
46956  19.027  -36.567  79.214 0.0000000000
46975  18.225  -36.464  78.859 0.0000000000
72538  43.761  -9.539  63.182 0.0000000000
72564  42.920  -9.610  61.056 0.0000000000
72597  42.001  -9.746  59.767 0.0000000000
71688  40.107  -10.560  60.619 0.0000000000
72599  40.380  -10.242  60.004 0.0000000000
128569  41.255  -9.715  58.787 0.0000000000
48027  14.721  -35.120  77.124 0.0000000000
48959  13.075  -34.752  77.465 0.0000000000
48960  12.085  -35.058  77.528 0.0000000000
47959  12.037  -35.288  79.869 0.0000000000
48952  10.827  -34.990  78.406 0.0000000000
48976  10.420  -35.552  76.501 0.0000000000
48977  9.597  -35.944  76.591 0.0000000000
48005  7.847  -36.406  77.035 0.0000000000
47916  9.446  -36.036  82.783 0.0000000000
47929  8.438  -35.971  81.553 0.0000000000
124242  7.172  -36.281  82.014 0.0000000000
47948  7.333  -36.422  80.407 0.0000000000
144542  6.565  -36.494  78.747 0.0000000000
145286  -0.784  -38.027  86.625 0.0000000000
65411  32.577  -16.526  66.419 0.0000000000
62819  28.483  -21.193  67.802 0.0000000000
61962  28.225  -22.086  68.081 0.0000000000
133009  27.643  -23.471  67.610 0.0000000000
59198  27.616  -25.247  67.743 0.0000000000
59181  29.098  -25.695  69.427 0.0000000000
125063  28.581  -26.027  68.438 0.0000000000
58252  27.838  -26.777  67.344 0.0000000000
57326  28.226  -27.672  67.361 0.0000000000
55442  28.536  -29.716  67.115 0.0000000000
54545  28.620  -30.359  67.247 0.0000000000
54530  29.711  -30.471  69.068 0.0000000000
53696  28.987  -30.705  67.887 0.0000000000
53697  28.394  -30.890  67.153 0.0000000000
146875  26.722  -31.600  67.428 0.0000000000
52793  25.414  -32.227  67.577 0.0000000000
52703  30.408  -31.085  76.227 0.0000000000
132707  27.598  -35.857  79.453 0.0000000000
48942  27.912  -35.234  79.364 0.0000000000
49882  28.020  -34.615  78.431 0.0000000000
48020  26.537  -36.598  77.182 0.0000000000
134486  27.692  -35.394  77.348 0.0000000000
141016  28.624  -33.367  78.107 0.0000000000
51676  29.114  -32.391  77.196 0.0000000000
125279  29.055  -31.815  75.971 0.0000000000
125078  29.437  -30.942  74.993 0.0000000000
51713  28.647  -31.891  74.102 0.0000000000
52735  28.382  -32.073  73.228 0.0000000000
140311  26.630  -32.578  72.755 0.0000000000
50789  25.860  -34.312  72.772 0.0000000000
51729  25.476  -33.677  72.413 0.0000000000
52750  25.238  -32.367  71.824 0.0000000000
52763  24.506  -32.367  70.673 0.0000000000
64575  31.808  -17.425  64.653 0.0000000000
64590  30.702  -18.229  63.970 0.0000000000
64602  30.692  -18.656  63.209 0.0000000000
63692  28.284  -20.313  64.264 0.0000000000
63707  29.033  -19.454  62.840 0.0000000000
63722  30.290  -19.474  61.838 0.0000000000
76919  48.913  -5.354  53.614 0.0000000000
64559  34.669  -17.401  66.098 0.0000000000
63644  35.656  -17.781  66.400 0.0000000000
48997  15.188  -35.553  75.883 0.0000000000
48025  16.576  -35.494  77.333 0.0000000000
48045  16.638  -35.691  76.386 0.0000000000
68165  35.869  -15.378  60.612 0.0000000000
69085  35.865  -14.532  59.982 0.0000000000
68155  37.191  -14.311  62.563 0.0000000000
46845  3.200  -36.104  86.423 0.0000000000
127697  2.741  -36.597  85.197 0.0000000000
125391  2.061  -36.993  85.232 0.0000000000
136646  1.679  -36.997  85.787 0.0000000000
53637  30.780  -29.993  74.502 0.0000000000
143880  30.917  -29.752  74.063 0.0000000000
53638  30.273  -30.260  74.034 0.0000000000
133026  29.892  -30.418  72.972 0.0000000000
52723  29.575  -30.628  74.328 0.0000000000
48923  28.730  -35.109  82.376 0.0000000000
47926  28.112  -35.602  81.696 0.0000000000
47042  23.332  -37.785  71.717 0.0000000000
46082  23.543  -38.883  71.795 0.0000000000
142171  27.460  -25.055  67.103 0.0000000000
76903  49.768  -5.681  56.553 0.0000000000
76911  50.209  -5.180  56.060 0.0000000000
76914  49.933  -4.871  55.173 0.0000000000
64610  36.358  -18.441  62.858 0.0000000000
64619  36.143  -19.394  61.685 0.0000000000
64611  36.196  -19.197  62.223 0.0000000000
63720  32.016  -19.248  62.154 0.0000000000
145902  31.396  -19.718  60.861 0.0000000000
63735  30.837  -19.709  61.110 0.0000000000
63700  36.684  -18.395  63.832 0.0000000000
64599  37.298  -18.030  64.312 0.0000000000
64600  36.768  -18.262  63.682 0.0000000000
48049  10.098  -36.844  74.819 0.0000000000
45969  22.789  -36.400  78.753 0.0000000000
49014  20.753  -35.078  74.377 0.0000000000
49013  21.668  -35.489  73.788 0.0000000000
49927  20.091  -34.710  72.691 0.0000000000
74274  45.493  -7.811  55.390 0.0000000000
45955  17.985  -36.520  80.237 0.0000000000
126299  17.487  -36.409  80.400 0.0000000000
45940  17.821  -36.494  80.702 0.0000000000
45954  18.536  -36.813  80.091 0.0000000000
143611  40.751  -11.111  62.841 0.0000000000
72551  41.465  -10.782  63.018 0.0000000000
46940  14.423  -35.558  79.978 0.0000000000
148282  13.595  -35.462  79.903 0.0000000000
124888  8.812  -35.750  79.034 0.0000000000
47962  8.767  -35.610  80.019 0.0000000000
147665  7.480  -35.634  84.561 0.0000000000
47921  4.117  -37.101  81.410 0.0000000000
138438  4.826  -37.024  80.904 0.0000000000
148020  30.026  -28.733  70.524 0.0000000000
58225  29.961  -28.052  70.477 0.0000000000
57283  29.866  -28.616  69.926 0.0000000000
56333  29.713  -28.747  69.241 0.0000000000
56332  29.780  -29.388  69.603 0.0000000000
52759  27.983  -32.069  70.738 0.0000000000
52771  28.721  -31.965  69.812 0.0000000000
52760  26.887  -31.981  70.691 0.0000000000
52773  26.648  -31.724  69.896 0.0000000000
44983  24.997  -37.388  77.095 0.0000000000
45984  25.404  -37.104  77.749 0.0000000000
46014  25.159  -37.279  76.707 0.0000000000
127973  26.562  -35.932  74.602 0.0000000000
49905  27.023  -35.312  74.988 0.0000000000
50765  27.278  -34.388  75.296 0.0000000000
137399  26.956  -34.690  74.625 0.0000000000
50773  27.010  -33.718  74.706 0.0000000000
127729  29.216  -19.590  66.613 0.0000000000
63672  36.232  -18.449  64.564 0.0000000000
63687  35.733  -18.819  63.579 0.0000000000
127501  35.352  -18.549  64.272 0.0000000000
63674  33.819  -18.036  64.428 0.0000000000
63689  33.450  -18.573  63.741 0.0000000000
63690  32.464  -18.554  63.439 0.0000000000
63640  37.902  -18.066  66.931 0.0000000000
143672  36.539  -18.327  65.464 0.0000000000
144487  36.952  -18.355  65.769 0.0000000000
143319  36.841  -18.422  65.031 0.0000000000
48998  13.358  -35.175  75.376 0.0000000000
127427  13.284  -34.782  76.439 0.0000000000
46974  19.727  -36.294  78.845 0.0000000000
47996  20.551  -35.926  78.246 0.0000000000
47997  19.490  -35.822  78.296 0.0000000000
48993  18.347  -35.318  75.987 0.0000000000
48042  19.019  -35.277  76.667 0.0000000000
49016  17.702  -35.352  74.173 0.0000000000
49018  15.934  -35.765  74.453 0.0000000000
127226  16.000  -35.696  73.491 0.0000000000
67208  38.411  -15.094  64.635 0.0000000000
148267  38.119  -14.501  64.010 0.0000000000
69949  38.326  -12.946  63.063 0.0000000000
70809  38.676  -12.252  62.449 0.0000000000
69965  37.969  -12.611  61.538 0.0000000000
69980  36.907  -13.278  60.553 0.0000000000
69990  36.740  -12.931  59.681 0.0000000000
46901  12.563  -35.592  81.679 0.0000000000
125145  10.777  -35.800  81.877 0.0000000000
141781  10.054  -35.708  81.131 0.0000000000
124890  9.918  -35.873  81.889 0.0000000000
47880  6.098  -35.944  85.029 0.0000000000
46886  3.771  -36.490  83.988 0.0000000000
46902  3.777  -36.898  83.141 0.0000000000
141963  3.227  -37.334  81.429 0.0000000000
46903  2.963  -37.230  82.913 0.0000000000
141804  1.800  -37.533  83.364 0.0000000000
46904  2.127  -37.478  82.752 0.0000000000
46863  0.522  -37.906  85.132 0.0000000000
56298  30.788  -29.314  73.088 0.0000000000
55381  30.507  -29.811  72.050 0.0000000000
55392  30.504  -29.779  71.270 0.0000000000
54517  30.734  -30.353  71.190 0.0000000000
55393  30.626  -30.160  70.555 0.0000000000
54511  30.956  -30.551  71.092 0.0000000000
52732  30.231  -31.113  72.274 0.0000000000
53654  30.840  -31.056  71.623 0.0000000000
52747  29.352  -32.041  71.754 0.0000000000
52734  29.084  -31.903  72.575 0.0000000000
142685  23.919  -37.352  74.068 0.0000000000
46030  24.531  -36.968  74.526 0.0000000000
46046  24.255  -37.569  73.520 0.0000000000
47027  24.563  -37.600  72.756 0.0000000000
47040  24.768  -37.462  72.446 0.0000000000
48085  25.027  -36.716  72.953 0.0000000000
49051  25.340  -36.428  72.483 0.0000000000
47059  24.803  -37.903  71.709 0.0000000000
47077  24.694  -38.112  70.935 0.0000000000
61976  27.769  -22.462  67.019 0.0000000000
62832  27.885  -21.734  66.351 0.0000000000
61986  27.556  -22.697  66.184 0.0000000000
61098  26.775  -23.845  65.157 0.0000000000
60135  26.457  -24.121  64.061 0.0000000000
127686  51.231  -3.074  53.957 0.0000000000
77809  50.113  -3.766  52.741 0.0000000000
65459  36.248  -18.017  61.145 0.0000000000
65461  35.545  -18.857  60.365 0.0000000000
64633  34.901  -19.051  59.846 0.0000000000
64627  34.606  -19.590  60.237 0.0000000000
63717  35.194  -19.660  62.253 0.0000000000
63718  34.720  -19.719  61.853 0.0000000000
63744  33.020  -19.514  60.379 0.0000000000
63733  33.681  -19.633  61.124 0.0000000000
63757  32.856  -19.495  59.579 0.0000000000
64557  38.278  -17.810  66.722 0.0000000000
64556  38.861  -17.253  66.997 0.0000000000
64572  38.200  -17.859  66.123 0.0000000000
65432  38.425  -17.269  65.341 0.0000000000
66333  38.491  -16.623  64.966 0.0000000000
136944  38.369  -16.014  64.681 0.0000000000
66339  38.080  -16.697  64.366 0.0000000000
141662  36.794  -17.568  62.645 0.0000000000
66354  37.203  -16.850  63.120 0.0000000000
148041  36.880  -16.931  62.465 0.0000000000
67228  36.620  -16.494  61.972 0.0000000000
45921  25.608  -37.258  81.155 0.0000000000
130104  25.716  -37.320  80.337 0.0000000000
45935  25.301  -37.343  79.993 0.0000000000
44954  24.834  -38.266  78.623 0.0000000000
148680  23.812  -37.888  78.041 0.0000000000
44969  24.872  -38.303  78.011 0.0000000000
45986  23.968  -37.635  77.651 0.0000000000
47995  21.679  -35.926  77.608 0.0000000000
46972  22.326  -36.074  77.910 0.0000000000
47005  22.798  -36.326  75.970 0.0000000000
47004  23.169  -36.511  75.496 0.0000000000
46017  23.643  -36.834  76.271 0.0000000000
46033  23.702  -36.710  75.194 0.0000000000
149022  23.430  -36.781  74.599 0.0000000000
48072  22.423  -36.019  72.927 0.0000000000
47029  23.085  -36.682  73.494 0.0000000000
47043  22.956  -36.821  72.122 0.0000000000
49919  17.724  -35.020  72.453 0.0000000000
49055  18.074  -35.173  71.744 0.0000000000
49056  17.320  -35.659  71.642 0.0000000000
73384  44.261  -9.032  62.644 0.0000000000
74232  45.100  -7.940  60.405 0.0000000000
74231  45.748  -7.381  60.686 0.0000000000
74237  45.810  -7.685  59.767 0.0000000000
135799  43.634  -8.701  57.305 0.0000000000
73432  43.932  -8.793  58.114 0.0000000000
74253  45.285  -7.955  57.242 0.0000000000
130170  45.407  -7.994  58.132 0.0000000000
141250  46.079  -7.639  58.372 0.0000000000
74251  46.563  -7.316  58.184 0.0000000000
75107  47.108  -7.043  58.687 0.0000000000
75121  47.276  -6.730  56.981 0.0000000000
145056  47.395  -6.799  56.144 0.0000000000
147635  48.535  -6.486  56.118 0.0000000000
139878  47.924  -6.686  55.711 0.0000000000
46994  16.217  -35.400  78.453 0.0000000000
46977  16.861  -36.003  78.948 0.0000000000
46939  16.257  -36.020  80.290 0.0000000000
124145  15.396  -35.736  80.129 0.0000000000
46926  15.879  -35.831  80.631 0.0000000000
133490  17.584  -36.609  81.387 0.0000000000
45912  16.353  -36.237  81.581 0.0000000000
46913  15.725  -35.841  81.441 0.0000000000
46899  14.979  -35.698  81.835 0.0000000000
46900  13.811  -35.622  81.578 0.0000000000
46879  25.943  -36.549  82.286 0.0000000000
124900  23.889  -37.266  80.503 0.0000000000
44922  20.218  -36.532  80.646 0.0000000000
45936  21.016  -36.435  80.190 0.0000000000
45971  20.565  -36.491  79.497 0.0000000000
45972  19.550  -36.630  79.616 0.0000000000
46957  17.951  -36.635  79.286 0.0000000000
146998  18.402  -36.657  79.283 0.0000000000
46976  17.481  -36.291  78.870 0.0000000000
46992  17.584  -35.817  78.241 0.0000000000
66384  35.202  -17.131  59.989 0.0000000000
72565  42.419  -9.815  61.766 0.0000000000
138118  42.302  -9.790  60.969 0.0000000000
72586  41.774  -9.875  60.507 0.0000000000
70821  38.895  -11.518  61.289 0.0000000000
71689  39.515  -10.972  60.930 0.0000000000
71697  39.846  -10.400  59.171 0.0000000000
124669  40.753  -9.964  59.320 0.0000000000
72609  40.447  -9.957  58.509 0.0000000000
48000  14.548  -35.205  78.060 0.0000000000
47978  11.516  -35.102  79.254 0.0000000000
48961  11.114  -35.107  77.508 0.0000000000
48962  10.164  -35.426  77.446 0.0000000000
48003  9.455  -35.751  77.411 0.0000000000
47981  8.010  -36.079  78.233 0.0000000000
140794  7.920  -35.680  83.378 0.0000000000
123994  8.509  -35.886  82.941 0.0000000000
124889  8.939  -35.992  82.109 0.0000000000
124882  8.043  -36.032  82.114 0.0000000000
137826  6.335  -35.844  83.461 0.0000000000
140393  5.780  -36.953  80.902 0.0000000000
129756  6.819  -36.656  81.193 0.0000000000
47930  7.703  -36.302  81.349 0.0000000000
47964  7.271  -36.232  79.436 0.0000000000
47965  6.556  -36.624  79.631 0.0000000000
45855  -0.365  -37.811  86.718 0.0000000000
147506  -0.177  -37.703  87.224 0.0000000000
147708  -1.101  -37.991  87.254 0.0000000000
44845  -1.563  -38.279  86.944 0.0000000000
64543  29.820  -19.199  67.502 0.0000000000
62804  28.707  -21.488  68.640 0.0000000000
61057  27.833  -23.009  68.259 0.0000000000
60082  27.648  -23.897  68.320 0.0000000000
60089  27.629  -24.541  68.022 0.0000000000
59197  27.896  -25.445  68.389 0.0000000000
148817  29.397  -25.843  69.853 0.0000000000
58241  29.023  -26.719  68.147 0.0000000000
58242  28.050  -26.172  67.973 0.0000000000
58251  28.473  -26.989  67.742 0.0000000000
57313  29.126  -27.754  67.893 0.0000000000
55441  29.172  -29.414  67.938 0.0000000000
55430  29.059  -30.135  67.922 0.0000000000
146257  30.675  -30.431  70.152 0.0000000000
142055  30.042  -30.403  69.597 0.0000000000
128368  30.275  -30.539  69.747 0.0000000000
53684  29.334  -31.000  68.463 0.0000000000
53685  28.531  -31.288  68.031 0.0000000000
53698  27.617  -31.365  67.221 0.0000000000
53686  27.340  -31.507  68.098 0.0000000000
53688  25.379  -31.691  68.707 0.0000000000
53700  25.499  -31.786  67.910 0.0000000000
52783  24.968  -32.149  68.173 0.0000000000
51773  24.632  -32.730  68.642 0.0000000000
46924  26.444  -36.984  79.840 0.0000000000
47940  27.560  -36.125  80.170 0.0000000000
47957  26.906  -36.467  79.517 0.0000000000
146754  27.239  -36.089  78.428 0.0000000000
47974  27.188  -36.089  78.859 0.0000000000
48950  27.590  -35.747  78.532 0.0000000000
48949  27.891  -35.058  78.794 0.0000000000
48958  27.795  -35.410  78.259 0.0000000000
47015  25.341  -37.091  75.377 0.0000000000
138125  26.073  -36.948  76.586 0.0000000000
136092  25.851  -37.133  75.772 0.0000000000
49897  27.715  -34.819  76.765 0.0000000000
49890  27.918  -34.435  77.546 0.0000000000
49889  28.129  -34.074  78.104 0.0000000000
131302  28.467  -33.305  77.474 0.0000000000
51687  28.812  -32.503  76.680 0.0000000000
52715  29.748  -31.248  75.895 0.0000000000
145244  29.220  -31.382  75.313 0.0000000000
51699  28.969  -31.333  74.466 0.0000000000
51715  26.907  -32.949  74.183 0.0000000000
51726  27.419  -32.471  73.494 0.0000000000
52736  27.568  -32.318  72.810 0.0000000000
148731  27.098  -32.564  73.133 0.0000000000
131083  25.909  -35.093  72.738 0.0000000000
49935  25.691  -35.628  71.928 0.0000000000
139244  24.848  -32.998  72.029 0.0000000000
52737  25.647  -32.893  72.569 0.0000000000
51741  24.724  -32.488  71.399 0.0000000000
51740  24.517  -33.071  71.228 0.0000000000
65412  31.541  -17.045  66.324 0.0000000000
64561  32.260  -16.895  65.475 0.0000000000
65422  31.426  -17.310  65.522 0.0000000000
64591  29.830  -18.548  64.695 0.0000000000
64576  31.009  -17.835  64.439 0.0000000000
149178  30.042  -18.555  63.869 0.0000000000
62851  27.775  -21.014  64.841 0.0000000000
63676  28.343  -20.430  65.143 0.0000000000
63724  28.106  -20.143  61.917 0.0000000000
63708  28.204  -20.046  63.074 0.0000000000
146195  28.595  -19.792  62.473 0.0000000000
63723  29.224  -19.770  61.992 0.0000000000
62885  28.636  -20.011  61.079 0.0000000000
81335  53.162  -0.498  53.041 0.0000000000
81340  52.509  -0.565  52.273 0.0000000000
81342  53.236  0.127  52.302 0.0000000000
76048  48.329  -6.372  53.440 0.0000000000
63659  36.112  -18.218  65.975 0.0000000000
49019  15.012  -35.662  74.671 0.0000000000
146188  14.621  -35.923  73.867 0.0000000000
48023  19.203  -35.390  77.517 0.0000000000
48995  16.726  -35.824  75.323 0.0000000000
68138  37.217  -15.199  63.106 0.0000000000
68154  37.673  -14.394  63.385 0.0000000000
133130  37.480  -13.404  61.888 0.0000000000
69083  37.038  -13.605  61.221 0.0000000000
125929  12.333  -35.756  83.005 0.0000000000
47913  11.950  -35.808  82.387 0.0000000000
133778  11.391  -35.966  83.002 0.0000000000
46873  3.453  -36.318  84.757 0.0000000000
128042  1.917  -37.456  84.085 0.0000000000
125931  1.319  -37.425  85.370 0.0000000000
46848  1.029  -37.208  86.093 0.0000000000
54504  31.144  -29.549  74.234 0.0000000000
54505  30.545  -29.901  73.135 0.0000000000
53652  30.413  -30.330  72.305 0.0000000000
53653  30.760  -30.623  71.701 0.0000000000
53646  30.270  -30.498  72.705 0.0000000000
46065  23.808  -38.678  72.412 0.0000000000
46081  23.921  -39.084  72.048 0.0000000000
47060  24.339  -38.792  71.604 0.0000000000
60111  26.925  -24.572  65.827 0.0000000000
76015  49.008  -5.995  57.837 0.0000000000
76014  49.738  -5.659  57.475 0.0000000000
77796  51.067  -3.787  55.066 0.0000000000
77797  50.394  -4.138  54.682 0.0000000000
65452  36.521  -18.202  61.979 0.0000000000
65453  36.229  -18.802  61.418 0.0000000000
64620  35.679  -19.637  61.332 0.0000000000
62872  33.434  -19.334  62.239 0.0000000000
62873  32.674  -19.389  61.827 0.0000000000
142112  32.749  -19.542  61.148 0.0000000000
124328  31.885  -19.645  60.485 0.0000000000
63684  37.535  -18.200  65.284 0.0000000000
64585  38.101  -17.825  65.504 0.0000000000
65433  37.872  -17.776  64.804 0.0000000000
65440  37.503  -17.701  64.169 0.0000000000
66340  37.692  -17.258  64.096 0.0000000000
65448  36.592  -18.150  62.807 0.0000000000
49021  12.424  -35.820  74.387 0.0000000000
44918  24.577  -37.298  79.985 0.0000000000
44936  24.938  -37.126  79.378 0.0000000000
44937  24.577  -37.128  79.082 0.0000000000
44955  23.824  -37.157  78.871 0.0000000000
45988  23.412  -36.942  78.040 0.0000000000
48041  21.242  -35.612  76.095 0.0000000000
48040  22.200  -36.082  75.497 0.0000000000
49036  21.522  -35.550  72.422 0.0000000000
49052  20.804  -35.763  71.227 0.0000000000
136004  20.743  -35.077  72.162 0.0000000000
49053  19.830  -35.353  71.562 0.0000000000
55456  28.112  -29.733  65.898 0.0000000000
73396  43.485  -9.319  61.296 0.0000000000
73408  43.975  -8.898  60.769 0.0000000000
143592  43.969  -8.883  60.021 0.0000000000
73417  44.372  -8.687  59.450 0.0000000000
139593  44.339  -8.492  57.490 0.0000000000
74254  44.680  -8.244  56.892 0.0000000000
74261  45.823  -7.578  56.616 0.0000000000
74260  46.541  -7.168  57.322 0.0000000000
148420  46.027  -7.489  55.874 0.0000000000
142190  46.223  -7.513  55.163 0.0000000000
132299  17.590  -36.473  79.491 0.0000000000
124735  16.899  -36.170  79.484 0.0000000000
45956  17.416  -36.383  79.927 0.0000000000
45957  16.941  -36.311  80.356 0.0000000000
45937  19.766  -36.718  80.320 0.0000000000
45953  19.229  -36.810  80.003 0.0000000000
72566  41.589  -10.301  62.146 0.0000000000
143467  40.890  -10.476  61.678 0.0000000000
46959  14.857  -35.600  79.520 0.0000000000
47975  14.286  -35.326  78.864 0.0000000000
47976  13.375  -35.254  78.977 0.0000000000
47977  12.414  -35.311  79.135 0.0000000000
47945  10.636  -35.463  80.646 0.0000000000
47960  11.092  -35.147  79.980 0.0000000000
47961  10.223  -35.314  79.925 0.0000000000
124631  9.645  -35.451  79.069 0.0000000000
124174  8.449  -35.779  83.848 0.0000000000
126495  5.752  -36.899  79.822 0.0000000000
143645  28.404  -22.457  69.051 0.0000000000
60071  28.359  -24.774  69.568 0.0000000000
58219  29.891  -27.550  71.202 0.0000000000
58226  29.838  -27.065  70.284 0.0000000000
58227  29.579  -26.327  69.673 0.0000000000
58232  29.791  -27.140  69.414 0.0000000000
57312  29.570  -28.318  68.612 0.0000000000
56341  29.530  -29.166  68.672 0.0000000000
144112  29.511  -31.854  70.220 0.0000000000
53673  29.607  -31.480  69.565 0.0000000000
53675  26.950  -31.608  69.036 0.0000000000
53663  25.267  -31.677  70.101 0.0000000000
45966  25.543  -36.933  78.148 0.0000000000
46936  26.586  -36.568  78.910 0.0000000000
46952  26.100  -36.849  78.632 0.0000000000
46970  26.014  -36.753  78.074 0.0000000000
46969  26.630  -36.490  77.788 0.0000000000
48071  26.056  -36.737  74.765 0.0000000000
124122  26.327  -36.776  75.583 0.0000000000
48989  26.842  -36.019  75.569 0.0000000000
50763  28.224  -33.239  76.732 0.0000000000
50764  27.744  -33.944  76.197 0.0000000000
51701  28.056  -32.518  75.256 0.0000000000
124044  28.214  -32.194  74.679 0.0000000000
51702  27.499  -32.732  74.816 0.0000000000
147619  26.753  -33.707  74.182 0.0000000000
51716  26.520  -33.668  73.725 0.0000000000
146251  25.630  -36.022  71.170 0.0000000000
49944  25.357  -35.814  70.334 0.0000000000
124822  25.181  -34.844  70.644 0.0000000000
50811  24.777  -33.971  70.498 0.0000000000
50827  25.011  -34.827  69.499 0.0000000000
134526  30.254  -18.555  66.501 0.0000000000
65414  30.245  -18.407  65.907 0.0000000000
64577  29.711  -18.799  65.659 0.0000000000
64578  29.233  -19.246  65.315 0.0000000000
62005  26.985  -22.018  63.576 0.0000000000
62862  27.563  -21.044  63.693 0.0000000000
62863  27.088  -21.555  62.888 0.0000000000
127911  51.596  -2.233  53.282 0.0000000000
63701  35.932  -18.719  63.019 0.0000000000
63716  36.064  -19.321  62.336 0.0000000000
62860  34.856  -19.279  62.959 0.0000000000
63688  34.410  -18.474  63.986 0.0000000000
63702  34.095  -18.956  63.359 0.0000000000
62861  33.940  -19.317  62.824 0.0000000000
63705  31.408  -18.899  62.570 0.0000000000
63655  38.102  -18.032  66.827 0.0000000000
63670  37.754  -18.168  65.964 0.0000000000
63657  37.016  -18.224  66.251 0.0000000000
145392  37.589  -18.185  66.231 0.0000000000
63685  37.098  -18.353  64.749 0.0000000000
142143  14.161  -35.851  74.125 0.0000000000
128141  11.660  -35.324  75.746 0.0000000000
46954  20.959  -36.420  79.020 0.0000000000
46953  21.989  -36.249  78.623 0.0000000000
134423  20.047  -35.490  76.634 0.0000000000
49015  19.731  -35.074  74.702 0.0000000000
49907  19.199  -34.988  73.957 0.0000000000
49917  19.266  -34.663  73.113 0.0000000000
49918  18.317  -34.928  73.458 0.0000000000
49039  16.543  -35.555  72.940 0.0000000000
73426  42.638  -9.329  58.582 0.0000000000
73434  42.355  -9.050  57.816 0.0000000000
45923  18.168  -36.705  81.037 0.0000000000
44891  18.779  -37.356  81.633 0.0000000000
69034  38.840  -13.433  64.712 0.0000000000
69046  38.149  -13.774  63.632 0.0000000000
69937  38.551  -13.196  63.922 0.0000000000
70793  39.520  -12.143  63.813 0.0000000000
130948  40.218  -10.999  62.238 0.0000000000
147328  38.976  -11.735  61.928 0.0000000000
70822  38.179  -12.032  60.900 0.0000000000
70843  38.074  -11.585  59.782 0.0000000000
46914  13.901  -35.602  80.844 0.0000000000
131725  12.859  -35.423  80.117 0.0000000000
47942  12.936  -35.472  80.619 0.0000000000
132348  11.268  -35.498  81.075 0.0000000000
125044  11.580  -35.690  81.771 0.0000000000
47895  6.018  -35.758  84.269 0.0000000000
47904  5.461  -35.899  83.582 0.0000000000
47920  4.476  -36.756  82.478 0.0000000000
126671  2.551  -37.571  80.874 0.0000000000
57261  30.649  -28.703  72.859 0.0000000000
57272  30.409  -28.967  71.753 0.0000000000
56311  30.280  -29.179  70.865 0.0000000000
55406  30.205  -29.862  70.125 0.0000000000
54518  30.855  -30.501  70.573 0.0000000000
53671  30.782  -30.680  70.277 0.0000000000
53661  30.793  -31.262  70.927 0.0000000000
52757  29.905  -31.742  70.926 0.0000000000
125089  28.422  -32.100  71.505 0.0000000000
45013  24.464  -36.948  75.588 0.0000000000
45000  24.771  -37.221  76.341 0.0000000000
140594  24.721  -36.950  75.396 0.0000000000
46045  24.534  -37.265  73.491 0.0000000000
125915  25.167  -36.862  74.547 0.0000000000
47026  25.445  -36.706  74.051 0.0000000000
49034  26.109  -36.373  74.240 0.0000000000
137366  26.212  -35.874  73.775 0.0000000000
48101  25.031  -37.221  71.237 0.0000000000
62831  28.407  -20.951  67.100 0.0000000000
62841  28.341  -20.886  66.470 0.0000000000
61987  27.268  -23.004  65.274 0.0000000000
61996  27.094  -22.500  64.441 0.0000000000
61113  26.488  -23.088  63.437 0.0000000000
79542  51.843  -2.341  53.805 0.0000000000
78669  51.572  -3.170  54.574 0.0000000000
125539  51.584  -2.749  54.038 0.0000000000
78681  50.707  -3.042  52.791 0.0000000000
67242  36.214  -15.964  61.380 0.0000000000
65473  35.686  -18.096  60.457 0.0000000000
137006  35.823  -19.786  62.113 0.0000000000
63731  35.417  -19.826  61.710 0.0000000000
63742  35.046  -19.806  60.954 0.0000000000
63756  33.689  -19.547  59.960 0.0000000000
65421  38.481  -17.458  66.013 0.0000000000
65431  38.846  -16.839  66.064 0.0000000000
145846  38.841  -15.050  65.267 0.0000000000
66347  37.626  -16.748  63.800 0.0000000000
67214  37.472  -16.009  63.494 0.0000000000
46912  26.692  -36.622  81.171 0.0000000000
47927  27.526  -36.212  81.009 0.0000000000
140362  26.064  -37.269  79.848 0.0000000000
144370  25.119  -37.482  79.063 0.0000000000
45950  25.227  -37.238  79.058 0.0000000000
45949  25.537  -37.014  78.845 0.0000000000
44952  25.237  -38.297  77.897 0.0000000000
44968  24.876  -38.155  77.885 0.0000000000
44984  24.875  -37.615  77.422 0.0000000000
141207  22.857  -36.255  78.179 0.0000000000
46990  22.646  -36.086  76.984 0.0000000000
46002  23.523  -37.112  77.170 0.0000000000
46001  23.831  -37.350  77.000 0.0000000000
46000  24.302  -37.406  76.746 0.0000000000
46015  24.293  -36.967  75.818 0.0000000000
46032  24.000  -36.817  74.917 0.0000000000
130971  23.748  -37.276  74.031 0.0000000000
46048  23.762  -37.809  72.963 0.0000000000
49054  18.810  -35.248  71.562 0.0000000000
58260  27.355  -26.547  66.646 0.0000000000
146348  47.073  -7.020  59.982 0.0000000000
73425  43.450  -9.144  58.738 0.0000000000
73424  44.189  -8.833  58.827 0.0000000000
74239  44.719  -8.505  58.928 0.0000000000
74246  45.146  -8.208  58.730 0.0000000000
75103  47.026  -7.175  59.426 0.0000000000
75106  47.802  -6.562  58.486 0.0000000000
75113  48.093  -6.480  57.598 0.0000000000
76021  48.768  -6.350  56.863 0.0000000000
76020  49.191  -6.202  56.062 0.0000000000
76032  48.991  -6.029  55.109 0.0000000000
48026  15.994  -35.264  77.597 0.0000000000
127010  17.535  -36.514  81.043 0.0000000000
45925  16.221  -36.039  81.105 0.0000000000
148089  15.599  -35.741  80.956 0.0000000000
131416  13.393  -35.619  82.766 0.0000000000
47911  28.178  -35.585  82.571 0.0000000000
46896  26.641  -36.328  82.092 0.0000000000
46897  26.049  -36.775  81.585 0.0000000000
45922  25.288  -37.422  80.731 0.0000000000
44883  25.032  -37.498  81.124 0.0000000000
44919  23.828  -37.076  79.906 0.0000000000
140979  22.125  -36.238  79.907 0.0000000000
45970  21.702  -36.355  79.217 0.0000000000
46955  20.002  -36.464  79.247 0.0000000000
47998  18.964  -36.247  78.751 0.0000000000
135236  17.063  -35.623  77.812 0.0000000000
67251  35.342  -16.037  59.927 0.0000000000
73385  43.625  -9.371  62.166 0.0000000000
72549  43.056  -9.764  62.494 0.0000000000
130440  43.122  -9.541  61.737 0.0000000000
72585  42.562  -9.630  60.358 0.0000000000
128052  40.163  -10.733  61.299 0.0000000000
71687  40.863  -10.230  60.759 0.0000000000
124061  39.600  -10.641  60.159 0.0000000000
72598  41.192  -9.910  59.960 0.0000000000
143487  41.454  -9.780  59.380 0.0000000000
72608  42.033  -9.601  59.056 0.0000000000
48047  15.295  -35.331  76.883 0.0000000000
48028  14.017  -34.856  77.298 0.0000000000
48974  12.329  -34.925  76.559 0.0000000000
48975  11.369  -35.202  76.546 0.0000000000
48951  11.825  -35.185  78.423 0.0000000000
48029  8.969  -36.511  75.843 0.0000000000
48004  8.803  -36.175  76.779 0.0000000000
48030  8.158  -36.801  76.018 0.0000000000
47947  8.346  -35.918  80.782 0.0000000000
47903  7.200  -35.663  83.373 0.0000000000
132591  7.949  -36.013  79.986 0.0000000000
47982  7.271  -36.230  78.536 0.0000000000
147105  6.616  -36.554  77.982 0.0000000000
45862  0.240  -37.470  86.472 0.0000000000
45863  -0.265  -37.851  86.353 0.0000000000
126360  -0.685  -37.864  87.197 0.0000000000
64541  33.891  -16.691  66.586 0.0000000000
63662  29.257  -19.673  67.087 0.0000000000
63646  28.795  -20.332  67.442 0.0000000000
61975  28.130  -21.806  67.389 0.0000000000
61963  27.872  -22.562  67.624 0.0000000000
60100  27.537  -24.364  67.336 0.0000000000
59188  28.470  -25.546  68.896 0.0000000000
56348  28.607  -28.704  67.430 0.0000000000
56358  28.193  -29.102  66.582 0.0000000000
54546  28.259  -30.637  66.367 0.0000000000
55416  29.982  -29.797  69.814 0.0000000000
55417  29.640  -30.090  69.098 0.0000000000
54536  29.366  -30.288  68.465 0.0000000000
53683  29.750  -30.877  68.863 0.0000000000
54531  29.368  -30.535  68.448 0.0000000000
54537  29.054  -30.438  67.943 0.0000000000
54538  28.668  -30.580  67.389 0.0000000000
53710  27.746  -31.288  66.340 0.0000000000
143933  26.896  -31.752  66.692 0.0000000000
53699  25.999  -31.837  67.229 0.0000000000
53687  26.172  -31.531  68.202 0.0000000000
52792  25.765  -32.582  67.041 0.0000000000
48936  28.054  -35.604  80.806 0.0000000000
126853  27.946  -35.440  80.003 0.0000000000
147232  28.154  -34.872  79.815 0.0000000000
50744  28.779  -33.456  78.743 0.0000000000
45998  25.435  -37.170  77.089 0.0000000000
48019  27.173  -36.136  77.359 0.0000000000
48039  26.743  -36.432  76.501 0.0000000000
48972  27.668  -35.685  77.818 0.0000000000
49883  27.906  -34.902  77.844 0.0000000000
50751  28.403  -33.770  78.491 0.0000000000
132710  29.000  -33.021  78.339 0.0000000000
50750  29.094  -32.692  77.782 0.0000000000
127306  29.554  -31.758  76.607 0.0000000000
52714  30.127  -30.784  75.587 0.0000000000
52724  29.095  -30.899  74.003 0.0000000000
52725  29.026  -31.474  73.316 0.0000000000
49916  26.225  -35.233  73.498 0.0000000000
50781  26.201  -34.396  73.341 0.0000000000
51728  26.075  -33.552  73.064 0.0000000000
50799  25.675  -34.713  72.106 0.0000000000
148555  26.206  -32.986  73.023 0.0000000000
52749  26.059  -32.372  72.145 0.0000000000
135257  25.975  -32.051  71.352 0.0000000000
52762  25.027  -31.836  70.923 0.0000000000
52775  24.475  -32.502  69.666 0.0000000000
50812  24.657  -33.868  69.686 0.0000000000
51761  24.484  -33.324  69.236 0.0000000000
64560  33.504  -17.097  65.804 0.0000000000
64574  33.092  -17.518  64.936 0.0000000000
65423  30.829  -17.777  65.264 0.0000000000
64589  31.709  -18.035  63.860 0.0000000000
64601  31.553  -18.528  63.243 0.0000000000
63706  30.578  -19.046  62.505 0.0000000000
63675  28.660  -20.093  65.822 0.0000000000
63691  28.790  -19.733  64.825 0.0000000000
133958  28.899  -19.511  63.769 0.0000000000
64592  29.758  -18.975  63.271 0.0000000000
76915  49.328  -5.430  54.689 0.0000000000
77804  49.487  -4.486  53.168 0.0000000000
76925  48.941  -5.206  52.473 0.0000000000
44902  24.256  -37.413  80.751 0.0000000000
44935  24.909  -37.667  78.650 0.0000000000
44939  23.017  -36.588  79.893 0.0000000000
44967  25.207  -38.522  77.657 0.0000000000
45908  25.221  -37.348  81.476 0.0000000000
45967  25.005  -37.083  78.505 0.0000000000
45987  23.669  -37.379  78.207 0.0000000000
45999  25.044  -37.481  77.423 0.0000000000
46063  24.302  -37.962  72.643 0.0000000000
46925  26.287  -37.056  80.377 0.0000000000
47003  25.461  -37.230  76.270 0.0000000000
47956  27.655  -35.691  79.112 0.0000000000
51752  24.406  -33.159  70.229 0.0000000000
53664  24.803  -31.848  70.082 0.0000000000
53672  30.225  -30.891  69.540 0.0000000000
53677  25.192  -31.694  69.510 0.0000000000
54510  30.671  -30.406  71.545 0.0000000000
62884  34.012  -19.539  61.725 0.0000000000
64558  38.057  -18.037  66.290 0.0000000000
64571  38.545  -17.466  66.590 0.0000000000
64625  35.810  -19.141  61.041 0.0000000000
78675  51.273  -2.731  53.462 0.0000000000
124038  29.787  -19.315  62.501 0.0000000000
126486  24.921  -37.321  80.002 0.0000000000
126654  25.114  -37.234  79.644 0.0000000000
143125  29.707  -31.115  69.016 0.0000000000
144204  24.265  -38.709  72.217 0.0000000000
146008  17.873  -35.572  77.792 0.0000000000
146065  24.889  -37.133  79.294 0.0000000000
147293  30.052  -31.342  76.372 0.0000000000
