#!ascii label  , from subject sub-v1s8x0051339_ses-1 vox2ras=TkReg
263
79199  26.113  -3.806  -0.180 0.0000000000
72246  24.675  -11.673  3.940 0.0000000000
84309  23.220  2.470  0.405 0.0000000000
92926  22.126  12.313  2.284 0.0000000000
123715  22.911  -14.067  4.049 0.0000000000
86075  25.782  4.238  0.442 0.0000000000
136648  25.735  7.098  0.951 0.0000000000
77458  24.039  -5.596  0.338 0.0000000000
74864  25.290  -7.812  0.701 0.0000000000
76567  27.259  -6.857  -0.243 0.0000000000
80973  27.614  -2.175  -2.023 0.0000000000
79187  28.421  -3.672  -0.231 0.0000000000
81838  24.351  -0.422  0.378 0.0000000000
83507  26.730  1.263  -0.281 0.0000000000
125155  21.494  9.633  1.297 0.0000000000
91479  25.846  10.046  1.175 0.0000000000
73122  26.025  -10.055  4.108 0.0000000000
127843  23.659  6.151  1.042 0.0000000000
87935  22.496  7.260  1.084 0.0000000000
78325  24.969  -4.857  0.156 0.0000000000
77472  25.893  -5.895  -0.072 0.0000000000
78322  27.189  -5.340  -0.393 0.0000000000
70554  24.076  -13.008  4.390 0.0000000000
83490  24.246  1.198  0.482 0.0000000000
82669  25.736  0.339  0.466 0.0000000000
137486  25.212  2.031  0.356 0.0000000000
87020  27.358  5.705  -0.570 0.0000000000
86088  27.067  4.292  -0.761 0.0000000000
92927  21.244  12.623  2.262 0.0000000000
91466  20.198  10.431  0.733 0.0000000000
92235  22.451  11.403  1.899 0.0000000000
93728  24.826  14.169  -2.202 0.0000000000
131841  25.859  12.856  -1.226 0.0000000000
148290  25.531  11.483  0.719 0.0000000000
92263  26.495  11.505  -1.019 0.0000000000
90660  26.751  9.671  0.060 0.0000000000
75667  26.355  -7.629  1.345 0.0000000000
74832  25.508  -8.964  1.933 0.0000000000
130609  22.189  -14.618  4.176 0.0000000000
147394  24.663  3.483  0.590 0.0000000000
144903  24.410  4.672  0.745 0.0000000000
129208  25.868  5.724  0.672 0.0000000000
87945  27.240  6.704  0.201 0.0000000000
74866  23.715  -7.981  0.946 0.0000000000
141002  24.795  -6.621  0.225 0.0000000000
76556  26.473  -7.043  -0.002 0.0000000000
76546  27.211  -6.682  1.163 0.0000000000
80974  26.800  -2.296  -0.824 0.0000000000
79197  27.870  -4.150  -1.219 0.0000000000
80069  28.213  -2.712  -1.901 0.0000000000
135639  24.205  -3.170  -0.190 0.0000000000
80977  23.549  -2.047  -0.534 0.0000000000
80975  25.663  -2.194  -0.074 0.0000000000
80963  26.137  -1.323  0.033 0.0000000000
82684  27.135  -0.331  -1.117 0.0000000000
83522  27.497  0.988  -2.471 0.0000000000
128304  26.604  2.960  -0.112 0.0000000000
84322  27.005  2.747  -1.024 0.0000000000
143505  20.952  8.973  0.694 0.0000000000
148422  23.869  12.590  1.431 0.0000000000
92940  24.019  11.872  1.626 0.0000000000
91462  23.662  9.922  1.680 0.0000000000
89747  23.617  8.508  1.466 0.0000000000
89762  25.710  8.490  1.218 0.0000000000
89760  27.279  8.340  0.266 0.0000000000
73124  24.196  -10.910  2.497 0.0000000000
74848  24.467  -9.139  1.349 0.0000000000
78310  27.724  -5.211  -0.432 0.0000000000
77445  28.015  -5.312  1.462 0.0000000000
87950  21.993  6.846  0.562 0.0000000000
88876  21.749  7.493  0.762 0.0000000000
78324  25.907  -4.657  -0.014 0.0000000000
136528  27.018  -4.536  -0.445 0.0000000000
67819  21.941  -16.101  4.672 0.0000000000
68721  22.480  -15.450  4.666 0.0000000000
71412  24.385  -12.334  4.124 0.0000000000
148125  23.531  1.688  0.418 0.0000000000
146087  24.738  1.642  0.429 0.0000000000
84308  24.228  2.125  0.504 0.0000000000
134842  27.291  4.873  -0.920 0.0000000000
92226  20.690  11.973  1.791 0.0000000000
92236  21.498  11.093  1.579 0.0000000000
123805  23.133  12.215  2.011 0.0000000000
143729  26.139  12.225  -0.827 0.0000000000
91509  26.967  10.913  -1.554 0.0000000000
75654  26.709  -7.758  2.646 0.0000000000
71424  22.710  -12.582  2.946 0.0000000000
130591  23.983  3.958  0.590 0.0000000000
86077  23.581  4.826  0.574 0.0000000000
87948  24.439  6.278  1.196 0.0000000000
139727  25.049  5.734  1.088 0.0000000000
87947  25.363  6.376  1.069 0.0000000000
87946  26.350  6.456  0.612 0.0000000000
147051  26.732  7.120  0.734 0.0000000000
93694  22.102  13.621  1.740 0.0000000000
76557  23.946  -6.192  0.317 0.0000000000
148259  24.714  -6.077  0.256 0.0000000000
77471  26.626  -6.080  -0.351 0.0000000000
76569  26.187  -6.492  -0.040 0.0000000000
75680  27.121  -7.171  -0.112 0.0000000000
75666  27.032  -7.295  0.489 0.0000000000
76555  27.381  -7.013  0.031 0.0000000000
69682  23.089  -14.816  4.471 0.0000000000
80070  27.545  -3.189  -1.426 0.0000000000
142690  28.152  -2.172  -2.449 0.0000000000
79201  23.769  -3.676  0.003 0.0000000000
81839  23.666  -0.342  0.066 0.0000000000
80965  23.755  -1.212  0.047 0.0000000000
80976  24.482  -2.081  -0.032 0.0000000000
80964  24.939  -1.305  0.335 0.0000000000
82668  26.271  0.783  0.275 0.0000000000
143381  26.785  0.438  -0.347 0.0000000000
127812  27.182  0.664  -1.199 0.0000000000
82683  27.491  -0.150  -2.325 0.0000000000
83506  27.101  1.686  -1.165 0.0000000000
85182  25.447  3.483  0.491 0.0000000000
85181  26.218  3.534  0.176 0.0000000000
85196  27.116  3.588  -1.312 0.0000000000
84336  27.393  2.115  -2.200 0.0000000000
90650  20.728  9.874  0.950 0.0000000000
90663  20.506  9.419  0.499 0.0000000000
90649  20.949  9.331  0.831 0.0000000000
90662  20.834  9.027  0.435 0.0000000000
90648  21.421  9.142  1.197 0.0000000000
93708  25.468  13.422  -0.747 0.0000000000
93721  25.070  14.105  -1.107 0.0000000000
129825  24.617  13.327  0.403 0.0000000000
92953  24.569  12.546  0.876 0.0000000000
92250  25.970  10.914  0.595 0.0000000000
92232  25.217  10.830  1.255 0.0000000000
91461  24.780  10.031  1.588 0.0000000000
90647  23.102  9.143  1.458 0.0000000000
90646  24.204  9.224  1.541 0.0000000000
89746  24.698  8.503  1.468 0.0000000000
90645  25.275  9.260  1.409 0.0000000000
90668  27.405  9.350  -0.940 0.0000000000
90659  27.243  9.094  -0.179 0.0000000000
89768  27.472  8.374  -0.630 0.0000000000
73136  23.481  -10.835  2.190 0.0000000000
75683  24.852  -7.388  0.439 0.0000000000
74865  24.582  -8.297  0.946 0.0000000000
74847  25.210  -8.551  1.237 0.0000000000
73973  25.824  -9.147  2.793 0.0000000000
73974  25.243  -9.710  2.355 0.0000000000
73966  25.573  -9.847  3.270 0.0000000000
73135  24.933  -10.388  2.834 0.0000000000
79188  28.243  -4.329  -1.087 0.0000000000
78309  28.196  -4.548  -0.034 0.0000000000
87010  23.198  5.635  0.689 0.0000000000
87949  22.848  6.459  0.888 0.0000000000
87934  23.591  6.957  1.310 0.0000000000
87933  24.725  7.028  1.318 0.0000000000
77473  25.015  -5.627  0.211 0.0000000000
141114  25.667  -5.326  0.037 0.0000000000
78323  26.408  -5.346  -0.217 0.0000000000
77470  27.225  -6.163  -0.310 0.0000000000
70555  23.489  -13.481  4.197 0.0000000000
70543  24.194  -13.737  4.889 0.0000000000
70542  25.022  -13.678  5.424 0.0000000000
80989  27.920  -1.625  -2.789 0.0000000000
80988  28.291  -1.791  -2.669 0.0000000000
82671  23.912  0.337  0.337 0.0000000000
82670  24.808  0.384  0.463 0.0000000000
81837  25.421  -0.426  0.423 0.0000000000
83489  25.313  1.175  0.444 0.0000000000
83488  26.093  1.698  0.289 0.0000000000
87021  27.020  5.013  -0.338 0.0000000000
86074  26.534  4.295  -0.123 0.0000000000
86087  27.211  4.231  -1.664 0.0000000000
91464  22.042  10.411  1.510 0.0000000000
93720  25.428  13.542  -1.688 0.0000000000
92964  25.718  12.596  -0.373 0.0000000000
92952  25.385  12.207  0.466 0.0000000000
92264  26.145  11.788  0.034 0.0000000000
92249  26.447  10.930  -0.193 0.0000000000
91478  26.417  10.276  0.394 0.0000000000
132791  26.796  10.774  -0.860 0.0000000000
91508  27.258  10.199  -1.111 0.0000000000
74846  25.871  -7.755  0.887 0.0000000000
133134  25.781  -8.270  1.488 0.0000000000
74831  26.064  -8.396  2.241 0.0000000000
74821  26.453  -8.620  3.217 0.0000000000
68722  21.700  -15.376  4.422 0.0000000000
70556  22.199  -13.700  3.786 0.0000000000
70569  22.829  -13.315  3.553 0.0000000000
71413  23.550  -12.667  3.611 0.0000000000
71423  24.021  -11.744  3.281 0.0000000000
85184  23.339  3.350  0.444 0.0000000000
85183  24.014  3.028  0.597 0.0000000000
86076  24.940  4.133  0.677 0.0000000000
87009  24.238  5.455  0.943 0.0000000000
142990  25.248  4.975  0.822 0.0000000000
87008  26.259  5.008  0.272 0.0000000000
87007  26.872  5.764  0.159 0.0000000000
87960  27.479  6.606  -0.605 0.0000000000
93676  20.822  13.468  2.446 0.0000000000
93675  21.686  13.080  2.186 0.0000000000
92942  22.554  12.985  1.930 0.0000000000
75682  25.845  -7.235  0.447 0.0000000000
77457  25.432  -6.267  0.147 0.0000000000
77456  25.675  -6.784  0.248 0.0000000000
75681  26.605  -7.281  0.433 0.0000000000
75653  26.860  -7.123  1.756 0.0000000000
145314  27.239  -7.169  2.671 0.0000000000
80071  26.406  -3.072  -0.597 0.0000000000
79198  27.122  -3.775  -0.788 0.0000000000
79196  28.306  -3.541  -1.490 0.0000000000
130212  28.664  -3.638  -1.210 0.0000000000
80081  28.537  -2.362  -2.219 0.0000000000
80068  28.738  -2.941  -1.489 0.0000000000
80062  28.825  -3.052  -0.439 0.0000000000
136997  24.211  -4.379  0.227 0.0000000000
79200  24.903  -3.935  0.048 0.0000000000
80072  25.129  -2.961  -0.136 0.0000000000
80073  24.086  -2.614  -0.282 0.0000000000
81849  27.023  -1.328  -0.979 0.0000000000
81836  26.480  -0.267  0.055 0.0000000000
81848  27.474  -1.197  -2.264 0.0000000000
82698  27.796  0.065  -3.338 0.0000000000
84307  24.923  2.807  0.491 0.0000000000
84306  25.956  2.681  0.352 0.0000000000
84323  26.666  2.189  -0.199 0.0000000000
85197  26.757  3.581  -0.485 0.0000000000
89749  21.442  8.574  1.120 0.0000000000
92941  23.410  13.121  1.569 0.0000000000
93703  23.706  13.775  1.114 0.0000000000
92234  23.412  11.393  1.956 0.0000000000
91463  23.060  10.612  1.731 0.0000000000
92251  24.895  11.654  1.345 0.0000000000
92233  24.239  10.898  1.956 0.0000000000
134570  22.387  9.673  1.479 0.0000000000
125923  22.089  8.980  1.418 0.0000000000
89748  22.500  8.504  1.393 0.0000000000
88862  21.963  7.930  1.186 0.0000000000
88861  23.029  7.827  1.376 0.0000000000
88860  24.132  7.762  1.451 0.0000000000
88859  25.198  7.767  1.317 0.0000000000
90661  26.167  9.181  1.090 0.0000000000
89761  26.592  8.408  0.796 0.0000000000
88875  26.198  7.761  0.925 0.0000000000
88874  27.132  7.626  0.586 0.0000000000
88885  27.500  7.372  -1.002 0.0000000000
72267  23.480  -11.470  2.558 0.0000000000
73995  23.680  -9.618  1.523 0.0000000000
73993  24.950  -9.476  1.679 0.0000000000
73975  24.640  -10.169  2.054 0.0000000000
72256  24.693  -11.060  3.437 0.0000000000
129052  27.786  -4.657  -0.729 0.0000000000
77455  27.485  -6.184  -0.126 0.0000000000
78297  27.906  -5.311  0.311 0.0000000000
77446  27.397  -5.955  0.760 0.0000000000
70544  23.507  -14.159  4.533 0.0000000000
73994  24.381  -9.793  1.691 0.0000000000
76568  26.883  -6.815  -0.366 0.0000000000
82685  23.269  0.211  -0.265 0.0000000000
88873  27.482  7.511  -0.053 0.0000000000
91465  21.179  10.049  1.285 0.0000000000
91494  26.785  10.266  -0.393 0.0000000000
92954  24.105  13.249  0.980 0.0000000000
130823  26.747  9.049  0.482 0.0000000000
133972  27.440  5.815  -1.273 0.0000000000
148761  27.150  9.731  -0.524 0.0000000000
149008  26.409  9.652  0.761 0.0000000000
