#!ascii label  , from subject sub-v1s8x0051344_ses-1 vox2ras=TkReg
1034
41989  -7.884  -38.531  87.404 0.0000000000
56117  -26.767  -23.521  74.182 0.0000000000
57140  -30.695  -23.213  68.161 0.0000000000
137794  -21.569  -27.498  77.237 0.0000000000
66622  -35.921  -12.734  59.918 0.0000000000
62841  -31.561  -17.377  63.371 0.0000000000
56993  -28.684  -22.850  78.688 0.0000000000
53249  -24.745  -26.471  77.733 0.0000000000
68478  -41.787  -11.500  61.415 0.0000000000
70476  -44.122  -8.410  58.859 0.0000000000
74229  -46.650  -5.802  57.354 0.0000000000
62740  -32.684  -17.395  71.021 0.0000000000
60871  -28.932  -19.133  66.757 0.0000000000
62782  -35.100  -16.657  66.963 0.0000000000
63810  -37.442  -16.454  65.411 0.0000000000
51406  -14.934  -29.168  77.979 0.0000000000
141563  -6.878  -41.191  91.135 0.0000000000
56145  -30.103  -24.397  71.218 0.0000000000
123396  -33.323  -21.150  72.200 0.0000000000
50527  -16.701  -29.569  74.541 0.0000000000
49540  -21.628  -31.488  73.005 0.0000000000
74267  -44.324  -5.504  51.648 0.0000000000
75958  -48.441  -3.375  54.575 0.0000000000
64760  -34.181  -15.353  61.733 0.0000000000
65631  -39.754  -13.931  63.545 0.0000000000
43677  -9.125  -37.397  83.486 0.0000000000
36487  -3.009  -45.708  89.378 0.0000000000
69485  -43.308  -9.714  60.110 0.0000000000
62765  -33.424  -16.804  68.426 0.0000000000
48445  -13.756  -32.118  78.074 0.0000000000
41122  -7.678  -39.799  89.265 0.0000000000
139354  -27.344  -23.300  70.414 0.0000000000
57042  -28.773  -23.453  73.000 0.0000000000
122236  -20.029  -27.534  75.008 0.0000000000
50547  -19.263  -29.544  72.869 0.0000000000
51462  -21.523  -29.336  74.415 0.0000000000
55168  -25.446  -24.481  76.027 0.0000000000
51464  -24.436  -28.532  74.482 0.0000000000
55175  -24.610  -25.669  73.917 0.0000000000
52302  -20.547  -26.559  78.701 0.0000000000
53248  -18.121  -26.395  76.987 0.0000000000
72437  -39.927  -7.437  55.385 0.0000000000
73363  -42.903  -6.271  52.641 0.0000000000
75104  -47.560  -4.807  56.134 0.0000000000
62840  -30.030  -17.562  64.293 0.0000000000
63843  -33.119  -16.525  62.780 0.0000000000
64735  -38.070  -14.986  64.029 0.0000000000
47431  -11.569  -33.001  81.290 0.0000000000
47414  -10.986  -33.251  82.845 0.0000000000
133570  -9.897  -34.411  84.857 0.0000000000
43689  -9.736  -36.645  82.328 0.0000000000
36500  -3.939  -45.436  87.377 0.0000000000
56076  -27.047  -23.295  76.592 0.0000000000
119780  -28.935  -22.343  74.938 0.0000000000
56068  -29.919  -22.029  77.370 0.0000000000
52281  -24.670  -27.382  80.750 0.0000000000
49478  -23.262  -28.914  77.062 0.0000000000
53222  -25.474  -26.619  79.357 0.0000000000
55158  -26.351  -24.141  78.114 0.0000000000
68491  -39.236  -11.534  60.687 0.0000000000
123262  -40.359  -10.325  59.845 0.0000000000
71435  -41.192  -8.701  58.292 0.0000000000
72432  -43.070  -6.850  56.745 0.0000000000
73342  -44.460  -6.293  55.831 0.0000000000
72420  -45.300  -6.722  57.990 0.0000000000
59920  -31.332  -19.941  69.397 0.0000000000
58966  -29.802  -21.416  67.122 0.0000000000
61805  -30.707  -18.584  68.189 0.0000000000
131052  -31.432  -17.236  67.047 0.0000000000
62812  -33.354  -17.105  65.298 0.0000000000
62844  -34.282  -17.211  64.252 0.0000000000
62798  -36.005  -16.978  66.348 0.0000000000
51385  -13.992  -28.798  80.033 0.0000000000
48431  -13.003  -32.348  79.347 0.0000000000
75978  -48.698  -3.502  50.714 0.0000000000
141507  -4.923  -41.638  92.676 0.0000000000
56185  -28.172  -24.443  68.430 0.0000000000
144442  -31.096  -24.182  69.394 0.0000000000
56121  -31.390  -23.306  73.872 0.0000000000
56161  -32.448  -23.649  71.486 0.0000000000
58026  -31.788  -22.573  69.846 0.0000000000
60850  -32.512  -19.304  71.222 0.0000000000
49512  -23.444  -29.953  75.096 0.0000000000
53219  -16.975  -26.401  78.919 0.0000000000
51431  -15.915  -28.996  76.388 0.0000000000
74253  -45.315  -5.468  54.735 0.0000000000
125295  -46.059  -4.482  53.401 0.0000000000
75127  -47.761  -3.741  51.990 0.0000000000
125498  -49.417  -2.682  53.809 0.0000000000
41162  -7.030  -40.390  85.092 0.0000000000
39266  -6.459  -41.608  86.801 0.0000000000
65649  -34.873  -14.019  60.533 0.0000000000
64733  -35.690  -15.841  63.615 0.0000000000
65627  -36.421  -14.491  62.915 0.0000000000
66604  -37.475  -13.271  62.042 0.0000000000
67546  -41.051  -12.761  62.490 0.0000000000
138760  -8.358  -37.865  85.587 0.0000000000
38325  -5.601  -42.943  88.274 0.0000000000
37354  -4.657  -43.931  90.201 0.0000000000
141990  -3.394  -43.323  91.105 0.0000000000
41970  -7.821  -39.191  88.782 0.0000000000
56116  -26.160  -23.688  73.617 0.0000000000
57056  -27.385  -23.267  72.582 0.0000000000
57041  -28.174  -23.220  73.617 0.0000000000
120562  -20.584  -27.358  75.997 0.0000000000
51449  -20.907  -28.208  74.946 0.0000000000
51436  -21.550  -28.356  75.584 0.0000000000
56087  -26.110  -23.810  75.464 0.0000000000
55167  -24.854  -25.143  75.467 0.0000000000
56100  -25.412  -24.242  74.111 0.0000000000
55191  -24.935  -24.833  72.552 0.0000000000
50448  -22.312  -27.646  79.914 0.0000000000
51359  -21.611  -27.045  81.053 0.0000000000
52303  -21.138  -26.999  78.586 0.0000000000
52327  -19.894  -26.881  76.765 0.0000000000
73355  -42.243  -6.356  53.906 0.0000000000
119765  -30.115  -24.128  67.203 0.0000000000
57139  -30.355  -23.554  67.357 0.0000000000
125047  -30.633  -17.375  63.784 0.0000000000
61856  -30.824  -18.368  62.208 0.0000000000
62858  -32.557  -17.171  62.779 0.0000000000
45491  -11.302  -34.228  80.672 0.0000000000
47415  -11.297  -33.246  82.073 0.0000000000
45477  -10.592  -34.617  82.081 0.0000000000
45476  -10.216  -35.242  82.573 0.0000000000
43698  -9.954  -36.646  81.519 0.0000000000
128314  -28.066  -23.288  78.070 0.0000000000
56078  -29.385  -22.205  76.695 0.0000000000
56994  -29.550  -22.261  78.341 0.0000000000
53202  -25.912  -26.416  81.747 0.0000000000
53212  -25.600  -26.809  80.097 0.0000000000
55127  -26.743  -25.488  80.922 0.0000000000
56042  -28.279  -24.134  79.756 0.0000000000
56041  -27.602  -24.434  79.446 0.0000000000
56053  -27.299  -23.892  78.585 0.0000000000
56066  -27.138  -23.476  77.624 0.0000000000
68492  -40.107  -11.462  60.888 0.0000000000
68502  -39.775  -10.843  60.361 0.0000000000
68503  -40.599  -10.825  60.477 0.0000000000
70461  -44.303  -8.931  59.494 0.0000000000
70474  -42.478  -8.838  59.106 0.0000000000
71437  -43.030  -8.345  58.676 0.0000000000
71449  -42.621  -7.846  58.008 0.0000000000
71450  -43.479  -7.708  58.316 0.0000000000
72402  -43.928  -7.001  58.080 0.0000000000
71438  -44.926  -7.889  58.805 0.0000000000
60854  -31.771  -18.803  69.827 0.0000000000
60863  -31.012  -19.003  68.902 0.0000000000
61801  -31.525  -18.239  69.128 0.0000000000
119605  -34.043  -16.686  67.751 0.0000000000
144398  -32.386  -16.912  67.808 0.0000000000
120174  -33.526  -16.644  66.780 0.0000000000
120031  -32.393  -16.834  65.649 0.0000000000
62795  -33.983  -16.731  66.365 0.0000000000
62814  -34.773  -17.228  65.516 0.0000000000
62797  -35.388  -16.915  66.393 0.0000000000
53217  -15.390  -27.625  79.603 0.0000000000
53208  -14.824  -27.692  80.413 0.0000000000
51386  -14.251  -28.835  79.230 0.0000000000
48432  -13.422  -32.249  78.695 0.0000000000
76785  -49.487  -3.007  51.816 0.0000000000
75972  -49.793  -2.839  51.064 0.0000000000
40193  -6.096  -41.601  92.197 0.0000000000
139399  -28.485  -23.671  70.889 0.0000000000
57087  -27.312  -23.645  69.715 0.0000000000
57107  -28.652  -24.087  69.684 0.0000000000
130263  -29.857  -24.439  68.782 0.0000000000
56173  -30.849  -24.348  69.782 0.0000000000
122542  -30.779  -21.817  75.311 0.0000000000
120204  -30.652  -23.180  74.032 0.0000000000
56106  -31.547  -22.728  74.151 0.0000000000
57994  -33.520  -21.807  72.871 0.0000000000
56135  -32.921  -23.162  72.832 0.0000000000
58015  -32.751  -22.412  71.794 0.0000000000
57110  -32.347  -23.077  70.657 0.0000000000
58958  -32.437  -21.779  70.873 0.0000000000
58950  -32.340  -20.898  70.767 0.0000000000
59912  -33.262  -20.579  72.022 0.0000000000
50560  -20.935  -30.945  72.506 0.0000000000
51423  -24.586  -28.275  77.691 0.0000000000
49494  -23.018  -29.307  76.245 0.0000000000
137812  -23.958  -29.100  75.549 0.0000000000
50551  -23.965  -30.088  73.673 0.0000000000
54212  -17.562  -25.600  79.527 0.0000000000
142231  -17.357  -27.951  75.359 0.0000000000
51432  -16.724  -28.048  75.793 0.0000000000
51446  -16.306  -29.136  75.572 0.0000000000
49492  -15.783  -30.584  75.716 0.0000000000
73338  -45.151  -6.261  56.310 0.0000000000
74246  -44.874  -5.989  55.142 0.0000000000
74240  -45.679  -5.760  56.026 0.0000000000
128628  -47.816  -4.308  55.645 0.0000000000
75116  -46.917  -4.396  54.559 0.0000000000
75957  -47.594  -3.738  54.150 0.0000000000
121249  -46.951  -4.089  51.940 0.0000000000
75962  -47.686  -3.562  53.311 0.0000000000
75967  -48.520  -3.424  52.202 0.0000000000
124574  -48.816  -2.973  53.796 0.0000000000
59936  -28.911  -20.215  66.697 0.0000000000
58975  -29.356  -21.742  66.370 0.0000000000
65655  -34.464  -14.850  60.168 0.0000000000
65648  -34.548  -14.789  61.146 0.0000000000
63819  -35.509  -16.728  64.583 0.0000000000
63831  -35.302  -16.540  63.998 0.0000000000
63832  -35.966  -16.260  64.096 0.0000000000
123022  -39.503  -14.339  63.962 0.0000000000
65617  -37.464  -14.866  63.658 0.0000000000
65629  -38.438  -14.044  63.164 0.0000000000
65642  -36.912  -13.862  62.508 0.0000000000
66593  -38.564  -13.511  62.800 0.0000000000
66606  -39.219  -13.042  62.521 0.0000000000
66594  -40.059  -13.409  62.978 0.0000000000
134543  -9.504  -35.964  84.458 0.0000000000
44570  -9.373  -36.105  85.436 0.0000000000
43661  -8.990  -36.717  85.832 0.0000000000
42867  -8.392  -38.020  84.788 0.0000000000
42020  -7.848  -39.221  84.305 0.0000000000
42032  -8.462  -38.654  83.372 0.0000000000
38340  -5.690  -42.858  86.413 0.0000000000
39265  -6.028  -42.224  87.085 0.0000000000
38339  -5.151  -43.450  86.642 0.0000000000
36494  -3.683  -45.436  88.930 0.0000000000
142822  -4.569  -44.345  88.675 0.0000000000
37353  -4.179  -44.498  89.955 0.0000000000
37335  -3.920  -43.622  91.031 0.0000000000
37343  -3.083  -44.392  90.434 0.0000000000
55112  -27.870  -24.944  81.509 0.0000000000
68480  -43.574  -11.621  61.681 0.0000000000
69473  -42.858  -10.393  60.529 0.0000000000
122946  -44.687  -10.476  60.899 0.0000000000
62750  -32.760  -17.050  69.222 0.0000000000
50500  -14.889  -30.096  77.291 0.0000000000
49459  -14.260  -30.642  77.746 0.0000000000
41955  -7.853  -39.092  90.583 0.0000000000
41113  -7.393  -40.124  90.625 0.0000000000
56144  -26.156  -23.598  71.087 0.0000000000
57057  -28.207  -23.242  72.175 0.0000000000
57058  -29.055  -23.775  72.235 0.0000000000
128495  -34.176  -20.066  72.707 0.0000000000
51448  -17.844  -27.969  74.940 0.0000000000
131327  -18.603  -29.060  73.503 0.0000000000
122826  -19.629  -28.622  73.580 0.0000000000
51475  -20.246  -29.268  73.080 0.0000000000
50549  -21.386  -30.518  73.380 0.0000000000
53261  -24.742  -26.098  77.209 0.0000000000
53273  -24.541  -27.255  76.278 0.0000000000
135381  -24.655  -26.104  75.643 0.0000000000
53296  -24.224  -27.195  73.705 0.0000000000
54268  -23.992  -26.105  72.326 0.0000000000
53211  -20.298  -25.839  80.206 0.0000000000
53233  -18.936  -26.045  78.453 0.0000000000
52315  -19.329  -26.570  77.257 0.0000000000
52326  -18.705  -26.697  76.352 0.0000000000
72413  -39.155  -7.714  56.753 0.0000000000
73364  -43.559  -5.827  52.153 0.0000000000
130878  -48.253  -5.865  58.030 0.0000000000
74242  -47.169  -5.257  56.706 0.0000000000
61820  -29.244  -18.147  65.462 0.0000000000
63858  -32.689  -16.886  61.449 0.0000000000
64744  -33.574  -15.802  62.275 0.0000000000
63811  -38.537  -16.176  65.619 0.0000000000
63822  -37.996  -16.037  64.837 0.0000000000
64714  -39.784  -15.660  65.505 0.0000000000
50446  -12.001  -30.885  81.837 0.0000000000
49416  -11.679  -31.484  82.635 0.0000000000
48373  -11.047  -31.783  84.771 0.0000000000
46399  -10.313  -33.729  84.274 0.0000000000
45461  -9.837  -35.364  83.526 0.0000000000
43678  -9.515  -36.728  83.184 0.0000000000
42888  -8.886  -38.194  82.806 0.0000000000
42895  -9.269  -38.127  81.802 0.0000000000
56088  -26.911  -23.351  75.655 0.0000000000
136644  -28.261  -22.660  74.725 0.0000000000
56090  -28.963  -22.159  75.864 0.0000000000
140894  -29.941  -22.058  75.900 0.0000000000
50476  -22.737  -28.088  79.330 0.0000000000
50490  -22.629  -28.371  77.767 0.0000000000
127950  -24.003  -28.597  79.095 0.0000000000
52304  -24.792  -27.606  78.702 0.0000000000
53235  -25.191  -26.493  78.618 0.0000000000
55142  -26.573  -25.279  80.005 0.0000000000
55152  -26.006  -25.055  79.174 0.0000000000
54233  -25.243  -25.511  77.978 0.0000000000
55157  -25.623  -24.741  77.681 0.0000000000
56075  -26.204  -23.875  76.345 0.0000000000
52266  -23.592  -27.453  81.695 0.0000000000
67566  -37.758  -12.198  60.867 0.0000000000
68488  -36.807  -11.515  59.626 0.0000000000
68500  -38.040  -10.888  60.025 0.0000000000
69481  -38.520  -10.353  59.578 0.0000000000
70471  -39.552  -9.177  58.645 0.0000000000
69484  -42.366  -9.959  59.998 0.0000000000
70472  -40.490  -9.128  58.853 0.0000000000
71434  -40.055  -8.467  58.218 0.0000000000
72415  -40.336  -7.388  57.064 0.0000000000
125627  -41.768  -7.094  56.557 0.0000000000
137329  -42.049  -6.680  55.378 0.0000000000
73347  -42.405  -6.220  54.726 0.0000000000
73337  -43.740  -6.525  56.368 0.0000000000
73326  -44.511  -6.525  56.679 0.0000000000
73328  -45.901  -6.381  57.646 0.0000000000
71440  -46.389  -7.965  59.505 0.0000000000
73317  -47.684  -6.506  58.520 0.0000000000
130324  -30.942  -21.266  68.924 0.0000000000
58967  -30.231  -21.911  67.608 0.0000000000
59925  -30.499  -20.516  68.548 0.0000000000
59930  -29.960  -20.013  68.036 0.0000000000
61809  -29.598  -18.613  67.281 0.0000000000
62763  -31.855  -17.401  68.429 0.0000000000
62778  -31.063  -17.790  67.658 0.0000000000
61814  -29.999  -17.826  66.857 0.0000000000
62810  -30.664  -17.289  65.618 0.0000000000
62811  -31.592  -17.097  65.189 0.0000000000
121842  -32.283  -17.248  64.085 0.0000000000
62843  -33.520  -17.181  64.129 0.0000000000
119923  -34.090  -17.486  65.071 0.0000000000
62830  -35.169  -17.132  65.023 0.0000000000
62816  -36.139  -16.933  65.777 0.0000000000
124810  -37.333  -16.679  66.590 0.0000000000
62818  -37.964  -16.489  66.202 0.0000000000
51372  -13.750  -28.891  80.996 0.0000000000
49445  -13.479  -30.807  78.818 0.0000000000
49436  -13.258  -30.853  79.440 0.0000000000
49425  -12.329  -30.759  80.889 0.0000000000
47448  -11.877  -32.983  80.332 0.0000000000
136679  -30.346  -24.276  68.222 0.0000000000
57122  -31.151  -23.494  68.862 0.0000000000
134764  -29.093  -22.887  74.249 0.0000000000
56119  -29.744  -23.688  73.016 0.0000000000
56132  -30.483  -24.066  72.610 0.0000000000
133483  -32.011  -24.138  72.370 0.0000000000
56147  -31.554  -24.309  71.528 0.0000000000
120264  -31.851  -24.076  70.400 0.0000000000
57108  -31.508  -23.698  69.585 0.0000000000
58038  -31.155  -22.784  68.741 0.0000000000
124983  -31.425  -20.990  69.471 0.0000000000
59916  -32.231  -19.995  70.618 0.0000000000
61789  -32.638  -18.356  71.366 0.0000000000
60843  -33.741  -19.504  72.328 0.0000000000
143904  -33.866  -17.842  72.167 0.0000000000
50516  -22.193  -29.084  76.027 0.0000000000
50539  -22.053  -30.198  74.753 0.0000000000
49527  -22.446  -30.651  74.196 0.0000000000
50540  -24.086  -29.639  74.383 0.0000000000
49543  -23.535  -30.651  73.708 0.0000000000
53218  -16.163  -26.636  79.644 0.0000000000
52301  -15.554  -27.769  78.693 0.0000000000
53232  -17.771  -26.337  77.936 0.0000000000
52313  -15.768  -27.800  77.780 0.0000000000
51419  -15.146  -29.460  77.512 0.0000000000
50513  -15.280  -30.367  76.482 0.0000000000
131098  -43.495  -5.725  54.681 0.0000000000
74251  -43.332  -5.295  54.104 0.0000000000
74261  -44.066  -4.913  52.617 0.0000000000
74254  -45.854  -5.183  54.998 0.0000000000
75120  -45.279  -4.689  53.538 0.0000000000
74262  -44.863  -4.705  52.150 0.0000000000
75130  -45.670  -4.658  51.708 0.0000000000
75131  -46.448  -4.440  51.158 0.0000000000
75140  -47.728  -4.447  50.074 0.0000000000
75141  -48.145  -3.702  50.802 0.0000000000
75968  -49.116  -3.255  52.055 0.0000000000
41154  -7.351  -39.627  85.646 0.0000000000
41143  -7.245  -40.358  87.014 0.0000000000
40245  -6.703  -41.066  85.536 0.0000000000
58976  -29.886  -22.305  66.831 0.0000000000
66612  -35.469  -13.343  60.268 0.0000000000
63829  -33.805  -16.900  63.701 0.0000000000
63844  -34.058  -16.276  63.138 0.0000000000
64746  -35.264  -15.274  63.067 0.0000000000
64734  -36.892  -15.378  63.855 0.0000000000
64747  -36.031  -15.129  63.293 0.0000000000
65626  -35.604  -14.612  62.629 0.0000000000
65641  -35.995  -13.936  62.211 0.0000000000
66603  -36.578  -13.384  61.722 0.0000000000
66613  -37.162  -12.812  61.236 0.0000000000
67555  -38.045  -12.699  61.557 0.0000000000
67569  -40.144  -12.069  61.365 0.0000000000
67559  -41.439  -12.204  61.828 0.0000000000
43630  -8.589  -37.056  87.919 0.0000000000
43642  -8.866  -36.559  87.466 0.0000000000
42000  -7.857  -38.551  86.728 0.0000000000
42009  -7.692  -39.050  85.177 0.0000000000
41172  -7.639  -39.980  83.778 0.0000000000
41135  -7.406  -40.445  87.873 0.0000000000
40224  -6.568  -41.767  88.594 0.0000000000
40217  -6.531  -41.863  89.610 0.0000000000
37369  -4.616  -44.202  87.910 0.0000000000
38318  -5.618  -42.989  89.175 0.0000000000
39244  -5.575  -42.796  90.916 0.0000000000
38303  -4.662  -42.820  91.764 0.0000000000
125208  -3.928  -42.536  91.913 0.0000000000
35603  -2.133  -45.797  89.773 0.0000000000
37342  -2.559  -44.431  90.329 0.0000000000
41978  -7.972  -38.508  88.243 0.0000000000
41977  -7.752  -39.198  87.894 0.0000000000
57040  -27.258  -23.403  73.499 0.0000000000
56102  -27.451  -23.283  74.198 0.0000000000
51421  -21.431  -27.778  76.355 0.0000000000
51435  -20.991  -27.863  75.566 0.0000000000
128876  -26.784  -23.442  74.848 0.0000000000
56086  -25.392  -24.326  75.076 0.0000000000
56101  -26.061  -23.763  74.592 0.0000000000
51398  -22.118  -27.636  78.593 0.0000000000
51397  -21.706  -27.358  78.604 0.0000000000
51409  -21.303  -27.220  77.866 0.0000000000
51408  -20.885  -27.125  76.897 0.0000000000
129565  -42.018  -6.818  54.155 0.0000000000
130102  -30.347  -22.825  67.434 0.0000000000
62856  -30.627  -17.905  62.944 0.0000000000
62857  -31.264  -17.825  62.568 0.0000000000
119836  -31.930  -17.537  62.660 0.0000000000
121203  -10.694  -35.395  80.631 0.0000000000
46446  -11.077  -34.158  81.498 0.0000000000
45490  -10.774  -34.753  81.261 0.0000000000
44595  -10.434  -35.135  81.887 0.0000000000
56067  -28.883  -22.477  77.710 0.0000000000
54170  -26.412  -25.747  82.335 0.0000000000
54187  -26.340  -25.916  81.303 0.0000000000
55110  -26.804  -25.497  81.710 0.0000000000
56976  -28.660  -23.229  79.551 0.0000000000
56054  -28.109  -23.757  79.010 0.0000000000
53190  -25.828  -26.233  82.580 0.0000000000
67570  -40.860  -11.672  61.283 0.0000000000
142970  -40.714  -11.193  60.875 0.0000000000
68493  -41.353  -10.938  60.828 0.0000000000
70475  -43.437  -8.848  59.261 0.0000000000
139938  -44.204  -7.592  58.497 0.0000000000
61798  -32.148  -18.376  70.550 0.0000000000
61802  -31.855  -18.074  69.713 0.0000000000
122558  -34.780  -16.702  67.664 0.0000000000
62781  -34.251  -16.592  66.982 0.0000000000
62796  -34.697  -16.875  66.268 0.0000000000
52300  -14.795  -28.328  79.007 0.0000000000
51396  -14.602  -29.027  78.535 0.0000000000
76786  -50.010  -2.568  51.961 0.0000000000
40202  -6.970  -40.847  91.575 0.0000000000
41098  -7.036  -40.286  92.320 0.0000000000
139049  -6.586  -40.696  92.924 0.0000000000
40194  -6.618  -41.034  92.287 0.0000000000
57071  -29.216  -24.064  71.284 0.0000000000
57089  -28.937  -24.061  70.388 0.0000000000
56157  -29.688  -24.344  70.610 0.0000000000
56172  -29.764  -24.382  69.711 0.0000000000
56158  -30.444  -24.441  70.469 0.0000000000
56092  -31.410  -21.977  74.564 0.0000000000
56093  -31.879  -21.674  74.826 0.0000000000
58947  -33.541  -21.483  72.546 0.0000000000
57073  -33.137  -22.193  72.494 0.0000000000
58952  -32.997  -21.713  72.082 0.0000000000
58951  -32.681  -21.908  71.492 0.0000000000
58946  -32.779  -21.178  71.593 0.0000000000
51474  -17.295  -30.104  73.790 0.0000000000
52328  -24.646  -27.105  77.757 0.0000000000
51437  -24.573  -28.296  76.845 0.0000000000
52335  -24.602  -27.486  76.983 0.0000000000
51447  -16.971  -28.496  75.070 0.0000000000
73372  -44.702  -6.103  50.878 0.0000000000
73339  -45.762  -5.948  56.838 0.0000000000
75111  -48.395  -3.766  55.434 0.0000000000
75117  -47.681  -3.996  54.983 0.0000000000
142118  -48.185  -3.286  53.784 0.0000000000
58974  -28.832  -21.128  66.039 0.0000000000
59935  -28.563  -20.386  65.676 0.0000000000
64768  -33.592  -15.841  61.322 0.0000000000
63870  -33.752  -16.069  60.468 0.0000000000
64769  -34.143  -15.460  60.763 0.0000000000
63809  -36.473  -16.640  65.288 0.0000000000
63820  -36.153  -16.425  64.695 0.0000000000
63821  -36.987  -16.231  64.730 0.0000000000
65630  -38.980  -14.190  63.606 0.0000000000
130007  -39.145  -13.649  63.150 0.0000000000
132233  -9.301  -36.720  84.040 0.0000000000
137583  -9.521  -35.499  85.132 0.0000000000
43670  -9.138  -36.710  84.915 0.0000000000
43669  -8.844  -37.321  84.390 0.0000000000
42021  -8.238  -38.655  84.077 0.0000000000
42878  -8.611  -38.010  83.829 0.0000000000
36488  -3.635  -45.060  89.701 0.0000000000
36480  -3.604  -44.547  90.253 0.0000000000
36479  -3.017  -45.141  89.989 0.0000000000
63740  -33.869  -16.593  70.178 0.0000000000
49477  -14.665  -31.100  76.897 0.0000000000
41962  -7.856  -39.132  89.701 0.0000000000
41956  -7.919  -38.558  90.949 0.0000000000
41114  -7.645  -39.667  90.167 0.0000000000
41105  -7.616  -39.591  91.028 0.0000000000
41121  -7.341  -40.463  89.826 0.0000000000
57068  -25.850  -23.732  71.829 0.0000000000
139884  -28.033  -23.246  73.025 0.0000000000
57070  -28.548  -23.580  71.539 0.0000000000
134212  -18.777  -27.371  74.934 0.0000000000
124293  -18.712  -28.104  74.180 0.0000000000
136150  -20.088  -28.081  74.322 0.0000000000
51450  -21.591  -28.791  74.899 0.0000000000
51461  -20.783  -28.767  74.121 0.0000000000
50537  -21.086  -29.662  73.674 0.0000000000
50538  -21.692  -30.071  74.263 0.0000000000
54238  -24.850  -25.439  76.509 0.0000000000
129614  -24.574  -26.467  76.437 0.0000000000
54254  -24.688  -25.842  74.797 0.0000000000
54253  -24.498  -26.508  74.250 0.0000000000
54261  -24.256  -26.327  73.341 0.0000000000
52290  -21.118  -26.733  79.964 0.0000000000
52262  -21.125  -26.578  81.738 0.0000000000
52289  -20.744  -26.372  80.555 0.0000000000
53200  -20.421  -25.927  81.158 0.0000000000
124307  -20.668  -26.377  79.579 0.0000000000
53221  -19.944  -25.903  79.139 0.0000000000
53234  -19.737  -26.363  78.126 0.0000000000
51434  -19.493  -27.050  75.803 0.0000000000
72428  -39.545  -7.582  56.143 0.0000000000
61828  -29.439  -18.127  64.510 0.0000000000
61819  -28.759  -18.857  64.786 0.0000000000
63842  -32.626  -16.809  62.132 0.0000000000
63859  -32.963  -16.216  61.837 0.0000000000
63812  -39.549  -16.122  65.872 0.0000000000
63823  -38.992  -15.860  65.087 0.0000000000
65609  -40.564  -14.468  64.899 0.0000000000
48404  -11.695  -32.064  81.702 0.0000000000
48394  -11.361  -32.467  82.542 0.0000000000
48393  -11.088  -32.564  83.293 0.0000000000
47402  -10.705  -33.056  83.709 0.0000000000
46415  -10.528  -33.920  83.275 0.0000000000
44587  -9.817  -35.963  82.895 0.0000000000
44581  -9.580  -36.137  83.637 0.0000000000
43688  -9.403  -37.424  82.578 0.0000000000
43697  -9.663  -37.351  81.632 0.0000000000
56089  -27.898  -22.710  75.664 0.0000000000
56079  -30.383  -21.845  76.401 0.0000000000
50451  -23.335  -28.408  80.101 0.0000000000
131092  -23.481  -28.493  79.253 0.0000000000
52291  -24.495  -28.010  80.151 0.0000000000
54200  -26.071  -26.059  80.247 0.0000000000
52293  -25.123  -27.197  79.343 0.0000000000
52305  -25.023  -26.994  78.839 0.0000000000
55129  -27.944  -24.817  80.660 0.0000000000
55128  -27.400  -25.100  80.773 0.0000000000
55153  -26.577  -24.461  78.922 0.0000000000
133677  -26.835  -24.807  79.538 0.0000000000
54226  -25.468  -25.710  78.552 0.0000000000
133557  -25.767  -24.899  78.409 0.0000000000
56065  -26.274  -23.976  77.222 0.0000000000
53189  -25.266  -26.618  82.207 0.0000000000
53188  -24.435  -27.021  81.635 0.0000000000
52279  -23.321  -27.963  81.196 0.0000000000
68490  -38.362  -11.526  60.538 0.0000000000
68489  -37.469  -11.478  60.284 0.0000000000
69482  -39.453  -10.320  59.748 0.0000000000
69493  -39.009  -9.790  59.095 0.0000000000
69494  -39.980  -9.749  59.284 0.0000000000
69472  -42.035  -10.497  60.461 0.0000000000
70473  -41.746  -8.884  58.887 0.0000000000
129938  -41.216  -9.134  59.006 0.0000000000
71446  -39.619  -7.821  57.512 0.0000000000
71447  -40.768  -8.050  57.600 0.0000000000
72417  -42.312  -7.309  57.147 0.0000000000
72416  -41.359  -7.471  57.098 0.0000000000
120151  -41.602  -6.906  55.764 0.0000000000
72431  -42.386  -6.804  56.187 0.0000000000
72440  -43.077  -6.552  56.112 0.0000000000
72403  -44.725  -7.124  58.325 0.0000000000
72419  -44.583  -6.703  57.561 0.0000000000
73327  -45.220  -6.487  57.106 0.0000000000
72421  -45.937  -6.834  58.345 0.0000000000
126294  -47.181  -7.027  58.951 0.0000000000
58961  -30.502  -21.511  68.343 0.0000000000
138621  -31.011  -20.508  69.047 0.0000000000
60862  -30.501  -19.497  68.464 0.0000000000
60867  -30.027  -19.049  67.952 0.0000000000
62764  -32.575  -17.035  68.401 0.0000000000
62779  -32.724  -16.734  67.068 0.0000000000
120352  -31.773  -17.134  67.600 0.0000000000
62777  -30.802  -17.584  67.011 0.0000000000
142683  -30.525  -17.440  66.370 0.0000000000
62793  -31.361  -17.089  66.234 0.0000000000
120231  -32.574  -17.158  64.745 0.0000000000
62828  -33.478  -17.319  64.673 0.0000000000
144230  -35.115  -17.084  65.990 0.0000000000
62815  -35.467  -17.038  65.743 0.0000000000
62831  -35.733  -16.792  65.214 0.0000000000
120418  -37.635  -16.637  67.181 0.0000000000
62800  -38.528  -16.649  66.980 0.0000000000
63798  -39.108  -16.408  66.401 0.0000000000
52287  -14.251  -28.304  80.647 0.0000000000
51384  -13.550  -29.421  80.379 0.0000000000
49458  -13.690  -31.330  78.345 0.0000000000
49446  -13.909  -30.287  78.380 0.0000000000
48418  -13.380  -31.626  79.130 0.0000000000
124021  -12.967  -31.689  79.752 0.0000000000
49435  -12.874  -30.857  80.156 0.0000000000
48405  -12.459  -31.607  80.427 0.0000000000
48417  -12.469  -32.354  79.997 0.0000000000
39223  -4.577  -41.698  92.537 0.0000000000
57105  -27.407  -24.262  69.067 0.0000000000
136472  -30.572  -24.318  69.123 0.0000000000
57121  -30.644  -23.807  68.154 0.0000000000
56187  -31.077  -23.999  68.984 0.0000000000
56103  -28.244  -23.032  74.183 0.0000000000
129278  -29.943  -23.230  73.781 0.0000000000
56120  -30.830  -23.699  73.382 0.0000000000
124020  -31.290  -24.151  72.525 0.0000000000
56149  -32.613  -23.589  72.417 0.0000000000
56134  -32.441  -23.844  72.796 0.0000000000
56148  -32.295  -24.023  71.727 0.0000000000
126057  -31.950  -24.184  70.926 0.0000000000
56159  -31.355  -24.328  70.513 0.0000000000
56160  -32.173  -23.951  70.842 0.0000000000
58027  -32.187  -22.517  70.399 0.0000000000
57109  -31.882  -23.281  70.137 0.0000000000
57123  -31.555  -23.067  69.367 0.0000000000
58956  -31.458  -22.078  69.273 0.0000000000
58957  -31.941  -21.643  70.072 0.0000000000
58945  -32.687  -20.305  71.392 0.0000000000
60855  -32.059  -19.255  70.411 0.0000000000
126184  -34.773  -19.139  73.614 0.0000000000
60844  -34.332  -19.110  72.893 0.0000000000
61790  -33.210  -18.017  71.798 0.0000000000
50546  -18.094  -30.019  73.200 0.0000000000
134799  -18.828  -30.451  72.773 0.0000000000
49460  -22.855  -28.677  77.297 0.0000000000
50503  -22.412  -28.601  76.789 0.0000000000
126842  -22.625  -28.999  76.532 0.0000000000
49511  -22.914  -29.793  75.431 0.0000000000
49493  -22.427  -29.468  75.775 0.0000000000
49510  -22.421  -30.062  75.067 0.0000000000
49528  -23.088  -30.419  74.537 0.0000000000
52341  -24.639  -27.807  75.188 0.0000000000
130532  -24.540  -28.369  75.265 0.0000000000
54211  -16.682  -25.817  79.682 0.0000000000
137049  -16.142  -27.164  79.032 0.0000000000
132570  -18.829  -26.296  77.677 0.0000000000
52324  -15.927  -27.982  76.756 0.0000000000
51407  -15.356  -28.758  77.587 0.0000000000
51420  -15.550  -29.061  77.075 0.0000000000
50501  -15.419  -29.614  76.860 0.0000000000
50514  -15.814  -29.784  76.124 0.0000000000
73341  -43.528  -6.306  55.681 0.0000000000
73348  -43.107  -5.952  55.134 0.0000000000
73349  -44.046  -6.124  55.113 0.0000000000
74252  -44.360  -5.571  54.514 0.0000000000
74257  -44.224  -4.851  53.656 0.0000000000
74249  -46.930  -5.190  55.993 0.0000000000
74248  -46.249  -5.255  55.588 0.0000000000
75115  -45.989  -4.872  54.248 0.0000000000
75124  -45.589  -4.411  52.673 0.0000000000
140314  -46.253  -4.392  52.056 0.0000000000
75132  -47.414  -3.941  51.071 0.0000000000
74281  -46.972  -4.545  50.398 0.0000000000
75133  -48.113  -3.561  51.496 0.0000000000
75964  -49.185  -3.115  52.920 0.0000000000
41153  -7.028  -40.294  86.093 0.0000000000
140912  -35.093  -13.755  59.673 0.0000000000
63830  -34.578  -16.781  63.872 0.0000000000
64732  -34.885  -15.998  63.483 0.0000000000
131829  -38.460  -15.428  64.486 0.0000000000
64723  -37.464  -15.534  64.247 0.0000000000
65628  -37.203  -14.431  63.074 0.0000000000
64748  -36.708  -14.968  63.464 0.0000000000
133317  -36.222  -12.966  60.840 0.0000000000
66607  -40.177  -12.869  62.403 0.0000000000
67557  -39.737  -12.541  61.817 0.0000000000
67558  -40.571  -12.406  61.808 0.0000000000
43650  -8.522  -37.388  86.236 0.0000000000
43651  -8.866  -36.627  86.709 0.0000000000
43641  -8.505  -37.169  87.143 0.0000000000
123686  -8.126  -38.206  86.170 0.0000000000
41999  -7.657  -38.911  86.130 0.0000000000
42010  -8.046  -38.460  85.452 0.0000000000
40237  -6.792  -40.995  86.479 0.0000000000
40232  -6.958  -41.042  87.357 0.0000000000
39258  -6.090  -42.320  87.979 0.0000000000
39259  -6.521  -41.668  87.686 0.0000000000
39251  -6.100  -42.404  88.865 0.0000000000
37368  -4.257  -44.740  87.390 0.0000000000
37376  -4.579  -44.215  86.867 0.0000000000
37362  -4.690  -44.163  89.411 0.0000000000
38317  -5.184  -43.536  89.669 0.0000000000
38311  -5.625  -42.914  90.033 0.0000000000
38310  -5.119  -43.359  90.521 0.0000000000
123333  -4.926  -43.136  91.289 0.0000000000
37334  -3.477  -43.683  90.902 0.0000000000
38292  -3.834  -43.141  91.434 0.0000000000
39236  -3.485  -42.795  91.484 0.0000000000
36478  -2.457  -45.121  90.060 0.0000000000
57039  -25.952  -23.725  72.627 0.0000000000
124436  -26.670  -23.506  72.889 0.0000000000
55176  -24.859  -24.949  74.526 0.0000000000
55190  -24.508  -25.525  72.953 0.0000000000
55182  -24.941  -24.881  73.550 0.0000000000
56115  -25.383  -24.175  73.135 0.0000000000
52265  -22.874  -27.622  81.596 0.0000000000
51360  -22.084  -27.416  81.053 0.0000000000
51387  -21.558  -27.143  79.361 0.0000000000
52316  -20.458  -26.816  77.750 0.0000000000
142483  -20.255  -27.098  76.400 0.0000000000
72438  -40.791  -7.136  55.487 0.0000000000
73356  -42.694  -5.844  53.581 0.0000000000
61840  -29.827  -18.118  63.564 0.0000000000
61855  -30.140  -18.711  62.634 0.0000000000
62875  -32.202  -17.475  61.870 0.0000000000
46447  -11.473  -33.641  80.881 0.0000000000
144473  -11.492  -32.741  81.891 0.0000000000
46431  -11.281  -33.671  81.607 0.0000000000
46430  -10.874  -33.972  82.305 0.0000000000
45462  -10.352  -34.641  82.914 0.0000000000
123805  -10.137  -35.881  81.956 0.0000000000
56077  -28.184  -22.811  76.893 0.0000000000
53201  -25.268  -26.814  81.007 0.0000000000
52292  -25.077  -27.378  80.079 0.0000000000
131004  -25.910  -26.452  80.872 0.0000000000
55144  -28.016  -24.673  80.041 0.0000000000
70460  -43.643  -9.191  59.729 0.0000000000
70459  -42.848  -9.337  59.604 0.0000000000
71436  -42.132  -8.467  58.437 0.0000000000
71448  -41.738  -8.033  57.717 0.0000000000
72418  -43.177  -7.246  57.557 0.0000000000
72433  -43.808  -6.759  57.169 0.0000000000
72404  -45.500  -7.331  58.612 0.0000000000
59926  -30.863  -19.875  68.881 0.0000000000
126716  -31.430  -19.116  69.451 0.0000000000
62766  -34.297  -16.772  68.496 0.0000000000
62780  -33.286  -16.714  67.549 0.0000000000
120186  -32.132  -16.791  66.629 0.0000000000
62794  -33.199  -16.675  66.161 0.0000000000
62813  -34.051  -17.031  65.776 0.0000000000
125410  -15.053  -27.191  80.967 0.0000000000
52288  -14.538  -28.283  79.810 0.0000000000
47449  -12.395  -32.976  79.525 0.0000000000
75971  -49.110  -3.208  51.299 0.0000000000
75987  -48.875  -3.664  50.022 0.0000000000
75979  -49.269  -3.296  50.482 0.0000000000
75980  -49.921  -2.992  50.005 0.0000000000
40192  -5.436  -41.553  92.693 0.0000000000
57069  -27.858  -23.251  71.121 0.0000000000
57088  -28.040  -23.578  70.173 0.0000000000
56171  -28.940  -24.370  68.946 0.0000000000
56091  -29.909  -22.120  75.098 0.0000000000
56104  -29.911  -22.632  74.378 0.0000000000
56105  -30.864  -22.509  74.466 0.0000000000
56136  -32.997  -22.918  73.391 0.0000000000
57059  -33.221  -22.635  73.008 0.0000000000
57072  -32.764  -23.021  72.223 0.0000000000
57091  -32.568  -23.130  71.256 0.0000000000
57090  -32.244  -23.589  70.730 0.0000000000
58014  -32.540  -22.503  71.039 0.0000000000
59906  -33.189  -19.845  71.884 0.0000000000
61764  -34.693  -18.377  73.402 0.0000000000
51484  -20.003  -29.814  72.334 0.0000000000
50492  -24.300  -28.711  77.919 0.0000000000
50517  -23.685  -29.125  76.782 0.0000000000
123690  -23.553  -29.463  75.802 0.0000000000
127525  -24.301  -28.795  73.558 0.0000000000
51476  -24.300  -29.299  74.003 0.0000000000
52325  -17.324  -27.116  76.368 0.0000000000
140576  -16.104  -29.947  75.388 0.0000000000
129567  -16.264  -30.666  74.907 0.0000000000
73343  -45.171  -6.071  55.685 0.0000000000
74247  -45.518  -5.635  55.352 0.0000000000
75110  -47.077  -4.713  55.402 0.0000000000
75121  -46.840  -4.168  53.595 0.0000000000
75125  -46.499  -4.218  52.753 0.0000000000
75126  -47.264  -3.821  52.685 0.0000000000
75966  -47.945  -3.509  52.604 0.0000000000
75963  -48.449  -3.303  53.062 0.0000000000
41171  -7.241  -40.630  84.118 0.0000000000
40254  -6.833  -41.296  84.540 0.0000000000
59929  -29.583  -20.542  67.372 0.0000000000
123620  -29.302  -21.028  66.757 0.0000000000
64776  -34.250  -15.602  59.948 0.0000000000
65640  -35.107  -14.171  61.723 0.0000000000
63818  -34.911  -17.061  64.413 0.0000000000
64736  -38.893  -14.769  64.121 0.0000000000
65618  -38.259  -14.535  63.621 0.0000000000
125833  -37.834  -14.374  63.221 0.0000000000
66592  -37.821  -13.821  62.721 0.0000000000
66605  -38.295  -13.083  62.313 0.0000000000
142989  -40.536  -13.076  62.753 0.0000000000
45447  -9.685  -35.126  84.506 0.0000000000
45436  -9.622  -34.899  85.427 0.0000000000
45435  -9.484  -35.458  85.897 0.0000000000
43660  -8.688  -37.310  85.290 0.0000000000
124621  -8.034  -38.653  84.776 0.0000000000
42031  -8.061  -39.353  83.358 0.0000000000
39274  -6.106  -42.231  86.211 0.0000000000
38332  -5.603  -42.855  87.354 0.0000000000
128755  -3.712  -45.682  88.085 0.0000000000
37361  -4.157  -44.942  88.221 0.0000000000
131265  -4.203  -44.785  89.189 0.0000000000
37345  -4.476  -43.579  90.887 0.0000000000
37344  -4.059  -44.070  90.546 0.0000000000
127998  -3.623  -44.044  90.652 0.0000000000
55111  -27.345  -25.230  81.607 0.0000000000
56968  -28.704  -23.534  80.296 0.0000000000
68479  -42.675  -11.549  61.492 0.0000000000
68494  -42.296  -10.925  61.018 0.0000000000
68495  -43.249  -10.971  61.083 0.0000000000
69474  -43.905  -10.242  60.617 0.0000000000
123200  -44.973  -9.184  59.815 0.0000000000
71428  -45.095  -8.581  59.345 0.0000000000
62741  -33.406  -16.810  70.812 0.0000000000
126937  -32.283  -17.469  69.987 0.0000000000
63739  -32.928  -16.820  70.163 0.0000000000
63764  -33.615  -16.734  69.313 0.0000000000
62767  -35.541  -16.727  67.753 0.0000000000
50488  -14.635  -29.757  78.049 0.0000000000
41104  -7.279  -40.192  91.368 0.0000000000
40211  -7.121  -40.829  90.748 0.0000000000
123672  -26.978  -23.155  71.051 0.0000000000
57055  -26.599  -23.375  71.978 0.0000000000
127340  -27.432  -23.175  71.756 0.0000000000
59907  -33.859  -20.779  72.534 0.0000000000
128596  -17.499  -28.628  74.486 0.0000000000
51460  -17.711  -29.226  73.903 0.0000000000
50548  -20.621  -30.019  72.652 0.0000000000
53260  -24.515  -26.799  77.138 0.0000000000
53285  -24.522  -26.941  75.562 0.0000000000
144515  -24.603  -26.583  74.969 0.0000000000
52351  -24.403  -27.975  74.100 0.0000000000
53220  -18.800  -25.575  79.502 0.0000000000
51433  -17.975  -27.254  75.506 0.0000000000
71445  -38.878  -8.044  57.087 0.0000000000
73329  -47.368  -6.017  57.931 0.0000000000
74241  -46.367  -5.472  56.436 0.0000000000
74230  -47.609  -5.491  57.408 0.0000000000
75952  -48.988  -3.328  55.173 0.0000000000
61812  -28.738  -18.871  65.828 0.0000000000
60878  -28.498  -19.620  65.271 0.0000000000
64724  -39.345  -15.306  64.755 0.0000000000
65608  -39.748  -14.673  64.502 0.0000000000
66579  -40.626  -13.714  63.603 0.0000000000
49407  -11.831  -31.048  83.519 0.0000000000
45448  -10.086  -34.590  83.857 0.0000000000
137463  -8.820  -38.765  81.937 0.0000000000
35611  -2.470  -46.688  89.077 0.0000000000
119689  -27.522  -23.019  74.869 0.0000000000
56978  -30.171  -22.043  78.919 0.0000000000
50489  -22.323  -27.938  78.194 0.0000000000
50502  -22.053  -28.086  77.081 0.0000000000
130487  -22.715  -28.188  78.641 0.0000000000
50491  -23.133  -28.534  78.307 0.0000000000
128477  -23.660  -28.806  78.204 0.0000000000
51390  -24.752  -27.838  79.396 0.0000000000
51400  -24.467  -28.297  78.887 0.0000000000
51411  -24.548  -28.246  78.282 0.0000000000
52317  -24.743  -27.655  78.060 0.0000000000
52318  -24.846  -27.087  78.355 0.0000000000
128897  -24.873  -26.684  78.131 0.0000000000
55143  -27.512  -24.870  80.087 0.0000000000
54213  -25.734  -25.862  79.298 0.0000000000
127560  -25.031  -26.177  78.118 0.0000000000
137380  -24.897  -25.937  77.731 0.0000000000
54239  -25.018  -25.361  77.399 0.0000000000
55163  -25.508  -24.603  76.907 0.0000000000
53187  -23.164  -27.057  82.343 0.0000000000
50463  -22.648  -27.981  79.896 0.0000000000
67565  -36.723  -12.166  60.405 0.0000000000
67577  -36.237  -12.206  59.319 0.0000000000
68499  -37.397  -11.056  59.670 0.0000000000
68501  -38.907  -10.859  60.224 0.0000000000
69480  -37.679  -10.543  59.296 0.0000000000
69483  -41.356  -10.314  59.983 0.0000000000
70457  -40.883  -9.715  59.385 0.0000000000
70458  -41.827  -9.431  59.443 0.0000000000
70481  -39.094  -8.619  57.842 0.0000000000
72414  -39.501  -7.485  56.925 0.0000000000
72429  -40.175  -7.278  56.297 0.0000000000
72430  -41.047  -7.189  56.398 0.0000000000
141416  -42.131  -6.586  54.854 0.0000000000
72439  -42.654  -6.376  55.486 0.0000000000
71439  -45.696  -7.976  59.167 0.0000000000
122681  -46.360  -7.351  58.966 0.0000000000
73316  -46.696  -6.528  58.284 0.0000000000
58048  -30.605  -22.398  68.205 0.0000000000
126671  -30.122  -20.974  67.820 0.0000000000
60866  -29.414  -19.574  67.473 0.0000000000
134437  -32.105  -17.544  69.133 0.0000000000
61806  -31.219  -17.945  68.383 0.0000000000
61810  -30.364  -18.237  67.548 0.0000000000
61813  -29.308  -18.280  66.441 0.0000000000
62809  -29.852  -17.587  66.028 0.0000000000
62824  -29.956  -17.579  65.092 0.0000000000
62825  -30.758  -17.268  64.728 0.0000000000
62826  -31.609  -17.212  64.320 0.0000000000
62842  -32.587  -17.191  63.583 0.0000000000
62827  -32.940  -17.174  64.283 0.0000000000
120383  -34.034  -17.401  64.570 0.0000000000
62829  -34.589  -17.391  64.765 0.0000000000
62783  -35.918  -16.837  67.097 0.0000000000
62799  -36.725  -16.787  66.931 0.0000000000
142119  -36.553  -16.902  66.275 0.0000000000
62817  -36.934  -16.826  65.902 0.0000000000
50474  -14.118  -29.479  78.729 0.0000000000
50462  -13.764  -29.323  79.471 0.0000000000
50473  -13.370  -29.973  78.931 0.0000000000
50461  -13.334  -30.055  79.843 0.0000000000
50460  -13.017  -30.115  80.710 0.0000000000
136404  -12.038  -31.507  81.092 0.0000000000
48416  -12.029  -32.305  80.771 0.0000000000
120428  -50.597  -2.295  51.330 0.0000000000
76794  -50.572  -2.499  50.388 0.0000000000
56186  -29.350  -24.581  68.030 0.0000000000
141906  -29.949  -24.449  67.587 0.0000000000
56118  -29.051  -23.237  73.638 0.0000000000
56131  -29.863  -24.123  72.071 0.0000000000
119894  -31.945  -23.236  73.756 0.0000000000
56133  -31.935  -23.863  73.270 0.0000000000
56146  -30.684  -24.326  71.830 0.0000000000
139670  -30.826  -24.439  71.082 0.0000000000
56174  -31.475  -24.080  69.791 0.0000000000
56175  -31.862  -23.849  70.251 0.0000000000
143948  -30.940  -22.020  68.705 0.0000000000
59921  -31.872  -20.514  70.013 0.0000000000
60858  -31.796  -19.621  69.924 0.0000000000
136496  -33.692  -20.192  72.293 0.0000000000
60851  -33.161  -18.968  71.857 0.0000000000
61779  -34.262  -18.096  72.732 0.0000000000
61778  -33.764  -18.606  72.315 0.0000000000
51422  -21.875  -28.403  76.151 0.0000000000
50515  -21.981  -28.955  75.596 0.0000000000
50528  -21.867  -29.571  74.982 0.0000000000
50529  -22.094  -29.589  75.395 0.0000000000
50550  -21.954  -30.822  73.943 0.0000000000
49541  -22.271  -31.507  73.299 0.0000000000
125313  -24.790  -28.007  76.054 0.0000000000
51451  -24.378  -28.598  75.810 0.0000000000
50530  -23.826  -29.561  75.011 0.0000000000
49529  -23.750  -30.118  74.439 0.0000000000
49542  -22.986  -31.317  73.416 0.0000000000
54197  -16.199  -25.964  80.439 0.0000000000
52312  -15.096  -28.500  78.272 0.0000000000
54225  -18.042  -25.997  78.797 0.0000000000
53231  -16.478  -27.060  78.258 0.0000000000
52314  -16.812  -27.012  77.278 0.0000000000
132141  -42.764  -5.751  54.451 0.0000000000
74256  -43.353  -5.365  53.151 0.0000000000
75109  -46.383  -4.844  54.974 0.0000000000
74258  -45.109  -5.205  54.165 0.0000000000
75119  -44.733  -4.479  52.966 0.0000000000
74268  -45.157  -5.313  51.308 0.0000000000
74269  -45.800  -5.064  50.974 0.0000000000
74280  -46.278  -5.249  50.248 0.0000000000
75970  -48.616  -3.394  51.454 0.0000000000
76781  -49.630  -2.897  52.481 0.0000000000
41988  -7.598  -39.092  87.060 0.0000000000
41136  -7.613  -39.804  87.491 0.0000000000
41144  -7.408  -39.647  86.605 0.0000000000
39275  -6.459  -41.672  85.928 0.0000000000
39283  -6.598  -41.937  85.040 0.0000000000
39282  -6.230  -42.272  85.469 0.0000000000
58064  -29.996  -23.237  66.509 0.0000000000
59959  -28.441  -20.397  64.851 0.0000000000
62859  -33.128  -17.064  63.472 0.0000000000
64745  -34.444  -15.551  62.675 0.0000000000
63833  -36.626  -15.942  64.187 0.0000000000
123909  -36.337  -15.620  63.732 0.0000000000
65639  -34.804  -14.870  62.204 0.0000000000
66602  -35.626  -13.558  61.260 0.0000000000
67567  -38.667  -12.192  61.041 0.0000000000
67556  -38.877  -12.595  61.774 0.0000000000
67568  -39.469  -12.107  61.219 0.0000000000
123377  -40.923  -13.246  63.096 0.0000000000
42849  -8.236  -37.782  87.671 0.0000000000
42859  -8.197  -37.919  86.883 0.0000000000
41163  -7.465  -39.787  84.680 0.0000000000
42042  -8.461  -39.058  82.570 0.0000000000
41129  -7.389  -40.464  88.786 0.0000000000
40225  -7.010  -41.106  88.243 0.0000000000
40218  -7.006  -41.165  89.178 0.0000000000
132795  -7.027  -41.243  90.014 0.0000000000
40210  -6.653  -41.583  90.682 0.0000000000
38331  -5.098  -43.511  87.629 0.0000000000
38324  -5.104  -43.688  88.674 0.0000000000
136475  -6.020  -42.498  89.601 0.0000000000
39245  -6.092  -42.294  90.365 0.0000000000
39238  -6.022  -42.089  91.376 0.0000000000
39229  -5.546  -42.060  92.092 0.0000000000
38294  -4.809  -42.191  92.222 0.0000000000
38302  -4.300  -43.194  91.444 0.0000000000
38293  -4.253  -42.735  91.885 0.0000000000
39228  -4.274  -42.244  92.171 0.0000000000
39222  -4.144  -41.902  92.275 0.0000000000
35610  -2.065  -46.540  89.363 0.0000000000
35604  -2.387  -45.820  89.655 0.0000000000
37333  -2.997  -43.835  90.779 0.0000000000
39237  -5.276  -42.585  91.674 0.0000000000
40201  -6.564  -41.397  91.539 0.0000000000
41130  -7.721  -39.867  88.346 0.0000000000
44605  -10.452  -35.446  81.351 0.0000000000
49461  -23.327  -28.768  77.761 0.0000000000
49462  -23.889  -29.027  77.688 0.0000000000
50434  -22.638  -27.891  80.685 0.0000000000
50449  -22.417  -27.724  80.442 0.0000000000
50450  -22.854  -28.156  80.345 0.0000000000
50464  -23.083  -28.337  79.687 0.0000000000
50465  -23.685  -28.503  79.656 0.0000000000
50475  -22.415  -27.753  79.517 0.0000000000
50477  -23.108  -28.354  79.023 0.0000000000
50478  -23.603  -28.596  78.732 0.0000000000
50504  -24.207  -28.811  77.279 0.0000000000
50518  -24.076  -28.934  76.363 0.0000000000
51361  -22.519  -27.715  81.060 0.0000000000
51362  -22.925  -28.022  80.998 0.0000000000
51373  -21.550  -27.046  80.237 0.0000000000
51374  -21.964  -27.351  80.358 0.0000000000
51375  -23.362  -28.249  80.642 0.0000000000
51376  -23.891  -28.394  80.196 0.0000000000
51388  -22.026  -27.411  79.722 0.0000000000
51389  -24.268  -28.370  79.551 0.0000000000
51399  -24.144  -28.745  78.423 0.0000000000
51410  -21.877  -27.591  77.951 0.0000000000
51463  -24.176  -28.984  74.892 0.0000000000
52252  -21.307  -26.518  82.410 0.0000000000
52263  -21.718  -27.046  81.755 0.0000000000
52264  -22.275  -27.397  81.680 0.0000000000
52276  -13.900  -28.321  81.552 0.0000000000
52277  -20.577  -26.050  81.887 0.0000000000
52278  -21.140  -26.702  80.862 0.0000000000
52280  -23.993  -27.950  80.944 0.0000000000
53284  -24.490  -27.219  74.640 0.0000000000
53309  -23.846  -26.960  72.711 0.0000000000
58994  -28.937  -21.891  65.525 0.0000000000
60870  -28.665  -19.622  66.092 0.0000000000
65619  -40.218  -14.191  64.102 0.0000000000
123881  -22.127  -28.644  76.277 0.0000000000
124228  -23.694  -26.688  71.783 0.0000000000
125247  -29.190  -18.687  63.993 0.0000000000
128095  -23.879  -26.888  82.327 0.0000000000
129236  -24.692  -27.712  77.503 0.0000000000
132418  -22.090  -27.518  79.155 0.0000000000
133759  -22.437  -27.851  78.942 0.0000000000
138010  -20.791  -26.383  81.316 0.0000000000
138815  -21.041  -26.781  79.199 0.0000000000
141629  -22.969  -28.597  77.817 0.0000000000
