#!ascii label  , from subject sub-v1s8x0051344_ses-1 vox2ras=TkReg
1566
83255  -39.373  3.724  52.743 0.0000000000
84350  -47.911  5.685  37.207 0.0000000000
91325  -48.349  14.698  50.075 0.0000000000
84235  -44.938  5.914  47.645 0.0000000000
79334  -47.264  0.550  55.406 0.0000000000
86735  -38.241  8.424  42.920 0.0000000000
91453  -42.102  14.914  34.928 0.0000000000
96666  -35.315  21.389  36.905 0.0000000000
138063  -37.384  2.424  59.267 0.0000000000
82382  -40.530  3.215  48.454 0.0000000000
85866  -41.490  7.362  45.711 0.0000000000
86671  -36.837  8.472  48.728 0.0000000000
94377  -44.649  18.871  43.733 0.0000000000
93632  -45.812  17.225  42.055 0.0000000000
95950  -44.872  20.639  34.984 0.0000000000
95163  -40.544  19.894  37.118 0.0000000000
98138  -40.069  24.133  33.672 0.0000000000
84359  -43.419  6.081  36.239 0.0000000000
86630  -38.409  8.171  53.478 0.0000000000
87456  -42.990  9.157  52.772 0.0000000000
85817  -50.512  8.332  49.703 0.0000000000
81388  -46.450  2.839  50.572 0.0000000000
78427  -41.184  -1.133  51.955 0.0000000000
76746  -40.031  -2.132  57.251 0.0000000000
84324  -43.927  5.659  38.994 0.0000000000
86785  -39.684  8.729  37.232 0.0000000000
90598  -41.370  13.918  47.540 0.0000000000
90641  -41.011  12.889  41.429 0.0000000000
89943  -37.441  12.693  35.991 0.0000000000
92188  -37.739  15.229  38.764 0.0000000000
94386  -38.334  18.046  42.201 0.0000000000
82348  -38.117  3.322  49.912 0.0000000000
84214  -38.188  5.402  48.707 0.0000000000
84179  -38.097  5.730  51.282 0.0000000000
95133  -42.313  19.678  40.893 0.0000000000
122846  -45.189  19.858  40.039 0.0000000000
95930  -42.567  20.726  37.466 0.0000000000
96688  -42.172  21.785  33.739 0.0000000000
84361  -45.787  6.559  36.083 0.0000000000
89065  -36.788  11.163  52.691 0.0000000000
88304  -41.077  10.598  53.975 0.0000000000
81363  -47.714  1.458  53.231 0.0000000000
80343  -44.278  0.840  51.197 0.0000000000
78418  -44.310  -0.544  53.904 0.0000000000
78351  -38.037  -0.194  59.406 0.0000000000
80323  -34.437  1.461  54.627 0.0000000000
133286  -34.114  4.821  53.539 0.0000000000
83241  -31.729  4.638  53.764 0.0000000000
85870  -45.674  7.924  45.373 0.0000000000
85881  -39.463  7.116  44.580 0.0000000000
85094  -42.443  6.009  42.729 0.0000000000
129155  -40.279  6.116  41.105 0.0000000000
85144  -42.182  7.200  38.502 0.0000000000
86759  -39.123  8.309  40.034 0.0000000000
89840  -45.107  12.354  51.626 0.0000000000
89846  -42.079  12.025  50.162 0.0000000000
90591  -44.291  13.899  48.937 0.0000000000
92192  -44.536  15.906  38.590 0.0000000000
92167  -43.303  15.679  41.784 0.0000000000
120606  -41.887  14.367  38.645 0.0000000000
89932  -38.413  12.343  39.066 0.0000000000
137443  -39.676  14.409  36.940 0.0000000000
91436  -37.175  14.133  36.919 0.0000000000
92200  -40.045  15.388  37.096 0.0000000000
95927  -38.362  21.149  36.825 0.0000000000
95132  -39.320  19.239  39.936 0.0000000000
95894  -37.153  20.731  40.127 0.0000000000
95104  -36.429  19.596  42.620 0.0000000000
95901  -34.522  20.519  39.484 0.0000000000
83305  -43.068  4.291  48.032 0.0000000000
143490  -43.324  7.014  46.443 0.0000000000
84231  -40.917  5.480  47.383 0.0000000000
85848  -38.586  7.547  46.489 0.0000000000
139899  -37.346  9.202  45.930 0.0000000000
92874  -48.497  17.293  47.539 0.0000000000
92127  -47.599  15.877  46.463 0.0000000000
94379  -48.343  18.618  43.343 0.0000000000
93664  -46.976  18.221  38.830 0.0000000000
93685  -45.047  17.569  35.088 0.0000000000
93671  -42.278  17.096  36.806 0.0000000000
95181  -42.849  19.720  34.463 0.0000000000
96687  -39.365  21.498  34.306 0.0000000000
98136  -37.220  22.836  35.159 0.0000000000
85172  -41.308  7.010  35.385 0.0000000000
84955  -39.517  5.437  54.287 0.0000000000
84977  -41.001  5.419  52.998 0.0000000000
86621  -41.801  7.738  54.517 0.0000000000
88297  -44.501  10.022  54.734 0.0000000000
90553  -47.054  13.910  54.462 0.0000000000
92046  -45.427  15.888  55.371 0.0000000000
92073  -47.097  15.604  51.427 0.0000000000
85016  -48.432  6.739  48.434 0.0000000000
84189  -48.715  5.503  50.144 0.0000000000
83284  -45.411  4.313  49.138 0.0000000000
125023  -42.964  2.457  49.124 0.0000000000
79384  -40.572  1.073  49.602 0.0000000000
126515  -46.816  0.275  57.729 0.0000000000
79275  -41.105  1.231  60.353 0.0000000000
127619  -42.336  -0.908  59.000 0.0000000000
77583  -43.389  -1.168  56.215 0.0000000000
141382  -40.882  -2.015  54.242 0.0000000000
82327  -38.137  2.743  53.575 0.0000000000
85944  -48.781  7.720  38.501 0.0000000000
85896  -43.804  7.377  43.898 0.0000000000
85109  -45.869  6.751  40.902 0.0000000000
85148  -46.386  6.583  37.809 0.0000000000
85964  -44.928  8.014  36.124 0.0000000000
135464  -42.027  8.078  35.360 0.0000000000
85992  -39.899  8.189  33.724 0.0000000000
133402  -39.300  9.176  51.213 0.0000000000
89098  -38.194  11.510  48.652 0.0000000000
89893  -38.285  12.377  45.533 0.0000000000
92138  -44.028  15.582  45.404 0.0000000000
91388  -40.870  14.439  43.918 0.0000000000
89913  -39.078  11.734  42.603 0.0000000000
136617  -38.286  10.440  39.728 0.0000000000
87579  -38.005  9.612  37.108 0.0000000000
87591  -37.704  9.691  34.238 0.0000000000
93660  -40.149  17.130  38.952 0.0000000000
92922  -38.655  16.339  40.896 0.0000000000
91396  -36.576  14.634  42.397 0.0000000000
92894  -36.615  16.894  44.030 0.0000000000
94362  -35.236  18.373  44.703 0.0000000000
83264  -37.998  3.704  51.297 0.0000000000
122260  -37.866  4.686  51.157 0.0000000000
84180  -38.968  4.718  51.975 0.0000000000
95907  -41.815  20.196  39.455 0.0000000000
96670  -41.058  22.116  37.143 0.0000000000
84363  -47.272  6.093  36.693 0.0000000000
80336  -47.540  0.855  53.983 0.0000000000
79346  -45.491  0.213  53.350 0.0000000000
79332  -46.002  -0.144  54.817 0.0000000000
81344  -32.966  1.974  55.191 0.0000000000
82316  -33.006  2.945  54.215 0.0000000000
85032  -46.407  6.570  47.235 0.0000000000
85048  -44.994  6.953  46.561 0.0000000000
85894  -38.382  7.780  43.491 0.0000000000
85091  -39.614  6.492  42.564 0.0000000000
85908  -39.126  7.156  42.172 0.0000000000
85117  -39.832  6.799  40.663 0.0000000000
86746  -38.511  8.599  42.030 0.0000000000
89850  -45.774  12.958  51.103 0.0000000000
89848  -44.189  12.845  50.340 0.0000000000
90580  -46.301  13.862  49.695 0.0000000000
132533  -43.979  15.319  36.383 0.0000000000
122791  -43.116  14.808  38.571 0.0000000000
126796  -41.774  14.378  37.572 0.0000000000
91430  -40.456  14.366  37.359 0.0000000000
91440  -41.051  14.561  36.505 0.0000000000
91429  -39.109  14.676  36.661 0.0000000000
92209  -41.040  15.133  35.886 0.0000000000
96659  -36.769  21.186  37.404 0.0000000000
95905  -38.252  20.902  38.893 0.0000000000
95915  -36.545  20.900  38.328 0.0000000000
95893  -36.098  20.718  40.306 0.0000000000
96658  -35.012  20.866  37.776 0.0000000000
82383  -41.280  3.563  48.170 0.0000000000
83318  -41.499  4.789  47.608 0.0000000000
83317  -40.575  4.680  47.694 0.0000000000
144600  -37.212  7.051  48.722 0.0000000000
129866  -38.526  6.474  47.624 0.0000000000
85834  -37.387  7.773  47.575 0.0000000000
86690  -37.399  8.672  46.488 0.0000000000
123168  -36.830  9.003  47.247 0.0000000000
93611  -47.020  18.485  45.868 0.0000000000
93612  -48.513  17.885  45.892 0.0000000000
120442  -47.440  18.922  43.689 0.0000000000
95922  -44.976  20.155  37.713 0.0000000000
95147  -46.033  19.711  39.420 0.0000000000
95166  -45.902  19.568  36.897 0.0000000000
93672  -46.261  17.728  37.167 0.0000000000
94443  -45.248  19.253  34.738 0.0000000000
94441  -44.246  18.303  34.737 0.0000000000
95191  -44.237  20.142  33.886 0.0000000000
97418  -40.691  22.483  33.007 0.0000000000
96706  -40.766  21.392  32.872 0.0000000000
97417  -39.644  22.314  33.368 0.0000000000
96685  -37.924  21.696  34.864 0.0000000000
98147  -38.856  23.661  33.917 0.0000000000
85173  -42.319  6.961  35.450 0.0000000000
84971  -38.783  6.317  53.967 0.0000000000
84956  -41.021  6.332  54.441 0.0000000000
85778  -40.004  7.308  54.103 0.0000000000
89824  -42.105  12.849  54.573 0.0000000000
88295  -43.103  9.806  54.759 0.0000000000
131598  -44.021  11.358  55.219 0.0000000000
89050  -45.276  11.720  54.779 0.0000000000
89812  -45.323  13.034  55.532 0.0000000000
92045  -43.858  16.246  54.963 0.0000000000
134065  -46.606  15.472  53.236 0.0000000000
92071  -44.686  15.459  51.651 0.0000000000
92845  -45.507  16.463  49.152 0.0000000000
92096  -43.918  15.751  49.943 0.0000000000
85827  -48.898  7.417  48.028 0.0000000000
85017  -49.192  7.143  48.793 0.0000000000
83266  -48.770  4.435  51.191 0.0000000000
81389  -47.217  3.567  50.510 0.0000000000
83286  -47.215  4.823  49.528 0.0000000000
82350  -46.440  3.535  50.112 0.0000000000
82366  -44.435  3.189  49.319 0.0000000000
81404  -44.913  2.849  49.825 0.0000000000
79363  -43.141  0.083  51.392 0.0000000000
79375  -42.857  0.628  50.653 0.0000000000
78451  -41.216  -0.115  50.627 0.0000000000
80282  -39.343  1.701  59.870 0.0000000000
78354  -40.669  -0.643  59.468 0.0000000000
77560  -41.329  -1.348  58.355 0.0000000000
137476  -43.528  -1.147  57.457 0.0000000000
77581  -41.760  -1.723  56.536 0.0000000000
77591  -42.294  -1.557  55.438 0.0000000000
76765  -40.254  -2.374  55.761 0.0000000000
132352  -38.107  3.466  53.699 0.0000000000
83244  -36.869  3.924  53.615 0.0000000000
85935  -49.171  8.459  38.927 0.0000000000
85852  -42.035  7.267  46.185 0.0000000000
85868  -43.161  7.540  45.441 0.0000000000
85884  -42.598  7.314  44.846 0.0000000000
129024  -43.367  5.426  40.771 0.0000000000
85107  -44.368  5.993  41.760 0.0000000000
84312  -44.583  5.716  39.721 0.0000000000
84326  -45.897  6.402  38.733 0.0000000000
84340  -45.311  6.432  38.083 0.0000000000
85965  -45.668  7.367  36.454 0.0000000000
85146  -43.593  6.918  37.748 0.0000000000
85960  -40.914  8.070  37.675 0.0000000000
127663  -42.351  8.329  36.986 0.0000000000
86787  -41.530  8.341  36.168 0.0000000000
86806  -40.846  8.067  34.413 0.0000000000
86794  -39.814  8.756  35.711 0.0000000000
85791  -41.970  7.090  52.958 0.0000000000
85799  -39.828  7.773  51.808 0.0000000000
87462  -41.488  9.403  51.876 0.0000000000
89871  -41.277  13.044  49.008 0.0000000000
89090  -40.314  11.827  49.902 0.0000000000
138379  -39.820  13.001  48.050 0.0000000000
89877  -38.464  12.325  47.319 0.0000000000
90606  -39.612  13.374  46.349 0.0000000000
92907  -47.189  16.828  43.918 0.0000000000
92139  -45.407  15.763  45.625 0.0000000000
92895  -44.950  16.446  44.032 0.0000000000
91406  -42.064  13.980  41.542 0.0000000000
137863  -42.279  15.045  43.054 0.0000000000
144003  -41.109  13.681  42.476 0.0000000000
90628  -40.037  13.538  43.502 0.0000000000
89914  -39.811  12.090  42.240 0.0000000000
89143  -38.914  10.792  41.480 0.0000000000
89144  -39.339  11.481  41.196 0.0000000000
89938  -38.137  12.888  37.855 0.0000000000
88391  -37.723  11.127  37.962 0.0000000000
88398  -37.571  10.666  36.809 0.0000000000
87578  -37.324  10.103  36.106 0.0000000000
88411  -36.852  10.981  35.514 0.0000000000
88410  -36.606  11.188  35.612 0.0000000000
89172  -36.628  11.705  35.593 0.0000000000
92197  -37.619  15.057  37.788 0.0000000000
136382  -36.639  14.152  37.289 0.0000000000
94423  -41.635  18.318  37.318 0.0000000000
93662  -40.952  17.015  37.902 0.0000000000
94414  -40.667  18.517  38.457 0.0000000000
93639  -38.774  18.168  41.387 0.0000000000
93649  -39.363  17.961  40.639 0.0000000000
92913  -38.508  17.173  41.843 0.0000000000
92173  -37.686  15.397  41.389 0.0000000000
92904  -37.785  16.741  42.611 0.0000000000
92154  -36.747  15.991  43.587 0.0000000000
93623  -37.462  17.537  43.062 0.0000000000
95872  -34.866  20.364  42.152 0.0000000000
94373  -35.652  18.839  44.011 0.0000000000
95086  -34.259  19.666  43.441 0.0000000000
94361  -34.279  18.773  44.756 0.0000000000
82365  -38.891  3.007  49.138 0.0000000000
141342  -39.126  4.179  48.561 0.0000000000
83282  -38.046  4.682  49.201 0.0000000000
84197  -37.535  5.567  49.887 0.0000000000
132304  -37.373  7.014  50.054 0.0000000000
121173  -44.838  19.375  41.822 0.0000000000
95134  -43.195  19.511  40.499 0.0000000000
95909  -43.830  19.921  38.730 0.0000000000
95931  -43.719  20.537  37.020 0.0000000000
96700  -43.640  21.111  33.880 0.0000000000
96678  -42.207  21.865  35.188 0.0000000000
97399  -40.765  22.891  35.186 0.0000000000
121755  -44.934  6.551  35.805 0.0000000000
87454  -37.567  9.591  52.759 0.0000000000
127534  -39.175  9.466  53.392 0.0000000000
123984  -39.127  11.209  53.140 0.0000000000
80346  -47.202  1.961  51.849 0.0000000000
80357  -45.240  1.810  50.791 0.0000000000
80344  -45.717  0.987  51.825 0.0000000000
79354  -44.357  -0.063  52.405 0.0000000000
129302  -43.083  -0.648  52.577 0.0000000000
79291  -37.729  0.577  59.494 0.0000000000
78366  -36.839  -0.737  58.684 0.0000000000
81352  -34.850  1.904  54.138 0.0000000000
82324  -35.028  3.473  53.585 0.0000000000
82323  -34.221  3.471  53.787 0.0000000000
83242  -32.551  4.441  53.650 0.0000000000
120088  -40.021  7.285  45.215 0.0000000000
85065  -41.169  6.607  44.377 0.0000000000
85077  -40.635  6.221  43.652 0.0000000000
84296  -41.536  5.509  41.345 0.0000000000
84322  -42.305  5.784  39.463 0.0000000000
85130  -42.558  6.631  38.860 0.0000000000
85128  -40.925  6.673  39.402 0.0000000000
85943  -39.734  7.787  39.426 0.0000000000
86769  -39.334  8.438  39.195 0.0000000000
88319  -43.581  10.395  52.398 0.0000000000
89072  -42.092  10.852  51.356 0.0000000000
89080  -43.309  12.003  50.925 0.0000000000
89862  -43.377  12.889  49.778 0.0000000000
91342  -42.799  14.123  47.745 0.0000000000
92930  -44.962  16.641  39.930 0.0000000000
92914  -44.071  16.481  42.391 0.0000000000
92182  -44.232  15.941  40.024 0.0000000000
91415  -42.675  14.302  40.276 0.0000000000
90655  -41.438  13.613  40.103 0.0000000000
90646  -39.980  12.960  40.170 0.0000000000
90654  -40.529  13.500  39.520 0.0000000000
89939  -38.694  13.142  38.402 0.0000000000
90660  -38.424  13.649  37.190 0.0000000000
90669  -37.197  13.370  36.219 0.0000000000
90671  -38.633  14.205  36.813 0.0000000000
92206  -38.726  15.065  36.819 0.0000000000
92198  -38.578  15.486  37.631 0.0000000000
95162  -39.866  20.413  37.423 0.0000000000
94413  -40.119  19.105  38.843 0.0000000000
95906  -39.011  20.523  38.602 0.0000000000
95131  -38.626  19.670  40.356 0.0000000000
95118  -37.590  19.686  41.566 0.0000000000
95105  -37.302  19.277  42.373 0.0000000000
95117  -36.753  20.084  41.902 0.0000000000
95881  -35.134  20.547  41.220 0.0000000000
95891  -34.349  20.536  40.411 0.0000000000
83320  -43.455  5.118  47.817 0.0000000000
85030  -44.451  6.453  47.115 0.0000000000
84233  -42.856  5.833  47.417 0.0000000000
85028  -42.196  6.269  47.011 0.0000000000
85044  -40.855  6.865  46.623 0.0000000000
84230  -39.866  5.444  47.570 0.0000000000
85043  -39.967  6.875  46.681 0.0000000000
85850  -40.379  7.338  46.259 0.0000000000
85863  -38.900  7.727  45.879 0.0000000000
86714  -38.238  8.093  45.312 0.0000000000
87518  -37.564  9.343  44.428 0.0000000000
92100  -48.787  16.194  49.308 0.0000000000
91345  -47.646  14.859  48.532 0.0000000000
92875  -48.742  16.519  47.232 0.0000000000
92898  -48.743  16.896  44.895 0.0000000000
93624  -47.844  17.327  43.424 0.0000000000
136982  -47.251  19.477  41.647 0.0000000000
94392  -47.907  18.768  41.544 0.0000000000
130977  -46.905  17.889  41.043 0.0000000000
92943  -45.990  16.988  38.613 0.0000000000
92211  -45.042  16.343  36.936 0.0000000000
92225  -43.592  15.398  34.866 0.0000000000
92954  -41.782  15.456  35.508 0.0000000000
93679  -43.757  16.964  34.996 0.0000000000
94432  -42.670  18.279  36.143 0.0000000000
95172  -41.527  19.759  35.858 0.0000000000
95957  -42.150  20.738  32.888 0.0000000000
95947  -40.587  20.863  34.134 0.0000000000
95929  -40.001  20.742  36.431 0.0000000000
95934  -38.505  21.192  35.991 0.0000000000
96676  -37.298  21.664  35.512 0.0000000000
96675  -36.438  21.745  35.725 0.0000000000
83247  -40.438  3.876  54.025 0.0000000000
84173  -39.921  4.240  52.797 0.0000000000
84165  -41.319  4.571  54.014 0.0000000000
84973  -42.570  5.795  54.001 0.0000000000
85764  -43.274  7.400  53.993 0.0000000000
87446  -41.170  8.907  54.158 0.0000000000
87435  -43.593  8.494  54.469 0.0000000000
87447  -44.088  8.893  54.205 0.0000000000
89061  -45.184  11.092  54.322 0.0000000000
89837  -46.126  12.601  53.102 0.0000000000
127922  -47.515  13.725  52.443 0.0000000000
91302  -44.661  14.604  56.657 0.0000000000
91309  -46.231  14.764  55.527 0.0000000000
137012  -47.722  15.216  53.146 0.0000000000
92074  -48.148  15.675  51.072 0.0000000000
92099  -47.995  16.464  49.666 0.0000000000
92860  -46.101  17.039  48.498 0.0000000000
137929  -44.431  18.322  45.679 0.0000000000
85033  -47.295  6.729  47.404 0.0000000000
85014  -46.825  6.164  47.899 0.0000000000
84985  -49.958  6.574  51.174 0.0000000000
84993  -49.738  6.746  50.333 0.0000000000
84201  -48.364  5.810  49.486 0.0000000000
84199  -46.868  5.205  48.954 0.0000000000
84217  -45.391  5.425  48.219 0.0000000000
137021  -43.972  4.566  48.362 0.0000000000
82384  -42.818  3.480  48.410 0.0000000000
81422  -41.436  2.812  48.560 0.0000000000
81385  -43.849  1.749  50.143 0.0000000000
80373  -42.521  1.695  49.509 0.0000000000
81401  -40.264  2.168  49.079 0.0000000000
80370  -39.071  1.691  49.725 0.0000000000
79278  -43.223  0.417  60.640 0.0000000000
79294  -40.366  0.060  59.974 0.0000000000
78355  -41.950  -0.204  59.552 0.0000000000
78357  -43.291  -0.527  59.413 0.0000000000
78373  -44.230  -0.773  58.338 0.0000000000
121372  -45.249  -0.491  57.014 0.0000000000
78395  -45.490  -0.365  56.181 0.0000000000
123597  -44.601  -0.651  55.090 0.0000000000
144125  -42.950  -1.193  53.928 0.0000000000
77610  -41.292  -1.687  53.366 0.0000000000
119316  -38.446  2.766  53.306 0.0000000000
83246  -38.842  4.002  53.847 0.0000000000
84164  -38.232  4.828  53.843 0.0000000000
84970  -37.356  6.419  53.593 0.0000000000
86628  -36.900  8.041  52.992 0.0000000000
123916  -50.739  7.670  38.786 0.0000000000
85954  -49.695  7.671  37.905 0.0000000000
127607  -48.407  6.825  37.646 0.0000000000
85854  -44.552  7.431  46.001 0.0000000000
85886  -44.387  7.816  44.469 0.0000000000
85080  -43.383  6.676  43.379 0.0000000000
85096  -44.784  6.701  42.332 0.0000000000
85920  -46.241  7.456  41.487 0.0000000000
85120  -47.183  6.919  39.590 0.0000000000
85132  -48.282  6.985  38.082 0.0000000000
85162  -47.102  6.780  37.064 0.0000000000
85966  -46.089  7.027  36.454 0.0000000000
85976  -45.431  7.578  35.981 0.0000000000
85187  -44.516  7.899  35.025 0.0000000000
85158  -43.378  7.693  37.309 0.0000000000
85974  -43.654  8.447  35.758 0.0000000000
85185  -43.038  7.767  34.925 0.0000000000
85184  -42.006  7.727  35.124 0.0000000000
85183  -40.637  7.594  34.642 0.0000000000
133229  -39.300  7.623  33.996 0.0000000000
84984  -39.891  6.057  52.299 0.0000000000
85798  -38.438  7.591  51.260 0.0000000000
139731  -38.118  8.897  50.511 0.0000000000
88325  -40.424  10.625  50.805 0.0000000000
89076  -39.055  10.949  50.148 0.0000000000
88341  -37.272  10.090  48.649 0.0000000000
89105  -37.335  10.956  47.435 0.0000000000
89111  -37.350  11.414  46.207 0.0000000000
89131  -37.701  11.105  43.921 0.0000000000
91353  -46.491  15.112  47.628 0.0000000000
91365  -44.746  15.038  46.871 0.0000000000
91363  -42.579  14.732  46.463 0.0000000000
92158  -43.433  15.972  42.888 0.0000000000
92136  -42.075  15.295  44.785 0.0000000000
91371  -40.771  14.402  45.594 0.0000000000
90621  -39.721  13.480  44.328 0.0000000000
138944  -38.711  12.493  44.068 0.0000000000
88373  -38.291  10.369  42.636 0.0000000000
88378  -38.588  10.153  41.386 0.0000000000
86775  -38.872  9.002  38.840 0.0000000000
89154  -38.272  11.535  39.427 0.0000000000
129371  -38.176  10.199  38.971 0.0000000000
87572  -38.916  9.114  37.818 0.0000000000
87593  -38.908  9.264  34.638 0.0000000000
144158  -38.529  9.292  33.478 0.0000000000
89942  -36.584  13.005  35.769 0.0000000000
92946  -40.732  15.564  36.760 0.0000000000
92939  -40.009  16.089  38.250 0.0000000000
92190  -39.253  15.918  38.580 0.0000000000
93654  -40.261  18.100  39.294 0.0000000000
92927  -39.138  16.346  39.864 0.0000000000
92180  -37.980  15.380  39.818 0.0000000000
126108  -37.670  15.191  40.530 0.0000000000
91404  -36.695  14.449  41.442 0.0000000000
91403  -36.112  13.849  41.895 0.0000000000
94374  -36.432  18.381  43.729 0.0000000000
93617  -35.807  17.746  44.693 0.0000000000
98127  -35.748  23.439  36.335 0.0000000000
97391  -34.512  22.778  37.345 0.0000000000
97387  -34.045  22.259  37.911 0.0000000000
96650  -33.333  21.404  39.304 0.0000000000
96637  -32.843  20.897  40.765 0.0000000000
82341  -38.593  3.284  52.214 0.0000000000
83265  -38.528  3.980  51.831 0.0000000000
80317  -47.981  0.900  55.681 0.0000000000
80327  -47.861  0.869  54.811 0.0000000000
79341  -47.106  0.512  54.643 0.0000000000
79340  -46.432  0.240  54.439 0.0000000000
79333  -46.510  0.179  55.223 0.0000000000
81343  -32.495  2.484  55.592 0.0000000000
85031  -45.449  6.482  47.161 0.0000000000
85049  -45.954  7.004  46.572 0.0000000000
86725  -37.871  8.674  43.757 0.0000000000
132427  -38.602  7.755  42.583 0.0000000000
85918  -38.831  7.814  41.804 0.0000000000
87529  -38.100  9.413  42.808 0.0000000000
132692  -46.597  13.491  50.532 0.0000000000
90581  -47.358  14.021  50.066 0.0000000000
138076  -43.026  14.785  35.432 0.0000000000
91442  -43.193  14.798  36.348 0.0000000000
91441  -42.239  14.529  36.740 0.0000000000
91446  -41.613  14.773  35.551 0.0000000000
91445  -40.935  14.905  35.888 0.0000000000
92216  -41.634  14.927  35.360 0.0000000000
136618  -36.110  21.264  36.859 0.0000000000
124238  -35.866  20.878  37.546 0.0000000000
95914  -35.607  20.638  38.464 0.0000000000
83303  -41.162  4.142  47.785 0.0000000000
83302  -40.451  3.925  48.057 0.0000000000
85815  -37.052  7.584  49.245 0.0000000000
85024  -37.588  7.062  48.004 0.0000000000
85826  -37.031  7.724  48.385 0.0000000000
134161  -36.894  8.439  47.895 0.0000000000
87482  -36.813  9.318  48.113 0.0000000000
94367  -45.443  18.732  44.564 0.0000000000
94354  -46.609  18.667  45.180 0.0000000000
94378  -46.026  18.966  43.802 0.0000000000
95940  -44.967  20.326  36.050 0.0000000000
132525  -45.994  19.867  37.711 0.0000000000
95174  -45.472  20.022  36.443 0.0000000000
95175  -45.537  19.762  35.912 0.0000000000
137620  -45.387  19.873  35.039 0.0000000000
94450  -45.108  19.869  34.491 0.0000000000
95960  -44.625  20.602  34.362 0.0000000000
98149  -40.161  23.078  33.591 0.0000000000
98152  -40.156  22.630  33.215 0.0000000000
98148  -39.679  23.266  33.609 0.0000000000
97416  -38.769  22.515  33.941 0.0000000000
84360  -44.235  5.914  36.280 0.0000000000
84358  -42.556  6.176  36.224 0.0000000000
85174  -43.271  7.015  35.354 0.0000000000
85777  -38.859  7.279  53.770 0.0000000000
86631  -39.308  8.101  53.719 0.0000000000
89825  -43.325  12.482  55.044 0.0000000000
90548  -43.777  13.255  55.481 0.0000000000
140338  -44.543  12.314  55.347 0.0000000000
89811  -44.682  13.245  55.707 0.0000000000
92081  -44.814  15.655  50.674 0.0000000000
85816  -49.885  7.678  49.220 0.0000000000
82349  -45.740  3.195  49.991 0.0000000000
81387  -45.500  2.495  50.400 0.0000000000
78437  -41.670  -0.649  51.421 0.0000000000
79362  -42.269  -0.088  51.008 0.0000000000
78436  -40.691  -0.714  51.306 0.0000000000
78450  -40.055  -0.208  50.739 0.0000000000
129641  -38.212  2.127  59.547 0.0000000000
77559  -40.426  -1.454  58.503 0.0000000000
77569  -40.716  -1.689  57.707 0.0000000000
77570  -41.545  -1.609  57.440 0.0000000000
77580  -40.937  -2.014  56.945 0.0000000000
77589  -41.017  -2.131  56.117 0.0000000000
76756  -40.355  -2.286  56.510 0.0000000000
81360  -36.836  2.036  53.915 0.0000000000
82326  -37.378  2.789  53.725 0.0000000000
82325  -36.023  2.993  53.624 0.0000000000
85922  -47.824  8.337  40.653 0.0000000000
85867  -42.305  7.399  45.565 0.0000000000
85883  -41.746  7.139  44.990 0.0000000000
84311  -43.669  5.459  39.968 0.0000000000
84325  -44.909  6.017  38.860 0.0000000000
84339  -44.497  6.225  38.429 0.0000000000
85147  -44.549  6.757  37.632 0.0000000000
84338  -43.792  6.322  38.367 0.0000000000
86777  -40.234  8.251  37.960 0.0000000000
85961  -41.585  8.380  36.984 0.0000000000
86786  -40.648  8.461  36.736 0.0000000000
86795  -40.823  8.355  35.320 0.0000000000
86641  -42.237  7.902  52.813 0.0000000000
86650  -41.392  8.611  52.220 0.0000000000
87455  -42.242  8.803  52.541 0.0000000000
90588  -41.112  13.477  48.198 0.0000000000
89870  -40.367  12.909  48.650 0.0000000000
90587  -40.316  13.347  47.972 0.0000000000
90596  -39.823  13.310  47.324 0.0000000000
90607  -40.326  13.828  46.727 0.0000000000
92916  -46.541  17.081  43.081 0.0000000000
92896  -46.214  16.509  44.381 0.0000000000
92906  -45.714  16.754  43.613 0.0000000000
90648  -41.624  13.293  41.005 0.0000000000
90642  -41.393  13.473  41.816 0.0000000000
125815  -40.815  13.109  42.207 0.0000000000
89915  -40.446  12.475  41.919 0.0000000000
89921  -39.915  11.982  41.582 0.0000000000
89928  -40.403  12.508  41.105 0.0000000000
89937  -37.864  12.577  37.086 0.0000000000
89157  -37.626  11.766  37.011 0.0000000000
89162  -37.310  11.656  35.934 0.0000000000
88405  -37.116  10.852  35.621 0.0000000000
89168  -37.021  11.546  35.551 0.0000000000
89950  -37.036  12.218  35.540 0.0000000000
91428  -37.072  14.623  37.573 0.0000000000
91421  -37.078  14.821  38.550 0.0000000000
94422  -41.062  18.957  37.736 0.0000000000
93631  -38.043  17.593  42.567 0.0000000000
95871  -34.147  20.322  42.268 0.0000000000
95102  -34.586  19.958  42.808 0.0000000000
82364  -38.535  3.902  49.012 0.0000000000
83271  -37.923  4.148  49.729 0.0000000000
84187  -37.581  5.605  50.568 0.0000000000
83270  -37.586  4.847  50.079 0.0000000000
84999  -37.463  6.222  50.018 0.0000000000
84991  -37.568  6.460  50.788 0.0000000000
95121  -43.061  19.416  41.343 0.0000000000
95919  -42.143  20.432  38.468 0.0000000000
95908  -42.806  19.969  39.041 0.0000000000
95920  -43.184  20.167  38.047 0.0000000000
95921  -44.236  20.160  37.819 0.0000000000
96672  -42.975  20.929  36.552 0.0000000000
96679  -42.992  21.327  35.582 0.0000000000
96671  -41.991  21.491  36.750 0.0000000000
98128  -40.365  23.571  37.109 0.0000000000
97400  -41.374  22.314  36.007 0.0000000000
83414  -46.480  4.968  36.854 0.0000000000
83413  -45.780  5.344  36.553 0.0000000000
88309  -37.135  10.368  52.596 0.0000000000
88310  -37.965  10.329  52.728 0.0000000000
89066  -37.608  11.104  52.713 0.0000000000
81371  -47.847  2.119  52.387 0.0000000000
80340  -47.099  1.479  52.484 0.0000000000
80345  -46.437  1.573  51.705 0.0000000000
80339  -46.367  0.937  52.459 0.0000000000
123957  -45.014  0.213  52.687 0.0000000000
79345  -44.666  -0.124  53.243 0.0000000000
78429  -43.795  -0.492  53.056 0.0000000000
79330  -35.281  0.254  55.427 0.0000000000
79329  -34.826  0.792  54.938 0.0000000000
80324  -35.278  1.307  54.376 0.0000000000
81358  -34.815  2.680  53.837 0.0000000000
81357  -33.827  2.835  54.151 0.0000000000
82322  -32.800  3.660  53.868 0.0000000000
85064  -40.171  6.704  44.373 0.0000000000
124081  -39.391  6.795  43.975 0.0000000000
85106  -40.170  6.055  42.023 0.0000000000
84283  -40.677  5.752  42.359 0.0000000000
84295  -40.779  5.661  41.612 0.0000000000
84309  -41.840  5.513  40.370 0.0000000000
84308  -40.993  5.674  40.669 0.0000000000
84321  -41.331  5.913  39.811 0.0000000000
136303  -40.548  6.285  40.160 0.0000000000
85931  -39.461  7.565  40.328 0.0000000000
85932  -40.130  7.027  39.711 0.0000000000
89074  -44.598  11.617  52.134 0.0000000000
89073  -43.623  11.349  51.682 0.0000000000
89839  -44.104  12.248  51.179 0.0000000000
90566  -44.267  13.405  49.638 0.0000000000
90578  -43.589  13.520  49.202 0.0000000000
90577  -42.739  13.372  49.096 0.0000000000
90590  -43.457  13.891  48.427 0.0000000000
92935  -45.189  16.521  39.035 0.0000000000
92191  -43.983  15.596  39.271 0.0000000000
91423  -42.701  14.572  39.294 0.0000000000
91424  -43.398  15.026  39.264 0.0000000000
91422  -42.043  14.090  39.672 0.0000000000
91414  -42.156  13.799  40.608 0.0000000000
90663  -41.092  14.037  38.812 0.0000000000
90662  -40.047  14.048  38.189 0.0000000000
90661  -39.167  13.873  37.292 0.0000000000
92207  -39.448  14.941  36.596 0.0000000000
137589  -38.139  15.137  37.219 0.0000000000
92199  -39.280  15.414  37.337 0.0000000000
95918  -39.098  20.800  37.623 0.0000000000
95917  -38.309  21.050  37.835 0.0000000000
95904  -37.362  21.046  39.162 0.0000000000
95895  -38.104  20.578  39.883 0.0000000000
95130  -37.855  20.112  40.747 0.0000000000
95883  -36.983  20.456  41.060 0.0000000000
95902  -35.349  20.519  39.338 0.0000000000
141812  -35.625  20.631  40.760 0.0000000000
95892  -35.160  20.615  40.230 0.0000000000
83319  -42.471  4.928  47.676 0.0000000000
84232  -41.876  5.579  47.343 0.0000000000
85027  -41.335  6.218  47.005 0.0000000000
85045  -41.721  6.829  46.589 0.0000000000
85026  -40.412  6.207  47.070 0.0000000000
83301  -38.725  4.631  48.557 0.0000000000
84215  -38.975  5.237  48.039 0.0000000000
85041  -38.147  7.266  47.210 0.0000000000
85025  -39.490  6.285  47.215 0.0000000000
85042  -39.024  6.929  46.850 0.0000000000
85849  -39.497  7.398  46.308 0.0000000000
85864  -39.802  7.552  45.815 0.0000000000
86700  -37.726  8.677  45.638 0.0000000000
86713  -37.775  8.629  44.758 0.0000000000
87508  -37.460  9.257  45.229 0.0000000000
92847  -48.459  16.720  48.806 0.0000000000
92863  -48.816  16.267  47.794 0.0000000000
122065  -48.549  18.383  44.354 0.0000000000
93619  -48.874  17.644  45.121 0.0000000000
126961  -48.719  17.482  44.566 0.0000000000
92908  -48.372  17.026  44.227 0.0000000000
93626  -48.289  18.311  42.951 0.0000000000
122222  -44.767  19.553  40.986 0.0000000000
95123  -45.943  19.406  41.526 0.0000000000
136330  -45.741  19.550  40.680 0.0000000000
94407  -46.960  18.828  39.413 0.0000000000
94400  -47.293  18.924  40.566 0.0000000000
93656  -47.020  18.365  39.832 0.0000000000
93651  -47.320  18.424  40.830 0.0000000000
93655  -46.693  17.647  39.199 0.0000000000
93663  -46.454  17.659  38.229 0.0000000000
93680  -45.645  17.921  36.087 0.0000000000
92957  -45.412  17.057  36.534 0.0000000000
139797  -45.040  17.070  35.612 0.0000000000
92218  -44.230  15.498  35.373 0.0000000000
120792  -44.585  16.584  34.974 0.0000000000
92960  -43.831  16.005  34.704 0.0000000000
93684  -44.455  17.237  34.926 0.0000000000
94440  -43.270  18.781  35.122 0.0000000000
95173  -42.320  19.252  35.561 0.0000000000
95180  -41.913  20.016  34.759 0.0000000000
96699  -42.688  21.226  33.363 0.0000000000
95958  -42.964  20.959  33.449 0.0000000000
96698  -41.978  21.570  32.766 0.0000000000
96697  -40.257  21.292  33.718 0.0000000000
95956  -41.094  20.814  32.959 0.0000000000
95936  -40.242  20.937  35.349 0.0000000000
95946  -39.753  21.269  34.752 0.0000000000
95935  -39.314  21.100  35.699 0.0000000000
96677  -38.872  21.290  35.168 0.0000000000
97405  -37.498  22.186  34.990 0.0000000000
124950  -38.150  21.423  35.437 0.0000000000
97398  -36.714  22.246  35.342 0.0000000000
84357  -41.702  6.229  36.298 0.0000000000
85171  -40.385  6.767  35.617 0.0000000000
82317  -39.912  3.856  54.102 0.0000000000
83235  -40.719  4.126  54.118 0.0000000000
84149  -40.248  4.524  54.311 0.0000000000
85761  -41.760  6.833  54.483 0.0000000000
128392  -41.700  5.204  54.231 0.0000000000
84958  -42.719  6.190  54.089 0.0000000000
85781  -42.877  6.503  53.964 0.0000000000
85763  -43.025  7.034  54.050 0.0000000000
88302  -39.650  10.174  53.395 0.0000000000
87445  -40.076  9.240  53.676 0.0000000000
131695  -40.653  9.915  53.777 0.0000000000
89047  -43.492  10.590  54.928 0.0000000000
88296  -44.106  9.750  54.893 0.0000000000
86632  -43.816  8.496  54.250 0.0000000000
87437  -44.455  9.679  54.403 0.0000000000
88313  -44.792  10.359  53.925 0.0000000000
140015  -44.806  10.308  54.601 0.0000000000
89827  -45.843  12.586  54.821 0.0000000000
89062  -45.568  12.263  54.130 0.0000000000
89833  -46.687  13.050  54.139 0.0000000000
89842  -46.805  13.093  52.433 0.0000000000
90554  -47.466  13.859  53.797 0.0000000000
92812  -44.571  16.458  55.783 0.0000000000
91292  -44.902  15.448  56.798 0.0000000000
91293  -45.252  15.623  56.366 0.0000000000
91303  -45.498  14.756  56.288 0.0000000000
92047  -46.230  15.525  55.070 0.0000000000
92063  -46.228  15.599  52.192 0.0000000000
92064  -47.390  15.464  52.541 0.0000000000
91320  -47.899  15.186  52.346 0.0000000000
140553  -47.846  15.449  51.800 0.0000000000
92083  -47.597  16.077  50.522 0.0000000000
92859  -44.606  16.657  48.551 0.0000000000
92872  -45.111  17.211  47.912 0.0000000000
93590  -45.762  17.791  47.176 0.0000000000
141253  -44.426  17.761  46.758 0.0000000000
85838  -49.484  8.160  47.559 0.0000000000
85034  -48.121  7.001  47.675 0.0000000000
85015  -47.646  6.429  48.135 0.0000000000
84182  -49.094  5.176  50.834 0.0000000000
84183  -49.634  5.722  51.371 0.0000000000
84190  -49.397  5.958  50.579 0.0000000000
84992  -49.103  6.197  49.841 0.0000000000
83285  -46.338  4.643  49.259 0.0000000000
138596  -46.337  5.092  48.861 0.0000000000
84218  -46.349  5.519  48.420 0.0000000000
83307  -45.790  4.963  48.753 0.0000000000
83306  -44.897  4.751  48.595 0.0000000000
82385  -43.620  3.155  48.882 0.0000000000
144709  -42.964  2.955  48.718 0.0000000000
81423  -42.380  2.841  48.643 0.0000000000
123187  -45.053  1.188  51.275 0.0000000000
80356  -44.452  1.480  50.704 0.0000000000
80355  -43.669  1.125  50.660 0.0000000000
79385  -41.338  0.631  49.959 0.0000000000
80354  -42.238  0.952  49.933 0.0000000000
80372  -41.506  1.419  49.410 0.0000000000
81402  -41.106  2.054  48.890 0.0000000000
125810  -40.678  1.641  49.264 0.0000000000
80371  -39.911  1.625  49.434 0.0000000000
79315  -46.636  0.158  56.987 0.0000000000
79276  -41.921  0.986  60.490 0.0000000000
79277  -42.560  0.720  60.542 0.0000000000
79292  -38.459  0.318  59.605 0.0000000000
79293  -39.330  0.458  59.840 0.0000000000
78352  -38.850  -0.326  59.532 0.0000000000
78370  -41.529  -0.873  59.181 0.0000000000
141114  -41.203  -0.114  59.789 0.0000000000
78356  -42.605  -0.387  59.475 0.0000000000
78358  -44.150  -0.660  59.250 0.0000000000
139634  -43.619  -0.821  58.798 0.0000000000
77572  -43.117  -1.331  56.994 0.0000000000
78384  -44.301  -0.819  57.406 0.0000000000
78394  -44.657  -0.670  56.435 0.0000000000
78402  -44.997  -0.559  55.608 0.0000000000
78401  -44.084  -0.838  55.745 0.0000000000
77600  -41.685  -1.795  54.865 0.0000000000
77601  -42.500  -1.448  54.520 0.0000000000
131050  -41.729  -1.678  54.080 0.0000000000
77611  -42.248  -1.370  53.474 0.0000000000
81362  -37.886  2.066  53.452 0.0000000000
80334  -37.772  1.213  53.212 0.0000000000
82328  -38.951  3.515  53.600 0.0000000000
129216  -37.121  5.004  53.593 0.0000000000
83245  -37.862  4.225  53.708 0.0000000000
132195  -34.566  4.151  53.556 0.0000000000
131199  -35.564  4.073  53.490 0.0000000000
129659  -34.970  4.919  53.520 0.0000000000
85774  -35.528  7.169  53.002 0.0000000000
85775  -36.381  7.399  53.086 0.0000000000
85788  -35.868  8.020  52.765 0.0000000000
86638  -36.164  8.933  52.613 0.0000000000
85936  -51.071  8.491  38.839 0.0000000000
85945  -49.588  8.044  38.210 0.0000000000
85150  -49.308  7.309  37.657 0.0000000000
85133  -49.094  7.562  37.805 0.0000000000
85029  -43.417  6.480  47.001 0.0000000000
85047  -44.086  6.958  46.515 0.0000000000
85885  -43.484  7.558  44.685 0.0000000000
85869  -44.171  7.731  45.315 0.0000000000
85078  -41.522  6.235  43.629 0.0000000000
85079  -42.468  6.370  43.453 0.0000000000
120214  -43.010  6.203  42.913 0.0000000000
85108  -45.072  6.279  41.378 0.0000000000
85097  -45.567  6.952  41.889 0.0000000000
85110  -46.769  7.066  40.524 0.0000000000
85131  -47.124  6.664  38.613 0.0000000000
85149  -47.435  6.642  37.555 0.0000000000
85161  -46.487  6.906  36.971 0.0000000000
139983  -44.947  7.395  36.928 0.0000000000
85188  -44.723  8.024  35.504 0.0000000000
85145  -42.813  7.114  38.107 0.0000000000
85953  -42.577  7.709  37.594 0.0000000000
85973  -42.806  8.278  36.060 0.0000000000
86796  -43.289  8.319  35.228 0.0000000000
86797  -43.899  8.500  35.068 0.0000000000
85984  -42.699  8.019  35.171 0.0000000000
85983  -40.684  7.968  34.197 0.0000000000
85982  -40.033  7.886  33.760 0.0000000000
85991  -39.342  8.397  33.470 0.0000000000
84174  -39.965  5.089  52.501 0.0000000000
86648  -39.815  8.736  51.512 0.0000000000
141889  -39.063  7.733  51.500 0.0000000000
86647  -38.849  8.475  51.244 0.0000000000
86656  -37.941  8.138  50.760 0.0000000000
87459  -38.763  9.370  50.785 0.0000000000
89078  -41.646  11.421  50.684 0.0000000000
88326  -41.235  10.774  51.071 0.0000000000
123768  -40.770  11.323  50.485 0.0000000000
89099  -39.045  11.891  48.956 0.0000000000
89089  -39.455  11.594  49.707 0.0000000000
89088  -38.602  11.252  49.445 0.0000000000
88334  -38.308  10.500  49.857 0.0000000000
88342  -37.828  10.783  49.122 0.0000000000
89097  -37.545  10.933  48.262 0.0000000000
89106  -37.882  11.689  47.715 0.0000000000
89884  -38.253  12.363  46.425 0.0000000000
143263  -37.711  11.878  46.488 0.0000000000
89892  -37.723  11.973  45.862 0.0000000000
134663  -37.459  10.984  44.633 0.0000000000
89900  -37.750  11.629  44.600 0.0000000000
92117  -47.663  15.564  47.139 0.0000000000
140943  -46.720  14.856  48.168 0.0000000000
92116  -46.196  15.369  47.004 0.0000000000
92125  -44.393  15.309  46.151 0.0000000000
91364  -43.588  14.825  46.666 0.0000000000
92124  -43.264  15.099  45.913 0.0000000000
92166  -42.719  15.285  42.523 0.0000000000
91389  -41.402  14.702  43.669 0.0000000000
92156  -41.999  15.215  43.818 0.0000000000
91380  -41.391  14.882  44.366 0.0000000000
91372  -41.440  14.833  45.245 0.0000000000
91379  -40.806  14.447  44.727 0.0000000000
90622  -40.222  13.919  45.017 0.0000000000
90629  -40.335  13.998  44.164 0.0000000000
124252  -39.335  12.440  42.843 0.0000000000
89908  -39.327  12.921  43.569 0.0000000000
89907  -38.771  12.187  43.327 0.0000000000
89132  -38.361  11.246  43.138 0.0000000000
141585  -38.293  9.915  42.296 0.0000000000
140607  -38.551  10.302  41.983 0.0000000000
88383  -38.572  10.407  40.683 0.0000000000
87558  -38.482  9.663  40.189 0.0000000000
87565  -38.439  9.636  39.347 0.0000000000
89933  -39.182  12.597  39.609 0.0000000000
89926  -38.781  11.799  40.188 0.0000000000
87570  -37.899  10.292  38.120 0.0000000000
87571  -38.389  9.602  38.422 0.0000000000
87585  -38.873  9.203  36.438 0.0000000000
87584  -38.046  9.631  35.516 0.0000000000
87583  -37.341  10.046  34.589 0.0000000000
87592  -38.157  9.670  33.897 0.0000000000
86811  -38.279  9.274  33.668 0.0000000000
85981  -38.247  8.920  33.627 0.0000000000
86802  -37.484  9.541  34.844 0.0000000000
90667  -36.013  13.107  37.379 0.0000000000
131019  -36.104  12.791  36.475 0.0000000000
92948  -42.092  16.437  36.223 0.0000000000
92947  -41.421  15.901  36.531 0.0000000000
135226  -40.475  16.832  38.294 0.0000000000
92940  -40.592  16.133  37.695 0.0000000000
92934  -39.654  16.584  39.160 0.0000000000
140306  -39.786  18.844  39.455 0.0000000000
94406  -39.614  18.353  40.018 0.0000000000
93648  -39.140  17.188  40.839 0.0000000000
92928  -39.667  17.368  39.879 0.0000000000
92181  -38.515  15.837  40.101 0.0000000000
92174  -38.176  15.629  40.783 0.0000000000
92172  -37.194  15.016  41.917 0.0000000000
92146  -36.320  16.238  44.371 0.0000000000
94384  -36.870  18.841  43.036 0.0000000000
94363  -35.952  18.220  44.334 0.0000000000
93610  -35.325  17.523  45.194 0.0000000000
98121  -34.267  23.676  37.999 0.0000000000
97381  -33.219  22.451  39.124 0.0000000000
96644  -33.145  21.197  40.076 0.0000000000
82347  -37.878  3.339  50.801 0.0000000000
132948  -37.751  4.030  50.523 0.0000000000
95897  -41.635  20.076  40.396 0.0000000000
96662  -41.188  20.930  39.022 0.0000000000
136528  -41.291  21.650  37.673 0.0000000000
144427  -40.846  22.073  37.916 0.0000000000
138695  -40.252  23.211  38.096 0.0000000000
98123  -40.269  24.016  38.135 0.0000000000
84362  -46.595  5.922  36.502 0.0000000000
89057  -37.321  11.802  53.118 0.0000000000
80328  -48.343  1.491  54.093 0.0000000000
80335  -46.905  0.839  53.265 0.0000000000
143491  -46.902  0.502  53.996 0.0000000000
79339  -45.754  0.025  54.201 0.0000000000
78419  -45.005  -0.152  54.042 0.0000000000
80322  -33.647  1.679  54.915 0.0000000000
81350  -33.297  2.295  54.573 0.0000000000
85835  -46.881  7.137  46.687 0.0000000000
85855  -45.420  7.442  45.988 0.0000000000
124126  -38.837  7.269  44.130 0.0000000000
85076  -39.801  6.441  43.465 0.0000000000
85895  -39.014  6.987  43.215 0.0000000000
85105  -39.667  6.642  41.622 0.0000000000
85919  -39.284  7.374  41.265 0.0000000000
86747  -38.929  8.244  41.039 0.0000000000
89849  -44.834  12.744  50.869 0.0000000000
90567  -45.234  13.329  50.214 0.0000000000
90579  -45.165  13.882  49.353 0.0000000000
92202  -44.466  15.707  37.433 0.0000000000
92201  -43.777  15.254  38.333 0.0000000000
92210  -43.683  15.238  37.292 0.0000000000
91432  -42.524  14.513  38.140 0.0000000000
91431  -41.224  14.307  37.779 0.0000000000
91439  -40.029  14.892  36.469 0.0000000000
92208  -40.318  14.972  36.291 0.0000000000
96660  -37.595  21.245  37.146 0.0000000000
95916  -37.482  21.125  38.132 0.0000000000
95903  -36.316  20.770  39.279 0.0000000000
96652  -34.753  20.542  38.645 0.0000000000
83304  -42.053  4.013  47.883 0.0000000000
85013  -37.835  6.330  48.548 0.0000000000
138697  -38.549  5.861  48.127 0.0000000000
85847  -37.780  7.925  46.821 0.0000000000
136684  -37.200  8.349  47.202 0.0000000000
87494  -36.822  9.771  47.232 0.0000000000
93591  -47.587  17.769  47.188 0.0000000000
93592  -48.770  17.268  46.621 0.0000000000
94369  -48.019  18.479  45.253 0.0000000000
95146  -45.378  19.880  39.111 0.0000000000
142840  -45.651  19.818  39.687 0.0000000000
95158  -46.001  19.815  38.607 0.0000000000
143835  -46.387  19.506  38.306 0.0000000000
94426  -46.406  19.193  37.715 0.0000000000
93673  -46.602  18.377  37.899 0.0000000000
94425  -46.308  18.620  36.947 0.0000000000
94434  -45.739  19.000  36.112 0.0000000000
94442  -44.908  18.377  34.728 0.0000000000
94449  -44.681  19.427  34.335 0.0000000000
95182  -43.877  19.521  34.196 0.0000000000
95190  -43.287  20.508  33.742 0.0000000000
97419  -41.463  22.264  33.118 0.0000000000
97423  -41.185  21.810  32.742 0.0000000000
96705  -40.380  22.064  32.918 0.0000000000
96696  -39.913  21.732  33.448 0.0000000000
96686  -38.566  21.534  34.675 0.0000000000
96695  -39.012  21.805  33.900 0.0000000000
97406  -38.026  22.138  34.455 0.0000000000
98137  -38.032  22.986  34.636 0.0000000000
125005  -40.585  5.357  54.382 0.0000000000
84972  -39.751  6.380  54.238 0.0000000000
139423  -40.973  7.309  54.390 0.0000000000
89060  -40.801  11.533  53.864 0.0000000000
89046  -42.030  10.857  54.454 0.0000000000
130883  -42.729  11.689  54.729 0.0000000000
89048  -44.477  10.518  55.090 0.0000000000
89049  -45.008  10.838  54.981 0.0000000000
89826  -45.237  12.071  55.087 0.0000000000
89813  -46.000  13.014  55.360 0.0000000000
120172  -44.977  15.978  54.846 0.0000000000
128428  -45.824  15.734  54.703 0.0000000000
92055  -45.491  15.604  53.902 0.0000000000
92062  -45.221  15.403  52.780 0.0000000000
92072  -45.787  15.642  51.309 0.0000000000
92082  -46.115  15.820  50.588 0.0000000000
92844  -44.205  16.159  49.210 0.0000000000
85828  -49.675  7.888  48.395 0.0000000000
82351  -48.077  3.985  50.805 0.0000000000
83274  -48.382  4.773  50.466 0.0000000000
84188  -47.988  5.136  49.816 0.0000000000
83273  -47.596  4.425  50.176 0.0000000000
83272  -46.809  4.147  49.852 0.0000000000
82368  -45.970  3.907  49.639 0.0000000000
82367  -45.150  3.574  49.480 0.0000000000
81403  -43.975  2.476  49.564 0.0000000000
79376  -43.587  0.578  51.103 0.0000000000
123564  -41.990  0.376  50.407 0.0000000000
79383  -39.622  0.996  49.801 0.0000000000
79374  -40.380  0.424  50.137 0.0000000000
77549  -39.145  -1.037  59.240 0.0000000000
78353  -39.765  -0.501  59.591 0.0000000000
77550  -40.076  -1.183  59.200 0.0000000000
78369  -40.851  -1.173  59.032 0.0000000000
141828  -42.030  -1.196  58.524 0.0000000000
78383  -42.768  -1.272  58.033 0.0000000000
77561  -42.027  -1.348  57.895 0.0000000000
77571  -42.337  -1.483  57.206 0.0000000000
77582  -42.615  -1.438  56.251 0.0000000000
136470  -42.078  -1.613  55.966 0.0000000000
77590  -41.641  -1.818  55.691 0.0000000000
77599  -40.978  -2.184  55.247 0.0000000000
123857  -37.544  0.938  53.833 0.0000000000
80333  -37.586  1.539  53.704 0.0000000000
81361  -37.583  2.009  53.698 0.0000000000
86761  -49.799  9.145  39.390 0.0000000000
85934  -48.326  7.997  39.532 0.0000000000
85046  -42.619  6.799  46.613 0.0000000000
85853  -42.844  7.337  46.089 0.0000000000
85067  -42.970  6.997  44.124 0.0000000000
84297  -42.545  5.452  41.220 0.0000000000
84286  -42.895  5.840  42.212 0.0000000000
84298  -43.559  5.674  41.577 0.0000000000
84299  -44.335  5.647  40.821 0.0000000000
85118  -45.278  6.152  40.328 0.0000000000
85119  -46.249  6.543  39.717 0.0000000000
140067  -45.391  6.133  39.457 0.0000000000
85160  -45.630  6.953  37.250 0.0000000000
85159  -44.253  7.559  36.998 0.0000000000
85952  -41.638  7.726  37.859 0.0000000000
85972  -42.117  8.372  36.360 0.0000000000
86805  -39.780  8.664  34.074 0.0000000000
133765  -41.580  6.300  52.972 0.0000000000
85789  -40.403  6.663  52.350 0.0000000000
85790  -40.962  7.345  52.381 0.0000000000
86649  -40.631  8.286  51.987 0.0000000000
87461  -40.582  9.215  51.608 0.0000000000
89860  -41.633  12.525  49.573 0.0000000000
89091  -41.203  11.925  50.029 0.0000000000
89859  -40.768  12.445  49.418 0.0000000000
89858  -39.886  12.249  49.228 0.0000000000
89869  -39.495  12.506  48.476 0.0000000000
89868  -38.677  12.149  48.163 0.0000000000
89878  -39.223  12.687  47.698 0.0000000000
89885  -39.058  12.808  46.835 0.0000000000
127574  -38.900  12.865  45.932 0.0000000000
92887  -46.830  16.295  45.211 0.0000000000
92140  -46.783  15.977  45.888 0.0000000000
92148  -44.924  16.070  44.779 0.0000000000
91407  -42.643  14.756  41.673 0.0000000000
91399  -42.182  14.598  42.378 0.0000000000
91398  -41.597  14.087  42.384 0.0000000000
91397  -41.111  14.172  43.126 0.0000000000
90635  -40.592  13.585  42.905 0.0000000000
90634  -40.031  12.913  42.714 0.0000000000
89137  -39.427  11.426  41.933 0.0000000000
140547  -38.832  11.094  40.752 0.0000000000
89158  -37.850  11.950  38.334 0.0000000000
135598  -36.990  10.327  35.229 0.0000000000
120205  -37.004  10.327  35.012 0.0000000000
91437  -37.732  14.685  37.155 0.0000000000
139207  -36.249  13.779  37.486 0.0000000000
94424  -42.210  17.764  36.884 0.0000000000
93670  -41.743  17.031  37.326 0.0000000000
94415  -41.268  17.912  38.032 0.0000000000
93661  -40.669  17.654  38.538 0.0000000000
94399  -39.070  18.774  40.635 0.0000000000
92921  -38.110  16.154  41.701 0.0000000000
92165  -37.516  15.807  42.262 0.0000000000
92164  -36.969  15.432  42.762 0.0000000000
92155  -37.245  16.161  42.940 0.0000000000
92903  -37.133  16.826  43.327 0.0000000000
93622  -36.853  17.581  43.619 0.0000000000
95103  -35.465  19.814  42.763 0.0000000000
95088  -36.092  19.226  43.372 0.0000000000
95087  -35.171  19.472  43.474 0.0000000000
95074  -34.780  19.172  44.151 0.0000000000
95073  -33.893  19.393  44.118 0.0000000000
81420  -39.849  2.797  48.825 0.0000000000
82381  -39.559  3.636  48.556 0.0000000000
84198  -37.725  5.277  49.419 0.0000000000
84213  -37.616  5.911  49.316 0.0000000000
85012  -37.341  6.677  49.346 0.0000000000
95093  -45.105  19.102  43.115 0.0000000000
95108  -44.344  19.224  42.400 0.0000000000
143202  -43.808  19.536  40.947 0.0000000000
95135  -44.163  19.682  40.249 0.0000000000
95898  -42.481  19.691  39.959 0.0000000000
95144  -43.494  19.714  39.640 0.0000000000
95145  -44.477  19.847  39.383 0.0000000000
95156  -44.765  19.987  38.472 0.0000000000
141181  -44.691  20.338  37.020 0.0000000000
95932  -44.371  20.527  36.253 0.0000000000
95949  -44.367  20.917  34.409 0.0000000000
96680  -43.874  21.201  34.764 0.0000000000
96689  -42.993  21.401  34.310 0.0000000000
97408  -41.475  22.406  34.515 0.0000000000
97407  -40.756  22.766  33.789 0.0000000000
98139  -40.335  23.618  34.223 0.0000000000
85175  -44.255  7.038  35.442 0.0000000000
87443  -38.015  8.862  53.139 0.0000000000
128305  -38.790  8.804  53.435 0.0000000000
87444  -38.382  9.544  53.068 0.0000000000
88301  -38.773  10.291  53.041 0.0000000000
88303  -40.174  10.926  53.524 0.0000000000
89058  -38.209  11.726  53.100 0.0000000000
89059  -39.797  11.948  53.511 0.0000000000
81379  -47.560  2.537  51.580 0.0000000000
81378  -46.821  2.310  51.274 0.0000000000
81377  -46.043  2.057  50.960 0.0000000000
137705  -45.705  1.516  51.295 0.0000000000
79364  -44.893  0.511  51.907 0.0000000000
79355  -45.635  0.518  52.519 0.0000000000
121487  -43.994  0.216  51.647 0.0000000000
78439  -43.519  -0.283  52.124 0.0000000000
78438  -42.608  -0.557  51.852 0.0000000000
119424  -41.953  -1.044  52.030 0.0000000000
80280  -37.527  1.501  59.456 0.0000000000
79290  -36.866  0.882  59.264 0.0000000000
78350  -37.190  -0.048  59.238 0.0000000000
79304  -36.288  0.156  58.723 0.0000000000
78367  -37.679  -0.811  59.034 0.0000000000
77557  -38.383  -1.409  58.700 0.0000000000
81359  -35.693  2.031  53.961 0.0000000000
83243  -33.554  4.151  53.658 0.0000000000
142487  -33.466  3.391  53.901 0.0000000000
84159  -33.246  5.194  53.495 0.0000000000
85882  -40.888  7.102  45.113 0.0000000000
85093  -41.795  5.929  42.868 0.0000000000
85092  -40.278  6.041  42.870 0.0000000000
84275  -41.008  5.792  43.006 0.0000000000
84285  -42.058  5.703  42.089 0.0000000000
84310  -42.763  5.442  40.154 0.0000000000
126028  -43.138  5.568  39.371 0.0000000000
84323  -43.136  5.864  38.840 0.0000000000
85129  -41.771  6.533  39.220 0.0000000000
85143  -41.401  7.132  38.797 0.0000000000
85951  -40.598  7.559  38.719 0.0000000000
85950  -39.882  8.067  38.733 0.0000000000
86776  -39.521  8.582  38.350 0.0000000000
88311  -43.539  9.604  52.876 0.0000000000
88318  -42.700  10.100  52.090 0.0000000000
138730  -42.886  10.869  51.668 0.0000000000
89079  -42.599  11.580  50.992 0.0000000000
143512  -43.542  12.436  50.472 0.0000000000
89847  -42.892  12.241  50.286 0.0000000000
89861  -42.459  12.668  49.656 0.0000000000
139527  -41.995  13.043  49.219 0.0000000000
90576  -41.943  13.395  48.642 0.0000000000
90599  -41.991  13.778  47.904 0.0000000000
131749  -45.760  17.274  40.835 0.0000000000
122895  -44.705  16.883  42.046 0.0000000000
135599  -44.881  16.982  41.432 0.0000000000
92923  -44.100  16.433  41.515 0.0000000000
92175  -43.671  15.736  40.749 0.0000000000
143033  -43.380  15.157  40.409 0.0000000000
91408  -43.088  14.869  40.854 0.0000000000
126335  -42.576  14.251  40.993 0.0000000000
90647  -40.917  13.058  40.617 0.0000000000
90653  -39.603  13.334  38.866 0.0000000000
89944  -37.841  13.292  36.704 0.0000000000
90670  -37.914  14.042  37.006 0.0000000000
91438  -38.413  14.694  36.921 0.0000000000
143349  -38.061  15.387  37.955 0.0000000000
95155  -40.421  19.524  38.063 0.0000000000
95154  -39.708  20.055  38.325 0.0000000000
95143  -39.478  19.648  39.133 0.0000000000
95142  -38.841  20.115  39.522 0.0000000000
95119  -38.387  19.236  41.156 0.0000000000
94391  -38.093  18.829  41.972 0.0000000000
94385  -37.641  18.349  42.683 0.0000000000
95882  -36.105  20.563  41.281 0.0000000000
95873  -35.815  20.330  42.081 0.0000000000
95880  -34.083  20.411  41.402 0.0000000000
84216  -44.423  5.277  48.050 0.0000000000
84234  -43.908  5.863  47.546 0.0000000000
141226  -42.765  6.362  47.055 0.0000000000
85851  -41.208  7.264  46.226 0.0000000000
141223  -39.623  4.519  48.118 0.0000000000
84229  -39.085  5.834  47.666 0.0000000000
85865  -40.670  7.430  45.790 0.0000000000
85880  -39.013  7.533  45.088 0.0000000000
86691  -38.125  8.119  46.110 0.0000000000
126816  -38.228  7.934  44.403 0.0000000000
87528  -37.713  9.578  43.718 0.0000000000
91337  -48.697  15.532  49.724 0.0000000000
91336  -47.440  14.417  49.360 0.0000000000
92109  -48.543  15.587  48.215 0.0000000000
92118  -48.545  15.826  47.393 0.0000000000
143036  -48.470  15.969  46.891 0.0000000000
92889  -48.880  16.897  45.630 0.0000000000
92888  -48.119  16.268  45.741 0.0000000000
92897  -47.789  16.596  44.631 0.0000000000
93633  -47.228  17.562  42.494 0.0000000000
95094  -46.448  19.223  43.060 0.0000000000
95110  -46.899  19.508  42.280 0.0000000000
95111  -47.866  19.325  42.088 0.0000000000
120320  -46.834  19.409  40.801 0.0000000000
95124  -47.767  19.188  41.485 0.0000000000
94393  -48.202  18.999  41.970 0.0000000000
93641  -47.732  18.150  41.780 0.0000000000
93640  -46.703  17.642  41.648 0.0000000000
92936  -45.904  17.136  39.629 0.0000000000
92942  -45.265  16.326  38.042 0.0000000000
92949  -45.808  16.996  37.597 0.0000000000
142907  -44.593  15.750  36.297 0.0000000000
92217  -43.511  15.059  35.405 0.0000000000
91448  -42.821  14.964  34.878 0.0000000000
92223  -42.178  15.072  34.892 0.0000000000
92224  -42.886  15.220  34.855 0.0000000000
92955  -42.776  15.871  35.100 0.0000000000
93678  -42.953  17.149  36.269 0.0000000000
94433  -43.484  17.844  35.622 0.0000000000
94431  -41.867  18.815  36.484 0.0000000000
95164  -41.220  19.363  36.808 0.0000000000
95959  -44.086  20.733  33.825 0.0000000000
95189  -42.387  20.484  33.841 0.0000000000
95966  -41.614  21.128  32.684 0.0000000000
95948  -41.521  20.601  33.873 0.0000000000
95937  -41.029  20.398  34.984 0.0000000000
95171  -40.774  20.297  36.124 0.0000000000
95928  -39.131  20.916  36.634 0.0000000000
96669  -37.788  21.383  36.227 0.0000000000
96668  -36.848  21.428  36.410 0.0000000000
96667  -35.910  21.600  36.206 0.0000000000
141707  -39.673  3.659  53.437 0.0000000000
83256  -40.198  3.869  53.570 0.0000000000
83257  -40.621  4.494  53.387 0.0000000000
84175  -41.438  4.745  53.839 0.0000000000
84150  -41.021  4.602  54.232 0.0000000000
84166  -42.007  5.214  54.035 0.0000000000
84176  -42.026  5.463  53.729 0.0000000000
85780  -42.422  6.280  53.627 0.0000000000
85792  -42.773  7.127  53.574 0.0000000000
86642  -43.168  8.117  53.452 0.0000000000
138611  -39.526  8.763  53.631 0.0000000000
85779  -40.380  8.216  54.013 0.0000000000
88294  -41.891  9.673  54.420 0.0000000000
87434  -42.486  8.549  54.568 0.0000000000
86622  -43.030  7.677  54.380 0.0000000000
86623  -43.510  7.889  54.133 0.0000000000
86643  -43.751  8.180  54.077 0.0000000000
87457  -43.786  8.851  53.627 0.0000000000
88312  -44.246  9.694  53.539 0.0000000000
89068  -44.375  10.728  52.773 0.0000000000
89069  -44.966  11.239  53.228 0.0000000000
89070  -45.400  11.837  53.456 0.0000000000
89836  -45.407  11.979  52.533 0.0000000000
89841  -46.103  12.580  51.973 0.0000000000
90558  -47.023  13.376  51.560 0.0000000000
90568  -47.862  14.184  50.857 0.0000000000
90537  -45.139  13.788  56.180 0.0000000000
90538  -45.865  13.804  55.785 0.0000000000
90549  -46.543  13.896  55.220 0.0000000000
134479  -46.470  15.534  54.221 0.0000000000
91313  -46.815  14.873  54.583 0.0000000000
91317  -47.436  14.644  53.759 0.0000000000
90556  -47.945  14.436  53.064 0.0000000000
90559  -47.915  14.484  51.855 0.0000000000
90560  -48.433  14.795  51.119 0.0000000000
92084  -48.502  15.928  50.200 0.0000000000
92861  -47.867  17.251  48.346 0.0000000000
92098  -46.522  16.315  49.826 0.0000000000
92846  -47.075  16.793  49.077 0.0000000000
92873  -46.809  17.551  47.833 0.0000000000
94339  -45.426  18.217  46.290 0.0000000000
94353  -45.480  18.528  45.446 0.0000000000
141425  -43.903  18.050  46.197 0.0000000000
85837  -48.664  7.644  47.187 0.0000000000
85836  -47.785  7.321  46.905 0.0000000000
84236  -45.903  6.017  47.764 0.0000000000
85001  -48.757  6.471  49.158 0.0000000000
85000  -48.004  6.120  48.818 0.0000000000
84200  -47.629  5.473  49.191 0.0000000000
84219  -47.245  5.791  48.534 0.0000000000
83283  -44.434  3.935  48.927 0.0000000000
131061  -43.580  3.885  48.525 0.0000000000
129367  -42.003  3.338  48.340 0.0000000000
81386  -44.645  2.153  50.241 0.0000000000
80374  -43.273  1.953  49.694 0.0000000000
123346  -43.065  1.361  50.105 0.0000000000
131448  -41.993  2.134  48.909 0.0000000000
81421  -40.631  2.593  48.716 0.0000000000
81400  -39.385  2.283  49.316 0.0000000000
81399  -38.583  2.429  49.785 0.0000000000
81384  -38.182  2.539  50.678 0.0000000000
79326  -47.293  0.549  56.205 0.0000000000
79260  -43.605  0.875  61.254 0.0000000000
79279  -44.039  0.109  60.734 0.0000000000
80281  -38.415  1.103  59.688 0.0000000000
129517  -40.246  0.925  60.150 0.0000000000
143834  -40.918  0.506  60.169 0.0000000000
79295  -41.574  0.451  60.125 0.0000000000
79296  -42.240  0.295  59.993 0.0000000000
78341  -43.648  -0.242  60.048 0.0000000000
78342  -44.562  -0.407  60.055 0.0000000000
78359  -45.105  -0.561  59.281 0.0000000000
78374  -44.810  -0.646  58.644 0.0000000000
78375  -45.531  -0.417  58.498 0.0000000000
78372  -43.571  -1.028  58.149 0.0000000000
78385  -45.009  -0.546  57.897 0.0000000000
78386  -45.953  -0.206  57.583 0.0000000000
78396  -46.031  -0.131  56.670 0.0000000000
79325  -46.630  0.238  56.372 0.0000000000
78404  -46.191  0.023  55.956 0.0000000000
78403  -45.779  -0.268  55.423 0.0000000000
78411  -45.288  -0.398  54.813 0.0000000000
78410  -44.642  -0.512  54.531 0.0000000000
77592  -43.194  -1.244  55.358 0.0000000000
77602  -43.268  -1.162  54.488 0.0000000000
78417  -43.583  -0.896  53.894 0.0000000000
78416  -43.024  -0.926  53.266 0.0000000000
77619  -41.668  -1.356  52.641 0.0000000000
76755  -39.439  -2.460  56.393 0.0000000000
76764  -39.495  -2.468  55.473 0.0000000000
127999  -39.260  -2.347  54.708 0.0000000000
76776  -38.932  -2.057  53.977 0.0000000000
76777  -39.833  -2.104  54.059 0.0000000000
77609  -40.351  -1.827  53.343 0.0000000000
77617  -39.851  -1.475  52.666 0.0000000000
78426  -40.264  -1.135  51.984 0.0000000000
120304  -38.443  2.662  52.585 0.0000000000
82335  -39.091  3.354  53.237 0.0000000000
82329  -39.809  3.745  53.790 0.0000000000
84148  -39.270  4.602  54.171 0.0000000000
132408  -38.584  5.519  53.996 0.0000000000
134906  -38.007  6.870  53.663 0.0000000000
85776  -37.837  7.651  53.437 0.0000000000
84969  -36.429  6.606  53.320 0.0000000000
123814  -37.149  7.170  53.366 0.0000000000
86629  -37.664  8.315  53.186 0.0000000000
86639  -37.173  8.886  52.837 0.0000000000
87453  -36.695  9.664  52.596 0.0000000000
136877  -35.959  9.771  52.532 0.0000000000
86637  -35.156  8.701  52.583 0.0000000000
87452  -35.447  9.468  52.529 0.0000000000
88308  -36.288  10.402  52.566 0.0000000000
84315  -50.163  6.694  39.053 0.0000000000
85946  -50.331  8.185  38.336 0.0000000000
85134  -50.153  7.357  38.200 0.0000000000
84328  -49.796  6.355  38.271 0.0000000000
84342  -49.632  6.568  37.773 0.0000000000
85164  -49.234  6.632  37.561 0.0000000000
134828  -48.402  6.362  37.494 0.0000000000
126715  -44.972  7.707  45.502 0.0000000000
129650  -43.674  7.424  45.996 0.0000000000
119846  -45.027  8.052  44.945 0.0000000000
85066  -42.070  6.724  44.278 0.0000000000
85095  -43.775  6.268  42.521 0.0000000000
85909  -44.916  7.558  42.812 0.0000000000
85910  -45.617  7.854  42.325 0.0000000000
85921  -47.014  7.894  41.097 0.0000000000
85933  -47.525  7.558  40.082 0.0000000000
85121  -47.966  7.168  39.075 0.0000000000
85163  -47.597  6.475  37.150 0.0000000000
85177  -46.572  6.650  36.592 0.0000000000
123860  -45.899  7.129  35.988 0.0000000000
85176  -45.127  7.456  35.669 0.0000000000
84337  -43.115  6.683  38.442 0.0000000000
85963  -44.014  8.226  36.385 0.0000000000
85962  -43.163  8.199  36.722 0.0000000000
85986  -44.205  8.275  34.947 0.0000000000
85186  -43.914  7.858  34.760 0.0000000000
86807  -41.466  7.924  34.848 0.0000000000
135291  -41.242  7.801  34.679 0.0000000000
84181  -39.000  5.936  51.870 0.0000000000
128681  -39.211  6.971  51.798 0.0000000000
84983  -38.254  6.700  51.298 0.0000000000
85804  -37.669  7.303  50.808 0.0000000000
141639  -37.582  8.501  50.153 0.0000000000
86662  -37.142  8.439  49.508 0.0000000000
88317  -41.750  10.141  51.605 0.0000000000
88316  -40.897  10.060  51.374 0.0000000000
88315  -40.108  9.933  51.132 0.0000000000
89077  -39.911  11.188  50.324 0.0000000000
88324  -39.620  10.437  50.620 0.0000000000
87460  -39.411  9.743  50.917 0.0000000000
88322  -38.159  9.691  50.195 0.0000000000
88333  -37.627  9.929  49.486 0.0000000000
87473  -36.980  9.221  49.062 0.0000000000
88347  -37.076  10.252  47.808 0.0000000000
87493  -36.890  10.184  46.532 0.0000000000
88351  -37.133  10.866  46.690 0.0000000000
88356  -37.052  10.709  45.929 0.0000000000
88362  -37.287  10.485  45.140 0.0000000000
88367  -37.497  10.233  44.290 0.0000000000
91335  -46.223  14.401  48.853 0.0000000000
91344  -45.622  14.623  48.180 0.0000000000
92126  -45.788  15.551  46.339 0.0000000000
91352  -45.158  14.808  47.554 0.0000000000
91343  -44.507  14.335  48.225 0.0000000000
126286  -43.842  14.481  47.507 0.0000000000
137008  -42.930  14.542  47.136 0.0000000000
137623  -42.013  14.358  47.170 0.0000000000
92905  -44.421  16.522  43.301 0.0000000000
121218  -43.774  16.105  43.948 0.0000000000
124442  -43.634  15.810  44.748 0.0000000000
92157  -42.779  15.587  43.422 0.0000000000
92147  -42.800  15.665  44.332 0.0000000000
92137  -42.949  15.485  45.161 0.0000000000
91373  -42.264  15.048  45.644 0.0000000000
91362  -41.520  14.626  46.226 0.0000000000
91351  -41.060  14.220  46.945 0.0000000000
90615  -40.179  13.888  45.900 0.0000000000
90614  -39.522  13.311  45.313 0.0000000000
89894  -38.852  12.693  45.096 0.0000000000
89902  -39.168  12.912  44.491 0.0000000000
144588  -38.765  12.580  44.582 0.0000000000
89125  -38.195  11.877  43.932 0.0000000000
88368  -37.867  10.321  43.395 0.0000000000
87539  -38.437  9.568  41.813 0.0000000000
133503  -38.612  8.999  41.274 0.0000000000
89927  -39.600  12.221  40.689 0.0000000000
144403  -38.207  11.016  39.600 0.0000000000
88392  -37.964  10.965  38.962 0.0000000000
137572  -38.804  9.179  33.468 0.0000000000
140072  -39.231  8.788  33.378 0.0000000000
90675  -37.038  12.893  35.463 0.0000000000
89949  -36.601  12.372  35.581 0.0000000000
90668  -36.545  13.563  36.636 0.0000000000
92941  -41.131  16.275  37.353 0.0000000000
92189  -38.506  15.643  39.003 0.0000000000
91413  -37.279  14.880  39.750 0.0000000000
91412  -36.668  14.428  40.444 0.0000000000
91405  -37.217  14.860  40.915 0.0000000000
90640  -36.315  14.009  41.012 0.0000000000
91387  -36.432  15.003  43.311 0.0000000000
94375  -37.089  18.169  43.268 0.0000000000
93618  -36.321  17.643  44.236 0.0000000000
94348  -34.560  18.059  45.336 0.0000000000
98816  -40.171  25.064  33.741 0.0000000000
98803  -37.471  23.717  35.169 0.0000000000
98131  -36.595  23.290  35.650 0.0000000000
97397  -35.963  22.327  35.757 0.0000000000
97396  -35.373  22.286  36.384 0.0000000000
98786  -35.438  24.005  37.194 0.0000000000
98126  -34.960  23.145  36.767 0.0000000000
97392  -34.831  22.222  36.847 0.0000000000
97388  -34.579  21.657  37.397 0.0000000000
96657  -34.318  21.135  38.164 0.0000000000
96651  -33.949  20.785  38.885 0.0000000000
97386  -33.648  22.951  38.563 0.0000000000
97382  -33.620  21.681  38.561 0.0000000000
96645  -33.773  20.737  39.741 0.0000000000
95890  -33.559  20.614  40.584 0.0000000000
76771  -40.140  -2.340  54.894 0.0000000000
77568  -40.022  -1.707  57.933 0.0000000000
77618  -40.781  -1.507  52.617 0.0000000000
78368  -38.408  -0.779  59.236 0.0000000000
78371  -43.016  -0.880  58.833 0.0000000000
78393  -43.853  -1.017  56.711 0.0000000000
78409  -43.982  -0.857  54.732 0.0000000000
78428  -42.455  -1.017  52.619 0.0000000000
79297  -42.896  0.020  60.027 0.0000000000
79347  -46.282  0.385  53.721 0.0000000000
79356  -46.180  0.517  53.037 0.0000000000
80264  -42.921  1.240  61.032 0.0000000000
81351  -34.127  2.139  54.357 0.0000000000
83248  -40.887  4.124  53.974 0.0000000000
84151  -42.337  5.675  54.156 0.0000000000
84284  -41.277  5.624  42.216 0.0000000000
84957  -42.188  6.061  54.319 0.0000000000
85151  -49.711  7.073  37.726 0.0000000000
85762  -42.579  6.832  54.354 0.0000000000
85975  -44.310  8.397  35.513 0.0000000000
85985  -43.648  8.247  34.904 0.0000000000
86640  -41.415  7.869  52.451 0.0000000000
86804  -38.773  9.040  33.321 0.0000000000
87436  -44.054  9.164  54.516 0.0000000000
87463  -42.205  9.543  52.150 0.0000000000
87466  -37.526  9.130  49.848 0.0000000000
87501  -36.964  9.465  46.525 0.0000000000
88323  -38.849  10.143  50.455 0.0000000000
89067  -38.336  10.965  52.797 0.0000000000
89118  -37.432  11.339  45.359 0.0000000000
89136  -38.802  10.972  42.302 0.0000000000
89149  -38.416  11.079  40.114 0.0000000000
89834  -47.187  13.440  53.197 0.0000000000
89876  -37.899  12.010  46.996 0.0000000000
89901  -38.302  12.255  44.699 0.0000000000
90589  -42.586  13.688  48.351 0.0000000000
90597  -40.649  13.717  47.470 0.0000000000
91316  -47.176  15.324  53.699 0.0000000000
91321  -48.208  15.227  51.473 0.0000000000
91326  -48.613  15.282  50.666 0.0000000000
91346  -48.763  15.748  48.940 0.0000000000
91354  -47.707  15.282  47.776 0.0000000000
91361  -40.732  14.272  46.306 0.0000000000
91390  -41.764  14.624  43.080 0.0000000000
91416  -43.195  14.781  40.035 0.0000000000
91433  -43.122  14.809  37.637 0.0000000000
91447  -42.463  14.698  35.498 0.0000000000
92041  -45.703  15.505  55.803 0.0000000000
92097  -45.091  16.022  49.889 0.0000000000
92110  -48.824  16.307  48.476 0.0000000000
92128  -48.559  16.506  46.412 0.0000000000
92183  -44.542  16.133  39.374 0.0000000000
92862  -48.916  16.831  48.017 0.0000000000
92915  -45.104  17.004  42.802 0.0000000000
92929  -44.528  16.546  40.734 0.0000000000
92956  -44.747  16.251  35.640 0.0000000000
92961  -44.224  15.878  34.834 0.0000000000
93603  -47.386  18.082  46.586 0.0000000000
93625  -48.492  17.810  43.731 0.0000000000
93634  -48.220  17.879  42.755 0.0000000000
93642  -48.212  18.507  42.269 0.0000000000
93650  -46.695  17.774  40.212 0.0000000000
93686  -45.384  18.543  35.227 0.0000000000
94368  -47.091  18.742  44.516 0.0000000000
94387  -48.258  18.875  42.532 0.0000000000
94416  -46.741  18.896  38.523 0.0000000000
95095  -47.638  19.177  42.838 0.0000000000
95109  -45.537  19.309  42.408 0.0000000000
95122  -43.951  19.417  41.643 0.0000000000
95136  -46.043  19.682  40.072 0.0000000000
95137  -46.672  19.342  39.872 0.0000000000
95148  -46.500  19.386  39.031 0.0000000000
95157  -45.488  20.031  38.117 0.0000000000
95165  -45.346  20.047  37.175 0.0000000000
95192  -44.711  20.235  34.160 0.0000000000
95938  -43.749  20.828  35.893 0.0000000000
95939  -44.468  20.778  35.301 0.0000000000
95941  -45.272  20.254  35.490 0.0000000000
95967  -42.290  21.064  32.788 0.0000000000
97393  -40.673  22.819  36.564 0.0000000000
122869  -44.798  11.269  55.206 0.0000000000
126467  -37.417  7.828  50.074 0.0000000000
127703  -48.315  16.514  45.200 0.0000000000
129410  -37.526  11.492  46.927 0.0000000000
130229  -43.060  9.075  54.696 0.0000000000
132999  -43.764  9.160  54.688 0.0000000000
133669  -40.544  22.672  37.616 0.0000000000
133768  -37.086  9.888  45.739 0.0000000000
135118  -37.348  9.833  44.952 0.0000000000
135485  -48.508  15.019  49.093 0.0000000000
136578  -46.486  13.227  54.860 0.0000000000
137051  -40.567  13.969  43.517 0.0000000000
137331  -42.420  14.998  34.812 0.0000000000
137441  -38.356  21.810  34.268 0.0000000000
137842  -38.086  6.199  53.773 0.0000000000
137905  -43.633  15.343  39.975 0.0000000000
139306  -50.525  8.807  38.731 0.0000000000
139598  -45.040  20.309  34.700 0.0000000000
139691  -49.954  8.599  38.557 0.0000000000
139708  -45.244  7.286  42.385 0.0000000000
139766  -36.976  10.405  47.139 0.0000000000
140301  -39.820  9.388  51.302 0.0000000000
140520  -45.663  19.884  37.092 0.0000000000
141195  -44.337  15.309  57.113 0.0000000000
141721  -45.082  14.263  48.723 0.0000000000
142032  -48.444  14.770  50.707 0.0000000000
143277  -39.075  -2.547  55.811 0.0000000000
143632  -45.503  19.323  35.386 0.0000000000
143826  -46.758  0.335  55.836 0.0000000000
144262  -47.357  15.489  53.181 0.0000000000
144355  -37.828  11.969  45.199 0.0000000000
