#!ascii label  , from subject sub-v1s8x0051344_ses-1 vox2ras=TkReg
1851
57901  -31.231  -22.042  83.813 0.0000000000
69464  -49.497  -10.169  62.986 0.0000000000
63726  -38.341  -15.854  70.960 0.0000000000
43676  -5.447  -37.489  83.851 0.0000000000
56944  -17.682  -23.182  84.333 0.0000000000
54115  -3.814  -26.580  86.175 0.0000000000
52199  -1.672  -27.975  92.865 0.0000000000
64718  -43.869  -14.982  66.727 0.0000000000
56990  -6.636  -23.118  78.256 0.0000000000
40184  -3.773  -40.789  92.473 0.0000000000
121123  -31.852  -21.569  75.756 0.0000000000
134963  -27.161  -25.309  82.421 0.0000000000
55042  -24.747  -24.879  86.511 0.0000000000
71418  -50.207  -8.046  62.140 0.0000000000
62773  -41.753  -17.299  68.385 0.0000000000
122692  -12.935  -29.579  82.089 0.0000000000
59821  -2.829  -20.626  80.216 0.0000000000
49385  -4.233  -31.956  85.586 0.0000000000
50431  -5.867  -30.171  82.190 0.0000000000
45508  -4.073  -35.170  79.210 0.0000000000
121058  -9.817  -34.062  93.252 0.0000000000
46312  -6.348  -35.297  96.407 0.0000000000
63685  -36.480  -16.024  74.444 0.0000000000
58828  -22.766  -21.566  88.071 0.0000000000
54185  -19.419  -25.027  81.454 0.0000000000
53131  -1.883  -27.510  88.831 0.0000000000
46358  -2.911  -33.586  89.442 0.0000000000
67525  -47.072  -12.802  64.303 0.0000000000
122544  -11.077  -31.687  90.072 0.0000000000
49377  -11.376  -30.696  85.910 0.0000000000
54179  -4.829  -25.917  81.759 0.0000000000
121518  -8.947  -28.668  78.424 0.0000000000
52184  -3.211  -28.350  96.310 0.0000000000
46324  -4.730  -34.180  93.036 0.0000000000
42835  -3.732  -38.856  88.444 0.0000000000
58895  -32.234  -21.263  82.380 0.0000000000
56960  -30.020  -22.908  81.339 0.0000000000
57917  -31.217  -21.382  79.927 0.0000000000
56017  -28.548  -24.165  82.931 0.0000000000
55129  -27.944  -24.817  80.660 0.0000000000
55996  -28.737  -23.863  85.110 0.0000000000
70443  -49.729  -9.281  61.942 0.0000000000
68482  -45.555  -11.520  61.946 0.0000000000
70448  -46.781  -9.277  60.611 0.0000000000
70465  -48.223  -8.745  60.221 0.0000000000
63771  -40.196  -16.582  69.602 0.0000000000
63722  -35.008  -16.328  71.144 0.0000000000
63767  -36.568  -16.630  69.424 0.0000000000
139386  -37.909  -16.709  68.081 0.0000000000
45443  -4.823  -34.517  85.078 0.0000000000
47401  -3.819  -33.441  83.440 0.0000000000
45489  -5.396  -35.726  81.988 0.0000000000
42925  -4.089  -38.586  78.790 0.0000000000
42052  -4.568  -39.427  81.540 0.0000000000
44521  -8.673  -35.735  90.770 0.0000000000
42809  -7.679  -38.146  92.642 0.0000000000
130845  -36.256  -17.903  75.882 0.0000000000
57940  -34.732  -21.588  76.616 0.0000000000
57043  -33.106  -22.215  73.665 0.0000000000
59891  -35.393  -20.269  74.732 0.0000000000
126184  -34.773  -19.139  73.614 0.0000000000
59727  -24.260  -20.726  89.458 0.0000000000
53173  -23.725  -26.475  83.208 0.0000000000
55067  -22.158  -25.360  84.783 0.0000000000
73331  -49.840  -6.195  58.614 0.0000000000
75097  -50.659  -4.530  57.619 0.0000000000
52206  -1.672  -28.116  90.454 0.0000000000
50371  -3.300  -30.306  90.377 0.0000000000
129101  -3.078  -30.996  91.108 0.0000000000
66558  -44.756  -13.890  65.684 0.0000000000
63813  -40.318  -16.143  66.090 0.0000000000
65610  -41.570  -14.437  65.167 0.0000000000
66582  -43.445  -13.659  63.998 0.0000000000
50363  -11.574  -29.833  92.799 0.0000000000
52207  -12.406  -28.339  91.099 0.0000000000
55997  -2.280  -24.230  84.567 0.0000000000
56012  -1.744  -25.030  82.776 0.0000000000
54141  -4.770  -25.636  84.010 0.0000000000
50470  -4.893  -31.282  79.435 0.0000000000
51381  -7.234  -30.081  80.232 0.0000000000
50498  -5.687  -30.745  77.176 0.0000000000
127078  -5.655  -27.981  96.412 0.0000000000
41936  -5.352  -38.690  94.464 0.0000000000
45343  -5.448  -35.867  95.345 0.0000000000
43593  -3.957  -37.995  93.459 0.0000000000
43602  -4.807  -37.121  91.191 0.0000000000
143998  -2.844  -40.154  90.803 0.0000000000
57923  -33.128  -21.051  77.818 0.0000000000
56908  -25.888  -24.056  89.087 0.0000000000
55972  -27.190  -24.382  87.204 0.0000000000
142627  -25.993  -25.459  84.567 0.0000000000
73296  -51.084  -6.539  62.358 0.0000000000
72406  -48.928  -7.256  59.132 0.0000000000
63793  -42.766  -16.940  67.953 0.0000000000
62801  -39.781  -17.010  66.911 0.0000000000
54183  -15.563  -26.574  81.145 0.0000000000
141017  -14.081  -26.563  83.124 0.0000000000
56974  -3.218  -23.756  78.659 0.0000000000
51319  -5.873  -29.276  87.353 0.0000000000
52237  -7.197  -27.787  85.134 0.0000000000
50412  -5.530  -30.292  84.578 0.0000000000
49424  -3.780  -31.764  81.201 0.0000000000
46490  -3.469  -34.007  77.896 0.0000000000
135972  -9.903  -31.002  95.649 0.0000000000
49322  -7.408  -31.462  96.681 0.0000000000
46322  -8.611  -34.665  95.876 0.0000000000
41939  -6.661  -38.589  94.680 0.0000000000
64636  -37.599  -15.507  72.503 0.0000000000
63706  -34.806  -16.638  72.477 0.0000000000
57876  -19.955  -22.209  85.897 0.0000000000
137293  -23.848  -23.671  87.670 0.0000000000
56938  -21.271  -23.939  85.528 0.0000000000
56009  -19.089  -23.808  83.139 0.0000000000
55975  -1.220  -24.100  86.424 0.0000000000
55029  -0.585  -25.073  88.062 0.0000000000
53133  -2.951  -27.510  87.642 0.0000000000
51311  -4.434  -29.390  88.652 0.0000000000
48331  -3.349  -32.657  87.737 0.0000000000
45422  -4.770  -34.861  86.972 0.0000000000
68465  -48.253  -11.782  63.421 0.0000000000
67550  -44.840  -12.642  62.988 0.0000000000
50356  -11.651  -30.753  94.291 0.0000000000
48282  -10.298  -32.769  91.413 0.0000000000
140274  -9.293  -35.554  88.849 0.0000000000
54123  -14.107  -26.315  85.625 0.0000000000
53142  -13.733  -26.741  87.725 0.0000000000
52212  -12.746  -27.654  89.684 0.0000000000
121092  -10.795  -31.311  88.175 0.0000000000
45414  -9.595  -34.714  87.008 0.0000000000
58887  -2.378  -21.369  82.417 0.0000000000
56028  -2.910  -24.075  80.615 0.0000000000
55137  -5.626  -24.854  80.098 0.0000000000
132421  -7.545  -27.226  82.588 0.0000000000
54196  -8.251  -26.887  80.273 0.0000000000
54223  -8.990  -26.184  79.026 0.0000000000
51283  -1.763  -27.906  94.454 0.0000000000
49316  -5.178  -31.285  95.762 0.0000000000
49320  -3.630  -31.183  94.584 0.0000000000
129692  -2.809  -31.359  92.740 0.0000000000
46333  -3.479  -33.887  90.938 0.0000000000
45400  -5.355  -35.810  89.058 0.0000000000
42858  -4.387  -38.266  86.115 0.0000000000
128299  -1.956  -43.137  89.867 0.0000000000
122089  -2.415  -41.334  87.846 0.0000000000
42029  -3.921  -39.836  83.826 0.0000000000
57906  -31.804  -21.638  82.876 0.0000000000
57898  -32.110  -21.486  84.327 0.0000000000
57904  -30.602  -22.336  81.939 0.0000000000
57909  -31.138  -21.756  81.563 0.0000000000
56956  -29.879  -22.929  83.252 0.0000000000
56959  -29.270  -23.390  81.681 0.0000000000
57896  -31.163  -22.255  84.773 0.0000000000
56953  -29.660  -22.952  84.223 0.0000000000
69469  -49.369  -9.834  62.255 0.0000000000
68484  -47.387  -11.182  62.026 0.0000000000
69466  -45.944  -10.776  61.487 0.0000000000
125249  -47.785  -10.435  61.664 0.0000000000
69478  -48.152  -9.725  61.302 0.0000000000
63746  -39.483  -16.247  70.289 0.0000000000
63728  -40.584  -15.989  71.205 0.0000000000
64655  -39.915  -15.672  71.684 0.0000000000
144379  -36.303  -16.445  70.072 0.0000000000
63744  -37.748  -16.387  69.981 0.0000000000
63769  -38.292  -16.539  69.477 0.0000000000
45445  -4.870  -35.218  84.360 0.0000000000
45459  -4.814  -35.142  83.515 0.0000000000
44586  -5.529  -36.618  83.356 0.0000000000
135476  -5.687  -37.624  81.109 0.0000000000
42894  -5.408  -38.307  82.430 0.0000000000
42837  -8.285  -37.704  88.507 0.0000000000
41963  -8.061  -38.514  90.093 0.0000000000
58916  -35.394  -20.746  76.848 0.0000000000
58928  -35.145  -21.336  75.283 0.0000000000
59884  -35.629  -19.864  76.134 0.0000000000
60818  -35.666  -19.182  75.695 0.0000000000
73321  -51.087  -6.216  59.569 0.0000000000
74233  -49.804  -5.653  58.071 0.0000000000
75090  -52.004  -4.736  58.647 0.0000000000
52203  -1.745  -28.467  91.350 0.0000000000
51299  -2.044  -29.061  91.185 0.0000000000
50361  -1.968  -29.375  91.937 0.0000000000
65599  -44.140  -14.465  66.021 0.0000000000
131428  -47.473  -14.130  66.761 0.0000000000
64716  -42.194  -15.169  66.358 0.0000000000
64726  -40.801  -14.994  65.639 0.0000000000
65598  -42.767  -14.581  65.845 0.0000000000
65612  -43.241  -14.108  65.174 0.0000000000
52201  -12.835  -27.613  92.303 0.0000000000
53119  -13.179  -26.962  91.963 0.0000000000
57874  -17.521  -22.695  85.939 0.0000000000
56934  -16.619  -23.408  85.345 0.0000000000
56989  -5.107  -23.054  77.577 0.0000000000
55047  -2.809  -25.077  85.280 0.0000000000
144437  -3.243  -25.544  84.282 0.0000000000
126562  -4.134  -25.838  85.436 0.0000000000
124962  -4.048  -31.637  77.728 0.0000000000
50485  -5.582  -30.825  78.069 0.0000000000
49490  -4.556  -31.449  76.482 0.0000000000
54072  -6.019  -26.781  95.861 0.0000000000
52181  -6.927  -27.695  95.690 0.0000000000
41087  -4.293  -39.837  93.673 0.0000000000
138133  -4.670  -38.436  94.281 0.0000000000
41951  -3.528  -39.504  92.802 0.0000000000
42811  -3.340  -39.315  92.076 0.0000000000
41103  -2.915  -40.633  91.302 0.0000000000
57914  -32.162  -20.862  80.626 0.0000000000
57922  -31.550  -21.015  78.942 0.0000000000
57919  -33.294  -20.189  78.987 0.0000000000
57920  -34.076  -20.305  78.442 0.0000000000
55085  -28.234  -25.211  83.872 0.0000000000
55070  -27.230  -25.409  84.831 0.0000000000
131750  -26.764  -25.424  83.341 0.0000000000
53175  -25.407  -26.210  83.283 0.0000000000
120633  -50.363  -6.480  62.534 0.0000000000
71420  -48.997  -8.614  60.562 0.0000000000
72397  -48.385  -7.856  59.469 0.0000000000
72389  -49.969  -7.802  60.346 0.0000000000
72399  -50.480  -7.347  60.409 0.0000000000
62788  -41.905  -17.146  67.999 0.0000000000
63786  -43.873  -17.003  68.688 0.0000000000
62774  -42.314  -17.315  68.542 0.0000000000
62771  -39.778  -16.769  68.303 0.0000000000
62785  -38.297  -16.673  67.638 0.0000000000
125759  -40.319  -17.036  67.287 0.0000000000
62803  -41.365  -16.816  67.523 0.0000000000
59833  -2.225  -20.927  78.934 0.0000000000
134657  -1.971  -22.604  77.797 0.0000000000
56972  -2.247  -23.060  79.319 0.0000000000
50396  -5.380  -30.537  86.510 0.0000000000
51326  -6.064  -29.937  86.122 0.0000000000
50402  -4.772  -31.200  85.550 0.0000000000
46445  -4.187  -34.062  81.613 0.0000000000
49414  -3.604  -32.358  82.245 0.0000000000
47430  -3.641  -33.185  81.012 0.0000000000
120960  -3.529  -32.774  79.887 0.0000000000
46469  -3.597  -34.251  79.085 0.0000000000
127593  -3.786  -35.913  78.062 0.0000000000
48270  -10.202  -32.280  94.815 0.0000000000
136118  -9.158  -33.180  95.773 0.0000000000
46326  -9.184  -34.472  94.520 0.0000000000
41099  -7.525  -39.610  91.893 0.0000000000
42808  -7.507  -38.071  93.604 0.0000000000
41095  -6.703  -40.048  93.158 0.0000000000
41094  -6.173  -40.557  93.445 0.0000000000
64603  -37.122  -15.560  73.911 0.0000000000
143096  -35.641  -17.189  74.507 0.0000000000
62709  -34.731  -17.398  73.146 0.0000000000
63695  -35.661  -16.265  73.360 0.0000000000
64619  -36.236  -15.778  72.784 0.0000000000
58843  -22.419  -20.628  88.458 0.0000000000
58842  -20.849  -21.340  87.208 0.0000000000
58856  -21.339  -21.983  86.927 0.0000000000
55970  -25.677  -24.735  87.745 0.0000000000
56906  -24.326  -23.513  88.370 0.0000000000
124991  -24.104  -24.583  86.896 0.0000000000
54148  -20.689  -25.800  83.355 0.0000000000
55052  -21.904  -25.030  85.041 0.0000000000
55064  -20.101  -25.003  83.743 0.0000000000
56947  -20.008  -24.162  84.329 0.0000000000
55109  -18.919  -24.746  81.869 0.0000000000
55126  -17.527  -24.893  81.018 0.0000000000
53130  -1.375  -26.983  89.334 0.0000000000
54105  -1.493  -26.770  88.715 0.0000000000
54109  -1.434  -26.221  87.989 0.0000000000
53132  -2.396  -27.647  88.299 0.0000000000
52221  -3.395  -28.084  88.012 0.0000000000
51309  -2.699  -28.736  89.138 0.0000000000
49346  -2.789  -32.041  89.940 0.0000000000
49356  -3.400  -31.815  88.967 0.0000000000
47342  -3.178  -33.438  88.485 0.0000000000
46372  -3.754  -33.819  87.597 0.0000000000
45409  -3.642  -34.134  88.076 0.0000000000
67538  -47.701  -12.400  63.825 0.0000000000
68456  -49.415  -11.374  65.011 0.0000000000
67527  -48.934  -12.271  64.903 0.0000000000
66583  -44.640  -13.355  64.125 0.0000000000
66597  -43.483  -13.157  63.515 0.0000000000
67535  -45.188  -12.918  63.517 0.0000000000
67552  -46.459  -12.320  63.020 0.0000000000
51288  -12.212  -29.203  94.687 0.0000000000
50366  -10.957  -30.388  91.338 0.0000000000
50362  -11.149  -30.530  92.309 0.0000000000
121330  -10.578  -32.146  90.664 0.0000000000
46359  -9.380  -34.274  89.943 0.0000000000
46360  -9.836  -33.953  89.356 0.0000000000
52261  -13.576  -28.352  82.319 0.0000000000
123963  -13.994  -26.353  84.124 0.0000000000
52250  -13.275  -28.392  83.788 0.0000000000
50404  -12.145  -30.078  84.971 0.0000000000
51336  -12.660  -28.918  85.107 0.0000000000
52229  -12.476  -28.494  86.941 0.0000000000
135528  -13.569  -27.047  88.885 0.0000000000
51321  -11.998  -29.027  87.190 0.0000000000
51306  -11.760  -28.924  89.026 0.0000000000
50388  -11.174  -30.648  86.701 0.0000000000
46387  -9.828  -34.249  85.804 0.0000000000
58882  -2.199  -21.297  83.399 0.0000000000
54160  -3.495  -25.340  82.254 0.0000000000
56019  -2.508  -24.445  81.646 0.0000000000
55120  -3.730  -24.905  81.270 0.0000000000
56030  -4.240  -24.452  80.279 0.0000000000
55122  -5.042  -25.211  80.629 0.0000000000
51343  -6.927  -29.110  84.298 0.0000000000
53160  -7.392  -27.483  84.293 0.0000000000
51357  -7.116  -29.099  82.821 0.0000000000
144156  -8.260  -29.399  79.088 0.0000000000
52286  -8.528  -28.511  80.538 0.0000000000
120530  -8.921  -28.225  79.831 0.0000000000
54210  -8.545  -26.561  79.549 0.0000000000
138207  -9.360  -27.470  78.477 0.0000000000
130432  -9.639  -26.625  77.518 0.0000000000
51276  -2.707  -28.047  95.482 0.0000000000
47296  -7.324  -33.555  96.572 0.0000000000
135906  -6.402  -31.376  97.002 0.0000000000
47294  -6.162  -33.787  95.552 0.0000000000
46325  -5.089  -34.936  93.802 0.0000000000
47299  -4.997  -33.898  94.473 0.0000000000
47302  -4.063  -33.315  93.727 0.0000000000
49331  -2.946  -31.555  93.783 0.0000000000
47306  -3.306  -32.963  92.832 0.0000000000
47310  -3.233  -33.232  92.259 0.0000000000
45355  -4.207  -34.002  92.293 0.0000000000
42819  -4.368  -38.312  90.100 0.0000000000
141841  -5.030  -36.808  90.533 0.0000000000
43616  -5.021  -37.652  88.541 0.0000000000
43629  -5.629  -36.758  87.842 0.0000000000
42847  -4.078  -38.516  87.489 0.0000000000
38322  -1.481  -43.666  88.479 0.0000000000
39257  -2.033  -42.290  88.873 0.0000000000
58896  -32.715  -20.899  81.760 0.0000000000
56969  -29.362  -22.887  80.086 0.0000000000
56970  -30.079  -22.413  79.762 0.0000000000
57912  -30.588  -22.033  80.245 0.0000000000
119863  -31.702  -21.294  81.157 0.0000000000
55096  -28.217  -24.901  83.110 0.0000000000
56023  -28.263  -24.374  81.369 0.0000000000
56963  -28.669  -23.685  81.037 0.0000000000
56005  -28.880  -23.675  84.343 0.0000000000
71417  -50.007  -8.642  61.731 0.0000000000
70446  -44.837  -9.859  60.379 0.0000000000
70462  -45.557  -8.750  59.862 0.0000000000
71429  -45.935  -8.337  59.703 0.0000000000
70464  -47.417  -8.803  60.209 0.0000000000
70450  -48.439  -9.048  60.896 0.0000000000
139861  -40.773  -16.997  69.061 0.0000000000
62758  -42.119  -17.299  69.132 0.0000000000
63772  -41.253  -16.757  69.606 0.0000000000
121230  -42.330  -16.337  71.185 0.0000000000
63721  -34.221  -16.625  70.948 0.0000000000
63741  -34.808  -16.465  70.303 0.0000000000
62751  -35.164  -16.800  68.556 0.0000000000
62752  -36.016  -16.683  68.620 0.0000000000
62768  -36.324  -16.682  67.948 0.0000000000
62753  -36.893  -16.691  68.703 0.0000000000
62755  -38.988  -16.723  68.894 0.0000000000
48361  -4.206  -33.361  85.809 0.0000000000
49393  -3.843  -32.637  84.317 0.0000000000
46414  -4.208  -34.045  84.019 0.0000000000
45472  -4.413  -34.411  82.661 0.0000000000
45501  -4.603  -35.208  80.648 0.0000000000
43731  -4.390  -36.814  78.626 0.0000000000
43716  -5.365  -37.501  79.697 0.0000000000
42913  -4.790  -38.939  80.192 0.0000000000
45359  -9.842  -35.001  92.246 0.0000000000
45354  -8.933  -35.328  93.426 0.0000000000
43599  -8.308  -37.097  91.683 0.0000000000
62693  -36.644  -17.012  75.744 0.0000000000
57023  -32.809  -20.909  75.273 0.0000000000
136506  -32.332  -21.609  74.464 0.0000000000
57032  -33.173  -21.231  74.464 0.0000000000
128877  -34.314  -21.220  74.374 0.0000000000
59900  -34.367  -20.584  73.196 0.0000000000
60833  -35.151  -19.563  74.219 0.0000000000
61755  -35.458  -17.995  74.497 0.0000000000
57850  -23.641  -22.124  88.601 0.0000000000
124276  -23.930  -25.808  84.183 0.0000000000
55054  -23.519  -25.184  85.693 0.0000000000
54151  -22.993  -26.037  83.878 0.0000000000
53184  -20.750  -26.182  82.461 0.0000000000
74231  -48.335  -5.296  57.409 0.0000000000
74244  -48.801  -4.797  57.041 0.0000000000
75105  -49.325  -4.110  56.592 0.0000000000
75953  -49.522  -3.079  55.410 0.0000000000
53127  -1.510  -27.707  89.771 0.0000000000
52210  -2.239  -28.762  89.537 0.0000000000
52209  -1.852  -28.766  89.923 0.0000000000
50368  -3.174  -30.290  90.725 0.0000000000
48287  -2.702  -32.782  89.988 0.0000000000
66572  -46.273  -13.138  64.782 0.0000000000
65602  -47.461  -13.584  65.891 0.0000000000
65608  -39.748  -14.673  64.502 0.0000000000
65620  -41.133  -13.957  64.363 0.0000000000
66580  -41.682  -13.429  63.738 0.0000000000
65611  -42.162  -13.886  64.476 0.0000000000
66569  -43.766  -13.712  64.495 0.0000000000
52194  -12.679  -28.609  94.316 0.0000000000
52198  -12.926  -27.648  93.147 0.0000000000
51297  -11.949  -29.029  92.300 0.0000000000
50370  -11.386  -29.668  91.035 0.0000000000
48383  -11.383  -31.847  83.376 0.0000000000
48363  -10.747  -32.050  85.312 0.0000000000
57895  -1.583  -22.674  84.128 0.0000000000
57899  -1.594  -22.771  83.124 0.0000000000
56006  -1.733  -24.772  83.582 0.0000000000
54140  -3.118  -25.510  83.049 0.0000000000
121934  -4.523  -25.952  83.163 0.0000000000
50444  -5.488  -30.616  81.254 0.0000000000
51369  -7.008  -29.896  81.187 0.0000000000
50471  -6.336  -30.600  79.656 0.0000000000
50472  -7.139  -30.362  79.168 0.0000000000
121207  -7.624  -29.939  77.876 0.0000000000
54989  -5.649  -26.427  95.708 0.0000000000
134730  -4.986  -27.194  96.398 0.0000000000
52178  -4.415  -27.858  96.576 0.0000000000
43585  -5.805  -37.182  96.197 0.0000000000
45340  -5.664  -36.038  96.221 0.0000000000
44504  -5.328  -36.835  95.677 0.0000000000
44506  -4.915  -36.594  94.791 0.0000000000
44509  -4.673  -36.552  94.377 0.0000000000
44512  -5.198  -36.123  92.752 0.0000000000
43596  -3.985  -37.852  92.540 0.0000000000
42818  -3.928  -38.444  91.013 0.0000000000
42824  -3.168  -39.478  89.813 0.0000000000
132618  -31.211  -21.637  76.058 0.0000000000
56979  -30.872  -21.384  78.546 0.0000000000
56980  -31.596  -21.133  78.084 0.0000000000
57014  -32.263  -21.324  76.390 0.0000000000
57926  -33.699  -21.239  77.372 0.0000000000
58912  -35.149  -20.638  77.557 0.0000000000
55982  -26.005  -25.007  87.012 0.0000000000
55984  -28.291  -24.155  86.201 0.0000000000
55045  -26.995  -24.813  85.914 0.0000000000
135109  -25.984  -25.180  85.673 0.0000000000
54152  -24.690  -26.110  83.738 0.0000000000
126294  -47.181  -7.027  58.951 0.0000000000
73319  -49.416  -6.683  58.847 0.0000000000
73313  -50.738  -6.848  60.041 0.0000000000
64699  -43.657  -15.771  67.428 0.0000000000
143518  -44.736  -15.825  67.717 0.0000000000
63794  -43.599  -16.673  68.003 0.0000000000
62799  -36.725  -16.787  66.931 0.0000000000
63799  -40.136  -16.668  66.472 0.0000000000
63801  -41.710  -16.441  67.346 0.0000000000
55093  -16.362  -25.402  82.540 0.0000000000
139952  -15.530  -24.910  83.881 0.0000000000
54165  -15.199  -26.354  82.363 0.0000000000
52276  -13.900  -28.321  81.552 0.0000000000
56987  -3.501  -23.451  77.663 0.0000000000
56060  -4.848  -23.465  78.283 0.0000000000
53146  -5.470  -27.231  86.847 0.0000000000
54117  -5.960  -26.513  86.310 0.0000000000
139299  -6.505  -28.317  86.792 0.0000000000
131096  -6.605  -29.397  84.917 0.0000000000
51349  -5.824  -29.908  83.135 0.0000000000
49394  -3.897  -31.948  84.008 0.0000000000
50419  -4.133  -31.329  82.895 0.0000000000
126351  -5.061  -30.715  81.955 0.0000000000
50456  -4.119  -31.503  80.880 0.0000000000
51279  -7.829  -29.434  96.001 0.0000000000
50348  -8.493  -30.420  95.985 0.0000000000
48266  -8.413  -32.670  96.333 0.0000000000
46317  -7.887  -35.079  96.358 0.0000000000
44507  -8.044  -36.613  94.348 0.0000000000
44505  -7.675  -36.460  95.085 0.0000000000
43587  -6.985  -37.307  95.903 0.0000000000
41938  -6.048  -39.021  94.854 0.0000000000
40182  -4.919  -40.658  93.586 0.0000000000
40186  -4.495  -41.163  92.881 0.0000000000
64653  -37.808  -15.686  71.655 0.0000000000
123394  -39.394  -15.572  72.181 0.0000000000
124684  -38.720  -15.428  73.564 0.0000000000
56122  -32.478  -23.518  73.436 0.0000000000
62728  -33.748  -17.215  71.560 0.0000000000
64634  -36.219  -15.751  72.066 0.0000000000
58854  -19.565  -21.845  86.875 0.0000000000
57889  -18.749  -22.714  84.846 0.0000000000
58831  -24.983  -21.955  89.385 0.0000000000
57851  -24.015  -22.846  88.807 0.0000000000
57862  -23.102  -22.611  87.689 0.0000000000
55993  -23.158  -24.852  86.069 0.0000000000
143315  -22.568  -24.049  86.464 0.0000000000
57878  -21.800  -22.837  86.729 0.0000000000
57891  -20.666  -23.033  85.552 0.0000000000
56946  -19.449  -23.371  84.452 0.0000000000
56952  -18.116  -23.422  83.541 0.0000000000
56014  -17.110  -24.951  82.208 0.0000000000
75954  -50.063  -2.636  55.083 0.0000000000
75960  -49.783  -2.550  54.393 0.0000000000
76779  -50.322  -2.215  53.603 0.0000000000
55986  -1.930  -24.233  85.537 0.0000000000
55038  -2.386  -25.362  86.083 0.0000000000
132459  -0.826  -24.719  87.515 0.0000000000
54112  -1.627  -25.676  87.385 0.0000000000
53144  -3.490  -27.036  86.935 0.0000000000
53138  -3.961  -27.655  87.506 0.0000000000
51318  -5.135  -29.318  87.815 0.0000000000
49366  -4.628  -31.075  87.885 0.0000000000
51305  -4.068  -29.881  89.539 0.0000000000
49357  -4.060  -31.412  88.529 0.0000000000
48348  -3.635  -32.772  86.949 0.0000000000
47357  -4.040  -33.603  86.804 0.0000000000
45432  -4.900  -34.814  85.465 0.0000000000
44569  -5.449  -36.440  85.139 0.0000000000
68476  -48.832  -10.992  63.071 0.0000000000
66595  -41.648  -12.979  63.042 0.0000000000
67547  -42.129  -12.535  62.477 0.0000000000
67560  -42.945  -12.191  62.007 0.0000000000
67563  -45.201  -12.142  62.474 0.0000000000
68474  -46.940  -11.826  62.484 0.0000000000
50353  -10.523  -30.658  95.314 0.0000000000
48274  -10.836  -32.183  94.167 0.0000000000
50357  -11.983  -30.206  93.770 0.0000000000
49334  -11.154  -31.745  93.677 0.0000000000
47315  -9.960  -33.587  92.824 0.0000000000
44532  -9.057  -35.943  89.253 0.0000000000
55998  -15.375  -24.545  85.227 0.0000000000
55051  -14.815  -25.013  85.685 0.0000000000
135572  -14.437  -25.869  86.794 0.0000000000
52245  -13.056  -28.561  84.571 0.0000000000
54118  -14.123  -26.397  87.096 0.0000000000
55030  -14.653  -25.749  88.405 0.0000000000
54106  -14.330  -26.290  89.010 0.0000000000
54102  -13.504  -25.956  90.289 0.0000000000
53126  -13.260  -26.469  90.686 0.0000000000
52208  -12.734  -27.638  90.640 0.0000000000
50374  -11.337  -29.805  89.450 0.0000000000
49348  -10.836  -31.490  89.189 0.0000000000
48349  -10.342  -32.323  86.306 0.0000000000
138801  -9.812  -33.548  87.013 0.0000000000
47343  -10.233  -32.991  88.633 0.0000000000
45413  -9.415  -35.458  87.404 0.0000000000
59809  -3.053  -20.810  81.093 0.0000000000
57903  -1.601  -22.716  82.177 0.0000000000
57907  -1.892  -22.625  81.392 0.0000000000
57911  -2.205  -22.515  80.682 0.0000000000
56036  -3.154  -23.965  79.779 0.0000000000
123328  -4.218  -23.993  79.601 0.0000000000
56039  -6.249  -24.321  79.450 0.0000000000
55049  -5.760  -25.753  85.013 0.0000000000
54143  -6.519  -26.204  83.699 0.0000000000
139801  -6.418  -26.292  82.601 0.0000000000
52274  -7.929  -28.440  81.830 0.0000000000
54182  -7.564  -26.992  81.761 0.0000000000
54194  -6.452  -26.045  80.828 0.0000000000
55124  -7.007  -25.844  80.201 0.0000000000
55139  -7.475  -25.524  79.657 0.0000000000
56050  -8.054  -24.601  78.867 0.0000000000
56052  -9.387  -24.931  78.078 0.0000000000
50346  -6.906  -29.298  96.264 0.0000000000
144547  -5.584  -29.969  96.615 0.0000000000
50340  -4.125  -29.455  96.357 0.0000000000
47293  -5.558  -33.606  95.266 0.0000000000
48258  -4.765  -31.991  95.327 0.0000000000
50344  -3.420  -29.533  95.653 0.0000000000
50351  -2.769  -29.225  94.366 0.0000000000
140950  -2.513  -29.443  93.947 0.0000000000
50358  -2.070  -29.136  92.293 0.0000000000
119841  -2.708  -31.015  91.545 0.0000000000
133722  -2.881  -32.432  91.080 0.0000000000
46344  -2.975  -33.927  90.183 0.0000000000
45362  -5.030  -34.968  91.720 0.0000000000
45371  -5.064  -35.473  90.498 0.0000000000
45385  -3.360  -34.762  89.356 0.0000000000
45412  -5.471  -35.563  87.538 0.0000000000
44552  -5.821  -36.317  86.922 0.0000000000
43659  -5.327  -37.275  85.311 0.0000000000
39227  -3.551  -42.098  91.907 0.0000000000
38300  -2.569  -42.960  90.814 0.0000000000
40199  -2.568  -42.152  90.896 0.0000000000
41111  -2.409  -41.152  89.980 0.0000000000
41119  -2.418  -40.983  89.147 0.0000000000
41975  -2.649  -40.394  88.075 0.0000000000
41134  -2.425  -41.100  87.081 0.0000000000
137006  -3.096  -39.393  87.082 0.0000000000
42856  -3.143  -39.347  86.400 0.0000000000
42865  -3.891  -39.302  84.843 0.0000000000
125706  -4.830  -38.905  83.724 0.0000000000
42041  -4.508  -39.494  82.354 0.0000000000
42050  -3.956  -40.412  81.614 0.0000000000
133264  -31.403  -21.875  83.218 0.0000000000
57902  -31.700  -21.803  83.582 0.0000000000
57900  -30.712  -22.276  83.019 0.0000000000
57905  -31.240  -21.823  82.488 0.0000000000
123164  -30.034  -22.998  82.269 0.0000000000
56954  -30.537  -22.459  84.015 0.0000000000
132947  -31.538  -21.943  84.248 0.0000000000
70440  -49.698  -9.516  63.012 0.0000000000
70438  -49.511  -9.580  63.632 0.0000000000
68485  -48.263  -10.782  62.314 0.0000000000
69467  -46.872  -10.641  61.523 0.0000000000
69463  -48.989  -10.380  62.528 0.0000000000
69468  -48.652  -10.144  61.918 0.0000000000
136288  -38.973  -16.021  70.836 0.0000000000
63727  -39.701  -15.877  70.961 0.0000000000
64654  -38.939  -15.751  71.528 0.0000000000
63725  -37.525  -16.089  70.710 0.0000000000
63745  -38.504  -16.217  70.262 0.0000000000
45446  -5.335  -36.111  84.507 0.0000000000
45460  -5.249  -35.845  83.821 0.0000000000
43687  -5.615  -37.481  82.917 0.0000000000
41978  -7.972  -38.508  88.243 0.0000000000
58921  -35.538  -20.534  76.330 0.0000000000
52202  -1.584  -28.539  92.111 0.0000000000
51298  -1.711  -28.995  91.813 0.0000000000
65590  -44.738  -14.596  66.709 0.0000000000
64717  -43.014  -15.208  66.802 0.0000000000
122618  -43.503  -14.546  65.959 0.0000000000
54093  -14.385  -26.284  92.850 0.0000000000
53120  -13.903  -26.591  92.473 0.0000000000
54096  -14.268  -26.203  92.120 0.0000000000
57888  -17.968  -22.805  85.237 0.0000000000
56935  -17.308  -23.001  85.155 0.0000000000
124017  -5.989  -22.641  77.675 0.0000000000
54120  -3.436  -25.916  85.564 0.0000000000
54127  -3.215  -25.403  84.784 0.0000000000
49475  -4.496  -31.393  77.188 0.0000000000
41092  -4.016  -40.267  93.082 0.0000000000
41947  -3.867  -39.644  93.313 0.0000000000
41946  -3.619  -40.153  92.649 0.0000000000
41950  -3.295  -40.041  92.063 0.0000000000
41097  -3.303  -40.766  91.999 0.0000000000
58901  -32.874  -20.631  80.816 0.0000000000
57915  -32.626  -20.468  79.863 0.0000000000
58905  -33.332  -20.232  79.882 0.0000000000
58906  -34.234  -20.052  79.255 0.0000000000
128942  -27.752  -25.264  83.231 0.0000000000
55084  -27.582  -25.433  84.092 0.0000000000
72383  -50.503  -7.254  62.368 0.0000000000
71421  -49.806  -8.294  60.968 0.0000000000
71422  -50.283  -8.077  61.590 0.0000000000
72386  -50.631  -7.539  61.897 0.0000000000
141535  -42.193  -17.297  68.253 0.0000000000
62772  -40.810  -17.054  68.436 0.0000000000
123645  -40.360  -16.926  67.803 0.0000000000
62787  -41.079  -16.998  67.752 0.0000000000
58904  -2.437  -21.105  79.791 0.0000000000
134766  -2.198  -21.658  79.291 0.0000000000
49375  -4.552  -31.445  86.664 0.0000000000
45486  -3.985  -34.270  80.550 0.0000000000
122659  -3.796  -33.715  80.812 0.0000000000
46457  -3.605  -33.968  79.902 0.0000000000
45499  -3.848  -34.557  79.593 0.0000000000
45507  -3.818  -34.877  78.804 0.0000000000
47309  -10.071  -33.520  94.261 0.0000000000
47305  -9.857  -33.128  94.770 0.0000000000
46327  -9.788  -34.070  93.977 0.0000000000
41096  -7.211  -39.516  92.716 0.0000000000
64591  -37.322  -15.682  74.896 0.0000000000
138816  -31.494  -21.673  75.255 0.0000000000
62710  -35.320  -17.121  73.829 0.0000000000
63696  -36.318  -15.851  73.600 0.0000000000
135329  -21.712  -21.049  87.576 0.0000000000
57861  -22.224  -22.240  87.294 0.0000000000
55981  -25.397  -24.820  86.976 0.0000000000
55980  -24.861  -24.547  87.264 0.0000000000
54147  -20.287  -25.587  83.010 0.0000000000
55081  -20.426  -25.465  83.549 0.0000000000
55095  -19.953  -25.240  82.617 0.0000000000
55080  -19.846  -25.051  83.010 0.0000000000
124853  -18.458  -24.685  81.138 0.0000000000
54199  -19.065  -25.116  80.562 0.0000000000
129379  -1.604  -27.435  89.228 0.0000000000
53136  -1.902  -26.943  88.266 0.0000000000
52215  -2.848  -28.319  88.510 0.0000000000
52214  -2.346  -28.096  89.008 0.0000000000
48302  -2.741  -32.807  89.583 0.0000000000
48313  -2.915  -32.986  88.851 0.0000000000
47337  -2.899  -33.305  89.207 0.0000000000
46366  -3.336  -33.757  88.388 0.0000000000
134900  -3.127  -34.064  89.036 0.0000000000
67526  -48.023  -12.632  64.594 0.0000000000
66584  -45.614  -13.084  64.103 0.0000000000
66585  -46.355  -12.897  64.035 0.0000000000
67536  -46.004  -12.733  63.536 0.0000000000
49341  -10.667  -31.228  90.846 0.0000000000
119529  -10.767  -32.522  90.166 0.0000000000
47325  -10.575  -33.173  90.189 0.0000000000
138129  -10.287  -33.388  89.425 0.0000000000
51358  -13.423  -29.002  82.049 0.0000000000
52251  -13.461  -27.942  82.965 0.0000000000
52260  -13.253  -28.698  82.929 0.0000000000
50397  -11.906  -30.079  85.661 0.0000000000
133208  -12.182  -29.508  86.040 0.0000000000
138771  -12.196  -29.152  86.534 0.0000000000
127533  -11.649  -29.839  86.516 0.0000000000
50389  -11.558  -29.665  87.431 0.0000000000
54178  -4.123  -25.377  81.588 0.0000000000
144237  -3.560  -25.068  81.649 0.0000000000
143535  -4.354  -25.163  81.030 0.0000000000
55106  -4.907  -25.648  81.160 0.0000000000
51350  -6.625  -29.376  83.443 0.0000000000
51351  -7.258  -28.711  83.590 0.0000000000
51405  -8.359  -29.390  78.266 0.0000000000
52298  -8.742  -28.788  79.077 0.0000000000
52299  -9.248  -27.978  79.029 0.0000000000
52311  -9.278  -28.157  78.076 0.0000000000
52310  -8.808  -28.899  77.595 0.0000000000
53097  -3.739  -27.306  96.545 0.0000000000
52183  -2.702  -28.039  96.135 0.0000000000
119830  -6.883  -34.454  96.462 0.0000000000
137724  -6.855  -33.775  96.347 0.0000000000
47295  -6.479  -34.502  96.011 0.0000000000
45349  -5.029  -35.303  93.684 0.0000000000
46320  -4.781  -34.091  93.476 0.0000000000
47307  -4.021  -33.509  93.105 0.0000000000
47311  -3.815  -33.595  92.578 0.0000000000
45352  -4.868  -34.630  92.899 0.0000000000
42825  -3.720  -38.898  89.466 0.0000000000
42826  -4.427  -38.340  89.052 0.0000000000
42836  -4.427  -38.263  88.228 0.0000000000
37360  -1.239  -44.544  88.366 0.0000000000
134364  -1.290  -43.970  87.777 0.0000000000
56965  -30.029  -22.701  80.539 0.0000000000
57910  -31.756  -21.420  82.045 0.0000000000
58900  -32.303  -21.058  81.536 0.0000000000
128617  -28.184  -24.657  82.271 0.0000000000
56024  -28.562  -23.892  82.115 0.0000000000
56964  -29.384  -23.157  80.832 0.0000000000
56968  -28.704  -23.534  80.296 0.0000000000
56011  -28.996  -23.519  83.520 0.0000000000
56010  -28.528  -24.464  83.711 0.0000000000
71414  -49.910  -8.822  62.444 0.0000000000
72377  -48.913  -7.853  63.279 0.0000000000
68481  -44.555  -11.668  61.980 0.0000000000
68496  -44.175  -10.992  61.283 0.0000000000
68497  -45.058  -10.947  61.435 0.0000000000
69476  -46.316  -9.966  61.056 0.0000000000
69475  -45.423  -10.246  60.916 0.0000000000
70447  -45.726  -9.346  60.436 0.0000000000
123200  -44.973  -9.184  59.815 0.0000000000
70463  -46.356  -8.680  60.178 0.0000000000
70442  -49.021  -9.526  61.576 0.0000000000
70451  -49.376  -8.922  61.268 0.0000000000
123653  -41.454  -16.146  71.542 0.0000000000
124586  -41.372  -16.396  70.660 0.0000000000
143041  -42.027  -16.111  71.825 0.0000000000
63766  -35.597  -16.575  69.564 0.0000000000
63770  -39.227  -16.545  69.577 0.0000000000
62756  -39.975  -16.836  68.970 0.0000000000
47388  -4.402  -33.693  85.074 0.0000000000
45458  -4.628  -34.610  84.080 0.0000000000
45474  -4.819  -35.088  82.641 0.0000000000
135454  -4.559  -34.735  83.048 0.0000000000
45473  -4.481  -34.644  82.348 0.0000000000
45488  -4.768  -35.096  81.663 0.0000000000
45502  -5.222  -35.769  80.976 0.0000000000
44616  -4.825  -35.886  80.166 0.0000000000
44603  -5.691  -36.651  81.300 0.0000000000
42904  -5.435  -38.310  81.459 0.0000000000
42914  -5.445  -38.231  80.378 0.0000000000
42912  -4.205  -39.191  79.615 0.0000000000
42064  -4.376  -39.551  80.634 0.0000000000
45372  -9.080  -35.364  91.357 0.0000000000
44517  -8.793  -36.106  91.697 0.0000000000
43603  -8.424  -36.603  90.864 0.0000000000
62700  -35.888  -17.542  75.178 0.0000000000
57017  -34.170  -21.417  76.114 0.0000000000
57024  -33.407  -20.895  75.268 0.0000000000
57025  -33.959  -21.119  75.301 0.0000000000
124568  -35.121  -20.976  74.555 0.0000000000
58935  -34.450  -20.967  73.765 0.0000000000
59901  -34.809  -20.391  74.035 0.0000000000
61756  -35.742  -18.366  75.424 0.0000000000
132342  -35.528  -18.938  74.752 0.0000000000
135089  -23.823  -20.466  89.604 0.0000000000
57843  -23.908  -21.427  89.235 0.0000000000
54134  -23.287  -25.640  84.552 0.0000000000
53172  -22.542  -26.511  82.941 0.0000000000
73330  -49.197  -6.126  58.260 0.0000000000
74230  -47.609  -5.491  57.408 0.0000000000
74232  -49.060  -5.481  57.654 0.0000000000
141205  -50.356  -5.159  58.052 0.0000000000
75096  -49.772  -4.876  57.370 0.0000000000
128625  -50.217  -3.938  56.888 0.0000000000
140165  -1.645  -28.343  89.927 0.0000000000
125613  -1.843  -28.668  90.467 0.0000000000
119395  -2.731  -29.727  91.214 0.0000000000
49340  -2.978  -31.631  90.464 0.0000000000
49339  -2.799  -32.143  90.503 0.0000000000
66559  -45.786  -13.561  65.591 0.0000000000
66560  -46.646  -13.409  65.544 0.0000000000
64714  -39.784  -15.660  65.505 0.0000000000
65609  -40.564  -14.468  64.899 0.0000000000
129927  -42.528  -14.273  65.068 0.0000000000
65613  -43.927  -14.015  65.355 0.0000000000
66570  -44.408  -13.596  64.896 0.0000000000
66571  -45.220  -13.387  64.852 0.0000000000
53113  -13.682  -27.344  93.646 0.0000000000
52204  -12.467  -28.388  91.846 0.0000000000
51300  -11.979  -29.029  91.489 0.0000000000
51302  -11.862  -28.970  90.744 0.0000000000
49406  -11.455  -31.441  84.186 0.0000000000
47402  -10.705  -33.056  83.709 0.0000000000
129526  -1.633  -23.279  84.662 0.0000000000
140125  -1.822  -24.030  84.186 0.0000000000
55060  -2.121  -24.964  83.950 0.0000000000
126197  -3.413  -25.707  83.884 0.0000000000
54139  -2.948  -25.387  83.787 0.0000000000
140272  -3.988  -25.837  83.749 0.0000000000
125205  -3.723  -25.777  83.082 0.0000000000
50458  -5.465  -30.865  80.201 0.0000000000
126326  -5.553  -30.931  79.051 0.0000000000
50486  -6.314  -30.644  78.623 0.0000000000
50499  -6.277  -30.540  77.664 0.0000000000
50487  -7.040  -30.353  78.194 0.0000000000
51417  -6.950  -30.170  77.148 0.0000000000
142715  -6.216  -30.397  76.876 0.0000000000
132980  -5.789  -27.499  96.215 0.0000000000
53098  -5.532  -27.172  96.193 0.0000000000
130388  -5.333  -27.472  96.394 0.0000000000
133830  -4.775  -27.441  96.498 0.0000000000
52179  -5.107  -27.929  96.519 0.0000000000
42798  -5.698  -37.588  95.560 0.0000000000
43584  -5.487  -36.981  95.861 0.0000000000
42802  -5.407  -37.481  95.317 0.0000000000
131411  -4.325  -38.150  94.204 0.0000000000
43591  -4.744  -37.251  94.664 0.0000000000
128560  -4.417  -37.228  94.069 0.0000000000
43597  -4.609  -37.096  93.211 0.0000000000
41954  -3.097  -39.818  91.368 0.0000000000
42817  -3.317  -39.085  91.254 0.0000000000
135636  -3.077  -39.581  90.632 0.0000000000
135229  -3.543  -38.947  90.386 0.0000000000
41961  -2.823  -40.070  90.134 0.0000000000
56079  -30.383  -21.845  76.401 0.0000000000
56069  -30.765  -21.574  77.002 0.0000000000
56971  -30.697  -21.644  79.453 0.0000000000
56978  -30.171  -22.043  78.919 0.0000000000
119372  -32.482  -20.760  78.496 0.0000000000
56981  -32.367  -21.033  77.975 0.0000000000
56997  -32.000  -21.231  77.282 0.0000000000
56998  -32.882  -20.970  77.148 0.0000000000
57924  -34.551  -20.674  77.845 0.0000000000
55143  -27.512  -24.870  80.087 0.0000000000
55961  -27.011  -24.528  88.042 0.0000000000
55971  -26.446  -24.804  87.636 0.0000000000
55035  -26.612  -24.708  86.735 0.0000000000
55985  -28.906  -23.873  85.961 0.0000000000
55995  -28.213  -24.252  85.457 0.0000000000
55058  -27.579  -24.961  85.202 0.0000000000
55069  -26.413  -25.451  85.072 0.0000000000
139141  -25.510  -25.262  85.043 0.0000000000
122580  -25.358  -25.552  84.170 0.0000000000
53174  -24.631  -26.671  82.812 0.0000000000
73297  -51.615  -6.048  62.396 0.0000000000
71430  -46.873  -8.320  59.859 0.0000000000
71440  -46.389  -7.965  59.505 0.0000000000
71441  -47.283  -7.745  59.432 0.0000000000
72405  -48.005  -7.166  59.074 0.0000000000
73318  -48.598  -6.603  58.637 0.0000000000
72391  -51.083  -7.053  61.625 0.0000000000
72400  -50.968  -6.977  60.842 0.0000000000
73306  -51.643  -6.562  61.291 0.0000000000
63803  -42.940  -16.220  67.560 0.0000000000
64700  -44.335  -16.167  67.831 0.0000000000
143567  -44.292  -16.995  69.170 0.0000000000
63773  -42.867  -16.856  69.588 0.0000000000
62769  -37.151  -16.658  68.106 0.0000000000
122531  -36.648  -16.692  67.525 0.0000000000
62784  -37.383  -16.652  67.593 0.0000000000
62800  -38.528  -16.649  66.980 0.0000000000
63798  -39.108  -16.408  66.401 0.0000000000
63792  -42.126  -16.945  67.860 0.0000000000
64707  -42.260  -15.878  67.147 0.0000000000
55092  -15.634  -25.870  82.825 0.0000000000
138273  -15.539  -26.369  81.810 0.0000000000
53197  -14.469  -27.687  81.234 0.0000000000
137457  -1.515  -21.303  77.670 0.0000000000
56985  -2.236  -23.024  78.475 0.0000000000
56986  -2.696  -23.208  77.892 0.0000000000
56059  -4.053  -23.664  78.605 0.0000000000
53140  -6.026  -27.953  87.340 0.0000000000
51320  -6.151  -28.637  87.294 0.0000000000
50403  -5.487  -30.492  85.416 0.0000000000
51334  -6.614  -29.394  85.752 0.0000000000
51342  -6.083  -29.742  84.149 0.0000000000
50421  -5.182  -30.536  83.671 0.0000000000
139806  -3.718  -32.976  83.822 0.0000000000
49404  -3.699  -32.296  83.493 0.0000000000
49415  -3.688  -31.790  81.949 0.0000000000
50428  -3.878  -31.521  82.444 0.0000000000
50429  -4.370  -31.068  82.288 0.0000000000
50443  -3.977  -31.412  81.692 0.0000000000
123858  -4.580  -31.054  81.350 0.0000000000
47462  -3.470  -33.373  78.740 0.0000000000
49442  -3.540  -32.591  79.288 0.0000000000
44636  -3.943  -36.503  78.176 0.0000000000
43730  -4.130  -37.584  78.293 0.0000000000
49324  -9.181  -31.288  95.893 0.0000000000
46319  -8.954  -33.838  95.887 0.0000000000
47301  -8.767  -33.312  96.179 0.0000000000
46318  -8.442  -34.127  96.319 0.0000000000
44508  -8.538  -35.999  93.921 0.0000000000
44510  -8.241  -36.723  93.603 0.0000000000
41945  -6.990  -38.606  94.105 0.0000000000
42807  -7.328  -37.934  94.432 0.0000000000
137215  -7.126  -37.765  95.034 0.0000000000
44502  -7.465  -36.480  95.763 0.0000000000
42801  -6.964  -37.955  95.481 0.0000000000
42800  -6.627  -37.982  95.610 0.0000000000
130483  -6.517  -38.434  94.871 0.0000000000
40188  -5.683  -41.079  93.269 0.0000000000
40183  -5.512  -40.653  93.624 0.0000000000
40187  -5.064  -41.224  93.120 0.0000000000
64637  -38.533  -15.508  72.480 0.0000000000
64621  -37.823  -15.426  73.275 0.0000000000
56124  -32.802  -22.527  73.744 0.0000000000
56108  -32.425  -22.473  73.836 0.0000000000
56123  -32.679  -23.099  73.528 0.0000000000
61779  -34.262  -18.096  72.732 0.0000000000
62718  -34.320  -17.295  72.295 0.0000000000
64635  -36.923  -15.636  72.220 0.0000000000
58855  -20.452  -21.867  86.756 0.0000000000
58841  -20.119  -21.329  87.372 0.0000000000
57875  -18.940  -22.142  86.281 0.0000000000
126829  -19.141  -22.354  85.429 0.0000000000
55968  -24.259  -24.109  87.545 0.0000000000
57863  -23.758  -23.048  88.062 0.0000000000
56919  -23.274  -23.472  87.413 0.0000000000
55068  -23.012  -25.417  85.051 0.0000000000
55053  -22.696  -25.103  85.427 0.0000000000
55991  -21.612  -24.629  85.292 0.0000000000
55992  -22.436  -24.690  85.695 0.0000000000
56939  -22.178  -24.175  85.968 0.0000000000
56929  -22.206  -23.630  86.489 0.0000000000
142183  -21.842  -23.783  85.999 0.0000000000
57892  -21.500  -23.286  86.079 0.0000000000
56000  -19.226  -23.657  83.835 0.0000000000
56945  -18.541  -23.160  84.236 0.0000000000
56008  -17.998  -23.894  82.810 0.0000000000
55079  -16.917  -24.515  82.722 0.0000000000
56015  -17.890  -24.351  82.312 0.0000000000
54211  -16.682  -25.817  79.682 0.0000000000
75948  -50.792  -3.050  56.478 0.0000000000
120775  -50.143  -2.909  55.754 0.0000000000
76773  -50.432  -2.172  54.447 0.0000000000
130358  -1.549  -24.646  86.287 0.0000000000
55046  -2.099  -24.832  85.812 0.0000000000
54110  -2.034  -26.392  87.647 0.0000000000
53137  -2.769  -26.685  87.253 0.0000000000
54113  -2.510  -25.806  86.879 0.0000000000
52216  -3.796  -28.616  88.533 0.0000000000
52222  -4.502  -28.490  87.951 0.0000000000
50386  -4.972  -30.157  88.048 0.0000000000
50379  -4.494  -30.445  88.802 0.0000000000
51304  -2.986  -29.488  89.694 0.0000000000
136089  -3.587  -30.374  89.998 0.0000000000
48314  -3.119  -32.576  88.489 0.0000000000
140203  -3.453  -32.105  88.178 0.0000000000
49365  -3.850  -31.968  87.429 0.0000000000
48347  -3.800  -33.293  86.815 0.0000000000
128654  -3.458  -33.135  87.461 0.0000000000
45420  -4.230  -34.212  87.214 0.0000000000
45433  -4.989  -35.266  86.002 0.0000000000
123399  -4.845  -35.086  85.107 0.0000000000
45434  -5.330  -35.643  85.527 0.0000000000
68466  -48.929  -11.412  63.771 0.0000000000
64638  -40.179  -15.617  72.498 0.0000000000
66581  -42.767  -13.536  63.931 0.0000000000
66596  -42.482  -12.990  63.315 0.0000000000
67549  -44.025  -12.585  63.040 0.0000000000
67548  -43.147  -12.553  62.854 0.0000000000
67561  -43.799  -12.142  62.388 0.0000000000
67562  -44.492  -12.246  62.593 0.0000000000
67553  -47.345  -12.114  63.154 0.0000000000
68473  -46.056  -12.026  62.418 0.0000000000
68475  -47.848  -11.474  62.723 0.0000000000
51286  -10.594  -29.840  95.575 0.0000000000
49329  -11.030  -31.082  94.757 0.0000000000
144006  -10.748  -31.693  94.583 0.0000000000
49332  -11.301  -31.464  94.207 0.0000000000
51295  -12.014  -29.082  93.177 0.0000000000
51292  -12.402  -29.321  94.014 0.0000000000
48283  -10.099  -31.938  92.111 0.0000000000
49336  -10.770  -31.353  92.755 0.0000000000
48280  -10.367  -32.238  93.028 0.0000000000
48279  -10.016  -32.881  92.410 0.0000000000
124339  -10.041  -34.550  91.941 0.0000000000
46334  -10.069  -34.288  91.469 0.0000000000
45388  -9.107  -35.119  89.585 0.0000000000
43619  -8.828  -36.474  88.887 0.0000000000
43631  -8.884  -36.541  88.146 0.0000000000
55077  -15.143  -25.692  83.441 0.0000000000
138923  -15.644  -24.473  84.555 0.0000000000
55062  -14.597  -25.725  84.232 0.0000000000
54131  -14.006  -26.306  84.784 0.0000000000
55050  -14.458  -25.672  85.185 0.0000000000
55039  -14.468  -25.729  86.083 0.0000000000
55040  -14.798  -25.148  86.789 0.0000000000
135871  -14.220  -26.268  86.345 0.0000000000
143016  -12.985  -28.892  83.986 0.0000000000
51345  -12.693  -29.155  84.399 0.0000000000
52230  -12.895  -27.976  86.574 0.0000000000
53148  -13.316  -27.433  86.296 0.0000000000
138468  -13.649  -26.940  86.895 0.0000000000
54111  -14.218  -26.257  88.110 0.0000000000
54107  -14.667  -25.691  89.095 0.0000000000
135399  -13.883  -26.702  88.578 0.0000000000
52218  -12.983  -27.537  88.665 0.0000000000
53135  -13.815  -26.745  89.240 0.0000000000
53129  -13.461  -26.650  89.843 0.0000000000
53125  -13.129  -27.104  90.184 0.0000000000
130056  -11.455  -29.727  88.385 0.0000000000
50373  -11.000  -30.559  88.786 0.0000000000
140466  -11.234  -30.798  89.724 0.0000000000
121367  -10.177  -33.594  85.256 0.0000000000
47373  -10.367  -32.776  85.721 0.0000000000
124367  -10.027  -33.626  86.042 0.0000000000
45425  -9.612  -34.766  86.278 0.0000000000
46379  -9.782  -34.057  86.600 0.0000000000
129514  -9.919  -33.335  87.701 0.0000000000
46373  -9.728  -34.072  87.365 0.0000000000
45402  -9.586  -34.727  87.803 0.0000000000
143493  -3.177  -20.195  82.508 0.0000000000
59799  -2.935  -20.786  82.032 0.0000000000
59810  -3.473  -20.056  81.649 0.0000000000
58894  -2.520  -21.424  81.495 0.0000000000
56955  -1.494  -23.581  82.598 0.0000000000
125960  -1.816  -24.336  82.143 0.0000000000
56027  -2.544  -24.062  81.137 0.0000000000
141640  -2.130  -23.966  81.524 0.0000000000
56961  -2.176  -23.342  81.090 0.0000000000
56962  -2.522  -23.659  80.675 0.0000000000
56967  -2.604  -23.627  79.947 0.0000000000
55136  -4.813  -24.721  80.329 0.0000000000
56038  -5.060  -24.275  79.723 0.0000000000
56047  -4.823  -23.678  79.074 0.0000000000
133624  -6.617  -27.134  85.755 0.0000000000
54122  -6.268  -26.226  85.472 0.0000000000
53159  -6.931  -26.928  84.888 0.0000000000
53168  -7.495  -27.364  83.470 0.0000000000
54144  -7.184  -26.698  84.043 0.0000000000
54163  -7.196  -26.678  83.163 0.0000000000
141937  -7.205  -26.677  82.373 0.0000000000
131125  -7.630  -29.485  80.928 0.0000000000
51370  -7.585  -29.231  81.600 0.0000000000
53207  -8.553  -27.689  80.482 0.0000000000
52275  -8.314  -28.074  81.213 0.0000000000
53196  -8.068  -27.321  81.098 0.0000000000
54195  -7.530  -26.473  80.832 0.0000000000
55140  -8.221  -25.856  79.379 0.0000000000
55149  -7.930  -25.223  79.290 0.0000000000
56040  -7.258  -24.763  79.355 0.0000000000
55150  -8.709  -25.312  78.957 0.0000000000
56051  -8.911  -24.610  78.505 0.0000000000
143776  -9.186  -25.094  78.527 0.0000000000
52193  -1.289  -27.631  94.273 0.0000000000
50347  -7.626  -30.455  96.313 0.0000000000
50343  -6.843  -30.725  97.028 0.0000000000
49317  -5.815  -31.674  96.390 0.0000000000
50342  -5.949  -30.751  96.806 0.0000000000
126518  -5.355  -30.644  96.418 0.0000000000
50341  -4.925  -29.685  96.491 0.0000000000
122654  -4.614  -30.398  96.169 0.0000000000
46310  -5.619  -35.532  95.673 0.0000000000
125561  -5.564  -34.599  95.164 0.0000000000
46316  -5.420  -34.895  94.885 0.0000000000
48262  -4.107  -32.102  94.501 0.0000000000
48263  -4.631  -32.783  94.833 0.0000000000
49321  -4.329  -31.267  94.967 0.0000000000
50345  -3.959  -30.159  95.833 0.0000000000
137240  -3.870  -30.282  94.980 0.0000000000
51285  -3.249  -28.788  95.082 0.0000000000
50352  -3.241  -30.029  94.666 0.0000000000
49330  -2.705  -31.010  93.434 0.0000000000
49325  -2.669  -30.441  94.075 0.0000000000
50355  -2.867  -29.849  93.321 0.0000000000
51294  -2.538  -28.824  93.325 0.0000000000
49333  -2.798  -30.444  92.708 0.0000000000
125053  -2.441  -30.101  92.079 0.0000000000
49335  -2.629  -31.181  92.149 0.0000000000
135283  -3.563  -33.681  91.766 0.0000000000
123974  -2.992  -32.754  91.645 0.0000000000
46330  -3.461  -33.612  91.255 0.0000000000
46343  -3.124  -33.565  90.460 0.0000000000
45357  -5.072  -35.058  92.450 0.0000000000
137483  -5.193  -36.416  91.857 0.0000000000
44531  -5.358  -36.221  89.591 0.0000000000
44520  -5.278  -36.137  90.224 0.0000000000
45387  -5.137  -35.650  89.727 0.0000000000
45386  -4.284  -35.275  89.837 0.0000000000
45399  -4.819  -35.358  89.082 0.0000000000
142332  -4.562  -35.219  88.588 0.0000000000
44543  -5.611  -35.966  88.397 0.0000000000
42848  -4.639  -37.943  86.829 0.0000000000
43640  -5.475  -37.198  86.883 0.0000000000
43648  -5.111  -37.558  86.099 0.0000000000
39236  -3.485  -42.795  91.484 0.0000000000
38316  -1.831  -43.871  89.683 0.0000000000
38308  -2.226  -43.479  90.298 0.0000000000
39243  -2.234  -42.704  90.345 0.0000000000
40209  -2.575  -41.338  90.785 0.0000000000
40208  -2.301  -41.926  90.225 0.0000000000
40223  -2.307  -41.528  88.625 0.0000000000
41128  -2.484  -40.839  88.368 0.0000000000
41968  -2.629  -40.448  88.833 0.0000000000
41986  -2.624  -40.445  87.330 0.0000000000
129107  -2.844  -39.932  86.817 0.0000000000
140871  -2.886  -39.935  85.982 0.0000000000
143456  -3.470  -39.661  84.883 0.0000000000
42019  -3.716  -39.662  84.444 0.0000000000
42876  -4.639  -38.686  84.600 0.0000000000
42875  -4.168  -39.360  84.133 0.0000000000
42030  -4.383  -39.480  83.293 0.0000000000
58891  -32.168  -21.468  83.214 0.0000000000
57908  -30.552  -22.278  81.024 0.0000000000
56018  -29.175  -23.446  82.628 0.0000000000
56949  -30.418  -22.651  84.978 0.0000000000
138704  -31.469  -22.115  85.644 0.0000000000
130709  -49.691  -9.498  62.530 0.0000000000
71412  -49.646  -8.761  63.148 0.0000000000
68483  -46.478  -11.407  61.921 0.0000000000
69477  -47.260  -9.871  61.147 0.0000000000
63747  -40.421  -16.289  70.383 0.0000000000
64656  -40.812  -15.813  71.992 0.0000000000
63742  -35.666  -16.305  70.557 0.0000000000
63724  -36.530  -16.216  70.718 0.0000000000
63743  -37.030  -16.510  70.077 0.0000000000
63768  -37.413  -16.610  69.410 0.0000000000
45444  -4.688  -34.749  84.598 0.0000000000
121162  -4.601  -34.837  83.979 0.0000000000
45475  -5.309  -35.744  82.985 0.0000000000
44594  -5.669  -36.571  82.436 0.0000000000
43696  -5.706  -37.498  81.962 0.0000000000
42893  -4.990  -38.979  81.955 0.0000000000
43610  -8.557  -36.894  89.361 0.0000000000
126727  -8.427  -37.155  90.160 0.0000000000
42827  -8.321  -37.668  89.491 0.0000000000
41970  -7.821  -39.191  88.782 0.0000000000
134673  -35.141  -21.490  76.376 0.0000000000
125912  -34.723  -21.601  76.015 0.0000000000
58920  -35.418  -21.276  75.993 0.0000000000
59883  -35.517  -20.718  75.446 0.0000000000
60817  -35.564  -19.629  74.915 0.0000000000
59892  -35.623  -19.957  75.356 0.0000000000
59737  -24.764  -21.036  89.169 0.0000000000
53186  -22.526  -27.169  82.184 0.0000000000
74223  -50.574  -5.799  58.690 0.0000000000
74224  -51.562  -5.543  59.063 0.0000000000
75087  -52.878  -4.738  59.885 0.0000000000
50364  -2.117  -29.406  91.664 0.0000000000
50365  -2.627  -30.034  91.646 0.0000000000
139326  -45.462  -14.015  66.298 0.0000000000
65600  -45.765  -14.466  67.008 0.0000000000
126592  -40.865  -15.730  66.197 0.0000000000
64715  -40.376  -15.563  65.772 0.0000000000
65596  -41.501  -15.111  65.964 0.0000000000
65597  -42.131  -14.689  65.635 0.0000000000
53116  -13.367  -26.987  92.842 0.0000000000
52205  -12.769  -27.659  91.465 0.0000000000
58853  -18.748  -21.888  87.136 0.0000000000
57007  -4.603  -22.955  76.775 0.0000000000
57008  -5.450  -22.560  76.908 0.0000000000
55987  -2.669  -24.462  84.888 0.0000000000
55061  -2.807  -25.005  84.302 0.0000000000
54128  -3.516  -25.594  84.747 0.0000000000
54129  -4.005  -25.698  84.481 0.0000000000
49444  -4.294  -31.586  78.660 0.0000000000
50484  -4.908  -31.132  78.404 0.0000000000
133027  -4.493  -31.308  77.866 0.0000000000
50497  -5.010  -31.094  77.549 0.0000000000
50511  -5.200  -31.067  76.630 0.0000000000
53099  -6.080  -27.063  95.929 0.0000000000
139220  -6.069  -27.908  96.220 0.0000000000
41942  -4.810  -39.318  94.087 0.0000000000
41935  -4.938  -38.590  94.334 0.0000000000
41941  -4.336  -39.019  93.908 0.0000000000
127300  -3.808  -38.932  93.504 0.0000000000
131728  -3.625  -38.763  92.779 0.0000000000
133717  -31.613  -21.184  80.405 0.0000000000
57918  -31.914  -20.763  79.636 0.0000000000
130264  -32.620  -20.508  78.924 0.0000000000
125787  -33.511  -20.875  78.049 0.0000000000
56042  -28.279  -24.134  79.756 0.0000000000
56004  -28.419  -24.612  84.356 0.0000000000
55059  -28.160  -24.586  84.848 0.0000000000
55071  -27.960  -25.208  84.519 0.0000000000
55083  -26.684  -25.465  84.363 0.0000000000
54153  -25.980  -25.521  83.832 0.0000000000
124388  -26.024  -25.741  83.099 0.0000000000
72387  -51.031  -7.007  62.091 0.0000000000
71431  -47.845  -8.423  59.774 0.0000000000
71432  -48.725  -8.361  59.901 0.0000000000
137801  -49.402  -8.221  60.247 0.0000000000
72398  -49.357  -7.787  59.676 0.0000000000
72390  -50.486  -7.612  61.107 0.0000000000
62790  -43.078  -17.052  68.242 0.0000000000
62789  -42.501  -17.195  68.180 0.0000000000
62775  -43.037  -17.101  68.521 0.0000000000
62760  -43.779  -17.104  69.097 0.0000000000
62786  -39.460  -16.779  67.582 0.0000000000
62802  -40.614  -16.934  67.084 0.0000000000
53209  -15.574  -27.006  80.391 0.0000000000
58911  -1.624  -21.945  77.721 0.0000000000
58908  -1.840  -21.493  78.384 0.0000000000
57921  -2.037  -22.308  78.648 0.0000000000
51327  -6.398  -29.229  86.709 0.0000000000
138897  -5.920  -29.813  86.885 0.0000000000
50411  -4.944  -30.970  84.560 0.0000000000
47413  -3.881  -33.458  82.547 0.0000000000
48392  -3.673  -32.945  82.612 0.0000000000
131959  -3.959  -33.529  81.712 0.0000000000
48403  -3.662  -32.865  81.744 0.0000000000
48415  -3.570  -32.632  80.705 0.0000000000
136892  -3.654  -32.099  80.761 0.0000000000
47447  -3.536  -33.281  80.120 0.0000000000
47463  -3.505  -33.640  79.271 0.0000000000
46468  -3.479  -33.863  78.570 0.0000000000
46480  -3.603  -34.525  78.403 0.0000000000
128146  -3.692  -35.767  77.761 0.0000000000
49327  -9.716  -31.861  95.492 0.0000000000
48269  -9.596  -32.738  95.392 0.0000000000
47304  -9.337  -33.455  95.326 0.0000000000
46323  -8.999  -34.159  95.245 0.0000000000
138240  -7.623  -39.005  92.273 0.0000000000
43595  -7.946  -37.411  93.236 0.0000000000
41949  -7.288  -38.807  93.129 0.0000000000
41948  -6.822  -39.295  93.487 0.0000000000
41091  -6.408  -39.690  93.767 0.0000000000
40189  -6.155  -41.165  92.921 0.0000000000
64620  -36.961  -15.492  73.022 0.0000000000
57981  -33.410  -22.156  73.398 0.0000000000
141108  -35.088  -17.928  73.790 0.0000000000
63694  -35.107  -16.622  73.129 0.0000000000
59746  -20.786  -20.518  87.669 0.0000000000
57877  -20.982  -22.497  86.295 0.0000000000
55959  -25.564  -24.352  88.533 0.0000000000
56907  -25.065  -23.794  88.995 0.0000000000
55969  -25.008  -24.085  88.014 0.0000000000
54132  -21.631  -25.646  84.181 0.0000000000
55066  -21.375  -25.378  84.480 0.0000000000
56003  -21.104  -25.043  84.695 0.0000000000
56002  -20.386  -24.876  84.296 0.0000000000
55990  -20.744  -24.530  84.885 0.0000000000
143651  -19.613  -24.548  83.218 0.0000000000
121515  -18.990  -24.258  82.568 0.0000000000
56022  -17.903  -24.561  81.749 0.0000000000
54198  -18.049  -24.840  80.212 0.0000000000
128628  -47.816  -4.308  55.645 0.0000000000
54108  -1.171  -25.870  88.343 0.0000000000
55032  -1.117  -25.378  87.660 0.0000000000
139379  -2.370  -27.042  87.862 0.0000000000
144370  -2.789  -27.925  88.062 0.0000000000
51310  -3.437  -29.065  89.044 0.0000000000
128233  -3.246  -31.176  90.299 0.0000000000
49347  -3.301  -31.360  89.868 0.0000000000
49355  -2.922  -32.369  89.293 0.0000000000
48330  -3.192  -33.093  88.104 0.0000000000
47347  -3.535  -33.472  87.656 0.0000000000
143479  -3.439  -33.637  88.073 0.0000000000
45410  -4.088  -34.464  87.593 0.0000000000
67539  -48.554  -12.022  64.142 0.0000000000
125086  -43.960  -13.503  63.852 0.0000000000
66598  -44.375  -13.072  63.493 0.0000000000
67551  -45.629  -12.504  62.971 0.0000000000
67537  -46.822  -12.591  63.619 0.0000000000
51291  -11.965  -29.963  94.421 0.0000000000
50367  -11.545  -29.756  91.871 0.0000000000
141152  -10.355  -31.813  91.333 0.0000000000
47324  -10.445  -33.684  90.973 0.0000000000
48288  -10.557  -32.910  90.638 0.0000000000
46346  -10.179  -33.786  90.189 0.0000000000
45389  -9.495  -34.727  88.848 0.0000000000
53169  -13.701  -27.118  82.983 0.0000000000
54145  -14.362  -26.204  83.589 0.0000000000
131713  -13.763  -26.724  83.648 0.0000000000
53161  -13.504  -27.481  83.755 0.0000000000
53154  -13.406  -27.740  84.701 0.0000000000
49397  -11.912  -30.657  84.373 0.0000000000
51335  -12.451  -29.492  84.833 0.0000000000
122890  -12.335  -29.495  85.441 0.0000000000
51328  -12.516  -28.788  86.003 0.0000000000
52225  -12.903  -27.766  87.574 0.0000000000
53134  -13.414  -27.159  88.152 0.0000000000
52224  -12.384  -28.258  87.862 0.0000000000
52217  -12.313  -28.198  88.815 0.0000000000
51312  -11.857  -28.904  88.078 0.0000000000
49358  -11.216  -30.502  87.662 0.0000000000
45435  -9.484  -35.458  85.897 0.0000000000
45424  -9.442  -35.436  86.676 0.0000000000
55104  -2.722  -24.936  82.207 0.0000000000
56013  -2.366  -24.818  82.183 0.0000000000
56020  -2.917  -24.705  81.744 0.0000000000
56021  -3.325  -24.710  81.379 0.0000000000
125269  -3.055  -24.468  81.181 0.0000000000
120882  -3.326  -24.288  80.612 0.0000000000
56029  -3.634  -24.575  80.847 0.0000000000
55121  -4.250  -24.817  80.749 0.0000000000
51344  -7.356  -28.321  84.412 0.0000000000
52249  -7.555  -27.996  83.739 0.0000000000
52259  -7.651  -28.164  82.799 0.0000000000
130640  -7.815  -29.711  79.556 0.0000000000
51382  -8.042  -29.306  80.404 0.0000000000
51383  -8.464  -29.025  79.775 0.0000000000
53215  -8.836  -27.359  79.714 0.0000000000
53216  -9.174  -27.024  79.083 0.0000000000
54224  -9.410  -26.734  78.410 0.0000000000
48265  -7.606  -32.513  96.573 0.0000000000
49319  -6.919  -31.856  96.855 0.0000000000
48261  -6.957  -32.891  96.545 0.0000000000
49318  -6.498  -32.285  96.501 0.0000000000
48260  -6.096  -32.815  95.684 0.0000000000
46315  -5.333  -35.350  94.643 0.0000000000
137066  -5.215  -34.621  94.331 0.0000000000
46321  -5.151  -34.788  94.004 0.0000000000
47298  -4.321  -33.112  94.242 0.0000000000
48268  -3.567  -32.175  94.071 0.0000000000
49326  -2.949  -31.129  94.257 0.0000000000
48272  -3.473  -32.618  93.416 0.0000000000
48271  -3.170  -31.927  93.057 0.0000000000
48275  -2.870  -32.235  92.360 0.0000000000
47314  -3.601  -33.665  92.104 0.0000000000
46331  -3.702  -33.844  91.807 0.0000000000
43607  -4.436  -37.867  90.845 0.0000000000
43608  -4.825  -37.501  90.337 0.0000000000
126994  -4.941  -37.634  89.500 0.0000000000
43617  -5.410  -36.712  88.995 0.0000000000
43628  -4.899  -37.760  87.634 0.0000000000
131369  -4.039  -38.491  86.714 0.0000000000
142023  -1.592  -43.741  89.103 0.0000000000
38323  -1.782  -43.137  89.138 0.0000000000
39250  -2.052  -42.488  89.665 0.0000000000
39256  -1.826  -42.818  88.269 0.0000000000
137656  -2.240  -42.082  88.059 0.0000000000
42008  -3.075  -39.990  85.182 0.0000000000
56976  -28.660  -23.229  79.551 0.0000000000
56977  -29.389  -22.583  79.257 0.0000000000
57913  -31.110  -21.652  80.691 0.0000000000
128710  -27.840  -25.066  82.374 0.0000000000
55112  -27.870  -24.944  81.509 0.0000000000
56958  -28.621  -23.774  81.570 0.0000000000
56031  -28.287  -24.308  80.478 0.0000000000
56948  -29.544  -23.189  85.065 0.0000000000
122963  -49.242  -7.063  62.785 0.0000000000
72382  -49.834  -7.866  62.677 0.0000000000
122946  -44.687  -10.476  60.899 0.0000000000
69486  -44.184  -9.412  60.094 0.0000000000
70449  -47.659  -9.245  60.747 0.0000000000
141994  -47.936  -8.940  60.437 0.0000000000
62757  -41.512  -17.318  68.875 0.0000000000
142686  -41.934  -17.467  68.754 0.0000000000
63748  -42.207  -16.622  70.013 0.0000000000
63765  -34.572  -16.676  69.394 0.0000000000
122558  -34.780  -16.702  67.664 0.0000000000
62767  -35.541  -16.727  67.753 0.0000000000
62754  -37.918  -16.674  68.717 0.0000000000
60741  -3.383  -20.071  80.610 0.0000000000
143891  -4.019  -32.531  85.600 0.0000000000
49383  -4.017  -32.903  85.208 0.0000000000
48372  -4.039  -33.306  84.637 0.0000000000
138245  -4.535  -34.597  83.514 0.0000000000
46429  -4.431  -34.381  83.380 0.0000000000
131716  -4.007  -33.844  83.079 0.0000000000
128523  -4.194  -34.008  82.543 0.0000000000
45487  -4.373  -34.543  81.377 0.0000000000
45500  -4.186  -34.831  80.146 0.0000000000
44627  -4.201  -35.975  78.861 0.0000000000
45509  -4.398  -35.553  79.694 0.0000000000
44628  -4.812  -36.545  79.358 0.0000000000
43715  -4.700  -37.591  78.917 0.0000000000
43706  -5.644  -37.321  80.501 0.0000000000
42926  -4.904  -38.415  79.492 0.0000000000
42077  -3.658  -39.373  79.093 0.0000000000
139643  -9.600  -34.323  93.515 0.0000000000
45358  -9.190  -35.419  92.629 0.0000000000
44515  -8.522  -36.549  92.371 0.0000000000
42810  -7.947  -37.813  92.000 0.0000000000
42820  -8.165  -37.916  90.488 0.0000000000
42813  -7.983  -37.907  91.302 0.0000000000
41953  -7.804  -38.490  91.771 0.0000000000
41952  -7.791  -39.090  91.438 0.0000000000
130893  -36.103  -16.727  74.888 0.0000000000
63678  -36.750  -16.238  75.195 0.0000000000
56080  -32.335  -21.334  75.439 0.0000000000
136219  -32.809  -21.201  74.603 0.0000000000
135401  -33.005  -21.866  74.021 0.0000000000
57954  -34.556  -21.307  75.310 0.0000000000
57033  -33.559  -21.329  74.314 0.0000000000
57044  -33.540  -21.658  73.807 0.0000000000
57982  -33.943  -21.383  73.442 0.0000000000
58940  -34.018  -21.079  72.967 0.0000000000
60832  -34.571  -19.801  73.463 0.0000000000
61765  -35.190  -18.673  74.022 0.0000000000
58829  -23.387  -20.725  89.063 0.0000000000
54125  -24.750  -25.112  85.273 0.0000000000
55055  -24.333  -25.146  85.847 0.0000000000
54124  -23.956  -25.442  85.096 0.0000000000
54133  -22.483  -25.653  84.397 0.0000000000
53185  -21.956  -26.868  82.344 0.0000000000
53171  -21.584  -26.295  83.016 0.0000000000
54149  -21.218  -25.878  83.561 0.0000000000
54169  -20.579  -25.961  82.864 0.0000000000
54186  -20.145  -25.432  81.729 0.0000000000
53199  -19.917  -25.399  80.893 0.0000000000
74243  -47.967  -4.952  56.849 0.0000000000
75104  -47.560  -4.807  56.134 0.0000000000
125411  -48.394  -4.264  56.239 0.0000000000
75111  -48.395  -3.766  55.434 0.0000000000
75112  -49.001  -3.525  55.916 0.0000000000
75106  -49.788  -3.348  56.203 0.0000000000
75098  -51.527  -4.251  57.873 0.0000000000
52213  -1.835  -28.074  89.475 0.0000000000
51303  -2.468  -29.368  90.115 0.0000000000
51301  -2.323  -29.184  90.492 0.0000000000
49345  -2.719  -32.393  90.055 0.0000000000
47336  -2.783  -33.237  89.671 0.0000000000
66573  -47.301  -13.052  65.112 0.0000000000
65601  -46.454  -13.879  66.343 0.0000000000
64725  -40.063  -15.042  65.265 0.0000000000
66568  -43.030  -13.884  64.484 0.0000000000
52192  -12.964  -28.094  94.654 0.0000000000
52197  -12.602  -28.450  93.532 0.0000000000
52200  -12.425  -28.309  92.688 0.0000000000
50369  -11.209  -30.564  90.408 0.0000000000
50447  -12.548  -30.073  81.529 0.0000000000
50433  -12.376  -30.051  82.435 0.0000000000
50432  -12.060  -30.714  82.803 0.0000000000
49407  -11.831  -31.048  83.519 0.0000000000
49396  -11.467  -31.207  84.812 0.0000000000
49386  -11.156  -31.407  85.428 0.0000000000
47389  -10.555  -32.699  84.734 0.0000000000
138530  -1.405  -21.952  84.491 0.0000000000
132322  -1.723  -21.998  83.670 0.0000000000
56950  -1.554  -23.629  83.590 0.0000000000
55074  -2.265  -25.298  83.456 0.0000000000
55075  -2.548  -25.393  83.084 0.0000000000
55090  -2.198  -25.281  82.757 0.0000000000
55091  -2.838  -25.181  82.521 0.0000000000
54161  -4.290  -25.773  82.364 0.0000000000
54162  -5.199  -26.119  82.417 0.0000000000
51356  -6.822  -29.586  82.035 0.0000000000
50445  -6.310  -30.168  81.488 0.0000000000
50459  -6.318  -30.413  80.691 0.0000000000
51395  -7.753  -29.935  78.699 0.0000000000
51418  -7.968  -29.625  77.083 0.0000000000
54982  -4.814  -26.690  96.006 0.0000000000
54070  -4.509  -26.956  96.357 0.0000000000
134729  -4.232  -27.447  96.561 0.0000000000
52177  -3.755  -27.780  96.542 0.0000000000
44495  -5.743  -36.062  96.393 0.0000000000
45341  -5.863  -35.895  96.376 0.0000000000
44494  -5.592  -36.298  96.227 0.0000000000
44498  -5.479  -36.565  96.044 0.0000000000
134190  -5.364  -36.425  95.668 0.0000000000
42806  -5.005  -37.865  94.671 0.0000000000
43589  -4.886  -37.001  94.842 0.0000000000
44503  -5.168  -36.528  95.188 0.0000000000
45346  -5.049  -35.928  94.473 0.0000000000
122055  -4.836  -36.075  94.349 0.0000000000
131247  -4.840  -35.751  93.844 0.0000000000
45353  -5.047  -35.410  93.187 0.0000000000
43594  -4.704  -36.361  93.724 0.0000000000
43601  -4.772  -37.054  92.228 0.0000000000
42812  -3.676  -38.564  91.894 0.0000000000
43600  -4.235  -37.837  91.604 0.0000000000
42834  -3.224  -39.429  88.959 0.0000000000
56994  -29.550  -22.261  78.341 0.0000000000
56995  -30.384  -21.722  77.978 0.0000000000
56996  -31.162  -21.338  77.591 0.0000000000
57013  -31.568  -21.445  76.645 0.0000000000
57015  -32.875  -20.921  76.184 0.0000000000
56999  -33.511  -21.195  76.776 0.0000000000
57939  -34.162  -21.529  76.854 0.0000000000
125723  -34.156  -21.283  77.408 0.0000000000
57927  -34.681  -21.287  77.182 0.0000000000
58913  -35.375  -20.526  77.423 0.0000000000
55043  -25.596  -24.966  86.367 0.0000000000
55983  -27.405  -24.268  86.410 0.0000000000
55994  -27.629  -24.346  85.754 0.0000000000
55044  -26.307  -25.005  86.195 0.0000000000
55056  -25.161  -25.030  85.798 0.0000000000
54135  -24.719  -25.423  84.567 0.0000000000
122681  -46.360  -7.351  58.966 0.0000000000
72407  -49.618  -7.155  59.332 0.0000000000
73320  -50.204  -6.613  59.265 0.0000000000
73314  -51.442  -6.457  60.420 0.0000000000
73307  -52.282  -6.051  61.647 0.0000000000
64708  -44.379  -15.444  67.349 0.0000000000
63795  -44.551  -16.622  68.460 0.0000000000
62759  -42.971  -17.071  69.016 0.0000000000
63800  -40.881  -16.463  66.794 0.0000000000
64706  -41.517  -15.782  66.697 0.0000000000
56951  -17.190  -23.470  83.872 0.0000000000
55999  -16.368  -24.019  84.002 0.0000000000
55078  -16.013  -25.201  83.122 0.0000000000
54146  -14.802  -26.239  82.989 0.0000000000
125410  -15.053  -27.191  80.967 0.0000000000
53198  -14.860  -26.925  81.729 0.0000000000
54164  -14.354  -26.751  82.528 0.0000000000
53183  -13.975  -27.580  82.150 0.0000000000
51371  -13.272  -29.517  81.334 0.0000000000
128920  -1.641  -22.230  77.142 0.0000000000
56988  -4.297  -23.370  77.549 0.0000000000
56061  -5.667  -23.305  78.371 0.0000000000
53145  -4.351  -27.195  86.787 0.0000000000
54116  -4.743  -26.543  86.232 0.0000000000
53147  -6.329  -27.429  86.655 0.0000000000
52236  -6.832  -28.051  85.978 0.0000000000
144178  -6.843  -28.797  86.172 0.0000000000
52244  -7.090  -28.768  85.269 0.0000000000
49384  -4.017  -32.291  84.872 0.0000000000
49395  -4.324  -31.651  84.663 0.0000000000
50420  -4.344  -31.315  83.676 0.0000000000
130369  -3.613  -31.989  82.720 0.0000000000
49405  -3.857  -31.699  83.170 0.0000000000
128402  -4.605  -30.997  83.029 0.0000000000
50430  -5.149  -30.589  82.700 0.0000000000
50457  -4.712  -31.260  80.458 0.0000000000
49434  -4.301  -31.695  79.874 0.0000000000
49433  -3.879  -31.912  80.391 0.0000000000
49443  -3.776  -32.053  79.310 0.0000000000
49473  -3.695  -32.198  77.623 0.0000000000
49323  -8.281  -31.603  96.242 0.0000000000
48267  -9.063  -32.398  95.932 0.0000000000
47297  -8.103  -33.425  96.503 0.0000000000
46314  -7.612  -34.278  96.512 0.0000000000
46313  -6.873  -35.039  96.540 0.0000000000
127646  -9.297  -34.676  93.793 0.0000000000
45351  -8.831  -35.227  94.272 0.0000000000
45350  -8.316  -35.829  94.755 0.0000000000
43592  -7.788  -37.358  93.995 0.0000000000
45347  -8.132  -35.660  95.694 0.0000000000
45345  -7.656  -35.899  96.130 0.0000000000
44501  -7.054  -36.411  96.178 0.0000000000
44496  -6.232  -36.138  96.429 0.0000000000
43586  -6.212  -37.389  96.060 0.0000000000
42799  -6.127  -37.881  95.654 0.0000000000
41937  -5.754  -38.665  94.666 0.0000000000
41090  -5.921  -39.919  93.901 0.0000000000
41086  -5.803  -39.248  94.279 0.0000000000
41085  -5.301  -39.396  94.228 0.0000000000
41088  -4.763  -40.070  93.984 0.0000000000
124084  -4.152  -40.807  92.857 0.0000000000
40185  -3.956  -41.384  92.371 0.0000000000
64622  -39.471  -15.522  73.036 0.0000000000
56107  -31.790  -22.410  74.094 0.0000000000
119894  -31.945  -23.236  73.756 0.0000000000
120498  -32.769  -23.431  73.157 0.0000000000
62741  -33.406  -16.810  70.812 0.0000000000
63707  -35.494  -16.062  72.477 0.0000000000
63723  -35.796  -16.001  71.467 0.0000000000
64652  -36.792  -15.917  71.471 0.0000000000
59745  -19.906  -20.716  87.995 0.0000000000
58840  -19.310  -21.373  87.572 0.0000000000
132111  -18.351  -22.533  85.719 0.0000000000
56936  -18.033  -22.938  84.726 0.0000000000
58830  -24.275  -21.800  89.277 0.0000000000
132331  -24.478  -22.854  89.177 0.0000000000
139583  -24.022  -22.305  89.096 0.0000000000
55041  -23.883  -24.961  86.327 0.0000000000
141813  -23.505  -24.612  86.582 0.0000000000
55979  -23.509  -24.157  87.079 0.0000000000
55978  -22.889  -24.377  86.422 0.0000000000
136331  -22.823  -23.888  86.871 0.0000000000
57879  -22.553  -23.186  87.101 0.0000000000
56937  -20.327  -23.701  84.929 0.0000000000
57890  -19.742  -22.807  85.032 0.0000000000
56007  -17.057  -23.773  83.222 0.0000000000
54184  -16.067  -25.979  81.447 0.0000000000
55108  -17.135  -25.128  81.691 0.0000000000
55125  -16.693  -25.449  81.149 0.0000000000
75959  -49.286  -2.903  54.635 0.0000000000
76780  -51.002  -1.694  53.989 0.0000000000
56933  -1.252  -23.268  85.464 0.0000000000
56942  -1.949  -23.722  85.065 0.0000000000
54119  -2.943  -25.801  85.777 0.0000000000
55036  -1.239  -24.745  87.031 0.0000000000
144043  -1.373  -25.226  87.218 0.0000000000
55037  -1.691  -25.198  86.651 0.0000000000
54114  -3.218  -26.366  86.426 0.0000000000
53139  -4.950  -27.894  87.300 0.0000000000
52223  -5.507  -28.618  87.560 0.0000000000
50387  -5.476  -29.998  87.388 0.0000000000
50395  -5.068  -30.679  87.337 0.0000000000
50372  -4.004  -30.870  89.480 0.0000000000
49374  -3.965  -32.317  86.350 0.0000000000
48362  -3.900  -32.942  86.100 0.0000000000
46386  -4.654  -33.833  85.625 0.0000000000
46378  -4.336  -33.909  86.604 0.0000000000
45431  -4.776  -34.338  86.157 0.0000000000
141305  -5.147  -35.641  84.913 0.0000000000
44580  -5.469  -37.000  84.595 0.0000000000
69461  -49.468  -10.205  63.597 0.0000000000
68467  -49.315  -10.819  63.729 0.0000000000
65584  -45.238  -15.334  67.529 0.0000000000
123377  -40.923  -13.246  63.096 0.0000000000
130830  -42.197  -12.026  61.822 0.0000000000
68479  -42.675  -11.549  61.492 0.0000000000
68480  -43.574  -11.621  61.681 0.0000000000
49328  -10.340  -31.424  95.124 0.0000000000
48273  -10.456  -32.964  94.239 0.0000000000
47312  -10.233  -33.466  93.704 0.0000000000
123423  -11.645  -31.058  93.896 0.0000000000
50360  -11.400  -30.778  93.226 0.0000000000
48277  -10.666  -32.676  93.756 0.0000000000
46332  -9.823  -34.269  92.503 0.0000000000
45365  -9.797  -34.856  91.622 0.0000000000
46345  -9.956  -34.293  90.910 0.0000000000
45373  -9.010  -34.856  90.649 0.0000000000
133934  -8.658  -36.346  89.867 0.0000000000
43618  -8.550  -36.993  88.676 0.0000000000
55989  -16.093  -23.975  85.089 0.0000000000
134727  -16.169  -23.727  85.874 0.0000000000
55988  -15.490  -24.370  86.094 0.0000000000
55034  -15.019  -25.185  87.847 0.0000000000
139262  -13.029  -28.952  83.481 0.0000000000
52238  -13.069  -28.138  85.531 0.0000000000
135280  -13.400  -27.416  85.561 0.0000000000
53149  -13.710  -26.792  86.126 0.0000000000
55033  -14.536  -25.758  87.544 0.0000000000
55031  -15.077  -25.214  88.715 0.0000000000
55028  -14.852  -25.143  89.617 0.0000000000
134258  -13.851  -26.304  89.604 0.0000000000
54100  -13.987  -25.375  90.928 0.0000000000
53123  -13.553  -26.477  91.623 0.0000000000
53122  -13.047  -27.016  91.067 0.0000000000
52211  -12.269  -28.238  90.319 0.0000000000
143969  -12.142  -28.307  89.573 0.0000000000
139286  -11.623  -28.876  89.934 0.0000000000
139119  -11.412  -29.686  90.277 0.0000000000
49376  -10.840  -31.452  86.228 0.0000000000
48332  -10.312  -31.873  86.795 0.0000000000
47348  -9.971  -32.679  87.073 0.0000000000
120979  -10.353  -31.956  87.585 0.0000000000
48315  -10.528  -32.155  88.539 0.0000000000
48303  -10.699  -32.516  89.545 0.0000000000
46367  -9.834  -33.885  88.414 0.0000000000
45401  -9.392  -35.494  88.176 0.0000000000
44553  -9.187  -36.091  87.078 0.0000000000
128770  -9.172  -36.114  87.774 0.0000000000
58899  -2.589  -21.342  80.648 0.0000000000
58886  -1.824  -22.008  82.718 0.0000000000
58893  -1.909  -21.998  81.810 0.0000000000
56957  -1.708  -23.446  81.739 0.0000000000
58898  -2.294  -21.999  81.070 0.0000000000
58903  -2.300  -21.813  80.238 0.0000000000
57916  -2.183  -22.393  79.748 0.0000000000
56973  -2.662  -23.531  78.973 0.0000000000
56037  -3.677  -24.214  80.156 0.0000000000
137873  -3.619  -23.920  79.387 0.0000000000
139791  -5.233  -23.544  78.717 0.0000000000
56049  -6.289  -23.678  78.831 0.0000000000
54121  -5.338  -25.893  85.627 0.0000000000
54130  -6.442  -26.165  84.576 0.0000000000
55076  -5.698  -25.681  84.283 0.0000000000
54142  -5.528  -25.942  83.346 0.0000000000
54180  -5.738  -26.110  81.547 0.0000000000
135362  -7.501  -28.922  82.244 0.0000000000
53182  -7.894  -27.725  81.896 0.0000000000
52285  -8.175  -28.827  81.156 0.0000000000
54181  -6.910  -26.372  81.658 0.0000000000
138577  -5.589  -25.775  80.821 0.0000000000
55123  -6.027  -25.535  80.378 0.0000000000
55138  -6.599  -25.151  79.856 0.0000000000
54209  -7.834  -26.185  79.932 0.0000000000
56975  -7.225  -23.916  78.744 0.0000000000
56062  -8.358  -23.888  78.169 0.0000000000
138126  -9.102  -24.304  77.918 0.0000000000
55151  -9.389  -25.737  78.354 0.0000000000
55156  -9.645  -25.612  77.401 0.0000000000
51275  -7.261  -28.498  95.791 0.0000000000
125325  -6.562  -28.186  95.996 0.0000000000
51274  -6.147  -28.600  96.403 0.0000000000
141310  -6.350  -30.702  97.016 0.0000000000
126822  -6.185  -29.819  96.686 0.0000000000
134179  -5.511  -28.860  96.508 0.0000000000
51273  -4.654  -28.647  96.524 0.0000000000
51272  -3.867  -28.503  96.482 0.0000000000
126795  -5.918  -34.685  95.554 0.0000000000
48259  -5.338  -32.400  95.571 0.0000000000
47300  -5.195  -33.846  94.902 0.0000000000
48264  -4.966  -32.962  95.222 0.0000000000
49315  -4.677  -30.932  95.448 0.0000000000
51278  -3.419  -29.181  96.211 0.0000000000
51277  -2.923  -28.807  96.070 0.0000000000
51284  -2.565  -28.211  94.689 0.0000000000
51290  -2.238  -28.612  94.100 0.0000000000
51289  -1.666  -28.158  93.824 0.0000000000
51293  -2.048  -28.327  92.935 0.0000000000
51296  -1.713  -28.719  92.193 0.0000000000
48278  -2.663  -31.923  91.611 0.0000000000
49337  -2.710  -31.972  91.126 0.0000000000
48281  -2.834  -32.578  90.498 0.0000000000
47323  -2.817  -33.167  90.109 0.0000000000
144595  -2.887  -33.871  89.680 0.0000000000
45356  -4.627  -34.405  92.555 0.0000000000
45361  -4.450  -34.494  91.838 0.0000000000
44516  -5.273  -36.126  91.071 0.0000000000
45363  -5.165  -35.326  91.238 0.0000000000
133880  -3.667  -34.342  91.052 0.0000000000
45370  -3.411  -34.784  90.278 0.0000000000
45384  -2.962  -34.304  89.843 0.0000000000
45398  -3.623  -34.557  88.466 0.0000000000
45411  -4.382  -34.981  88.003 0.0000000000
45423  -5.500  -35.540  86.427 0.0000000000
43649  -5.684  -36.618  86.021 0.0000000000
43668  -5.191  -37.833  84.625 0.0000000000
142125  -3.153  -41.901  91.737 0.0000000000
38309  -2.601  -43.745  90.597 0.0000000000
38301  -3.002  -43.196  91.045 0.0000000000
39235  -2.998  -42.375  91.389 0.0000000000
40200  -2.926  -41.549  91.496 0.0000000000
41112  -2.622  -40.622  90.478 0.0000000000
40216  -2.220  -41.718  89.431 0.0000000000
41120  -2.584  -40.519  89.655 0.0000000000
41969  -2.893  -40.019  89.320 0.0000000000
41976  -2.936  -39.968  88.512 0.0000000000
40231  -2.292  -41.845  87.276 0.0000000000
135199  -2.520  -40.756  87.738 0.0000000000
41987  -2.935  -39.825  87.671 0.0000000000
140456  -3.173  -39.399  88.239 0.0000000000
42846  -3.288  -39.080  87.645 0.0000000000
121608  -3.470  -38.903  86.918 0.0000000000
42857  -3.705  -38.837  86.183 0.0000000000
41998  -3.374  -39.358  85.537 0.0000000000
42866  -4.138  -38.768  85.434 0.0000000000
43658  -4.824  -38.073  85.367 0.0000000000
42877  -5.167  -38.303  84.041 0.0000000000
42887  -5.331  -38.306  83.325 0.0000000000
42886  -4.964  -38.980  82.868 0.0000000000
137074  -4.092  -40.079  80.778 0.0000000000
37351  -1.489  -44.313  89.114 0.0000000000
39264  -1.968  -42.530  87.474 0.0000000000
40191  -3.415  -41.441  91.978 0.0000000000
41089  -5.343  -40.105  94.032 0.0000000000
41093  -4.438  -40.464  93.372 0.0000000000
41098  -7.036  -40.286  92.320 0.0000000000
41934  -6.005  -38.144  95.204 0.0000000000
41940  -7.167  -38.079  94.960 0.0000000000
41943  -6.296  -38.989  94.309 0.0000000000
41944  -6.564  -39.008  94.066 0.0000000000
41971  -8.053  -38.482  89.166 0.0000000000
42803  -5.680  -38.050  94.988 0.0000000000
42804  -6.416  -38.213  95.241 0.0000000000
42805  -6.720  -38.252  95.193 0.0000000000
42903  -4.953  -38.959  81.032 0.0000000000
43588  -7.221  -37.228  95.376 0.0000000000
43590  -7.465  -37.219  94.697 0.0000000000
43598  -8.146  -37.314  92.512 0.0000000000
43609  -5.197  -36.884  89.878 0.0000000000
43642  -8.866  -36.559  87.466 0.0000000000
44497  -5.286  -36.010  94.973 0.0000000000
44499  -5.490  -36.618  96.057 0.0000000000
44500  -5.715  -36.585  96.245 0.0000000000
44511  -8.581  -36.069  93.003 0.0000000000
44513  -5.298  -35.610  91.904 0.0000000000
44522  -8.779  -35.543  90.031 0.0000000000
44544  -9.147  -36.112  88.466 0.0000000000
44561  -9.283  -36.105  86.299 0.0000000000
44617  -5.383  -36.576  80.270 0.0000000000
45339  -5.514  -36.252  96.007 0.0000000000
45342  -6.191  -35.637  96.470 0.0000000000
45344  -6.980  -35.666  96.394 0.0000000000
45348  -8.669  -34.989  95.101 0.0000000000
45360  -3.871  -34.080  91.783 0.0000000000
45364  -9.505  -35.518  92.016 0.0000000000
45369  -3.195  -34.232  90.449 0.0000000000
45421  -4.632  -34.499  86.594 0.0000000000
45514  -3.753  -35.250  78.229 0.0000000000
45515  -3.934  -35.557  78.482 0.0000000000
46311  -5.951  -35.468  96.159 0.0000000000
46328  -4.180  -33.882  92.399 0.0000000000
46329  -9.416  -34.668  93.028 0.0000000000
46357  -2.844  -33.573  89.860 0.0000000000
46398  -4.598  -34.133  84.819 0.0000000000
47303  -4.839  -33.894  94.116 0.0000000000
47308  -9.517  -33.779  94.681 0.0000000000
47313  -3.346  -33.415  91.703 0.0000000000
47316  -3.200  -33.061  90.883 0.0000000000
47358  -10.016  -33.215  86.464 0.0000000000
47372  -4.441  -33.647  85.889 0.0000000000
47472  -3.449  -33.395  78.153 0.0000000000
48276  -10.233  -33.014  93.215 0.0000000000
48381  -3.631  -32.644  83.059 0.0000000000
48382  -10.992  -32.183  84.016 0.0000000000
48430  -3.479  -33.094  79.295 0.0000000000
49338  -10.533  -31.133  91.754 0.0000000000
49367  -10.721  -31.245  87.135 0.0000000000
49387  -11.663  -30.719  85.183 0.0000000000
49423  -3.595  -32.178  81.420 0.0000000000
49432  -3.657  -32.321  80.051 0.0000000000
50359  -2.679  -29.464  92.693 0.0000000000
51333  -6.077  -29.882  85.155 0.0000000000
52180  -6.300  -27.533  95.966 0.0000000000
52287  -14.251  -28.304  80.647 0.0000000000
53117  -14.144  -26.779  93.279 0.0000000000
53128  -13.360  -27.110  89.438 0.0000000000
53141  -13.336  -27.346  87.211 0.0000000000
53155  -13.622  -26.892  85.192 0.0000000000
53162  -13.633  -26.899  84.373 0.0000000000
53170  -20.916  -26.153  83.008 0.0000000000
53210  -19.694  -25.510  80.045 0.0000000000
54071  -5.286  -26.979  96.184 0.0000000000
54150  -22.021  -25.958  83.682 0.0000000000
54167  -19.749  -25.096  82.132 0.0000000000
54168  -20.322  -25.622  82.447 0.0000000000
54197  -16.199  -25.964  80.439 0.0000000000
55048  -4.955  -25.577  84.857 0.0000000000
55057  -26.785  -25.294  85.481 0.0000000000
55063  -14.975  -24.998  84.754 0.0000000000
55065  -20.690  -25.341  84.155 0.0000000000
55073  -1.878  -25.256  83.265 0.0000000000
55082  -20.958  -25.631  83.916 0.0000000000
55094  -19.377  -24.799  82.368 0.0000000000
55105  -3.205  -24.929  81.821 0.0000000000
55107  -16.542  -25.543  81.937 0.0000000000
55141  -17.062  -25.342  80.278 0.0000000000
56001  -19.749  -24.437  83.771 0.0000000000
56016  -18.597  -24.474  82.136 0.0000000000
56048  -5.566  -23.764  79.081 0.0000000000
56109  -32.696  -21.857  74.067 0.0000000000
56943  -16.854  -23.394  84.582 0.0000000000
56966  -2.240  -23.098  80.271 0.0000000000
57016  -33.519  -21.082  76.092 0.0000000000
58915  -35.132  -21.178  77.000 0.0000000000
63802  -42.360  -16.572  67.642 0.0000000000
65591  -46.683  -14.442  67.100 0.0000000000
72408  -50.099  -7.306  59.810 0.0000000000
73304  -51.652  -6.510  62.022 0.0000000000
119918  -6.594  -33.340  95.998 0.0000000000
120539  -1.512  -24.390  83.024 0.0000000000
122150  -5.163  -37.878  94.715 0.0000000000
122252  -32.292  -23.019  73.742 0.0000000000
123883  -9.988  -33.741  91.901 0.0000000000
124400  -4.045  -35.105  88.843 0.0000000000
127910  -4.373  -35.010  90.992 0.0000000000
128767  -2.221  -27.545  95.754 0.0000000000
130175  -12.687  -29.353  83.740 0.0000000000
131248  -8.952  -35.936  92.323 0.0000000000
131384  -5.442  -36.638  84.019 0.0000000000
131394  -3.077  -33.618  88.947 0.0000000000
131545  -1.467  -27.926  92.163 0.0000000000
133831  -5.192  -35.464  94.364 0.0000000000
134445  -4.132  -33.769  84.314 0.0000000000
134874  -4.349  -27.203  96.491 0.0000000000
134936  -8.260  -37.344  90.914 0.0000000000
135487  -16.360  -24.477  83.331 0.0000000000
136945  -6.442  -36.794  96.224 0.0000000000
137189  -10.700  -31.956  85.780 0.0000000000
137935  -5.124  -35.459  88.439 0.0000000000
138130  -35.111  -21.561  75.855 0.0000000000
141057  -53.278  -4.810  60.959 0.0000000000
141254  -5.015  -30.959  80.835 0.0000000000
141726  -3.857  -33.407  84.040 0.0000000000
141734  -11.378  -30.288  89.977 0.0000000000
141934  -6.443  -29.609  82.719 0.0000000000
142807  -2.423  -28.847  92.756 0.0000000000
142913  -33.166  -22.581  73.400 0.0000000000
143904  -33.866  -17.842  72.167 0.0000000000
144238  -11.338  -30.138  87.031 0.0000000000
144552  -1.583  -24.300  83.577 0.0000000000
