#!ascii label  , from subject sub-v1s8x0051344_ses-1 vox2ras=TkReg
926
53332  -30.176  -27.834  72.479 0.0000000000
46518  -16.359  -34.393  75.498 0.0000000000
46533  -24.749  -35.275  73.592 0.0000000000
129565  -42.018  -6.818  54.155 0.0000000000
74299  -47.333  -5.643  48.998 0.0000000000
121203  -10.694  -35.395  80.631 0.0000000000
70480  -38.226  -9.132  57.261 0.0000000000
53380  -33.317  -27.510  69.802 0.0000000000
50569  -27.349  -30.957  71.717 0.0000000000
46491  -13.373  -34.956  77.484 0.0000000000
42068  -13.386  -39.560  80.300 0.0000000000
54287  -25.796  -26.075  69.643 0.0000000000
118671  -28.066  -26.218  67.003 0.0000000000
48482  -19.820  -33.143  74.761 0.0000000000
144741  -23.816  -30.034  71.067 0.0000000000
62907  -35.710  -17.741  58.924 0.0000000000
131546  -38.299  -14.638  56.407 0.0000000000
128821  -41.819  -11.486  54.539 0.0000000000
37399  -7.292  -43.498  82.589 0.0000000000
123208  -4.783  -44.080  85.994 0.0000000000
55273  -31.055  -25.689  64.571 0.0000000000
143438  -31.939  -21.991  63.139 0.0000000000
60022  -33.998  -20.898  59.768 0.0000000000
40287  -10.620  -41.853  80.439 0.0000000000
45524  -16.618  -35.900  76.768 0.0000000000
127280  -18.107  -34.220  76.831 0.0000000000
52362  -28.527  -28.862  72.759 0.0000000000
48455  -15.020  -32.041  76.374 0.0000000000
122894  -14.371  -34.299  76.602 0.0000000000
43744  -15.101  -37.292  77.700 0.0000000000
56130  -25.370  -24.194  72.167 0.0000000000
53350  -23.833  -27.388  70.092 0.0000000000
65663  -35.144  -14.618  58.787 0.0000000000
63908  -37.817  -16.222  57.754 0.0000000000
66647  -36.371  -13.318  57.277 0.0000000000
69535  -39.063  -9.997  54.822 0.0000000000
70522  -41.000  -9.470  53.992 0.0000000000
133104  -43.529  -10.716  53.299 0.0000000000
71489  -42.595  -8.479  52.573 0.0000000000
71498  -44.399  -8.415  50.657 0.0000000000
56200  -29.510  -24.718  67.077 0.0000000000
54350  -29.287  -26.589  65.826 0.0000000000
57157  -29.866  -23.945  65.735 0.0000000000
59977  -29.289  -20.834  63.709 0.0000000000
60924  -30.378  -19.416  62.228 0.0000000000
59054  -33.046  -21.821  61.407 0.0000000000
61890  -31.724  -18.906  60.915 0.0000000000
62905  -33.503  -17.855  60.145 0.0000000000
124760  -22.121  -35.117  74.553 0.0000000000
42054  -8.565  -39.625  81.461 0.0000000000
42916  -10.008  -38.795  79.882 0.0000000000
34781  -4.270  -47.609  86.268 0.0000000000
34772  -3.145  -48.198  88.012 0.0000000000
68513  -37.029  -11.055  58.923 0.0000000000
120034  -35.069  -26.906  69.105 0.0000000000
47541  -27.043  -33.681  72.779 0.0000000000
45510  -11.753  -34.991  79.031 0.0000000000
131646  -11.323  -38.066  79.004 0.0000000000
43734  -13.404  -37.540  78.152 0.0000000000
74309  -48.885  -5.241  47.452 0.0000000000
54277  -27.594  -26.919  71.189 0.0000000000
136922  -28.774  -27.351  69.381 0.0000000000
55218  -26.706  -25.140  69.175 0.0000000000
49524  -16.739  -31.590  74.726 0.0000000000
48481  -17.773  -32.804  74.863 0.0000000000
49526  -17.985  -31.649  73.596 0.0000000000
47536  -20.672  -32.642  72.558 0.0000000000
119592  -22.536  -33.475  72.156 0.0000000000
49555  -23.426  -31.341  72.732 0.0000000000
142671  -24.616  -33.330  71.036 0.0000000000
50574  -25.470  -30.767  69.692 0.0000000000
52388  -26.355  -28.019  70.515 0.0000000000
60955  -37.427  -20.048  59.929 0.0000000000
68545  -37.845  -11.544  55.859 0.0000000000
66679  -39.945  -13.117  55.432 0.0000000000
71508  -45.714  -8.524  49.751 0.0000000000
38355  -5.857  -43.745  84.009 0.0000000000
35633  -6.119  -46.751  84.819 0.0000000000
53397  -30.392  -27.579  68.331 0.0000000000
53435  -31.684  -27.327  66.692 0.0000000000
54353  -33.012  -26.150  65.651 0.0000000000
58084  -29.267  -22.544  65.105 0.0000000000
57206  -31.344  -23.066  63.517 0.0000000000
57175  -33.946  -23.756  64.783 0.0000000000
58100  -34.721  -22.828  64.058 0.0000000000
58139  -35.450  -22.767  62.501 0.0000000000
59076  -36.201  -21.377  60.563 0.0000000000
60965  -35.035  -19.484  59.475 0.0000000000
63878  -34.302  -16.493  59.748 0.0000000000
47489  -19.824  -34.481  77.768 0.0000000000
135301  -7.754  -40.157  82.961 0.0000000000
39319  -8.903  -42.483  81.245 0.0000000000
41204  -12.269  -40.586  80.207 0.0000000000
34763  -1.926  -47.984  88.904 0.0000000000
46505  -16.668  -34.946  75.796 0.0000000000
45525  -17.282  -35.408  76.978 0.0000000000
46506  -17.446  -34.685  76.302 0.0000000000
142135  -29.366  -28.316  72.745 0.0000000000
48467  -15.296  -32.947  75.893 0.0000000000
48466  -14.631  -32.729  76.688 0.0000000000
47496  -15.657  -33.914  75.535 0.0000000000
45528  -15.416  -35.604  76.418 0.0000000000
127728  -35.168  -13.875  58.911 0.0000000000
65673  -35.498  -14.034  58.190 0.0000000000
67589  -36.007  -12.504  58.343 0.0000000000
72446  -41.468  -7.023  54.650 0.0000000000
134466  -40.362  -8.303  54.405 0.0000000000
71481  -41.647  -8.417  53.604 0.0000000000
120652  -42.169  -8.755  53.236 0.0000000000
71482  -42.188  -8.065  53.225 0.0000000000
72461  -42.835  -7.426  52.254 0.0000000000
56211  -29.916  -24.513  66.086 0.0000000000
61840  -29.827  -18.118  63.564 0.0000000000
60937  -30.836  -19.384  61.676 0.0000000000
62874  -31.529  -17.997  61.947 0.0000000000
62875  -32.202  -17.475  61.870 0.0000000000
46532  -22.956  -35.408  74.082 0.0000000000
138017  -22.765  -35.467  74.953 0.0000000000
46523  -24.350  -35.781  75.268 0.0000000000
42905  -9.647  -38.181  80.718 0.0000000000
139866  -10.197  -37.853  79.912 0.0000000000
142602  -47.186  -6.852  48.289 0.0000000000
33926  -3.824  -48.251  87.083 0.0000000000
53336  -33.394  -27.815  71.533 0.0000000000
53381  -34.348  -27.345  69.702 0.0000000000
48538  -27.045  -32.515  71.777 0.0000000000
49544  -27.996  -32.067  73.204 0.0000000000
47474  -13.471  -32.898  77.967 0.0000000000
47464  -12.918  -32.895  78.777 0.0000000000
47449  -12.395  -32.976  79.525 0.0000000000
45511  -12.366  -34.657  78.581 0.0000000000
44637  -12.270  -36.536  78.138 0.0000000000
44638  -12.931  -36.196  77.831 0.0000000000
44630  -15.790  -37.351  78.873 0.0000000000
43735  -15.140  -37.675  78.422 0.0000000000
54288  -26.832  -26.329  70.320 0.0000000000
54289  -27.631  -26.643  70.550 0.0000000000
55209  -26.239  -25.540  69.523 0.0000000000
50536  -16.878  -30.736  74.179 0.0000000000
49525  -17.327  -31.546  74.092 0.0000000000
49537  -17.535  -30.860  73.526 0.0000000000
49551  -19.958  -31.270  72.076 0.0000000000
49552  -21.068  -31.813  72.210 0.0000000000
47537  -21.470  -33.367  72.618 0.0000000000
48523  -21.988  -33.010  72.293 0.0000000000
131914  -23.979  -29.038  72.545 0.0000000000
123834  -23.757  -30.568  72.634 0.0000000000
48525  -23.300  -32.418  71.509 0.0000000000
50567  -23.875  -31.491  70.387 0.0000000000
48547  -25.431  -32.330  70.201 0.0000000000
130796  -23.846  -30.529  70.052 0.0000000000
54286  -24.829  -26.028  69.799 0.0000000000
52398  -25.579  -28.093  69.771 0.0000000000
53375  -25.946  -27.307  70.026 0.0000000000
52380  -27.133  -27.475  71.239 0.0000000000
61906  -37.124  -18.793  58.948 0.0000000000
60968  -37.761  -19.253  59.432 0.0000000000
135103  -37.426  -18.157  58.666 0.0000000000
64800  -38.258  -15.740  57.162 0.0000000000
63909  -38.706  -16.387  57.608 0.0000000000
69499  -37.708  -9.897  57.796 0.0000000000
68529  -36.659  -11.155  57.146 0.0000000000
69511  -37.457  -10.010  56.479 0.0000000000
68558  -40.153  -10.997  54.640 0.0000000000
68547  -39.523  -11.429  54.977 0.0000000000
67630  -41.375  -12.807  55.114 0.0000000000
66681  -41.589  -13.379  55.411 0.0000000000
71507  -44.999  -8.456  50.146 0.0000000000
73385  -45.103  -6.714  50.187 0.0000000000
73397  -45.640  -6.973  49.631 0.0000000000
143487  -7.015  -41.628  83.428 0.0000000000
39290  -6.601  -42.233  84.026 0.0000000000
38361  -6.741  -43.580  83.025 0.0000000000
35641  -6.516  -46.198  84.323 0.0000000000
34783  -6.020  -47.937  86.075 0.0000000000
144640  -28.217  -27.089  68.826 0.0000000000
53377  -29.625  -27.540  68.911 0.0000000000
53395  -28.826  -27.360  67.615 0.0000000000
54351  -30.165  -26.544  65.459 0.0000000000
53448  -30.352  -27.120  65.873 0.0000000000
138194  -31.724  -26.963  65.923 0.0000000000
54340  -32.501  -26.798  66.260 0.0000000000
54366  -32.233  -26.044  64.705 0.0000000000
58993  -28.523  -21.210  65.187 0.0000000000
59023  -30.427  -21.492  63.155 0.0000000000
123163  -30.488  -21.957  63.429 0.0000000000
57207  -32.252  -22.489  63.349 0.0000000000
130964  -33.256  -23.822  64.148 0.0000000000
58099  -33.312  -22.448  63.409 0.0000000000
139996  -34.698  -23.182  64.712 0.0000000000
58115  -33.442  -22.254  63.256 0.0000000000
59073  -33.249  -21.367  60.339 0.0000000000
59041  -33.797  -22.320  61.952 0.0000000000
59055  -34.743  -22.155  61.097 0.0000000000
59056  -35.685  -21.927  60.930 0.0000000000
60023  -34.950  -20.914  59.910 0.0000000000
60033  -35.468  -20.196  59.640 0.0000000000
60032  -34.618  -20.220  59.655 0.0000000000
63869  -33.186  -16.437  61.002 0.0000000000
62893  -33.602  -16.872  60.313 0.0000000000
64769  -34.143  -15.460  60.763 0.0000000000
125636  -19.145  -32.907  74.781 0.0000000000
47499  -19.078  -33.853  76.166 0.0000000000
47509  -19.466  -33.596  75.564 0.0000000000
143473  -9.372  -41.167  80.431 0.0000000000
130298  -8.372  -41.389  81.249 0.0000000000
39320  -9.939  -42.452  80.732 0.0000000000
42929  -12.646  -38.628  78.907 0.0000000000
42079  -11.360  -39.412  79.276 0.0000000000
42080  -12.654  -39.893  79.855 0.0000000000
44631  -16.444  -36.760  78.977 0.0000000000
45512  -17.022  -36.023  78.561 0.0000000000
46483  -18.126  -34.519  78.208 0.0000000000
47475  -18.612  -34.214  78.457 0.0000000000
134829  -27.891  -29.884  72.701 0.0000000000
49545  -28.489  -31.305  73.646 0.0000000000
140805  -14.451  -31.964  77.030 0.0000000000
47485  -14.150  -33.352  77.074 0.0000000000
46492  -13.996  -35.051  76.883 0.0000000000
45522  -13.654  -35.868  77.301 0.0000000000
45523  -14.586  -35.778  76.797 0.0000000000
44646  -16.136  -36.514  77.270 0.0000000000
136085  -24.937  -24.785  70.543 0.0000000000
56169  -26.209  -24.287  69.733 0.0000000000
53309  -23.846  -26.960  72.711 0.0000000000
52379  -23.653  -28.554  70.653 0.0000000000
135980  -24.407  -25.250  71.048 0.0000000000
143680  -35.778  -16.259  58.610 0.0000000000
63889  -36.478  -16.501  58.380 0.0000000000
64785  -36.092  -15.708  58.240 0.0000000000
65675  -37.110  -14.621  57.145 0.0000000000
65688  -37.692  -14.243  56.541 0.0000000000
70500  -38.481  -9.124  55.594 0.0000000000
71469  -38.922  -8.632  54.730 0.0000000000
70511  -40.281  -9.214  54.297 0.0000000000
137269  -41.357  -10.824  54.292 0.0000000000
68560  -42.809  -11.334  54.231 0.0000000000
69549  -42.172  -9.999  53.524 0.0000000000
69550  -42.908  -10.032  52.979 0.0000000000
124424  -43.971  -9.806  52.150 0.0000000000
71490  -43.237  -8.436  51.818 0.0000000000
72468  -43.493  -7.549  51.497 0.0000000000
37400  -7.942  -44.057  82.544 0.0000000000
37394  -7.170  -44.351  82.960 0.0000000000
37390  -8.503  -45.288  83.877 0.0000000000
137622  -28.069  -26.101  66.205 0.0000000000
129180  -27.075  -26.266  66.141 0.0000000000
56243  -28.129  -25.835  64.976 0.0000000000
55246  -29.733  -25.346  65.441 0.0000000000
56228  -29.884  -24.715  64.952 0.0000000000
60888  -28.584  -19.686  64.614 0.0000000000
60889  -28.905  -19.416  64.048 0.0000000000
59988  -29.636  -20.135  63.130 0.0000000000
59037  -30.667  -21.091  62.721 0.0000000000
59039  -32.358  -21.535  62.231 0.0000000000
59053  -31.658  -20.878  61.734 0.0000000000
60019  -31.783  -20.378  60.999 0.0000000000
60952  -32.757  -19.646  60.110 0.0000000000
60953  -33.509  -19.546  59.767 0.0000000000
133941  -32.697  -18.001  60.626 0.0000000000
47520  -20.832  -33.750  73.980 0.0000000000
122575  -20.881  -34.686  75.652 0.0000000000
46521  -22.212  -35.335  75.430 0.0000000000
42915  -9.513  -39.057  80.394 0.0000000000
41202  -9.669  -40.651  80.150 0.0000000000
36505  -4.265  -45.905  85.887 0.0000000000
133681  -4.207  -45.147  86.659 0.0000000000
35625  -3.942  -46.705  86.427 0.0000000000
35620  -3.598  -46.406  87.424 0.0000000000
128115  -3.110  -47.220  88.246 0.0000000000
54315  -35.591  -26.303  68.605 0.0000000000
46550  -25.747  -34.535  72.531 0.0000000000
136234  -25.815  -35.197  74.545 0.0000000000
46458  -11.738  -33.676  79.870 0.0000000000
45503  -11.158  -35.419  79.703 0.0000000000
43708  -11.048  -36.626  79.256 0.0000000000
43732  -11.676  -36.996  78.458 0.0000000000
43719  -11.930  -37.897  78.575 0.0000000000
42930  -13.456  -38.771  79.229 0.0000000000
43743  -14.356  -37.390  77.918 0.0000000000
133008  -14.272  -37.959  78.567 0.0000000000
42918  -14.528  -38.656  80.303 0.0000000000
74308  -48.246  -5.557  47.836 0.0000000000
119525  -29.264  -27.763  72.103 0.0000000000
138431  -29.167  -27.464  71.203 0.0000000000
125972  -28.233  -26.945  71.163 0.0000000000
54301  -27.940  -26.786  69.635 0.0000000000
119102  -27.534  -25.764  68.204 0.0000000000
56170  -26.755  -24.559  69.323 0.0000000000
57105  -27.407  -24.262  69.067 0.0000000000
118670  -28.242  -25.415  67.195 0.0000000000
56199  -28.552  -24.971  67.420 0.0000000000
125657  -16.448  -32.267  75.213 0.0000000000
47507  -17.462  -33.487  75.284 0.0000000000
48480  -17.008  -32.366  74.806 0.0000000000
131173  -17.903  -32.221  74.247 0.0000000000
48496  -19.519  -32.727  73.968 0.0000000000
134799  -18.828  -30.451  72.773 0.0000000000
48508  -19.227  -32.258  73.121 0.0000000000
47519  -20.244  -33.132  73.941 0.0000000000
47527  -21.386  -33.943  73.324 0.0000000000
46539  -21.974  -34.326  72.917 0.0000000000
120875  -23.531  -34.851  72.518 0.0000000000
48510  -22.517  -32.321  72.368 0.0000000000
48524  -22.846  -32.919  71.795 0.0000000000
47546  -23.456  -33.319  71.415 0.0000000000
46556  -24.964  -34.243  71.700 0.0000000000
47549  -26.194  -33.637  71.456 0.0000000000
48537  -26.524  -32.981  71.147 0.0000000000
125279  -26.729  -31.223  70.994 0.0000000000
52396  -24.129  -28.789  69.639 0.0000000000
50584  -25.783  -29.975  69.773 0.0000000000
50568  -27.016  -30.237  71.158 0.0000000000
51493  -27.342  -29.142  71.540 0.0000000000
53310  -28.139  -27.800  71.989 0.0000000000
49509  -16.056  -31.454  75.378 0.0000000000
62926  -37.814  -17.478  58.462 0.0000000000
67599  -36.411  -12.014  57.671 0.0000000000
66657  -36.880  -12.929  56.710 0.0000000000
123107  -37.670  -13.331  56.231 0.0000000000
141967  -38.347  -11.223  55.502 0.0000000000
66678  -39.021  -12.845  55.494 0.0000000000
66658  -39.276  -13.789  55.755 0.0000000000
65691  -40.854  -14.616  55.920 0.0000000000
71523  -46.513  -8.576  49.279 0.0000000000
73398  -46.266  -6.727  49.214 0.0000000000
73399  -46.881  -6.065  49.060 0.0000000000
39282  -6.230  -42.272  85.469 0.0000000000
137665  -5.369  -44.230  84.518 0.0000000000
36525  -6.553  -44.990  83.377 0.0000000000
36519  -6.052  -45.563  83.857 0.0000000000
35639  -5.067  -46.087  84.661 0.0000000000
34790  -4.842  -47.198  85.522 0.0000000000
127545  -30.276  -27.619  70.935 0.0000000000
53354  -30.846  -27.591  70.161 0.0000000000
120493  -32.077  -27.549  68.898 0.0000000000
53416  -29.751  -27.464  66.849 0.0000000000
53418  -31.166  -27.557  67.642 0.0000000000
53399  -32.554  -27.362  68.300 0.0000000000
54325  -33.010  -27.023  67.621 0.0000000000
54327  -34.462  -26.307  67.514 0.0000000000
139653  -34.859  -25.476  67.136 0.0000000000
57156  -29.699  -23.244  65.439 0.0000000000
56244  -30.418  -24.263  64.189 0.0000000000
59012  -29.163  -21.729  64.121 0.0000000000
57189  -29.813  -22.777  64.128 0.0000000000
56245  -31.226  -24.981  64.144 0.0000000000
55275  -32.609  -25.357  64.550 0.0000000000
56229  -33.860  -24.627  65.344 0.0000000000
59026  -33.529  -22.171  62.997 0.0000000000
58116  -34.722  -22.653  63.112 0.0000000000
60954  -36.720  -20.713  60.245 0.0000000000
60966  -35.872  -19.456  59.335 0.0000000000
61904  -35.373  -18.709  59.214 0.0000000000
138550  -34.198  -18.173  59.712 0.0000000000
129135  -34.804  -18.025  59.369 0.0000000000
63879  -35.193  -16.580  59.054 0.0000000000
64777  -34.700  -15.835  59.384 0.0000000000
65656  -34.822  -14.342  59.530 0.0000000000
47497  -18.000  -33.879  76.046 0.0000000000
47487  -18.904  -34.113  77.862 0.0000000000
122781  -20.637  -34.828  77.380 0.0000000000
40274  -7.365  -41.696  82.505 0.0000000000
42053  -8.042  -39.883  82.303 0.0000000000
41183  -7.744  -40.898  82.117 0.0000000000
39306  -8.272  -42.989  81.821 0.0000000000
38369  -9.366  -43.872  82.371 0.0000000000
42927  -10.792  -38.568  79.314 0.0000000000
139084  -11.086  -40.030  79.526 0.0000000000
41203  -11.142  -41.418  80.238 0.0000000000
124875  -3.016  -49.540  88.407 0.0000000000
126125  -2.089  -48.181  88.894 0.0000000000
34764  -2.024  -47.437  89.114 0.0000000000
46519  -17.121  -34.261  75.528 0.0000000000
53312  -29.572  -28.118  72.715 0.0000000000
48479  -16.106  -33.032  75.407 0.0000000000
46504  -15.715  -34.856  75.873 0.0000000000
66621  -35.442  -13.285  59.319 0.0000000000
66633  -35.593  -13.284  58.377 0.0000000000
67576  -35.771  -12.801  58.994 0.0000000000
71471  -41.089  -7.904  54.067 0.0000000000
72452  -41.772  -7.555  53.768 0.0000000000
72453  -42.165  -7.218  53.435 0.0000000000
61856  -30.824  -18.368  62.208 0.0000000000
120196  -23.734  -35.370  73.296 0.0000000000
120057  -24.056  -35.657  74.222 0.0000000000
44604  -10.305  -36.217  80.901 0.0000000000
44618  -10.452  -36.907  80.004 0.0000000000
73408  -47.317  -6.271  48.494 0.0000000000
73417  -47.543  -6.817  47.967 0.0000000000
73409  -47.778  -6.135  48.033 0.0000000000
53357  -33.802  -27.632  70.577 0.0000000000
53358  -34.746  -27.493  70.566 0.0000000000
49556  -27.588  -31.749  72.333 0.0000000000
46482  -13.591  -34.052  77.490 0.0000000000
47473  -12.958  -33.494  78.207 0.0000000000
46481  -12.883  -34.323  78.073 0.0000000000
45517  -12.916  -35.294  77.905 0.0000000000
133664  -25.503  -25.395  69.712 0.0000000000
50560  -20.935  -30.945  72.506 0.0000000000
137740  -20.479  -31.306  72.119 0.0000000000
49553  -21.817  -32.294  72.547 0.0000000000
131110  -23.824  -29.907  72.097 0.0000000000
50561  -23.803  -30.721  71.330 0.0000000000
53351  -25.376  -26.716  69.761 0.0000000000
53352  -26.374  -26.648  70.261 0.0000000000
62908  -36.649  -18.198  58.731 0.0000000000
64821  -38.689  -15.187  56.690 0.0000000000
64801  -39.140  -15.845  57.058 0.0000000000
64822  -39.544  -15.232  56.546 0.0000000000
70479  -37.340  -9.844  57.033 0.0000000000
140085  -37.846  -9.457  56.724 0.0000000000
68559  -40.913  -11.309  54.542 0.0000000000
68549  -41.151  -12.082  54.812 0.0000000000
67631  -42.201  -13.056  55.233 0.0000000000
39299  -6.863  -42.695  83.046 0.0000000000
118669  -27.929  -26.434  67.759 0.0000000000
54312  -28.214  -27.034  68.071 0.0000000000
54324  -28.429  -26.889  67.268 0.0000000000
54364  -30.856  -26.194  65.040 0.0000000000
130142  -31.139  -26.706  65.470 0.0000000000
54365  -31.571  -26.207  64.823 0.0000000000
54352  -32.180  -26.509  65.287 0.0000000000
124686  -31.179  -21.759  62.936 0.0000000000
58113  -31.254  -22.290  63.264 0.0000000000
58114  -32.702  -22.027  63.209 0.0000000000
127549  -33.811  -21.930  60.934 0.0000000000
59074  -34.330  -21.533  60.310 0.0000000000
60031  -33.926  -20.167  59.654 0.0000000000
47510  -20.100  -33.669  75.202 0.0000000000
40302  -9.872  -41.561  80.329 0.0000000000
40286  -9.183  -41.665  80.723 0.0000000000
39322  -10.913  -42.370  81.095 0.0000000000
42081  -13.052  -39.252  79.516 0.0000000000
38347  -5.268  -43.582  85.546 0.0000000000
53335  -32.441  -27.756  71.591 0.0000000000
44640  -16.541  -36.606  78.031 0.0000000000
45518  -16.937  -36.066  77.560 0.0000000000
46493  -17.833  -34.655  77.332 0.0000000000
136662  -18.351  -34.414  78.882 0.0000000000
47486  -18.412  -34.258  77.602 0.0000000000
51485  -27.914  -29.024  72.423 0.0000000000
51477  -28.318  -29.510  72.967 0.0000000000
49477  -14.665  -31.100  76.897 0.0000000000
138663  -14.823  -33.623  76.229 0.0000000000
46503  -14.810  -35.036  76.334 0.0000000000
44650  -15.960  -36.054  76.634 0.0000000000
56143  -25.437  -24.164  71.236 0.0000000000
56156  -25.725  -24.138  70.368 0.0000000000
123976  -23.639  -27.483  71.882 0.0000000000
55199  -24.858  -24.733  71.543 0.0000000000
64784  -35.285  -15.559  58.782 0.0000000000
65664  -35.768  -14.851  58.199 0.0000000000
66646  -35.852  -13.525  57.765 0.0000000000
65674  -36.239  -14.161  57.562 0.0000000000
65687  -36.986  -13.759  56.894 0.0000000000
71457  -38.981  -8.207  56.118 0.0000000000
72436  -39.189  -7.854  55.246 0.0000000000
71480  -41.013  -8.776  53.977 0.0000000000
69547  -40.657  -9.905  54.160 0.0000000000
69548  -41.353  -10.109  53.958 0.0000000000
69538  -42.036  -10.699  54.070 0.0000000000
70523  -41.689  -9.277  53.615 0.0000000000
70524  -42.465  -9.324  53.022 0.0000000000
70533  -43.172  -9.375  52.289 0.0000000000
70543  -43.835  -9.202  51.674 0.0000000000
73363  -42.903  -6.271  52.641 0.0000000000
56209  -28.865  -25.288  66.673 0.0000000000
56226  -28.531  -25.814  65.645 0.0000000000
56210  -29.583  -25.184  66.251 0.0000000000
60923  -29.903  -19.532  62.718 0.0000000000
59989  -30.276  -20.243  62.555 0.0000000000
59038  -30.926  -20.624  62.123 0.0000000000
60001  -30.666  -19.943  61.975 0.0000000000
61875  -31.187  -18.711  61.506 0.0000000000
60938  -31.398  -19.515  61.140 0.0000000000
60951  -32.057  -19.643  60.619 0.0000000000
61891  -32.357  -18.816  60.523 0.0000000000
136941  -32.427  -17.488  61.125 0.0000000000
46530  -21.441  -34.459  74.140 0.0000000000
46520  -21.462  -34.833  75.108 0.0000000000
122317  -23.203  -35.574  75.699 0.0000000000
42066  -9.836  -39.676  79.969 0.0000000000
34789  -4.353  -46.797  85.774 0.0000000000
34780  -3.608  -47.511  87.081 0.0000000000
54290  -35.302  -27.091  69.895 0.0000000000
54303  -35.865  -26.622  69.302 0.0000000000
54314  -34.736  -26.678  68.309 0.0000000000
47540  -26.403  -34.116  72.419 0.0000000000
46543  -26.126  -34.733  73.188 0.0000000000
47528  -26.812  -34.298  73.380 0.0000000000
46470  -11.919  -34.221  79.238 0.0000000000
45504  -11.480  -34.487  79.833 0.0000000000
44629  -11.672  -36.026  78.758 0.0000000000
142917  -12.896  -36.893  77.917 0.0000000000
43733  -12.439  -37.321  78.173 0.0000000000
42938  -12.750  -37.948  78.441 0.0000000000
42939  -13.471  -38.278  78.699 0.0000000000
44644  -14.552  -36.669  77.295 0.0000000000
44643  -13.610  -36.780  77.685 0.0000000000
43720  -14.984  -38.162  79.833 0.0000000000
127192  -14.830  -38.025  79.087 0.0000000000
42931  -14.232  -38.477  79.328 0.0000000000
53331  -28.336  -27.464  71.682 0.0000000000
54300  -27.076  -25.939  69.649 0.0000000000
54311  -27.674  -26.418  68.714 0.0000000000
135439  -27.198  -25.549  68.923 0.0000000000
57086  -26.608  -23.588  70.191 0.0000000000
57104  -26.827  -23.954  69.559 0.0000000000
57106  -27.991  -23.892  69.259 0.0000000000
56184  -27.832  -24.815  68.154 0.0000000000
48495  -18.664  -32.375  73.929 0.0000000000
48521  -19.905  -32.039  72.549 0.0000000000
48509  -20.049  -32.686  73.144 0.0000000000
47526  -20.740  -33.322  73.127 0.0000000000
47538  -22.176  -33.707  72.490 0.0000000000
46547  -22.691  -34.322  72.478 0.0000000000
46540  -22.761  -34.999  73.079 0.0000000000
143078  -23.685  -30.640  73.245 0.0000000000
50551  -23.965  -30.088  73.673 0.0000000000
49543  -23.535  -30.651  73.708 0.0000000000
49542  -22.986  -31.317  73.416 0.0000000000
49554  -23.075  -32.084  72.461 0.0000000000
138980  -23.954  -33.115  70.907 0.0000000000
47547  -24.299  -33.795  71.402 0.0000000000
46548  -24.312  -34.548  72.013 0.0000000000
46557  -25.662  -34.191  71.880 0.0000000000
47548  -25.264  -33.623  71.217 0.0000000000
49572  -25.061  -31.558  69.697 0.0000000000
48548  -26.086  -32.474  70.643 0.0000000000
49573  -26.018  -31.641  70.238 0.0000000000
49564  -26.559  -32.099  71.072 0.0000000000
52378  -23.607  -27.784  70.473 0.0000000000
131071  -23.814  -28.949  69.865 0.0000000000
51508  -25.547  -29.039  69.653 0.0000000000
51499  -26.513  -29.339  70.573 0.0000000000
51492  -27.037  -28.328  71.201 0.0000000000
53330  -27.670  -27.391  71.530 0.0000000000
129567  -16.264  -30.666  74.907 0.0000000000
49492  -15.783  -30.584  75.716 0.0000000000
60025  -38.152  -20.348  60.595 0.0000000000
61907  -38.663  -18.797  59.419 0.0000000000
63890  -37.356  -16.729  58.252 0.0000000000
68512  -36.499  -11.736  58.612 0.0000000000
68519  -36.724  -11.141  57.959 0.0000000000
68530  -37.079  -11.354  56.522 0.0000000000
67611  -36.771  -12.066  56.890 0.0000000000
67612  -37.398  -12.324  56.284 0.0000000000
67627  -38.173  -12.567  55.779 0.0000000000
69534  -38.491  -9.898  55.358 0.0000000000
69524  -38.790  -10.835  55.174 0.0000000000
67628  -39.673  -12.292  55.171 0.0000000000
68546  -38.746  -11.847  55.359 0.0000000000
66659  -40.350  -13.897  55.670 0.0000000000
134508  -42.635  -14.656  55.766 0.0000000000
141177  -43.398  -11.111  53.809 0.0000000000
70553  -44.809  -9.105  50.571 0.0000000000
70555  -46.288  -9.346  49.983 0.0000000000
124927  -45.816  -6.170  49.813 0.0000000000
39289  -6.138  -42.791  84.613 0.0000000000
141458  -5.633  -43.413  84.796 0.0000000000
36526  -7.454  -45.181  83.372 0.0000000000
36520  -6.923  -45.665  83.823 0.0000000000
35640  -5.651  -46.139  84.383 0.0000000000
36518  -5.300  -45.319  84.375 0.0000000000
35632  -5.301  -46.672  84.934 0.0000000000
122715  -29.707  -27.516  70.039 0.0000000000
120393  -30.570  -27.576  69.266 0.0000000000
53378  -31.493  -27.579  69.502 0.0000000000
53398  -31.272  -27.580  68.640 0.0000000000
54349  -28.304  -26.385  66.026 0.0000000000
53415  -29.043  -27.245  66.751 0.0000000000
54339  -29.046  -26.974  66.081 0.0000000000
53433  -30.555  -27.434  66.648 0.0000000000
53419  -32.141  -27.391  67.563 0.0000000000
144793  -31.851  -27.511  68.211 0.0000000000
54313  -33.347  -27.138  68.422 0.0000000000
54341  -33.396  -26.364  66.432 0.0000000000
54326  -33.679  -26.620  67.174 0.0000000000
55234  -34.116  -25.918  66.792 0.0000000000
58063  -29.517  -22.529  65.944 0.0000000000
57174  -29.792  -23.817  64.745 0.0000000000
57173  -29.669  -23.046  64.654 0.0000000000
59960  -28.753  -20.247  64.193 0.0000000000
59011  -28.682  -21.098  64.470 0.0000000000
128320  -30.447  -22.744  63.704 0.0000000000
57205  -30.695  -23.524  63.791 0.0000000000
57191  -31.478  -24.031  63.793 0.0000000000
56246  -32.086  -24.811  64.059 0.0000000000
56247  -32.731  -24.517  64.271 0.0000000000
134266  -33.278  -24.597  64.706 0.0000000000
56212  -34.388  -24.687  65.852 0.0000000000
56230  -34.638  -23.847  65.418 0.0000000000
59025  -32.880  -21.898  62.981 0.0000000000
59040  -33.075  -21.934  62.418 0.0000000000
58138  -34.698  -22.622  62.146 0.0000000000
139195  -34.134  -22.425  62.846 0.0000000000
59057  -36.477  -21.984  61.274 0.0000000000
59077  -37.014  -21.232  60.840 0.0000000000
60034  -36.376  -20.146  59.675 0.0000000000
61892  -33.097  -18.743  60.109 0.0000000000
61902  -33.861  -18.749  59.767 0.0000000000
62906  -34.204  -17.446  59.787 0.0000000000
125284  -34.822  -17.260  59.354 0.0000000000
65655  -34.464  -14.850  60.168 0.0000000000
47508  -18.228  -33.412  75.477 0.0000000000
119657  -19.133  -34.260  77.093 0.0000000000
47488  -19.313  -34.190  78.264 0.0000000000
121869  -19.692  -34.249  78.671 0.0000000000
47500  -20.747  -34.852  76.451 0.0000000000
46524  -25.459  -35.449  75.257 0.0000000000
41182  -7.424  -40.802  83.155 0.0000000000
137463  -8.820  -38.765  81.937 0.0000000000
42042  -8.461  -39.058  82.570 0.0000000000
40275  -7.936  -42.050  81.752 0.0000000000
38378  -9.115  -43.325  81.739 0.0000000000
43718  -11.322  -37.464  78.855 0.0000000000
43717  -10.817  -37.588  79.339 0.0000000000
133668  -11.821  -40.058  79.573 0.0000000000
41212  -11.314  -40.749  79.858 0.0000000000
41195  -11.829  -41.205  80.558 0.0000000000
75164  -48.583  -4.763  47.964 0.0000000000
33906  -2.109  -48.785  88.684 0.0000000000
45530  -16.921  -35.388  76.313 0.0000000000
53297  -29.107  -28.570  72.826 0.0000000000
47495  -15.066  -34.380  76.054 0.0000000000
45529  -16.227  -35.529  76.205 0.0000000000
57039  -25.952  -23.725  72.627 0.0000000000
67588  -35.995  -12.867  57.716 0.0000000000
72445  -39.663  -7.894  54.767 0.0000000000
120780  -40.517  -7.548  54.696 0.0000000000
72460  -42.431  -7.619  52.864 0.0000000000
73362  -42.428  -6.771  53.065 0.0000000000
143007  -29.848  -24.565  66.622 0.0000000000
119765  -30.115  -24.128  67.203 0.0000000000
121854  -30.079  -23.869  66.618 0.0000000000
61874  -30.628  -18.875  62.012 0.0000000000
61876  -31.949  -18.136  61.139 0.0000000000
46522  -23.462  -35.666  74.856 0.0000000000
43707  -10.019  -37.183  80.774 0.0000000000
72506  -47.211  -7.530  48.285 0.0000000000
71550  -47.982  -7.640  47.706 0.0000000000
33927  -4.419  -48.320  86.625 0.0000000000
33917  -3.426  -48.889  87.995 0.0000000000
128862  -34.382  -27.038  68.953 0.0000000000
48526  -26.862  -33.372  71.975 0.0000000000
48527  -27.510  -32.879  72.691 0.0000000000
48511  -27.913  -32.836  73.555 0.0000000000
48497  -28.505  -32.527  74.723 0.0000000000
48445  -13.756  -32.118  78.074 0.0000000000
48432  -13.422  -32.249  78.695 0.0000000000
46471  -12.435  -33.697  78.912 0.0000000000
45516  -12.292  -35.605  78.325 0.0000000000
43721  -15.420  -37.746  79.338 0.0000000000
50558  -19.549  -30.445  72.306 0.0000000000
50559  -20.230  -30.558  72.043 0.0000000000
122045  -20.567  -31.893  72.208 0.0000000000
48522  -21.248  -32.507  72.344 0.0000000000
124111  -24.080  -29.639  73.151 0.0000000000
131182  -23.551  -31.513  71.519 0.0000000000
49563  -23.843  -32.358  70.585 0.0000000000
48536  -24.795  -32.871  70.570 0.0000000000
49571  -24.488  -32.084  70.004 0.0000000000
138038  -24.251  -31.317  69.790 0.0000000000
50573  -24.524  -30.682  69.459 0.0000000000
54285  -24.038  -26.471  70.255 0.0000000000
53373  -24.230  -27.917  69.738 0.0000000000
54299  -24.472  -26.994  69.789 0.0000000000
53374  -25.057  -27.577  69.664 0.0000000000
127580  -26.622  -27.107  70.777 0.0000000000
53329  -27.085  -26.915  71.013 0.0000000000
60967  -36.804  -19.407  59.364 0.0000000000
142961  -37.872  -18.701  58.947 0.0000000000
62909  -38.293  -18.155  58.791 0.0000000000
64799  -37.401  -15.471  57.386 0.0000000000
132198  -37.318  -10.505  58.342 0.0000000000
69498  -36.978  -10.456  57.418 0.0000000000
69510  -36.960  -10.470  56.837 0.0000000000
69522  -37.416  -10.765  56.281 0.0000000000
68557  -39.488  -10.691  54.797 0.0000000000
68548  -40.328  -11.799  54.864 0.0000000000
67629  -40.545  -12.590  55.095 0.0000000000
66680  -40.841  -13.298  55.380 0.0000000000
72469  -44.093  -7.590  50.894 0.0000000000
72481  -44.682  -7.619  50.348 0.0000000000
72482  -45.302  -7.660  49.846 0.0000000000
72495  -45.947  -7.696  49.366 0.0000000000
74279  -45.458  -5.760  50.528 0.0000000000
39298  -6.370  -43.184  83.626 0.0000000000
34791  -5.758  -47.389  85.428 0.0000000000
53376  -28.797  -27.411  68.453 0.0000000000
53396  -29.516  -27.548  68.016 0.0000000000
139193  -29.672  -27.024  65.828 0.0000000000
53434  -31.093  -27.184  66.077 0.0000000000
124823  -32.488  -27.162  66.990 0.0000000000
55260  -32.736  -26.038  64.927 0.0000000000
58083  -28.841  -21.863  64.779 0.0000000000
59022  -29.874  -21.522  63.565 0.0000000000
121771  -32.464  -23.972  63.864 0.0000000000
132002  -32.117  -23.340  63.599 0.0000000000
57192  -32.947  -23.163  63.631 0.0000000000
57193  -33.975  -23.049  63.955 0.0000000000
121962  -34.012  -22.593  63.524 0.0000000000
60003  -32.343  -21.220  61.063 0.0000000000
58160  -35.571  -22.477  61.591 0.0000000000
59075  -35.323  -21.488  60.410 0.0000000000
133475  -35.867  -20.864  59.976 0.0000000000
63870  -33.752  -16.069  60.468 0.0000000000
64776  -34.250  -15.602  59.948 0.0000000000
136280  -18.730  -33.252  75.395 0.0000000000
137402  -19.527  -34.260  76.527 0.0000000000
41194  -8.835  -40.686  80.751 0.0000000000
142035  -9.690  -43.005  81.383 0.0000000000
42928  -11.707  -38.681  79.020 0.0000000000
121747  -12.210  -39.373  79.274 0.0000000000
53356  -32.733  -27.650  70.668 0.0000000000
126134  -16.998  -35.936  79.583 0.0000000000
45513  -17.579  -35.322  79.132 0.0000000000
45519  -17.570  -35.276  78.077 0.0000000000
50562  -27.784  -30.703  72.495 0.0000000000
121831  -28.001  -31.237  73.012 0.0000000000
49476  -14.074  -31.581  77.601 0.0000000000
119827  -14.082  -32.437  77.463 0.0000000000
44649  -15.333  -36.311  76.895 0.0000000000
44645  -15.416  -36.866  77.374 0.0000000000
44639  -15.831  -37.107  78.033 0.0000000000
55208  -24.962  -25.275  69.987 0.0000000000
55216  -25.464  -24.756  69.847 0.0000000000
131286  -24.076  -28.027  72.927 0.0000000000
52372  -23.687  -28.374  71.772 0.0000000000
51498  -23.720  -29.512  70.286 0.0000000000
124228  -23.694  -26.688  71.783 0.0000000000
53328  -23.574  -27.032  70.865 0.0000000000
55198  -24.393  -25.386  71.914 0.0000000000
54276  -23.899  -25.996  71.149 0.0000000000
55207  -24.471  -25.622  70.425 0.0000000000
62924  -35.977  -16.904  58.694 0.0000000000
62925  -36.774  -17.382  58.583 0.0000000000
64786  -36.950  -15.950  57.970 0.0000000000
64798  -36.538  -15.130  57.702 0.0000000000
64820  -37.898  -15.000  56.860 0.0000000000
70491  -38.412  -8.850  56.436 0.0000000000
142480  -38.651  -8.699  55.809 0.0000000000
70509  -38.692  -9.148  54.923 0.0000000000
71470  -39.566  -8.552  54.581 0.0000000000
70510  -39.369  -9.279  54.590 0.0000000000
69536  -39.948  -10.106  54.463 0.0000000000
69537  -40.728  -10.544  54.326 0.0000000000
69539  -42.786  -10.636  53.652 0.0000000000
71497  -43.854  -8.406  51.230 0.0000000000
73371  -43.931  -6.583  51.285 0.0000000000
38367  -7.877  -43.414  82.230 0.0000000000
37395  -8.121  -44.713  83.072 0.0000000000
118676  -26.834  -25.651  66.283 0.0000000000
118675  -26.613  -26.082  65.361 0.0000000000
54363  -28.082  -26.056  64.701 0.0000000000
55257  -28.982  -25.954  65.779 0.0000000000
56227  -29.213  -25.766  65.776 0.0000000000
55258  -29.637  -26.050  65.480 0.0000000000
55259  -30.290  -25.675  65.057 0.0000000000
135593  -30.548  -25.085  64.537 0.0000000000
130113  -29.151  -19.990  63.606 0.0000000000
60906  -29.442  -19.197  63.307 0.0000000000
59978  -30.006  -20.907  63.135 0.0000000000
59024  -32.123  -21.751  62.881 0.0000000000
134822  -31.490  -21.291  62.468 0.0000000000
60002  -31.139  -20.123  61.535 0.0000000000
60020  -32.516  -20.538  60.387 0.0000000000
60021  -33.272  -20.465  59.841 0.0000000000
62892  -32.945  -17.188  60.748 0.0000000000
64768  -33.592  -15.841  61.322 0.0000000000
121335  -20.358  -33.521  74.581 0.0000000000
47511  -20.783  -34.108  74.952 0.0000000000
46507  -21.508  -35.101  75.993 0.0000000000
46508  -22.350  -35.487  76.295 0.0000000000
43697  -9.663  -37.351  81.632 0.0000000000
128040  -9.090  -38.895  81.090 0.0000000000
42065  -9.164  -39.758  80.539 0.0000000000
121872  -10.484  -41.140  80.028 0.0000000000
42906  -14.025  -39.112  80.823 0.0000000000
37375  -4.516  -44.892  85.912 0.0000000000
36500  -3.939  -45.436  87.377 0.0000000000
128755  -3.712  -45.682  88.085 0.0000000000
36493  -3.254  -46.213  88.575 0.0000000000
69480  -37.679  -10.543  59.296 0.0000000000
69492  -38.012  -9.901  58.849 0.0000000000
70470  -38.576  -9.407  58.240 0.0000000000
55225  -35.359  -25.758  67.842 0.0000000000
46542  -25.315  -34.882  73.006 0.0000000000
46534  -25.636  -35.127  73.811 0.0000000000
46535  -26.415  -34.911  74.040 0.0000000000
45491  -11.302  -34.228  80.672 0.0000000000
125776  -11.072  -34.801  80.454 0.0000000000
44619  -10.649  -36.085  80.060 0.0000000000
42917  -13.780  -38.970  79.915 0.0000000000
74300  -47.699  -5.580  48.521 0.0000000000
136525  -29.916  -27.689  71.685 0.0000000000
53353  -28.561  -27.103  70.432 0.0000000000
55217  -26.086  -24.910  69.474 0.0000000000
57087  -27.312  -23.645  69.715 0.0000000000
135751  -27.276  -24.946  68.730 0.0000000000
119043  -27.827  -25.408  67.770 0.0000000000
135774  -27.910  -25.854  66.821 0.0000000000
118673  -28.306  -25.481  66.609 0.0000000000
56186  -29.350  -24.581  68.030 0.0000000000
47506  -16.632  -33.740  75.281 0.0000000000
125104  -16.922  -32.975  75.089 0.0000000000
48494  -17.320  -32.131  74.518 0.0000000000
138995  -18.447  -32.751  74.604 0.0000000000
50546  -18.094  -30.019  73.200 0.0000000000
49538  -18.297  -31.038  73.064 0.0000000000
49539  -19.168  -31.341  72.650 0.0000000000
48507  -18.612  -31.782  73.221 0.0000000000
140916  -21.688  -34.399  73.496 0.0000000000
46531  -22.079  -34.883  73.630 0.0000000000
46541  -24.469  -34.991  72.750 0.0000000000
49541  -22.271  -31.507  73.299 0.0000000000
47539  -23.357  -33.971  71.921 0.0000000000
46549  -25.098  -34.638  72.259 0.0000000000
47554  -25.814  -33.050  70.767 0.0000000000
49565  -27.056  -31.715  71.580 0.0000000000
50582  -24.104  -29.685  69.538 0.0000000000
50583  -24.951  -29.938  69.286 0.0000000000
52397  -24.840  -28.463  69.557 0.0000000000
51507  -24.660  -29.213  69.396 0.0000000000
50575  -26.295  -30.575  70.333 0.0000000000
122838  -27.537  -29.990  72.026 0.0000000000
52381  -27.661  -28.070  71.866 0.0000000000
52373  -28.357  -28.331  72.354 0.0000000000
53311  -28.830  -28.028  72.350 0.0000000000
49491  -15.409  -31.299  76.086 0.0000000000
49508  -15.722  -32.185  75.711 0.0000000000
60956  -38.547  -19.615  60.059 0.0000000000
63891  -38.264  -16.892  58.146 0.0000000000
129609  -36.452  -12.654  57.200 0.0000000000
131343  -38.362  -14.016  56.077 0.0000000000
123810  -38.080  -9.616  56.079 0.0000000000
69523  -38.002  -10.549  55.760 0.0000000000
137309  -38.478  -13.326  55.825 0.0000000000
65689  -39.002  -14.590  56.205 0.0000000000
66660  -41.281  -13.925  55.640 0.0000000000
71536  -47.011  -8.253  48.677 0.0000000000
72496  -46.554  -7.626  48.835 0.0000000000
73407  -46.840  -6.832  48.620 0.0000000000
74290  -47.065  -5.251  49.618 0.0000000000
38348  -5.866  -42.861  85.528 0.0000000000
37382  -4.898  -44.593  85.169 0.0000000000
37389  -6.337  -44.134  83.323 0.0000000000
36524  -5.835  -44.713  83.766 0.0000000000
36510  -4.716  -45.554  85.109 0.0000000000
35631  -4.686  -46.412  85.200 0.0000000000
34782  -5.079  -48.048  86.074 0.0000000000
53379  -32.376  -27.549  69.712 0.0000000000
54338  -28.425  -26.556  66.480 0.0000000000
140735  -29.435  -27.477  67.327 0.0000000000
53417  -30.137  -27.550  67.469 0.0000000000
53400  -32.891  -27.398  69.045 0.0000000000
54302  -33.718  -27.240  69.089 0.0000000000
131214  -34.022  -26.983  68.544 0.0000000000
119377  -33.035  -26.862  66.885 0.0000000000
120361  -33.907  -26.826  67.905 0.0000000000
58064  -29.996  -23.237  66.509 0.0000000000
142867  -29.358  -22.404  64.458 0.0000000000
58112  -29.824  -22.190  63.907 0.0000000000
57190  -30.035  -23.398  64.100 0.0000000000
55274  -31.820  -25.611  64.359 0.0000000000
55261  -33.260  -25.468  65.122 0.0000000000
55247  -33.829  -25.513  65.931 0.0000000000
55248  -34.582  -25.123  66.425 0.0000000000
55236  -35.544  -25.008  67.297 0.0000000000
142894  -35.189  -23.283  65.169 0.0000000000
122099  -34.152  -22.593  63.434 0.0000000000
60024  -37.430  -20.656  60.535 0.0000000000
61905  -36.238  -18.750  58.983 0.0000000000
60964  -34.267  -19.498  59.598 0.0000000000
61903  -34.588  -18.783  59.489 0.0000000000
64783  -34.673  -15.097  59.384 0.0000000000
140912  -35.093  -13.755  59.673 0.0000000000
47498  -18.705  -33.810  76.163 0.0000000000
120784  -18.626  -34.138  76.909 0.0000000000
123623  -20.147  -34.310  75.850 0.0000000000
136628  -20.066  -34.628  76.809 0.0000000000
47490  -21.236  -34.992  77.804 0.0000000000
138834  -20.599  -34.759  78.242 0.0000000000
138644  -25.063  -35.501  74.442 0.0000000000
46510  -25.020  -35.727  76.108 0.0000000000
41171  -7.241  -40.630  84.118 0.0000000000
142238  -7.118  -42.172  82.762 0.0000000000
41193  -8.233  -40.487  81.507 0.0000000000
39305  -7.466  -42.668  82.295 0.0000000000
38368  -8.544  -43.721  82.162 0.0000000000
42078  -10.556  -39.476  79.557 0.0000000000
134248  -10.452  -40.311  79.756 0.0000000000
42067  -12.971  -40.159  80.736 0.0000000000
40289  -11.986  -41.468  81.272 0.0000000000
40288  -11.379  -41.769  80.812 0.0000000000
32993  -2.481  -49.532  88.402 0.0000000000
33907  -2.485  -48.799  88.575 0.0000000000
34765  -2.392  -47.821  88.752 0.0000000000
35611  -2.470  -46.688  89.077 0.0000000000
33905  -1.877  -48.825  88.562 0.0000000000
140700  -1.767  -47.412  88.802 0.0000000000
34757  -1.964  -47.126  89.142 0.0000000000
49530  -28.305  -32.273  74.028 0.0000000000
51491  -23.745  -29.254  71.428 0.0000000000
52387  -23.789  -28.220  69.958 0.0000000000
53432  -29.690  -27.285  66.246 0.0000000000
54348  -26.619  -26.186  65.233 0.0000000000
54361  -26.722  -26.090  64.819 0.0000000000
54362  -27.184  -26.092  64.600 0.0000000000
55235  -35.266  -24.658  66.751 0.0000000000
55272  -27.516  -25.945  64.675 0.0000000000
56242  -26.890  -25.854  64.367 0.0000000000
71462  -38.729  -8.461  55.128 0.0000000000
72435  -39.019  -8.154  54.757 0.0000000000
118672  -27.976  -25.840  64.911 0.0000000000
118674  -27.099  -25.963  64.483 0.0000000000
119130  -26.754  -26.131  64.966 0.0000000000
119200  -26.819  -26.099  66.038 0.0000000000
121661  -27.548  -25.750  64.662 0.0000000000
123510  -23.561  -27.830  71.119 0.0000000000
135749  -26.638  -26.008  65.908 0.0000000000
135750  -27.856  -25.845  66.607 0.0000000000
135801  -27.851  -25.891  67.431 0.0000000000
138642  -27.091  -26.426  64.885 0.0000000000
142337  -3.960  -45.901  86.706 0.0000000000
