#!ascii label  , from subject sub-v1s8x0051344_ses-1 vox2ras=TkReg
1530
59990  -38.898  -21.094  61.791 0.0000000000
70517  -51.312  -9.173  54.491 0.0000000000
127843  -44.726  -16.013  57.699 0.0000000000
140887  -10.877  -43.618  86.358 0.0000000000
55236  -35.544  -25.008  67.297 0.0000000000
136425  -22.198  -33.966  85.369 0.0000000000
49401  -31.342  -31.206  84.028 0.0000000000
120047  -35.225  -27.950  76.741 0.0000000000
54256  -38.861  -27.119  74.175 0.0000000000
44621  -16.570  -36.580  80.110 0.0000000000
47374  -17.872  -33.893  85.445 0.0000000000
47466  -19.094  -33.993  79.662 0.0000000000
47482  -28.593  -33.735  78.059 0.0000000000
51424  -31.290  -29.870  76.850 0.0000000000
57129  -42.260  -24.567  68.684 0.0000000000
59000  -45.367  -21.456  65.575 0.0000000000
125141  -48.053  -11.765  56.749 0.0000000000
61895  -41.831  -18.566  60.528 0.0000000000
70558  -49.164  -9.671  50.321 0.0000000000
35621  -7.916  -46.959  87.308 0.0000000000
57061  -40.601  -23.990  72.124 0.0000000000
121005  -36.694  -23.004  65.213 0.0000000000
121032  -23.715  -35.695  80.009 0.0000000000
47381  -27.252  -33.703  85.181 0.0000000000
61847  -48.980  -19.049  62.957 0.0000000000
73453  -56.068  -5.753  45.143 0.0000000000
53288  -32.401  -28.201  74.780 0.0000000000
141350  -34.370  -28.060  73.513 0.0000000000
45505  -17.611  -35.229  80.095 0.0000000000
50531  -29.487  -30.823  74.580 0.0000000000
52343  -30.980  -29.024  74.957 0.0000000000
52331  -32.661  -28.460  77.388 0.0000000000
133488  -40.775  -22.898  65.057 0.0000000000
58054  -43.983  -23.331  67.051 0.0000000000
59016  -42.476  -21.219  64.573 0.0000000000
69528  -49.539  -10.444  55.489 0.0000000000
67605  -51.466  -12.293  57.710 0.0000000000
72447  -52.882  -7.883  53.739 0.0000000000
38362  -9.576  -44.197  83.371 0.0000000000
36507  -9.293  -45.715  86.600 0.0000000000
54292  -37.537  -26.314  70.543 0.0000000000
55184  -39.971  -25.686  73.098 0.0000000000
56177  -38.113  -24.111  69.193 0.0000000000
130472  -38.403  -23.776  68.101 0.0000000000
57141  -36.459  -23.740  66.587 0.0000000000
122334  -20.320  -33.062  85.181 0.0000000000
48316  -19.143  -32.954  88.166 0.0000000000
48320  -22.071  -32.574  89.045 0.0000000000
48337  -23.851  -33.083  88.216 0.0000000000
46494  -21.532  -35.264  76.998 0.0000000000
120058  -24.044  -35.734  76.339 0.0000000000
48408  -29.695  -32.768  81.290 0.0000000000
133117  -27.917  -33.916  81.938 0.0000000000
48378  -29.275  -32.269  84.121 0.0000000000
49379  -28.592  -31.632  86.867 0.0000000000
41185  -13.393  -40.161  82.658 0.0000000000
42002  -14.760  -39.344  86.411 0.0000000000
41972  -14.293  -40.118  88.889 0.0000000000
63880  -43.435  -17.340  58.531 0.0000000000
61880  -45.170  -18.596  61.523 0.0000000000
62900  -47.296  -17.797  60.473 0.0000000000
75203  -57.934  -3.551  44.578 0.0000000000
37347  -10.416  -44.265  90.286 0.0000000000
53227  -37.977  -27.806  79.350 0.0000000000
53244  -39.988  -28.097  78.012 0.0000000000
139226  -37.229  -27.947  76.225 0.0000000000
141739  -35.856  -27.535  72.285 0.0000000000
44588  -16.259  -37.176  82.953 0.0000000000
45437  -16.842  -35.902  86.230 0.0000000000
46432  -17.244  -34.905  82.763 0.0000000000
47417  -18.919  -33.604  82.442 0.0000000000
48397  -20.537  -33.876  82.964 0.0000000000
46512  -26.682  -34.823  75.870 0.0000000000
48483  -28.334  -33.086  75.318 0.0000000000
49479  -30.239  -31.903  78.101 0.0000000000
138288  -32.065  -31.180  80.235 0.0000000000
52294  -33.242  -29.028  79.901 0.0000000000
53225  -34.979  -27.705  79.372 0.0000000000
43720  -14.984  -38.162  79.833 0.0000000000
57063  -44.852  -23.858  72.630 0.0000000000
57988  -47.926  -22.382  73.815 0.0000000000
57099  -46.525  -24.024  70.061 0.0000000000
57151  -47.763  -23.647  67.823 0.0000000000
66650  -46.600  -13.666  57.145 0.0000000000
63885  -48.521  -16.034  59.316 0.0000000000
65669  -49.985  -14.203  58.667 0.0000000000
135483  -4.684  -52.208  90.272 0.0000000000
60940  -39.810  -19.755  60.999 0.0000000000
63893  -40.086  -16.998  58.111 0.0000000000
66662  -43.427  -14.209  55.663 0.0000000000
67634  -45.520  -12.649  55.580 0.0000000000
69542  -46.779  -10.804  54.275 0.0000000000
138139  -48.365  -9.576  53.562 0.0000000000
71491  -49.654  -8.900  52.296 0.0000000000
70546  -47.006  -10.121  51.503 0.0000000000
36481  -8.867  -46.066  90.323 0.0000000000
123106  -6.837  -47.692  91.330 0.0000000000
126131  -5.350  -49.640  91.408 0.0000000000
57930  -44.946  -22.657  77.233 0.0000000000
135137  -41.851  -26.557  77.109 0.0000000000
56081  -42.725  -23.976  76.170 0.0000000000
57972  -43.689  -23.107  75.092 0.0000000000
57077  -41.533  -23.631  71.047 0.0000000000
57143  -39.631  -23.988  66.874 0.0000000000
58120  -38.381  -22.779  63.506 0.0000000000
130399  -17.482  -34.626  89.053 0.0000000000
47468  -20.868  -34.684  79.781 0.0000000000
46418  -22.860  -34.840  83.158 0.0000000000
119630  -26.304  -35.013  78.789 0.0000000000
46438  -25.351  -35.060  82.727 0.0000000000
46391  -24.726  -34.770  85.215 0.0000000000
48340  -26.539  -32.993  87.850 0.0000000000
39300  -10.808  -43.081  83.409 0.0000000000
40264  -12.327  -41.523  83.200 0.0000000000
40246  -12.019  -42.060  86.089 0.0000000000
60929  -43.423  -19.503  63.130 0.0000000000
60894  -47.017  -19.891  64.160 0.0000000000
125698  -50.888  -20.675  65.441 0.0000000000
62883  -50.130  -17.308  61.824 0.0000000000
71500  -51.619  -8.311  51.448 0.0000000000
72497  -53.815  -7.569  49.933 0.0000000000
73411  -55.689  -6.384  48.779 0.0000000000
72530  -54.317  -7.472  46.068 0.0000000000
74310  -57.536  -4.871  47.376 0.0000000000
53299  -31.182  -28.236  73.898 0.0000000000
53314  -31.618  -27.884  73.198 0.0000000000
53333  -30.729  -27.662  71.674 0.0000000000
52352  -29.668  -28.976  73.543 0.0000000000
53286  -29.927  -28.449  73.319 0.0000000000
53287  -31.318  -28.466  74.553 0.0000000000
59013  -39.999  -22.061  63.821 0.0000000000
58995  -41.224  -22.196  64.667 0.0000000000
59029  -40.437  -21.357  63.370 0.0000000000
70503  -50.859  -9.766  55.021 0.0000000000
123190  -51.857  -10.754  56.350 0.0000000000
69531  -52.281  -10.083  55.798 0.0000000000
71463  -53.072  -8.716  54.870 0.0000000000
71486  -52.199  -8.145  53.717 0.0000000000
38356  -9.995  -44.142  84.447 0.0000000000
37383  -9.103  -45.269  84.916 0.0000000000
37377  -9.962  -45.147  86.845 0.0000000000
55219  -36.314  -25.826  68.930 0.0000000000
55211  -37.937  -25.482  70.248 0.0000000000
56188  -36.839  -24.836  68.473 0.0000000000
56189  -37.683  -23.969  68.391 0.0000000000
56201  -35.996  -24.282  67.020 0.0000000000
42851  -15.742  -38.272  87.541 0.0000000000
48367  -20.904  -33.441  84.950 0.0000000000
48352  -20.605  -32.816  86.653 0.0000000000
47361  -22.324  -33.246  86.992 0.0000000000
119591  -22.959  -32.776  88.549 0.0000000000
47362  -23.127  -33.646  86.850 0.0000000000
143029  -30.813  -31.967  82.021 0.0000000000
48399  -29.637  -32.615  82.286 0.0000000000
49400  -30.527  -31.459  84.345 0.0000000000
49389  -29.528  -31.537  85.588 0.0000000000
42869  -15.523  -38.617  85.131 0.0000000000
126993  -15.517  -38.588  86.101 0.0000000000
42850  -15.283  -38.871  87.915 0.0000000000
57945  -46.452  -22.925  76.403 0.0000000000
125677  -43.992  -16.914  58.185 0.0000000000
62916  -44.832  -17.676  59.448 0.0000000000
63898  -45.644  -16.594  58.596 0.0000000000
53240  -36.354  -27.975  78.591 0.0000000000
53254  -37.757  -28.159  77.484 0.0000000000
120044  -35.793  -27.924  75.888 0.0000000000
120980  -35.048  -27.830  73.135 0.0000000000
53338  -34.989  -27.626  71.376 0.0000000000
119555  -35.754  -27.251  70.699 0.0000000000
44596  -16.183  -36.949  81.573 0.0000000000
44589  -16.665  -36.387  82.863 0.0000000000
44597  -16.655  -36.352  81.950 0.0000000000
47450  -18.720  -34.079  80.228 0.0000000000
125519  -18.049  -34.381  81.543 0.0000000000
47432  -18.932  -33.928  80.937 0.0000000000
47418  -19.399  -33.671  82.374 0.0000000000
47452  -19.581  -33.964  80.767 0.0000000000
47529  -27.476  -33.587  73.517 0.0000000000
51452  -30.550  -30.146  75.337 0.0000000000
49514  -29.769  -31.431  75.885 0.0000000000
49480  -30.688  -31.276  77.851 0.0000000000
49448  -30.860  -31.837  79.353 0.0000000000
50494  -31.741  -30.301  78.556 0.0000000000
50481  -32.678  -29.963  79.572 0.0000000000
51413  -32.108  -29.527  78.168 0.0000000000
53264  -33.202  -27.986  76.681 0.0000000000
53237  -33.463  -28.176  78.305 0.0000000000
139464  -34.863  -27.970  78.278 0.0000000000
135512  -35.830  -27.544  79.576 0.0000000000
43710  -15.580  -37.689  80.252 0.0000000000
56165  -43.985  -24.750  70.566 0.0000000000
57080  -45.410  -24.324  70.934 0.0000000000
56179  -44.334  -24.685  69.727 0.0000000000
58073  -45.287  -22.668  66.502 0.0000000000
57150  -46.341  -23.721  67.631 0.0000000000
58074  -46.094  -22.674  66.546 0.0000000000
121936  -48.009  -23.120  67.241 0.0000000000
135525  -47.222  -22.459  66.062 0.0000000000
67600  -47.050  -12.859  57.149 0.0000000000
66635  -48.573  -13.969  58.156 0.0000000000
66653  -48.634  -13.111  57.777 0.0000000000
68504  -54.063  -11.963  58.552 0.0000000000
67614  -44.075  -13.427  55.466 0.0000000000
68551  -43.356  -12.104  54.525 0.0000000000
69541  -45.057  -11.310  53.796 0.0000000000
69553  -46.452  -10.648  53.530 0.0000000000
70512  -47.232  -10.255  53.830 0.0000000000
70526  -46.902  -10.150  53.080 0.0000000000
70537  -47.408  -9.918  52.531 0.0000000000
35635  -7.975  -46.337  85.551 0.0000000000
34767  -7.333  -47.562  87.470 0.0000000000
37337  -9.691  -44.874  92.024 0.0000000000
36482  -9.473  -45.456  90.244 0.0000000000
37336  -9.108  -45.421  92.054 0.0000000000
34744  -6.553  -47.380  93.004 0.0000000000
34740  -6.264  -48.139  92.823 0.0000000000
33888  -6.140  -48.375  91.358 0.0000000000
126021  -5.545  -49.469  92.126 0.0000000000
32080  -5.809  -50.978  91.533 0.0000000000
53267  -39.559  -27.921  76.675 0.0000000000
121213  -41.603  -26.905  77.834 0.0000000000
53279  -40.428  -27.252  75.641 0.0000000000
56126  -40.934  -24.225  73.131 0.0000000000
56094  -41.546  -24.767  74.620 0.0000000000
57045  -41.422  -24.024  73.575 0.0000000000
57956  -43.253  -23.245  75.217 0.0000000000
57983  -41.562  -23.784  73.257 0.0000000000
133105  -42.016  -23.717  72.388 0.0000000000
58006  -41.004  -23.559  71.416 0.0000000000
58067  -37.929  -23.724  66.836 0.0000000000
58051  -39.104  -23.958  67.718 0.0000000000
125598  -38.269  -23.568  65.952 0.0000000000
136002  -39.029  -23.291  65.070 0.0000000000
121893  -37.674  -22.983  64.820 0.0000000000
46389  -17.446  -34.586  85.720 0.0000000000
46374  -17.095  -34.994  87.270 0.0000000000
143863  -17.769  -34.209  86.930 0.0000000000
122540  -22.903  -35.756  77.973 0.0000000000
46484  -21.402  -35.003  78.494 0.0000000000
46474  -22.412  -35.381  79.382 0.0000000000
46449  -21.723  -34.965  81.049 0.0000000000
127768  -23.271  -35.526  80.764 0.0000000000
47491  -27.310  -34.569  77.124 0.0000000000
46499  -26.587  -34.982  77.396 0.0000000000
46478  -27.145  -34.674  79.091 0.0000000000
47408  -27.640  -33.813  83.482 0.0000000000
131915  -26.833  -34.609  82.260 0.0000000000
47407  -26.940  -34.297  83.776 0.0000000000
46420  -25.361  -34.886  83.684 0.0000000000
47380  -26.498  -34.135  85.472 0.0000000000
47354  -25.939  -33.556  87.188 0.0000000000
48368  -27.029  -33.540  86.041 0.0000000000
52267  -34.418  -29.022  82.973 0.0000000000
41184  -12.891  -40.909  82.943 0.0000000000
40255  -12.662  -41.320  84.731 0.0000000000
122056  -12.003  -41.917  84.924 0.0000000000
41116  -14.789  -40.350  90.474 0.0000000000
128130  -40.972  -18.818  60.472 0.0000000000
60927  -41.841  -19.559  62.214 0.0000000000
61857  -41.977  -19.005  61.653 0.0000000000
61862  -46.334  -18.865  62.411 0.0000000000
61843  -45.637  -19.083  62.957 0.0000000000
60912  -47.486  -19.515  63.548 0.0000000000
59967  -48.393  -20.769  64.393 0.0000000000
60897  -49.810  -19.813  64.055 0.0000000000
64771  -50.746  -15.713  60.413 0.0000000000
63874  -49.439  -16.527  60.347 0.0000000000
63863  -51.408  -16.410  61.709 0.0000000000
70548  -49.560  -9.290  51.264 0.0000000000
119457  -50.994  -8.305  52.013 0.0000000000
70559  -49.975  -9.364  50.352 0.0000000000
71525  -52.320  -8.466  49.162 0.0000000000
72507  -53.656  -7.849  48.971 0.0000000000
73410  -54.903  -7.029  48.994 0.0000000000
72508  -54.254  -7.476  48.457 0.0000000000
73439  -54.710  -6.931  44.682 0.0000000000
72556  -53.861  -7.378  44.870 0.0000000000
73440  -55.356  -6.591  45.438 0.0000000000
136110  -55.925  -6.184  47.230 0.0000000000
74320  -57.101  -5.113  46.453 0.0000000000
74329  -57.505  -4.530  45.917 0.0000000000
75205  -58.934  -4.272  44.512 0.0000000000
120046  -33.558  -27.935  75.863 0.0000000000
120041  -34.808  -27.931  74.751 0.0000000000
120038  -33.484  -28.187  73.517 0.0000000000
127100  -32.809  -27.905  72.243 0.0000000000
126134  -16.998  -35.936  79.583 0.0000000000
134505  -28.729  -29.892  73.358 0.0000000000
51466  -30.029  -29.342  74.160 0.0000000000
142220  -31.362  -29.463  76.066 0.0000000000
52330  -32.214  -28.807  76.955 0.0000000000
52337  -31.892  -28.543  76.123 0.0000000000
53274  -32.333  -28.199  75.372 0.0000000000
57163  -41.881  -23.860  66.412 0.0000000000
57147  -43.497  -24.101  67.597 0.0000000000
58070  -42.636  -23.287  66.202 0.0000000000
58977  -43.143  -22.303  65.808 0.0000000000
59943  -43.233  -20.993  64.898 0.0000000000
68555  -48.117  -11.219  56.056 0.0000000000
121471  -49.991  -12.350  57.473 0.0000000000
68536  -50.552  -11.323  56.640 0.0000000000
68522  -52.683  -11.545  57.445 0.0000000000
72457  -54.037  -7.110  53.161 0.0000000000
36513  -8.860  -45.792  85.684 0.0000000000
36501  -8.944  -46.153  87.249 0.0000000000
54271  -38.435  -26.715  72.501 0.0000000000
54264  -39.479  -26.558  73.558 0.0000000000
55192  -39.009  -25.964  71.976 0.0000000000
56137  -39.493  -24.974  71.538 0.0000000000
57074  -39.663  -23.740  70.560 0.0000000000
58016  -39.680  -23.647  70.330 0.0000000000
57111  -38.516  -23.739  68.807 0.0000000000
58049  -37.827  -23.791  67.428 0.0000000000
58086  -36.314  -23.292  65.614 0.0000000000
48364  -19.042  -32.972  85.244 0.0000000000
47359  -18.524  -33.392  86.690 0.0000000000
48351  -19.582  -32.798  86.439 0.0000000000
48318  -20.457  -32.535  88.451 0.0000000000
48307  -24.161  -32.874  89.741 0.0000000000
46509  -23.170  -35.614  76.547 0.0000000000
46486  -24.122  -35.645  78.131 0.0000000000
48433  -29.036  -33.356  79.756 0.0000000000
47455  -27.910  -34.174  80.316 0.0000000000
48419  -29.022  -33.173  81.148 0.0000000000
47409  -28.311  -33.385  83.148 0.0000000000
48377  -28.594  -32.710  84.492 0.0000000000
48369  -27.719  -33.043  85.710 0.0000000000
49388  -28.841  -31.914  85.925 0.0000000000
42896  -14.174  -39.188  81.838 0.0000000000
42034  -14.428  -39.232  83.277 0.0000000000
42001  -14.023  -40.029  86.187 0.0000000000
41138  -13.885  -40.454  87.502 0.0000000000
41979  -14.223  -39.944  87.906 0.0000000000
62894  -42.248  -18.187  59.878 0.0000000000
61878  -43.539  -18.541  61.320 0.0000000000
62896  -44.046  -17.932  59.985 0.0000000000
62878  -45.658  -18.265  60.780 0.0000000000
62862  -47.644  -18.461  61.864 0.0000000000
70567  -48.004  -9.711  49.410 0.0000000000
70569  -49.646  -9.580  49.587 0.0000000000
70581  -49.002  -9.242  48.466 0.0000000000
123043  -55.221  -6.108  43.647 0.0000000000
74328  -56.917  -4.974  44.955 0.0000000000
74359  -56.213  -5.126  43.155 0.0000000000
74372  -56.700  -4.269  42.427 0.0000000000
38333  -11.069  -43.404  87.808 0.0000000000
37364  -10.538  -44.218  88.076 0.0000000000
138421  -39.902  -26.793  80.052 0.0000000000
53242  -38.569  -28.095  78.705 0.0000000000
53255  -38.716  -28.099  77.196 0.0000000000
53292  -38.191  -27.591  74.890 0.0000000000
53289  -35.681  -27.759  74.424 0.0000000000
53290  -36.541  -27.611  74.104 0.0000000000
54262  -37.700  -27.208  73.099 0.0000000000
54278  -36.533  -27.102  71.223 0.0000000000
135985  -36.080  -26.844  69.940 0.0000000000
122199  -16.372  -37.512  85.048 0.0000000000
44572  -16.661  -36.637  85.999 0.0000000000
44583  -16.681  -36.759  85.127 0.0000000000
45463  -16.901  -35.606  84.052 0.0000000000
46400  -17.664  -34.222  84.116 0.0000000000
46459  -17.576  -35.119  81.052 0.0000000000
46433  -17.751  -34.488  82.333 0.0000000000
125881  -18.256  -33.682  83.698 0.0000000000
48384  -19.151  -33.231  83.797 0.0000000000
140595  -20.138  -33.395  84.227 0.0000000000
47406  -21.876  -34.169  84.103 0.0000000000
47513  -27.687  -33.835  75.298 0.0000000000
141362  -28.415  -33.436  76.446 0.0000000000
49531  -28.917  -31.681  74.504 0.0000000000
48469  -29.229  -32.619  76.782 0.0000000000
48446  -29.186  -33.113  78.295 0.0000000000
49447  -30.327  -32.308  79.712 0.0000000000
49427  -30.890  -32.035  81.256 0.0000000000
143106  -31.853  -31.562  82.450 0.0000000000
50424  -33.095  -30.472  83.605 0.0000000000
50436  -33.015  -30.833  82.259 0.0000000000
51378  -34.083  -29.512  81.069 0.0000000000
53203  -34.385  -28.328  81.066 0.0000000000
52320  -32.825  -28.538  78.302 0.0000000000
53223  -33.797  -28.562  79.428 0.0000000000
54201  -34.771  -27.600  80.663 0.0000000000
54203  -36.246  -26.833  81.058 0.0000000000
42897  -14.817  -38.644  82.183 0.0000000000
57049  -45.093  -23.363  73.663 0.0000000000
57064  -45.859  -23.376  72.955 0.0000000000
58007  -47.463  -22.867  72.165 0.0000000000
58019  -48.007  -22.943  71.189 0.0000000000
57131  -44.957  -24.200  68.306 0.0000000000
57116  -47.054  -24.073  69.272 0.0000000000
65679  -45.594  -14.973  57.299 0.0000000000
64778  -47.189  -15.993  58.771 0.0000000000
65666  -47.342  -14.721  58.160 0.0000000000
65657  -49.388  -14.916  58.877 0.0000000000
65650  -51.350  -15.103  60.137 0.0000000000
67591  -51.025  -12.874  58.050 0.0000000000
66624  -51.963  -13.907  59.120 0.0000000000
60005  -38.616  -20.749  61.206 0.0000000000
60006  -39.456  -20.498  61.530 0.0000000000
60939  -39.021  -20.096  60.774 0.0000000000
61893  -39.256  -19.138  59.975 0.0000000000
61909  -40.450  -18.495  59.802 0.0000000000
62912  -40.865  -17.986  59.239 0.0000000000
62930  -41.884  -17.428  58.547 0.0000000000
143480  -42.624  -16.833  57.828 0.0000000000
64805  -43.496  -16.075  57.254 0.0000000000
65678  -44.718  -15.030  56.810 0.0000000000
65695  -44.780  -14.403  56.323 0.0000000000
124768  -45.721  -13.213  56.084 0.0000000000
68532  -46.733  -11.897  55.948 0.0000000000
68562  -44.741  -11.632  54.264 0.0000000000
131816  -45.946  -11.562  55.020 0.0000000000
68554  -47.221  -11.293  55.698 0.0000000000
123302  -47.773  -10.766  55.214 0.0000000000
70501  -49.065  -9.915  54.896 0.0000000000
70515  -49.530  -9.055  53.845 0.0000000000
71484  -50.655  -8.477  53.217 0.0000000000
131617  -49.078  -9.012  52.815 0.0000000000
70539  -48.872  -9.371  52.054 0.0000000000
120011  -47.767  -9.975  50.886 0.0000000000
70566  -47.101  -9.443  49.703 0.0000000000
37370  -10.043  -45.003  87.787 0.0000000000
36489  -9.131  -45.952  88.947 0.0000000000
35613  -8.581  -46.534  88.690 0.0000000000
36467  -7.726  -46.043  92.974 0.0000000000
35605  -7.756  -47.116  90.414 0.0000000000
125884  -7.378  -47.629  89.026 0.0000000000
34758  -6.791  -48.063  89.581 0.0000000000
33892  -5.566  -49.154  89.772 0.0000000000
32989  -4.793  -49.896  89.402 0.0000000000
32079  -5.196  -51.076  91.145 0.0000000000
134619  -45.321  -22.558  76.713 0.0000000000
55159  -42.814  -25.237  77.761 0.0000000000
55169  -41.345  -25.855  74.824 0.0000000000
124325  -42.318  -24.928  76.062 0.0000000000
57928  -43.713  -22.683  76.736 0.0000000000
57957  -43.936  -22.650  75.751 0.0000000000
143867  -44.724  -22.731  75.219 0.0000000000
57048  -44.053  -23.665  73.413 0.0000000000
57097  -42.639  -24.287  71.295 0.0000000000
57114  -42.127  -24.350  69.618 0.0000000000
127232  -40.184  -23.670  70.031 0.0000000000
58041  -40.623  -23.981  68.838 0.0000000000
57128  -41.499  -24.520  68.022 0.0000000000
57161  -40.334  -23.943  66.117 0.0000000000
58105  -39.600  -22.831  64.319 0.0000000000
59027  -38.791  -22.267  63.046 0.0000000000
55235  -35.266  -24.658  66.751 0.0000000000
57158  -35.456  -23.620  65.678 0.0000000000
58085  -35.752  -23.313  65.285 0.0000000000
58101  -35.361  -22.886  64.389 0.0000000000
58117  -35.635  -22.789  63.916 0.0000000000
58141  -37.094  -22.718  62.609 0.0000000000
137396  -37.032  -22.272  61.833 0.0000000000
59058  -37.403  -21.675  61.419 0.0000000000
47344  -18.171  -33.704  88.255 0.0000000000
47488  -19.313  -34.190  78.264 0.0000000000
47478  -20.076  -34.439  78.777 0.0000000000
47453  -20.201  -34.234  80.239 0.0000000000
47436  -20.923  -34.556  81.481 0.0000000000
47420  -21.903  -34.602  82.795 0.0000000000
46401  -22.684  -34.563  84.022 0.0000000000
142017  -25.403  -35.603  76.603 0.0000000000
46487  -25.249  -35.564  77.956 0.0000000000
120395  -24.921  -35.642  78.834 0.0000000000
46455  -27.270  -34.536  80.852 0.0000000000
46463  -25.674  -35.335  80.204 0.0000000000
46452  -24.759  -35.494  81.408 0.0000000000
46437  -24.440  -35.355  82.343 0.0000000000
46403  -24.112  -34.905  84.617 0.0000000000
46390  -23.866  -34.663  85.407 0.0000000000
47363  -24.324  -33.961  86.867 0.0000000000
48339  -25.676  -33.238  88.117 0.0000000000
38363  -10.126  -43.564  82.893 0.0000000000
38349  -10.665  -43.673  84.776 0.0000000000
40289  -11.986  -41.468  81.272 0.0000000000
40276  -11.614  -41.940  81.651 0.0000000000
39301  -11.272  -42.556  82.983 0.0000000000
137128  -11.540  -42.585  84.674 0.0000000000
39276  -11.239  -43.103  85.983 0.0000000000
39261  -11.922  -42.500  87.911 0.0000000000
124274  -13.679  -40.849  89.123 0.0000000000
59992  -40.606  -20.378  62.346 0.0000000000
59961  -42.943  -20.677  64.283 0.0000000000
59963  -44.586  -20.207  64.420 0.0000000000
61841  -44.087  -19.007  62.618 0.0000000000
60892  -45.302  -19.762  63.992 0.0000000000
59946  -45.913  -20.904  65.137 0.0000000000
59948  -47.906  -21.478  65.023 0.0000000000
124944  -47.905  -17.270  60.029 0.0000000000
62881  -48.941  -17.652  61.194 0.0000000000
61866  -49.983  -18.459  62.834 0.0000000000
71493  -51.158  -8.154  52.728 0.0000000000
72462  -52.602  -7.838  52.548 0.0000000000
72472  -53.196  -7.655  51.749 0.0000000000
137464  -51.080  -9.017  49.812 0.0000000000
72483  -52.844  -8.005  50.992 0.0000000000
73373  -54.884  -6.435  51.327 0.0000000000
73387  -55.070  -6.427  50.448 0.0000000000
73389  -56.820  -5.211  50.210 0.0000000000
71567  -53.300  -8.028  47.081 0.0000000000
72519  -55.115  -6.826  47.150 0.0000000000
73412  -56.783  -5.545  48.640 0.0000000000
75204  -58.301  -4.064  45.216 0.0000000000
53313  -30.744  -27.932  73.182 0.0000000000
127043  -31.156  -27.748  72.432 0.0000000000
53298  -30.109  -28.090  73.123 0.0000000000
143262  -30.452  -28.250  73.586 0.0000000000
59028  -39.546  -21.716  63.018 0.0000000000
59991  -39.472  -21.106  62.241 0.0000000000
70504  -51.786  -9.641  55.148 0.0000000000
70505  -52.698  -9.418  55.318 0.0000000000
70518  -52.195  -8.976  54.688 0.0000000000
71475  -52.594  -8.365  54.219 0.0000000000
71474  -51.772  -8.541  54.073 0.0000000000
136772  -10.351  -44.127  85.239 0.0000000000
137993  -10.353  -44.375  86.175 0.0000000000
140114  -36.052  -25.496  68.329 0.0000000000
56176  -37.065  -25.447  69.206 0.0000000000
141331  -37.033  -24.136  67.873 0.0000000000
55226  -36.248  -24.754  67.717 0.0000000000
43632  -15.987  -37.505  88.045 0.0000000000
43643  -16.026  -37.667  87.094 0.0000000000
47376  -21.521  -33.590  85.669 0.0000000000
47360  -21.744  -33.339  86.434 0.0000000000
47377  -22.468  -33.776  86.147 0.0000000000
49417  -31.186  -31.796  82.610 0.0000000000
49409  -30.845  -31.688  83.454 0.0000000000
50414  -30.993  -30.915  84.914 0.0000000000
136492  -15.760  -38.264  86.808 0.0000000000
63897  -44.762  -16.601  58.234 0.0000000000
123640  -45.056  -17.112  58.826 0.0000000000
53252  -35.663  -28.143  77.767 0.0000000000
135870  -36.363  -28.100  76.733 0.0000000000
53357  -33.802  -27.632  70.577 0.0000000000
53337  -34.241  -27.706  71.195 0.0000000000
44607  -16.617  -36.436  81.071 0.0000000000
47451  -19.156  -33.913  80.495 0.0000000000
47433  -19.166  -33.799  81.435 0.0000000000
51438  -30.961  -30.108  76.053 0.0000000000
50519  -30.689  -30.534  76.789 0.0000000000
50506  -30.896  -30.627  77.432 0.0000000000
50493  -31.180  -30.844  78.142 0.0000000000
51412  -31.452  -30.026  77.769 0.0000000000
120048  -34.120  -27.857  76.700 0.0000000000
53251  -34.589  -27.909  77.577 0.0000000000
44606  -16.048  -37.029  80.671 0.0000000000
56190  -42.903  -24.682  69.267 0.0000000000
56191  -43.770  -24.667  69.087 0.0000000000
58979  -44.877  -22.054  66.019 0.0000000000
58980  -45.739  -22.049  66.099 0.0000000000
135241  -46.855  -22.852  66.524 0.0000000000
58981  -46.544  -22.245  66.072 0.0000000000
67618  -47.559  -12.224  57.041 0.0000000000
67601  -47.832  -12.880  57.467 0.0000000000
67602  -48.527  -12.283  57.262 0.0000000000
67579  -54.209  -12.523  59.283 0.0000000000
128768  -42.868  -12.678  54.846 0.0000000000
70525  -46.095  -10.524  52.745 0.0000000000
70536  -46.557  -10.242  52.263 0.0000000000
35628  -7.951  -46.715  86.482 0.0000000000
35627  -7.335  -47.250  86.631 0.0000000000
37329  -9.133  -44.897  93.103 0.0000000000
33884  -5.908  -48.802  92.493 0.0000000000
138051  -6.616  -49.752  92.696 0.0000000000
53278  -39.611  -27.616  75.742 0.0000000000
53268  -40.381  -27.588  76.351 0.0000000000
54246  -40.114  -27.092  75.020 0.0000000000
56139  -40.611  -24.091  72.393 0.0000000000
124891  -40.773  -24.100  72.839 0.0000000000
57046  -41.446  -23.900  73.401 0.0000000000
57062  -40.981  -23.912  72.699 0.0000000000
57996  -41.247  -23.720  72.397 0.0000000000
57995  -40.642  -23.828  71.853 0.0000000000
139963  -37.465  -23.465  66.226 0.0000000000
58087  -37.493  -23.173  65.600 0.0000000000
58088  -38.213  -23.147  65.162 0.0000000000
46381  -17.497  -34.566  86.670 0.0000000000
137445  -17.893  -33.920  86.337 0.0000000000
122541  -23.118  -35.705  78.795 0.0000000000
135861  -23.188  -35.643  79.481 0.0000000000
123243  -22.776  -35.465  80.066 0.0000000000
47492  -27.976  -34.240  77.658 0.0000000000
47480  -27.065  -34.735  78.089 0.0000000000
47481  -27.944  -34.311  78.561 0.0000000000
47397  -27.450  -33.787  84.327 0.0000000000
47396  -26.761  -34.259  84.641 0.0000000000
46405  -26.191  -34.652  84.100 0.0000000000
52268  -34.774  -28.105  82.666 0.0000000000
41145  -13.041  -41.052  86.707 0.0000000000
61877  -41.503  -18.954  61.107 0.0000000000
139031  -42.130  -18.693  61.124 0.0000000000
61864  -47.761  -18.791  62.421 0.0000000000
61845  -47.075  -19.130  62.895 0.0000000000
60913  -48.383  -19.577  63.459 0.0000000000
60896  -48.839  -20.164  63.862 0.0000000000
60914  -49.168  -19.614  63.473 0.0000000000
121242  -51.427  -15.573  60.734 0.0000000000
64761  -50.995  -16.043  61.081 0.0000000000
70549  -50.295  -9.012  50.984 0.0000000000
71541  -52.921  -8.263  48.617 0.0000000000
72518  -53.529  -7.966  48.042 0.0000000000
73452  -55.441  -6.270  44.380 0.0000000000
73441  -56.183  -5.797  46.021 0.0000000000
143572  -56.754  -5.265  45.694 0.0000000000
135849  -32.949  -28.081  75.227 0.0000000000
135853  -33.183  -28.169  74.456 0.0000000000
120039  -32.557  -28.170  74.024 0.0000000000
127042  -32.044  -27.798  72.351 0.0000000000
53335  -32.441  -27.756  71.591 0.0000000000
51478  -28.954  -29.235  73.201 0.0000000000
52353  -30.442  -28.838  74.142 0.0000000000
52342  -30.568  -29.400  74.720 0.0000000000
52336  -31.453  -28.882  75.674 0.0000000000
52344  -31.552  -28.524  75.197 0.0000000000
120040  -31.914  -28.221  74.300 0.0000000000
119911  -31.863  -28.304  75.046 0.0000000000
58069  -41.021  -23.524  65.575 0.0000000000
123670  -41.783  -23.327  65.845 0.0000000000
59015  -41.695  -21.495  64.227 0.0000000000
58996  -41.973  -21.898  64.989 0.0000000000
58997  -42.779  -21.706  65.231 0.0000000000
58998  -43.615  -21.565  65.389 0.0000000000
69512  -49.140  -10.990  56.099 0.0000000000
68535  -49.716  -11.444  56.638 0.0000000000
69513  -50.053  -10.888  56.108 0.0000000000
69500  -52.504  -10.965  56.898 0.0000000000
68523  -53.729  -11.447  57.871 0.0000000000
125537  -54.313  -10.940  57.684 0.0000000000
72448  -53.711  -7.515  53.717 0.0000000000
119856  -54.568  -7.029  53.766 0.0000000000
72456  -53.179  -7.622  53.192 0.0000000000
37384  -9.593  -45.171  85.897 0.0000000000
36506  -8.612  -46.228  86.444 0.0000000000
54279  -38.181  -26.461  71.633 0.0000000000
56162  -38.507  -24.486  69.969 0.0000000000
55212  -38.507  -25.173  70.585 0.0000000000
56150  -39.184  -24.516  70.692 0.0000000000
56151  -39.844  -24.059  71.213 0.0000000000
125085  -38.896  -24.142  70.096 0.0000000000
57093  -39.456  -23.690  70.022 0.0000000000
57092  -38.878  -23.801  69.514 0.0000000000
56202  -36.769  -23.977  67.275 0.0000000000
57124  -37.519  -23.839  67.602 0.0000000000
57142  -37.116  -23.709  66.935 0.0000000000
58066  -37.258  -23.610  66.629 0.0000000000
58065  -36.694  -23.519  66.249 0.0000000000
48365  -19.722  -32.841  85.707 0.0000000000
48350  -19.036  -32.967  86.124 0.0000000000
120936  -21.298  -32.622  88.173 0.0000000000
48335  -20.593  -32.665  87.495 0.0000000000
48321  -23.653  -32.723  89.213 0.0000000000
48322  -24.448  -32.907  89.016 0.0000000000
46496  -23.621  -35.686  77.210 0.0000000000
48420  -29.361  -33.045  80.460 0.0000000000
48389  -29.507  -32.462  83.217 0.0000000000
48398  -28.943  -32.955  82.750 0.0000000000
48388  -28.790  -32.840  83.620 0.0000000000
48387  -28.104  -33.270  83.982 0.0000000000
48370  -28.394  -32.565  85.370 0.0000000000
49398  -29.055  -32.103  85.014 0.0000000000
50405  -29.960  -30.903  86.188 0.0000000000
42045  -14.473  -39.055  82.600 0.0000000000
42044  -13.973  -39.493  82.652 0.0000000000
124806  -14.988  -39.011  85.582 0.0000000000
41990  -14.186  -39.923  87.049 0.0000000000
41991  -14.770  -39.407  87.433 0.0000000000
42838  -15.446  -39.017  88.799 0.0000000000
62914  -42.685  -17.796  59.039 0.0000000000
62895  -43.140  -17.970  59.963 0.0000000000
62915  -43.653  -17.782  59.254 0.0000000000
62898  -45.621  -17.807  59.898 0.0000000000
62879  -46.623  -18.190  61.025 0.0000000000
62861  -46.868  -18.537  61.709 0.0000000000
62880  -47.484  -18.134  61.222 0.0000000000
70580  -48.202  -9.132  48.681 0.0000000000
73466  -53.981  -6.304  43.596 0.0000000000
73467  -54.763  -6.023  43.270 0.0000000000
74340  -55.807  -5.694  43.746 0.0000000000
73479  -55.413  -5.617  43.148 0.0000000000
38326  -10.968  -43.604  88.731 0.0000000000
38305  -10.680  -43.725  92.188 0.0000000000
54217  -38.293  -27.211  79.979 0.0000000000
53228  -38.867  -27.724  79.411 0.0000000000
53265  -37.938  -27.987  76.644 0.0000000000
53266  -38.763  -27.910  76.241 0.0000000000
53276  -37.272  -27.770  75.391 0.0000000000
135845  -34.096  -28.158  74.192 0.0000000000
53300  -34.988  -27.905  73.924 0.0000000000
136495  -35.632  -27.655  72.783 0.0000000000
120210  -35.850  -27.662  73.486 0.0000000000
53319  -36.277  -27.505  72.724 0.0000000000
53302  -37.267  -27.489  73.797 0.0000000000
125721  -37.049  -27.273  72.506 0.0000000000
54269  -36.462  -27.314  72.007 0.0000000000
44582  -16.447  -37.216  84.380 0.0000000000
123787  -16.524  -36.838  83.628 0.0000000000
131544  -16.926  -35.568  83.210 0.0000000000
136974  -16.774  -36.176  83.604 0.0000000000
131178  -17.143  -34.911  84.699 0.0000000000
46416  -17.176  -34.844  83.652 0.0000000000
121982  -17.025  -35.814  80.570 0.0000000000
139795  -18.708  -33.908  81.595 0.0000000000
47416  -18.294  -33.958  82.324 0.0000000000
46417  -17.784  -34.194  83.110 0.0000000000
47403  -18.436  -33.689  82.966 0.0000000000
126150  -18.711  -33.357  84.119 0.0000000000
47404  -18.828  -33.420  83.337 0.0000000000
48406  -20.097  -33.867  82.371 0.0000000000
48396  -19.831  -33.571  83.190 0.0000000000
48386  -20.542  -33.742  83.578 0.0000000000
47392  -21.072  -33.751  84.166 0.0000000000
47405  -21.302  -34.076  83.341 0.0000000000
47522  -27.975  -33.229  74.413 0.0000000000
130832  -28.097  -33.580  76.029 0.0000000000
133245  -29.066  -30.863  74.013 0.0000000000
49513  -29.424  -31.538  75.273 0.0000000000
49496  -29.816  -31.824  76.604 0.0000000000
49495  -29.386  -32.152  75.989 0.0000000000
48457  -29.675  -32.389  77.574 0.0000000000
48447  -29.735  -32.585  78.583 0.0000000000
49463  -30.247  -32.151  78.972 0.0000000000
49449  -31.508  -31.506  79.806 0.0000000000
49439  -31.556  -31.708  80.709 0.0000000000
49428  -31.587  -31.732  81.713 0.0000000000
50452  -32.377  -31.298  81.917 0.0000000000
50453  -33.016  -30.774  81.299 0.0000000000
51391  -33.053  -29.596  80.046 0.0000000000
51377  -33.552  -30.119  80.718 0.0000000000
51392  -33.656  -29.418  80.328 0.0000000000
52282  -34.407  -28.746  81.373 0.0000000000
52295  -34.078  -28.948  80.527 0.0000000000
52319  -32.437  -28.923  77.802 0.0000000000
123274  -33.905  -28.320  78.881 0.0000000000
53236  -33.241  -28.381  78.676 0.0000000000
53224  -34.461  -28.114  79.674 0.0000000000
53213  -34.338  -28.436  80.350 0.0000000000
54202  -35.540  -27.248  80.948 0.0000000000
54214  -35.114  -27.391  80.102 0.0000000000
53226  -36.984  -27.726  79.394 0.0000000000
54215  -36.708  -27.158  80.327 0.0000000000
54216  -37.515  -27.369  79.921 0.0000000000
43709  -15.084  -38.109  80.781 0.0000000000
137282  -15.863  -37.753  83.010 0.0000000000
57987  -46.196  -22.893  74.005 0.0000000000
120487  -46.070  -23.997  70.716 0.0000000000
130134  -45.918  -23.788  71.451 0.0000000000
57081  -46.776  -23.378  71.074 0.0000000000
57130  -44.090  -24.372  68.318 0.0000000000
57148  -44.456  -23.842  67.656 0.0000000000
134245  -47.100  -23.846  67.878 0.0000000000
57133  -46.679  -24.122  68.476 0.0000000000
57134  -47.492  -23.919  68.528 0.0000000000
57117  -47.958  -23.708  69.306 0.0000000000
57135  -48.284  -23.601  68.514 0.0000000000
125161  -48.818  -22.925  67.425 0.0000000000
65680  -46.382  -14.509  57.495 0.0000000000
133360  -46.742  -14.763  57.963 0.0000000000
65681  -46.991  -14.161  57.768 0.0000000000
65668  -49.264  -14.286  58.409 0.0000000000
134033  -48.786  -14.671  58.468 0.0000000000
65658  -50.248  -14.801  59.227 0.0000000000
129095  -50.928  -14.778  59.546 0.0000000000
67604  -50.672  -12.328  57.568 0.0000000000
67590  -50.180  -12.856  57.913 0.0000000000
67592  -51.872  -12.800  58.190 0.0000000000
66625  -52.902  -13.640  59.347 0.0000000000
32094  -4.208  -51.822  89.391 0.0000000000
61907  -38.663  -18.797  59.419 0.0000000000
61908  -39.592  -18.599  59.656 0.0000000000
62910  -39.143  -18.068  59.088 0.0000000000
62928  -39.595  -17.509  58.648 0.0000000000
62929  -40.475  -17.522  58.685 0.0000000000
137307  -41.195  -17.575  58.755 0.0000000000
63894  -41.106  -17.105  58.101 0.0000000000
63912  -41.520  -16.468  57.407 0.0000000000
63913  -42.538  -16.402  57.367 0.0000000000
65676  -42.885  -15.696  56.735 0.0000000000
65693  -43.224  -15.035  56.153 0.0000000000
65694  -44.059  -14.627  56.315 0.0000000000
66663  -44.453  -14.008  55.911 0.0000000000
67633  -44.666  -12.737  55.214 0.0000000000
67615  -45.014  -13.395  55.664 0.0000000000
67616  -46.250  -12.604  56.131 0.0000000000
68531  -46.067  -12.009  55.479 0.0000000000
121882  -45.942  -11.067  54.055 0.0000000000
68563  -45.573  -11.478  54.508 0.0000000000
69525  -46.290  -11.236  54.726 0.0000000000
68553  -46.554  -11.470  55.318 0.0000000000
69526  -47.030  -11.030  54.951 0.0000000000
70513  -47.950  -9.889  54.052 0.0000000000
70514  -48.796  -9.571  54.100 0.0000000000
135172  -49.510  -9.547  54.366 0.0000000000
70529  -48.957  -9.127  53.430 0.0000000000
70538  -48.003  -9.801  51.842 0.0000000000
34774  -6.593  -48.146  87.651 0.0000000000
37356  -10.502  -44.259  89.194 0.0000000000
37363  -10.068  -44.892  88.735 0.0000000000
129396  -9.167  -45.850  89.664 0.0000000000
129493  -8.700  -46.343  89.559 0.0000000000
36462  -7.894  -45.768  93.776 0.0000000000
35598  -6.919  -47.206  92.119 0.0000000000
34753  -7.275  -47.515  90.666 0.0000000000
129494  -7.366  -47.559  89.934 0.0000000000
34752  -6.776  -47.953  90.503 0.0000000000
132168  -5.582  -49.071  90.909 0.0000000000
33893  -6.204  -48.560  90.208 0.0000000000
32986  -5.170  -49.804  90.492 0.0000000000
32985  -4.790  -50.516  90.305 0.0000000000
126655  -5.047  -50.400  91.013 0.0000000000
32081  -6.655  -51.004  91.804 0.0000000000
57003  -45.263  -23.107  77.479 0.0000000000
57931  -45.719  -22.865  76.878 0.0000000000
54218  -39.694  -27.381  79.402 0.0000000000
125694  -40.530  -26.913  79.574 0.0000000000
54227  -40.291  -27.544  78.724 0.0000000000
54229  -42.110  -26.525  78.474 0.0000000000
54235  -42.373  -26.245  77.751 0.0000000000
55154  -42.556  -25.685  78.611 0.0000000000
55177  -40.302  -26.048  73.779 0.0000000000
54257  -40.640  -26.404  74.480 0.0000000000
55178  -40.993  -25.409  74.131 0.0000000000
56095  -42.122  -24.220  75.259 0.0000000000
55170  -41.807  -25.275  75.376 0.0000000000
56070  -42.871  -24.675  76.910 0.0000000000
124397  -43.421  -23.037  77.109 0.0000000000
57018  -43.258  -23.246  76.383 0.0000000000
57971  -42.792  -23.431  74.480 0.0000000000
57973  -44.366  -22.624  75.523 0.0000000000
57986  -44.291  -23.033  74.884 0.0000000000
144727  -44.388  -23.237  74.178 0.0000000000
57985  -43.404  -23.330  74.173 0.0000000000
57078  -42.104  -23.800  71.659 0.0000000000
127953  -42.802  -24.113  72.123 0.0000000000
144493  -42.144  -23.885  71.140 0.0000000000
57096  -42.224  -24.130  70.551 0.0000000000
57095  -41.393  -23.760  70.120 0.0000000000
119451  -39.315  -23.597  68.971 0.0000000000
58029  -39.952  -23.567  69.757 0.0000000000
58039  -39.643  -23.720  68.807 0.0000000000
58040  -39.948  -23.943  68.610 0.0000000000
58052  -39.800  -24.084  67.774 0.0000000000
57127  -40.541  -24.285  67.880 0.0000000000
57144  -40.455  -24.144  66.979 0.0000000000
57160  -39.445  -23.734  65.872 0.0000000000
58104  -38.626  -23.014  64.320 0.0000000000
58121  -39.205  -22.547  63.617 0.0000000000
58142  -38.088  -22.479  62.785 0.0000000000
56213  -35.021  -24.302  66.075 0.0000000000
56230  -34.638  -23.847  65.418 0.0000000000
132379  -35.292  -23.063  64.740 0.0000000000
120609  -35.865  -23.135  64.965 0.0000000000
139106  -35.318  -22.770  63.352 0.0000000000
58140  -36.073  -22.873  62.971 0.0000000000
58118  -36.575  -22.898  63.627 0.0000000000
44563  -16.680  -36.473  86.792 0.0000000000
46368  -17.228  -34.792  88.113 0.0000000000
47350  -18.607  -33.358  87.698 0.0000000000
47345  -18.609  -33.352  88.721 0.0000000000
46473  -21.604  -34.978  79.245 0.0000000000
138834  -20.599  -34.759  78.242 0.0000000000
47479  -20.745  -34.738  79.040 0.0000000000
47454  -20.896  -34.659  80.594 0.0000000000
46435  -22.513  -34.952  82.366 0.0000000000
46434  -21.754  -34.795  81.940 0.0000000000
137255  -22.112  -34.486  83.496 0.0000000000
46511  -25.922  -35.307  76.097 0.0000000000
123387  -26.107  -35.193  77.995 0.0000000000
46498  -25.832  -35.423  77.113 0.0000000000
46488  -25.634  -35.386  78.581 0.0000000000
46476  -25.617  -35.377  79.316 0.0000000000
47438  -27.933  -34.031  81.145 0.0000000000
132796  -26.027  -34.978  82.111 0.0000000000
46454  -26.642  -34.851  81.444 0.0000000000
46453  -25.721  -35.278  81.197 0.0000000000
127066  -25.043  -35.547  80.670 0.0000000000
129632  -25.269  -35.299  81.964 0.0000000000
126165  -25.370  -34.716  84.940 0.0000000000
46419  -24.413  -34.966  83.830 0.0000000000
47378  -24.547  -34.501  86.043 0.0000000000
48355  -28.176  -32.363  86.267 0.0000000000
48354  -27.522  -32.860  86.608 0.0000000000
49378  -27.955  -32.118  87.216 0.0000000000
38357  -10.382  -43.643  83.869 0.0000000000
39291  -10.991  -43.103  84.306 0.0000000000
42043  -13.201  -40.227  81.675 0.0000000000
40277  -12.331  -41.369  82.148 0.0000000000
40263  -11.757  -41.990  82.599 0.0000000000
39308  -11.139  -42.523  82.024 0.0000000000
125757  -11.800  -42.071  83.504 0.0000000000
141236  -12.011  -41.980  85.542 0.0000000000
39285  -11.698  -42.510  85.528 0.0000000000
39284  -11.170  -43.118  85.155 0.0000000000
39277  -11.690  -42.640  86.307 0.0000000000
39267  -11.292  -43.096  86.893 0.0000000000
39268  -11.966  -42.261  87.058 0.0000000000
41132  -13.841  -40.670  88.218 0.0000000000
119378  -48.422  -22.490  74.059 0.0000000000
60925  -40.284  -20.083  61.663 0.0000000000
136138  -40.009  -20.614  62.084 0.0000000000
60928  -42.599  -19.466  62.683 0.0000000000
60907  -42.039  -20.048  62.949 0.0000000000
60908  -42.670  -19.917  63.299 0.0000000000
59962  -43.651  -20.441  64.382 0.0000000000
60891  -43.961  -19.888  63.808 0.0000000000
61879  -44.395  -18.547  61.454 0.0000000000
128564  -43.981  -18.716  61.976 0.0000000000
61860  -44.656  -18.809  62.100 0.0000000000
60910  -45.835  -19.419  63.525 0.0000000000
60909  -45.114  -19.375  63.398 0.0000000000
60893  -46.128  -19.853  64.086 0.0000000000
59964  -45.556  -20.285  64.591 0.0000000000
59965  -46.487  -20.388  64.667 0.0000000000
59947  -46.859  -21.084  65.162 0.0000000000
59966  -47.428  -20.593  64.583 0.0000000000
59950  -49.846  -20.974  65.129 0.0000000000
59949  -48.903  -21.297  64.877 0.0000000000
124801  -47.923  -15.861  58.965 0.0000000000
63884  -47.692  -16.588  59.383 0.0000000000
63873  -48.597  -16.698  59.932 0.0000000000
63861  -49.673  -17.039  61.095 0.0000000000
62882  -49.491  -17.604  61.619 0.0000000000
62863  -48.957  -17.983  61.868 0.0000000000
62864  -49.680  -17.897  62.186 0.0000000000
71483  -49.763  -8.777  53.157 0.0000000000
71492  -50.426  -8.517  52.559 0.0000000000
72470  -51.771  -8.123  52.264 0.0000000000
72471  -52.381  -8.065  51.692 0.0000000000
72463  -53.593  -7.384  52.536 0.0000000000
70570  -50.431  -9.338  49.644 0.0000000000
70583  -51.002  -9.140  48.978 0.0000000000
71512  -53.084  -8.131  49.541 0.0000000000
71511  -52.393  -8.296  50.156 0.0000000000
139830  -53.180  -7.968  50.329 0.0000000000
72484  -53.570  -7.523  50.917 0.0000000000
72485  -54.348  -7.035  50.702 0.0000000000
73400  -55.387  -6.417  49.603 0.0000000000
73401  -56.307  -5.730  49.482 0.0000000000
74291  -57.367  -5.082  49.536 0.0000000000
72541  -53.791  -7.655  45.674 0.0000000000
123173  -53.056  -8.017  46.096 0.0000000000
120097  -53.847  -7.715  46.479 0.0000000000
136983  -54.219  -7.511  47.426 0.0000000000
73430  -56.519  -5.705  46.883 0.0000000000
73421  -56.698  -5.606  47.713 0.0000000000
74301  -57.583  -4.922  48.167 0.0000000000
131975  -58.124  -4.712  47.987 0.0000000000
75202  -57.414  -4.245  44.343 0.0000000000
130123  -57.783  -4.056  45.270 0.0000000000
121041  -31.940  -28.045  73.787 0.0000000000
53297  -29.107  -28.570  72.826 0.0000000000
52354  -30.714  -28.540  74.037 0.0000000000
142505  -31.028  -28.641  74.550 0.0000000000
58106  -40.448  -22.510  64.426 0.0000000000
58090  -41.529  -22.727  65.264 0.0000000000
59014  -40.861  -21.795  63.995 0.0000000000
59980  -41.245  -21.040  63.623 0.0000000000
69529  -50.452  -10.378  55.542 0.0000000000
69530  -51.360  -10.255  55.663 0.0000000000
70506  -53.676  -9.071  55.580 0.0000000000
71464  -54.391  -8.512  55.486 0.0000000000
71477  -54.536  -7.851  54.961 0.0000000000
144497  -53.810  -8.417  55.068 0.0000000000
71476  -53.538  -8.031  54.369 0.0000000000
37391  -9.347  -44.764  84.161 0.0000000000
134718  -9.825  -44.666  85.140 0.0000000000
55210  -37.337  -25.972  69.854 0.0000000000
55200  -38.115  -25.963  70.879 0.0000000000
55220  -37.736  -25.008  69.566 0.0000000000
135893  -37.448  -24.563  68.966 0.0000000000
42839  -15.790  -38.340  88.418 0.0000000000
143079  -20.853  -33.196  85.575 0.0000000000
48366  -20.463  -32.928  85.923 0.0000000000
119497  -21.107  -33.080  86.212 0.0000000000
119902  -21.425  -32.880  87.091 0.0000000000
48336  -22.195  -32.806  87.868 0.0000000000
47351  -23.023  -33.190  87.619 0.0000000000
141073  -23.722  -33.606  87.338 0.0000000000
124589  -30.280  -32.292  81.780 0.0000000000
127576  -30.310  -32.091  82.737 0.0000000000
49408  -29.997  -31.894  83.744 0.0000000000
49399  -29.767  -31.751  84.675 0.0000000000
49390  -30.245  -31.220  85.252 0.0000000000
121940  -15.308  -38.795  87.034 0.0000000000
142617  -44.222  -17.738  59.369 0.0000000000
63881  -44.303  -17.358  58.790 0.0000000000
63882  -45.678  -17.278  59.178 0.0000000000
63871  -46.271  -17.442  59.572 0.0000000000
53241  -37.544  -28.091  78.476 0.0000000000
53253  -36.813  -28.242  77.673 0.0000000000
120043  -36.602  -27.901  75.857 0.0000000000
53317  -34.277  -27.972  72.816 0.0000000000
126480  -34.251  -27.863  71.939 0.0000000000
53318  -35.125  -27.737  72.275 0.0000000000
137161  -35.793  -27.466  71.636 0.0000000000
53358  -34.746  -27.493  70.566 0.0000000000
139285  -16.348  -36.889  82.313 0.0000000000
45478  -16.939  -35.629  82.361 0.0000000000
46472  -18.164  -34.571  79.586 0.0000000000
46460  -18.139  -34.521  80.583 0.0000000000
137205  -18.551  -34.092  80.972 0.0000000000
47434  -19.700  -33.907  81.617 0.0000000000
50532  -29.927  -30.821  75.310 0.0000000000
136222  -30.260  -30.873  76.188 0.0000000000
50505  -30.328  -31.351  77.208 0.0000000000
49464  -30.784  -31.560  78.530 0.0000000000
50479  -31.391  -31.150  78.943 0.0000000000
50480  -32.097  -30.645  79.448 0.0000000000
50467  -32.745  -30.554  80.293 0.0000000000
51402  -32.765  -29.194  79.429 0.0000000000
132991  -32.956  -28.143  77.291 0.0000000000
119759  -33.044  -28.245  77.964 0.0000000000
53250  -33.560  -27.959  77.581 0.0000000000
53238  -34.100  -28.025  78.297 0.0000000000
134467  -34.582  -28.103  78.892 0.0000000000
53239  -35.340  -27.899  78.711 0.0000000000
43700  -15.673  -37.569  81.208 0.0000000000
43690  -15.844  -37.502  82.210 0.0000000000
57079  -44.392  -24.383  71.944 0.0000000000
121481  -45.153  -24.140  71.729 0.0000000000
56153  -44.578  -24.582  71.194 0.0000000000
56166  -44.886  -24.618  70.350 0.0000000000
57098  -45.735  -24.461  70.134 0.0000000000
58072  -44.429  -22.729  66.459 0.0000000000
58055  -44.859  -23.222  67.079 0.0000000000
58056  -45.726  -23.185  67.069 0.0000000000
138950  -46.435  -23.183  66.978 0.0000000000
58057  -47.166  -23.404  67.181 0.0000000000
58075  -47.602  -22.821  66.534 0.0000000000
58982  -47.963  -22.309  65.754 0.0000000000
66634  -47.689  -14.038  58.047 0.0000000000
66652  -47.991  -13.466  57.851 0.0000000000
66636  -49.512  -13.517  58.126 0.0000000000
67606  -52.274  -12.193  57.871 0.0000000000
67593  -52.706  -12.616  58.416 0.0000000000
67594  -53.466  -12.416  58.673 0.0000000000
124873  -56.860  -5.342  51.552 0.0000000000
63911  -40.561  -16.487  57.490 0.0000000000
67613  -43.107  -13.387  55.200 0.0000000000
67632  -43.752  -12.835  54.850 0.0000000000
68552  -44.315  -12.191  54.556 0.0000000000
70527  -47.688  -9.830  53.348 0.0000000000
70528  -48.345  -9.501  52.845 0.0000000000
34784  -6.692  -47.863  86.711 0.0000000000
123078  -10.017  -44.558  91.178 0.0000000000
36474  -9.554  -45.183  91.171 0.0000000000
36473  -9.023  -45.773  91.136 0.0000000000
35591  -6.761  -46.914  93.792 0.0000000000
34748  -6.377  -47.872  92.184 0.0000000000
34747  -5.974  -48.445  92.195 0.0000000000
33887  -5.601  -48.950  91.837 0.0000000000
32981  -5.374  -50.231  91.614 0.0000000000
32072  -6.047  -50.184  92.214 0.0000000000
32073  -7.009  -50.438  92.376 0.0000000000
53257  -40.275  -27.874  77.218 0.0000000000
54228  -40.785  -27.538  77.934 0.0000000000
54234  -41.117  -27.193  76.947 0.0000000000
54240  -41.039  -26.957  75.986 0.0000000000
56125  -40.394  -24.732  72.710 0.0000000000
55185  -40.664  -25.036  73.435 0.0000000000
56110  -41.262  -24.470  73.847 0.0000000000
56111  -41.820  -23.987  74.347 0.0000000000
142695  -42.301  -23.787  74.833 0.0000000000
57026  -42.844  -23.540  75.434 0.0000000000
57955  -42.405  -23.614  74.559 0.0000000000
57970  -41.974  -23.629  73.932 0.0000000000
57984  -42.318  -23.559  73.728 0.0000000000
57997  -42.227  -23.664  73.021 0.0000000000
136963  -41.484  -23.662  71.821 0.0000000000
58018  -40.671  -23.565  70.562 0.0000000000
58050  -38.454  -23.832  67.621 0.0000000000
119916  -38.962  -23.813  68.446 0.0000000000
58068  -38.747  -23.872  66.842 0.0000000000
137231  -37.907  -23.051  64.006 0.0000000000
46388  -16.980  -35.380  85.584 0.0000000000
46380  -17.059  -35.160  86.415 0.0000000000
46375  -17.581  -34.448  87.409 0.0000000000
46369  -17.736  -34.193  88.231 0.0000000000
135882  -19.542  -32.846  89.874 0.0000000000
138683  -19.106  -32.986  89.060 0.0000000000
133584  -21.901  -35.479  77.874 0.0000000000
47490  -21.236  -34.992  77.804 0.0000000000
46485  -22.198  -35.409  78.668 0.0000000000
46461  -21.824  -35.019  80.090 0.0000000000
141855  -22.432  -35.289  80.692 0.0000000000
46450  -22.669  -35.262  81.543 0.0000000000
46436  -23.355  -35.256  82.370 0.0000000000
125674  -26.631  -34.946  76.633 0.0000000000
47422  -27.818  -33.831  82.689 0.0000000000
47437  -27.352  -34.393  81.659 0.0000000000
47421  -27.154  -34.242  82.934 0.0000000000
46421  -26.294  -34.740  83.095 0.0000000000
47395  -26.011  -34.544  84.885 0.0000000000
47379  -25.542  -34.490  85.675 0.0000000000
47364  -25.287  -34.085  86.601 0.0000000000
47365  -26.209  -33.912  86.325 0.0000000000
48353  -26.783  -33.276  86.913 0.0000000000
41174  -13.310  -40.407  83.634 0.0000000000
41165  -13.230  -40.653  84.531 0.0000000000
41173  -12.793  -41.085  83.861 0.0000000000
134903  -12.244  -41.682  84.081 0.0000000000
41125  -14.690  -40.030  89.726 0.0000000000
60941  -40.723  -19.412  61.161 0.0000000000
60926  -41.052  -19.847  61.909 0.0000000000
60942  -41.424  -19.343  61.610 0.0000000000
61858  -42.448  -19.098  62.097 0.0000000000
61861  -45.441  -18.847  62.240 0.0000000000
61844  -46.285  -19.184  63.093 0.0000000000
60911  -46.626  -19.488  63.559 0.0000000000
60895  -47.922  -20.014  64.064 0.0000000000
59968  -49.345  -20.640  64.407 0.0000000000
59969  -50.362  -20.312  64.746 0.0000000000
121428  -49.971  -15.872  60.093 0.0000000000
63875  -50.234  -16.330  60.723 0.0000000000
63862  -50.566  -16.702  61.404 0.0000000000
63845  -50.928  -16.976  62.136 0.0000000000
71499  -50.305  -8.746  51.735 0.0000000000
119412  -50.903  -8.628  51.189 0.0000000000
72498  -54.614  -6.996  49.811 0.0000000000
139472  -54.238  -7.400  49.228 0.0000000000
72509  -54.992  -6.948  48.122 0.0000000000
73450  -53.446  -6.860  44.253 0.0000000000
72542  -54.514  -7.285  45.446 0.0000000000
72531  -54.895  -7.019  46.195 0.0000000000
73429  -55.636  -6.385  46.479 0.0000000000
74321  -57.872  -4.480  46.690 0.0000000000
76046  -57.995  -3.294  43.950 0.0000000000
76035  -58.246  -3.676  44.308 0.0000000000
76036  -58.733  -3.845  43.790 0.0000000000
120045  -34.703  -27.899  75.736 0.0000000000
120042  -33.856  -28.032  75.016 0.0000000000
53315  -32.577  -27.977  73.121 0.0000000000
53316  -33.458  -27.993  72.531 0.0000000000
143944  -17.975  -34.778  78.798 0.0000000000
47465  -18.706  -34.187  79.292 0.0000000000
47476  -19.008  -34.063  78.798 0.0000000000
50552  -28.236  -30.407  73.153 0.0000000000
50553  -28.794  -30.482  73.599 0.0000000000
51465  -29.392  -29.940  73.841 0.0000000000
50541  -30.069  -30.090  74.597 0.0000000000
51425  -31.902  -29.351  77.341 0.0000000000
52329  -31.710  -29.098  76.490 0.0000000000
53262  -32.359  -28.442  76.577 0.0000000000
119450  -32.153  -28.262  75.835 0.0000000000
53263  -32.649  -28.236  76.633 0.0000000000
119903  -32.752  -28.095  75.932 0.0000000000
129323  -42.606  -24.507  67.776 0.0000000000
127145  -43.183  -24.621  68.414 0.0000000000
57146  -42.322  -24.130  67.011 0.0000000000
58053  -43.187  -23.599  66.916 0.0000000000
58071  -43.562  -22.891  66.380 0.0000000000
58091  -42.316  -22.513  65.552 0.0000000000
58978  -43.997  -22.119  65.960 0.0000000000
58999  -44.479  -21.466  65.493 0.0000000000
68534  -48.828  -11.582  56.700 0.0000000000
68520  -49.450  -11.994  57.183 0.0000000000
68521  -50.250  -11.851  57.124 0.0000000000
133147  -51.131  -11.743  57.150 0.0000000000
69514  -50.921  -10.803  56.163 0.0000000000
68538  -51.870  -11.327  56.996 0.0000000000
126717  -51.882  -11.845  57.405 0.0000000000
68514  -53.132  -12.027  58.132 0.0000000000
73357  -54.996  -6.468  53.145 0.0000000000
72464  -54.315  -6.837  52.599 0.0000000000
36512  -8.333  -45.815  84.741 0.0000000000
35622  -8.441  -46.570  87.057 0.0000000000
54263  -38.613  -26.920  73.353 0.0000000000
137792  -39.782  -26.824  74.294 0.0000000000
55183  -39.228  -26.277  72.792 0.0000000000
55201  -38.770  -25.553  71.197 0.0000000000
55193  -39.755  -25.366  72.319 0.0000000000
56138  -40.133  -24.442  71.938 0.0000000000
57060  -40.220  -24.039  71.618 0.0000000000
57076  -40.264  -23.856  71.356 0.0000000000
57094  -39.789  -23.668  70.566 0.0000000000
57112  -39.089  -23.698  69.340 0.0000000000
57126  -38.748  -23.738  68.677 0.0000000000
57125  -38.154  -23.738  68.133 0.0000000000
120033  -36.911  -23.291  65.973 0.0000000000
47375  -18.447  -33.405  85.603 0.0000000000
48333  -19.206  -32.924  87.111 0.0000000000
122357  -19.815  -32.664  87.796 0.0000000000
48334  -19.966  -32.665  86.950 0.0000000000
48317  -19.710  -32.732  88.757 0.0000000000
48304  -20.312  -32.510  89.435 0.0000000000
126850  -22.948  -32.592  89.464 0.0000000000
46495  -22.565  -35.640  77.140 0.0000000000
46475  -23.997  -35.709  79.175 0.0000000000
125885  -28.693  -33.736  79.006 0.0000000000
47470  -28.458  -33.858  79.836 0.0000000000
47456  -28.619  -33.611  80.601 0.0000000000
47439  -28.512  -33.559  81.512 0.0000000000
48407  -28.995  -33.023  81.881 0.0000000000
47423  -28.440  -33.469  82.327 0.0000000000
48376  -27.901  -33.160  84.834 0.0000000000
49380  -29.254  -31.218  86.518 0.0000000000
49370  -29.018  -30.914  87.532 0.0000000000
135935  -13.675  -39.750  82.014 0.0000000000
42033  -13.850  -39.765  83.442 0.0000000000
42023  -14.346  -39.446  84.070 0.0000000000
42022  -13.754  -39.989  84.295 0.0000000000
41156  -13.425  -40.660  86.064 0.0000000000
41146  -13.702  -40.569  86.835 0.0000000000
41980  -14.835  -39.499  88.342 0.0000000000
41973  -14.994  -39.555  89.268 0.0000000000
61896  -42.728  -18.417  60.699 0.0000000000
61897  -43.526  -18.214  60.551 0.0000000000
62876  -44.194  -18.277  60.769 0.0000000000
62897  -44.859  -18.091  60.300 0.0000000000
62877  -44.850  -18.382  60.965 0.0000000000
62860  -46.010  -18.560  61.617 0.0000000000
61863  -47.130  -18.775  62.245 0.0000000000
141182  -48.417  -18.764  62.542 0.0000000000
70568  -48.857  -9.768  49.553 0.0000000000
138349  -48.682  -9.598  48.997 0.0000000000
137571  -49.356  -9.586  48.944 0.0000000000
70582  -49.793  -9.323  48.305 0.0000000000
73451  -54.137  -6.881  44.219 0.0000000000
132033  -54.721  -6.509  43.922 0.0000000000
125113  -56.119  -5.585  44.412 0.0000000000
74341  -56.601  -5.111  43.957 0.0000000000
75218  -57.022  -4.442  43.398 0.0000000000
74371  -55.755  -5.057  42.664 0.0000000000
75219  -57.750  -3.442  43.794 0.0000000000
38341  -10.750  -43.864  87.089 0.0000000000
38304  -10.165  -44.278  92.022 0.0000000000
53243  -39.447  -27.966  78.727 0.0000000000
136526  -38.344  -28.181  77.984 0.0000000000
124455  -39.142  -28.219  78.025 0.0000000000
53256  -39.549  -28.092  77.416 0.0000000000
53277  -38.755  -27.712  75.506 0.0000000000
135880  -35.479  -27.846  75.178 0.0000000000
53275  -36.375  -27.734  75.059 0.0000000000
53291  -37.272  -27.592  74.540 0.0000000000
54255  -37.990  -27.367  73.972 0.0000000000
54270  -37.729  -26.947  72.281 0.0000000000
140212  -37.182  -26.774  70.965 0.0000000000
54291  -36.765  -26.737  70.356 0.0000000000
54304  -36.624  -26.318  69.546 0.0000000000
44562  -16.390  -37.169  86.544 0.0000000000
142253  -16.821  -36.106  85.563 0.0000000000
128138  -16.731  -36.421  84.279 0.0000000000
45449  -16.895  -35.862  84.884 0.0000000000
47390  -17.639  -34.235  84.924 0.0000000000
45492  -16.994  -35.701  81.486 0.0000000000
46448  -17.367  -34.992  81.927 0.0000000000
47391  -18.160  -33.659  84.665 0.0000000000
144242  -18.689  -33.263  84.810 0.0000000000
48374  -19.085  -33.084  84.480 0.0000000000
48375  -19.633  -32.975  84.813 0.0000000000
48395  -19.266  -33.387  83.127 0.0000000000
144536  -19.523  -33.355  83.677 0.0000000000
119382  -21.646  -33.899  84.847 0.0000000000
47521  -27.154  -34.234  74.447 0.0000000000
47512  -27.058  -34.449  75.375 0.0000000000
47501  -27.376  -34.321  76.166 0.0000000000
47502  -28.057  -33.889  76.803 0.0000000000
141801  -28.492  -33.673  77.361 0.0000000000
49530  -28.305  -32.273  74.028 0.0000000000
48497  -28.505  -32.527  74.723 0.0000000000
48484  -28.936  -32.352  75.305 0.0000000000
48468  -28.752  -32.942  76.100 0.0000000000
121343  -28.673  -33.280  76.836 0.0000000000
48456  -28.987  -33.119  77.489 0.0000000000
122993  -29.311  -33.136  79.034 0.0000000000
134470  -29.733  -32.751  79.555 0.0000000000
49437  -30.041  -32.566  80.391 0.0000000000
49426  -30.363  -32.395  81.014 0.0000000000
49410  -31.664  -31.476  83.184 0.0000000000
50423  -32.261  -30.927  83.660 0.0000000000
50435  -32.364  -31.214  82.760 0.0000000000
125632  -32.879  -30.819  83.016 0.0000000000
50425  -33.496  -30.396  82.780 0.0000000000
50437  -33.774  -30.218  81.778 0.0000000000
132946  -33.945  -29.777  82.607 0.0000000000
51363  -34.246  -29.328  81.986 0.0000000000
133666  -34.548  -28.626  82.112 0.0000000000
53192  -35.000  -27.781  82.070 0.0000000000
51414  -32.570  -28.993  78.673 0.0000000000
52306  -33.042  -28.694  79.213 0.0000000000
52307  -33.728  -28.830  79.864 0.0000000000
53204  -34.603  -27.876  81.242 0.0000000000
54188  -35.336  -27.390  81.615 0.0000000000
137229  -35.864  -27.279  80.441 0.0000000000
42906  -14.025  -39.112  80.823 0.0000000000
43699  -15.191  -38.047  81.724 0.0000000000
43679  -15.349  -38.132  82.623 0.0000000000
43671  -15.983  -38.023  84.522 0.0000000000
138067  -45.648  -23.681  72.164 0.0000000000
57065  -46.415  -23.296  72.105 0.0000000000
57999  -47.729  -22.478  73.157 0.0000000000
127665  -48.274  -22.411  72.549 0.0000000000
56192  -44.634  -24.562  68.974 0.0000000000
57115  -46.120  -24.488  69.246 0.0000000000
57132  -45.820  -24.173  68.360 0.0000000000
57100  -47.438  -23.547  70.151 0.0000000000
58032  -48.425  -23.187  70.157 0.0000000000
58058  -48.414  -23.397  67.847 0.0000000000
64807  -44.954  -15.501  57.427 0.0000000000
63899  -46.328  -15.964  58.430 0.0000000000
65665  -46.217  -15.217  57.915 0.0000000000
127427  -46.913  -15.340  58.296 0.0000000000
64790  -48.517  -15.331  58.778 0.0000000000
65667  -48.109  -14.704  58.322 0.0000000000
123555  -49.100  -15.580  59.202 0.0000000000
64779  -49.754  -15.445  59.456 0.0000000000
64772  -52.219  -15.149  60.813 0.0000000000
67603  -49.386  -12.682  57.627 0.0000000000
66637  -50.527  -13.536  58.347 0.0000000000
66639  -52.348  -13.245  58.740 0.0000000000
66638  -51.448  -13.444  58.541 0.0000000000
66623  -50.943  -14.150  59.022 0.0000000000
65659  -51.628  -14.506  59.587 0.0000000000
60957  -39.348  -19.523  60.442 0.0000000000
61894  -40.005  -19.074  60.390 0.0000000000
62911  -40.014  -18.032  59.192 0.0000000000
61910  -41.347  -18.355  59.838 0.0000000000
62913  -41.702  -17.871  59.223 0.0000000000
63895  -42.654  -17.212  58.260 0.0000000000
125342  -42.046  -16.925  57.904 0.0000000000
63896  -43.270  -16.754  57.850 0.0000000000
64787  -44.104  -16.356  57.727 0.0000000000
64806  -44.317  -15.742  57.264 0.0000000000
65677  -43.810  -15.405  56.704 0.0000000000
66648  -45.397  -14.364  56.642 0.0000000000
66649  -46.027  -14.249  56.934 0.0000000000
66664  -45.280  -13.906  56.125 0.0000000000
66665  -45.961  -13.598  56.556 0.0000000000
139440  -46.459  -12.967  56.690 0.0000000000
67617  -46.876  -12.353  56.613 0.0000000000
68533  -47.396  -11.769  56.376 0.0000000000
125522  -45.289  -11.978  54.949 0.0000000000
69527  -48.626  -10.549  55.414 0.0000000000
69543  -47.507  -10.436  54.504 0.0000000000
69544  -48.272  -10.150  54.699 0.0000000000
70502  -49.952  -9.900  54.918 0.0000000000
70516  -50.316  -9.275  54.283 0.0000000000
71473  -50.951  -8.726  53.831 0.0000000000
71472  -50.213  -8.821  53.664 0.0000000000
70547  -48.617  -9.709  51.095 0.0000000000
70557  -48.342  -9.881  50.220 0.0000000000
70556  -47.648  -9.896  50.151 0.0000000000
37378  -10.369  -44.548  87.192 0.0000000000
36502  -9.520  -45.617  87.494 0.0000000000
36490  -9.611  -45.444  89.278 0.0000000000
36496  -9.602  -45.506  88.393 0.0000000000
36495  -9.060  -46.056  88.098 0.0000000000
125883  -8.519  -46.607  87.785 0.0000000000
36463  -8.472  -45.308  94.012 0.0000000000
121994  -8.431  -45.957  92.017 0.0000000000
35600  -8.476  -46.380  91.109 0.0000000000
35595  -7.060  -46.679  92.992 0.0000000000
36472  -7.767  -46.639  91.901 0.0000000000
35606  -8.333  -46.637  90.299 0.0000000000
35612  -7.995  -46.973  89.455 0.0000000000
35617  -7.892  -47.167  88.288 0.0000000000
144627  -7.237  -47.755  88.227 0.0000000000
33899  -6.178  -48.605  89.189 0.0000000000
32090  -4.801  -51.263  90.695 0.0000000000
31154  -4.936  -51.930  90.949 0.0000000000
31155  -5.445  -51.790  91.062 0.0000000000
57019  -46.326  -23.203  76.724 0.0000000000
57944  -45.907  -22.678  76.381 0.0000000000
55145  -41.344  -25.477  80.670 0.0000000000
127743  -41.295  -26.942  78.833 0.0000000000
54247  -40.909  -26.706  75.206 0.0000000000
54248  -41.587  -26.276  75.550 0.0000000000
134968  -42.028  -25.798  75.987 0.0000000000
55164  -42.416  -25.788  76.802 0.0000000000
56071  -43.141  -24.146  77.776 0.0000000000
135541  -43.841  -22.824  77.454 0.0000000000
57929  -44.275  -22.494  77.046 0.0000000000
57941  -43.534  -22.863  75.961 0.0000000000
57942  -44.101  -22.397  76.340 0.0000000000
57943  -44.731  -22.368  76.605 0.0000000000
122532  -45.223  -22.382  76.207 0.0000000000
119313  -45.144  -22.928  74.694 0.0000000000
57047  -42.853  -23.760  73.098 0.0000000000
133568  -43.760  -24.193  72.505 0.0000000000
56152  -43.587  -24.584  71.508 0.0000000000
56163  -42.740  -24.586  69.990 0.0000000000
58005  -40.338  -23.703  71.081 0.0000000000
58017  -40.015  -23.678  70.475 0.0000000000
58030  -40.062  -23.759  69.401 0.0000000000
58031  -40.657  -23.696  69.724 0.0000000000
57113  -41.371  -24.120  69.174 0.0000000000
57145  -41.307  -24.268  67.045 0.0000000000
57162  -41.163  -23.956  66.259 0.0000000000
58089  -40.319  -23.539  65.455 0.0000000000
119493  -39.979  -23.190  64.958 0.0000000000
59043  -38.703  -21.744  62.354 0.0000000000
139653  -34.859  -25.476  67.136 0.0000000000
56214  -35.744  -23.957  66.332 0.0000000000
57159  -36.110  -23.494  65.937 0.0000000000
142894  -35.189  -23.283  65.169 0.0000000000
120529  -34.935  -22.726  63.849 0.0000000000
58102  -36.102  -22.929  64.486 0.0000000000
58103  -37.076  -22.940  64.279 0.0000000000
58119  -37.547  -22.886  63.424 0.0000000000
58161  -36.301  -22.642  62.060 0.0000000000
59042  -37.788  -22.058  62.080 0.0000000000
59059  -38.213  -21.377  61.643 0.0000000000
44554  -16.362  -36.992  87.353 0.0000000000
45426  -16.876  -35.723  87.051 0.0000000000
47349  -18.018  -33.852  87.352 0.0000000000
47477  -19.395  -34.105  79.106 0.0000000000
123949  -19.568  -34.028  79.854 0.0000000000
134046  -20.256  -34.187  81.065 0.0000000000
47435  -20.373  -34.133  81.782 0.0000000000
47419  -20.977  -34.253  82.382 0.0000000000
47393  -22.431  -34.268  84.748 0.0000000000
46510  -25.020  -35.727  76.108 0.0000000000
46497  -24.788  -35.708  77.074 0.0000000000
47469  -27.914  -34.273  79.468 0.0000000000
46465  -27.190  -34.605  79.988 0.0000000000
46477  -26.386  -34.958  79.652 0.0000000000
46464  -26.491  -34.953  80.554 0.0000000000
46462  -24.761  -35.660  79.844 0.0000000000
127067  -24.234  -35.628  80.708 0.0000000000
46451  -23.783  -35.528  81.540 0.0000000000
121066  -23.876  -35.113  83.137 0.0000000000
124933  -24.691  -35.077  83.144 0.0000000000
124838  -23.538  -34.860  83.910 0.0000000000
46402  -23.282  -34.572  84.679 0.0000000000
47394  -22.985  -34.194  85.415 0.0000000000
122397  -23.572  -34.112  86.223 0.0000000000
143213  -23.686  -33.862  86.815 0.0000000000
47352  -24.349  -33.578  87.626 0.0000000000
47353  -25.064  -33.694  87.453 0.0000000000
48338  -24.790  -33.269  88.265 0.0000000000
48341  -27.294  -32.599  87.539 0.0000000000
130100  -10.788  -43.682  85.617 0.0000000000
136279  -12.915  -40.732  82.131 0.0000000000
142528  -11.801  -42.165  84.217 0.0000000000
39292  -11.393  -42.600  83.860 0.0000000000
137642  -11.598  -42.880  87.620 0.0000000000
41124  -14.141  -40.496  89.800 0.0000000000
59979  -40.144  -20.947  62.706 0.0000000000
123223  -40.855  -20.690  63.015 0.0000000000
132273  -41.545  -20.530  63.175 0.0000000000
59993  -41.315  -20.166  62.614 0.0000000000
59981  -42.221  -20.628  63.745 0.0000000000
59944  -44.063  -20.835  65.016 0.0000000000
59945  -44.980  -20.820  65.067 0.0000000000
135379  -42.673  -18.786  61.518 0.0000000000
61859  -43.239  -18.947  62.232 0.0000000000
61842  -44.878  -19.040  62.807 0.0000000000
133828  -44.357  -19.414  63.258 0.0000000000
59001  -46.254  -21.581  65.615 0.0000000000
59002  -47.134  -21.913  65.561 0.0000000000
58983  -48.909  -22.102  66.074 0.0000000000
59003  -48.598  -21.795  65.399 0.0000000000
63883  -46.568  -16.778  59.045 0.0000000000
63872  -47.057  -17.361  59.703 0.0000000000
143908  -48.401  -17.174  60.331 0.0000000000
62901  -48.177  -17.631  60.760 0.0000000000
128430  -48.264  -18.070  61.508 0.0000000000
135497  -48.339  -18.395  62.114 0.0000000000
61865  -49.054  -18.428  62.397 0.0000000000
60915  -49.838  -19.153  63.460 0.0000000000
143579  -50.497  -19.273  63.936 0.0000000000
71485  -51.540  -8.225  53.372 0.0000000000
72455  -52.334  -7.925  53.258 0.0000000000
72454  -51.844  -7.996  52.862 0.0000000000
71509  -50.714  -9.031  50.411 0.0000000000
71510  -51.507  -8.593  50.506 0.0000000000
70571  -51.671  -8.719  49.563 0.0000000000
71501  -52.155  -8.255  50.966 0.0000000000
72473  -54.156  -7.101  51.755 0.0000000000
73365  -54.896  -6.411  52.242 0.0000000000
73374  -55.626  -6.080  51.816 0.0000000000
133223  -55.622  -5.993  51.006 0.0000000000
73388  -56.436  -5.529  50.896 0.0000000000
133764  -55.892  -5.847  50.250 0.0000000000
121076  -57.690  -5.082  50.215 0.0000000000
73420  -55.846  -6.294  47.939 0.0000000000
75189  -58.119  -4.134  46.044 0.0000000000
32969  -6.315  -48.510  93.147 0.0000000000
34738  -6.800  -47.175  94.232 0.0000000000
34749  -7.460  -47.185  91.220 0.0000000000
35599  -7.996  -46.815  90.973 0.0000000000
36468  -8.462  -45.555  93.011 0.0000000000
46404  -24.928  -34.854  84.457 0.0000000000
48385  -19.478  -33.202  84.190 0.0000000000
49438  -30.807  -32.095  80.309 0.0000000000
50466  -32.273  -31.281  81.009 0.0000000000
51401  -32.368  -29.742  78.935 0.0000000000
51453  -31.062  -29.448  75.414 0.0000000000
53191  -34.582  -28.186  81.707 0.0000000000
53301  -36.793  -27.502  73.281 0.0000000000
54189  -35.730  -26.752  82.192 0.0000000000
54241  -41.750  -26.504  76.341 0.0000000000
54245  -39.210  -27.366  74.928 0.0000000000
56082  -43.142  -23.686  77.014 0.0000000000
56164  -43.082  -24.636  70.649 0.0000000000
56178  -43.471  -24.705  69.876 0.0000000000
56180  -45.201  -24.583  69.549 0.0000000000
56193  -45.385  -24.500  68.899 0.0000000000
57034  -41.818  -23.787  73.938 0.0000000000
57075  -39.994  -23.702  70.980 0.0000000000
57149  -45.361  -23.747  67.664 0.0000000000
57958  -44.531  -22.281  76.028 0.0000000000
58004  -40.026  -23.718  70.935 0.0000000000
58028  -39.415  -23.732  69.812 0.0000000000
58042  -49.117  -23.147  68.338 0.0000000000
60890  -43.103  -20.075  63.864 0.0000000000
61846  -47.997  -19.157  62.953 0.0000000000
62865  -50.519  -17.677  62.471 0.0000000000
62899  -46.431  -17.892  60.200 0.0000000000
63860  -48.877  -17.115  60.607 0.0000000000
64770  -49.221  -16.006  59.745 0.0000000000
64780  -50.498  -15.293  59.803 0.0000000000
64788  -45.449  -15.830  57.939 0.0000000000
64789  -47.676  -15.346  58.527 0.0000000000
66651  -47.337  -13.482  57.597 0.0000000000
68537  -51.257  -11.179  56.671 0.0000000000
69501  -53.438  -10.840  57.166 0.0000000000
119871  -39.413  -23.934  68.392 0.0000000000
119924  -38.019  -27.865  75.797 0.0000000000
122630  -37.270  -26.936  71.671 0.0000000000
126757  -54.473  -7.341  46.664 0.0000000000
135628  -44.662  -19.712  63.785 0.0000000000
136034  -37.216  -28.125  76.942 0.0000000000
139837  -42.917  -24.085  67.302 0.0000000000
140863  -27.426  -34.218  82.297 0.0000000000
140962  -25.586  -34.755  84.420 0.0000000000
143588  -20.063  -32.755  86.327 0.0000000000
144605  -46.119  -13.073  56.402 0.0000000000
144692  -57.309  -3.910  43.097 0.0000000000
144701  -37.679  -26.541  71.124 0.0000000000
