#!ascii label  , from subject sub-v1s8x0051344_ses-1 vox2ras=TkReg
852
149327  27.611  -34.189  92.461 0.0000000000
61182  48.939  -23.486  72.667 0.0000000000
128115  58.327  -23.187  69.809 0.0000000000
57018  45.284  -27.340  83.727 0.0000000000
131755  33.484  -34.547  87.156 0.0000000000
46629  31.498  -36.470  90.700 0.0000000000
62167  53.847  -22.558  72.662 0.0000000000
59089  53.205  -25.849  76.980 0.0000000000
61104  40.068  -24.245  83.760 0.0000000000
52695  35.853  -30.864  88.013 0.0000000000
72345  60.651  -13.029  65.171 0.0000000000
66223  58.101  -18.502  67.891 0.0000000000
58043  43.268  -27.242  79.305 0.0000000000
60187  48.266  -25.055  78.653 0.0000000000
50689  30.790  -34.889  90.284 0.0000000000
47613  29.482  -36.019  91.824 0.0000000000
140693  51.438  -22.764  72.733 0.0000000000
62116  54.095  -23.406  75.066 0.0000000000
61154  51.636  -23.828  75.498 0.0000000000
57011  39.425  -27.545  85.789 0.0000000000
48634  33.914  -35.233  89.525 0.0000000000
51745  35.056  -32.628  87.758 0.0000000000
49577  35.202  -34.357  88.762 0.0000000000
71369  58.731  -13.242  65.956 0.0000000000
69348  60.122  -15.376  64.340 0.0000000000
127674  59.966  -15.835  66.177 0.0000000000
64259  56.893  -20.917  70.375 0.0000000000
65225  55.812  -19.337  67.420 0.0000000000
64264  58.847  -21.160  69.255 0.0000000000
64294  58.148  -20.582  66.736 0.0000000000
62251  56.794  -22.637  67.615 0.0000000000
60077  43.423  -24.592  84.629 0.0000000000
60159  42.007  -25.094  81.280 0.0000000000
60136  45.409  -25.052  81.959 0.0000000000
59073  45.578  -25.447  78.990 0.0000000000
59026  47.414  -25.688  81.297 0.0000000000
57047  49.316  -27.490  79.860 0.0000000000
54860  47.346  -28.826  81.403 0.0000000000
49570  32.345  -35.149  89.984 0.0000000000
63253  53.693  -21.734  69.544 0.0000000000
63204  56.395  -22.345  72.218 0.0000000000
59136  55.341  -24.712  73.625 0.0000000000
58099  53.795  -26.420  74.954 0.0000000000
126290  36.446  -26.455  85.976 0.0000000000
60054  38.947  -24.678  87.438 0.0000000000
58958  41.620  -25.420  86.050 0.0000000000
55933  43.706  -27.776  84.272 0.0000000000
54863  44.367  -29.521  82.270 0.0000000000
55937  34.474  -28.616  84.986 0.0000000000
54767  36.737  -29.580  88.674 0.0000000000
72378  60.078  -12.545  62.616 0.0000000000
134615  57.125  -16.014  66.655 0.0000000000
140886  59.311  -18.372  66.565 0.0000000000
64327  56.521  -20.007  64.094 0.0000000000
60224  48.832  -25.057  75.606 0.0000000000
60185  50.917  -25.476  78.246 0.0000000000
55999  50.280  -27.745  78.067 0.0000000000
48610  28.020  -35.589  92.651 0.0000000000
141399  29.042  -35.378  92.279 0.0000000000
47614  29.036  -36.227  92.194 0.0000000000
62170  50.562  -22.834  72.487 0.0000000000
146123  51.540  -23.183  74.205 0.0000000000
124582  50.073  -23.654  74.000 0.0000000000
48642  34.656  -35.092  89.236 0.0000000000
71371  57.389  -13.844  65.477 0.0000000000
70361  59.252  -14.555  66.510 0.0000000000
70362  58.328  -14.812  66.646 0.0000000000
63235  58.267  -21.847  70.613 0.0000000000
64266  57.441  -20.450  69.854 0.0000000000
63250  58.797  -21.754  69.526 0.0000000000
62249  58.474  -22.180  68.323 0.0000000000
58997  44.908  -25.684  84.000 0.0000000000
60094  44.404  -24.809  83.529 0.0000000000
60092  45.773  -25.284  82.751 0.0000000000
60135  46.460  -25.214  81.510 0.0000000000
58023  46.808  -26.528  82.496 0.0000000000
138487  47.939  -27.722  81.547 0.0000000000
55943  46.567  -28.095  82.473 0.0000000000
126922  31.745  -34.952  89.844 0.0000000000
48627  31.998  -35.858  90.498 0.0000000000
134213  33.128  -36.022  90.175 0.0000000000
62203  52.186  -22.340  70.716 0.0000000000
63240  52.883  -21.963  70.094 0.0000000000
63221  54.079  -21.989  70.970 0.0000000000
138630  55.031  -21.897  71.316 0.0000000000
63205  55.396  -22.182  72.148 0.0000000000
61171  56.079  -23.572  72.876 0.0000000000
131842  55.136  -22.770  73.499 0.0000000000
60208  54.085  -24.962  76.227 0.0000000000
59122  54.460  -25.520  75.534 0.0000000000
58086  53.593  -26.412  75.657 0.0000000000
57096  52.295  -27.130  74.842 0.0000000000
57087  52.385  -27.157  75.788 0.0000000000
57965  37.191  -26.594  88.270 0.0000000000
58973  37.535  -25.530  87.117 0.0000000000
57962  38.776  -26.255  87.881 0.0000000000
57000  40.780  -26.664  86.030 0.0000000000
56998  42.733  -26.701  85.131 0.0000000000
52702  35.418  -31.493  87.719 0.0000000000
126689  34.534  -30.199  85.935 0.0000000000
54803  34.881  -29.292  86.724 0.0000000000
55903  35.736  -28.612  87.679 0.0000000000
54768  36.451  -29.815  88.428 0.0000000000
74370  59.692  -11.085  64.755 0.0000000000
71405  60.561  -12.514  64.174 0.0000000000
68286  59.264  -16.781  64.315 0.0000000000
65224  56.781  -19.116  67.962 0.0000000000
66239  55.667  -18.754  66.817 0.0000000000
137235  56.917  -17.629  67.290 0.0000000000
67271  56.310  -17.139  66.684 0.0000000000
68262  57.714  -17.146  67.460 0.0000000000
140934  58.643  -17.357  67.345 0.0000000000
127005  58.531  -18.167  67.446 0.0000000000
63296  56.611  -21.076  65.705 0.0000000000
64316  57.514  -20.200  65.039 0.0000000000
60099  38.865  -24.659  83.561 0.0000000000
60120  39.812  -24.645  82.375 0.0000000000
59056  42.650  -26.418  80.066 0.0000000000
59057  41.520  -26.094  79.780 0.0000000000
126110  47.263  -24.988  78.945 0.0000000000
60203  45.951  -24.921  77.579 0.0000000000
60188  47.432  -24.834  78.041 0.0000000000
60215  48.003  -25.349  76.120 0.0000000000
60200  49.069  -25.178  77.097 0.0000000000
60199  49.896  -25.088  77.566 0.0000000000
60186  49.906  -25.278  78.410 0.0000000000
54898  48.550  -28.544  79.826 0.0000000000
55988  49.887  -27.699  79.036 0.0000000000
54922  49.311  -28.294  78.754 0.0000000000
56009  49.655  -28.169  77.203 0.0000000000
50662  30.043  -34.867  91.223 0.0000000000
47629  30.807  -36.311  90.962 0.0000000000
45518  30.735  -38.212  90.683 0.0000000000
130577  29.680  -36.973  91.627 0.0000000000
62168  52.904  -22.566  72.375 0.0000000000
62148  53.810  -22.740  73.594 0.0000000000
62132  52.196  -23.007  74.036 0.0000000000
61153  52.568  -23.549  75.405 0.0000000000
60210  52.647  -24.491  76.566 0.0000000000
49589  33.806  -34.345  88.817 0.0000000000
50722  34.162  -34.033  87.539 0.0000000000
50705  34.881  -33.439  88.266 0.0000000000
51737  35.288  -32.486  87.970 0.0000000000
138392  35.518  -32.895  88.242 0.0000000000
51727  36.640  -31.809  88.429 0.0000000000
50704  36.403  -33.253  88.292 0.0000000000
149797  59.759  -12.399  65.592 0.0000000000
70386  60.733  -14.263  65.045 0.0000000000
70359  60.380  -14.265  65.635 0.0000000000
68284  60.435  -15.861  65.344 0.0000000000
67277  60.109  -16.575  65.411 0.0000000000
64278  54.887  -20.773  68.316 0.0000000000
64277  56.241  -20.064  68.717 0.0000000000
65212  57.128  -19.634  68.705 0.0000000000
65210  58.558  -20.259  68.482 0.0000000000
64283  58.624  -20.183  67.525 0.0000000000
64284  58.692  -20.800  68.025 0.0000000000
62265  57.556  -21.712  67.092 0.0000000000
61101  42.296  -24.168  84.306 0.0000000000
60119  40.774  -24.606  82.442 0.0000000000
129790  42.988  -24.636  82.626 0.0000000000
60138  43.028  -25.052  81.641 0.0000000000
59036  44.200  -26.146  80.545 0.0000000000
142527  45.203  -25.842  79.581 0.0000000000
134030  45.854  -25.066  80.606 0.0000000000
60156  46.638  -25.090  80.685 0.0000000000
60154  48.256  -25.465  79.935 0.0000000000
59033  49.321  -25.930  79.713 0.0000000000
58030  48.355  -26.615  80.974 0.0000000000
55972  48.261  -28.355  80.870 0.0000000000
54899  47.729  -29.300  80.366 0.0000000000
49592  30.726  -34.682  89.051 0.0000000000
49591  32.130  -34.902  88.481 0.0000000000
49590  33.048  -34.697  88.887 0.0000000000
49569  33.242  -35.136  89.742 0.0000000000
48644  33.646  -35.838  89.791 0.0000000000
63252  54.644  -21.486  69.696 0.0000000000
63237  56.430  -21.425  70.933 0.0000000000
144552  58.304  -22.802  71.159 0.0000000000
60272  56.962  -23.803  71.768 0.0000000000
59200  55.800  -24.694  72.479 0.0000000000
58130  54.554  -25.488  73.128 0.0000000000
61161  55.052  -23.752  74.312 0.0000000000
58097  54.922  -25.399  74.178 0.0000000000
58012  35.833  -26.987  84.498 0.0000000000
59000  36.985  -25.950  84.598 0.0000000000
60080  38.170  -24.988  84.901 0.0000000000
60065  39.643  -24.265  85.240 0.0000000000
57977  39.659  -25.584  87.551 0.0000000000
58960  40.339  -25.150  87.188 0.0000000000
61057  41.276  -24.337  86.084 0.0000000000
60050  42.758  -25.241  85.465 0.0000000000
58003  43.594  -26.479  84.789 0.0000000000
55919  44.413  -27.606  84.184 0.0000000000
55945  45.065  -28.670  83.251 0.0000000000
54843  44.047  -28.989  83.090 0.0000000000
57003  35.410  -27.527  85.948 0.0000000000
136742  36.493  -27.705  88.125 0.0000000000
55901  37.593  -28.862  88.410 0.0000000000
51726  37.111  -31.474  88.563 0.0000000000
51734  38.254  -31.390  87.723 0.0000000000
73388  60.691  -11.237  62.898 0.0000000000
69337  56.393  -15.042  65.724 0.0000000000
69322  58.622  -16.123  67.205 0.0000000000
150733  59.661  -17.221  66.401 0.0000000000
150555  58.854  -18.783  64.754 0.0000000000
64292  58.710  -19.942  66.860 0.0000000000
65262  57.966  -19.646  64.724 0.0000000000
65274  57.586  -19.360  64.197 0.0000000000
60161  40.104  -25.089  80.805 0.0000000000
145285  48.132  -25.119  74.665 0.0000000000
61166  49.482  -24.185  74.337 0.0000000000
60222  50.413  -24.518  75.743 0.0000000000
60211  51.279  -24.874  77.006 0.0000000000
60183  52.151  -25.164  77.549 0.0000000000
58035  50.397  -26.711  79.377 0.0000000000
57053  51.081  -26.943  78.539 0.0000000000
130662  51.754  -26.901  77.691 0.0000000000
56018  51.136  -27.609  76.847 0.0000000000
54862  45.518  -29.412  81.877 0.0000000000
53799  46.325  -29.741  80.289 0.0000000000
50642  27.958  -34.493  92.541 0.0000000000
49542  27.605  -34.860  92.732 0.0000000000
50641  28.607  -34.600  92.335 0.0000000000
49541  28.462  -35.051  92.499 0.0000000000
62171  49.705  -23.137  72.653 0.0000000000
62152  50.244  -23.223  73.284 0.0000000000
146602  49.413  -23.695  73.421 0.0000000000
70370  57.716  -14.337  66.074 0.0000000000
70371  56.852  -14.482  65.574 0.0000000000
62201  58.635  -22.756  70.764 0.0000000000
63234  58.543  -22.127  70.314 0.0000000000
62217  58.707  -22.645  69.660 0.0000000000
62232  58.501  -22.730  69.011 0.0000000000
61222  57.765  -23.148  68.987 0.0000000000
58010  45.377  -26.648  83.767 0.0000000000
59011  45.320  -25.381  83.381 0.0000000000
58996  45.412  -25.964  83.632 0.0000000000
59010  45.932  -25.643  82.995 0.0000000000
150023  46.431  -26.798  82.943 0.0000000000
57024  46.662  -27.345  82.656 0.0000000000
55944  45.979  -27.801  83.147 0.0000000000
47628  31.382  -36.091  90.687 0.0000000000
140538  31.997  -36.166  90.557 0.0000000000
124936  32.120  -36.867  90.473 0.0000000000
62186  53.485  -22.348  71.714 0.0000000000
62202  53.129  -22.163  70.892 0.0000000000
62185  54.419  -22.217  71.927 0.0000000000
128153  54.821  -22.484  72.753 0.0000000000
145086  54.443  -22.663  73.324 0.0000000000
145172  53.656  -25.501  76.471 0.0000000000
59108  54.099  -25.537  76.057 0.0000000000
58061  53.525  -26.003  76.412 0.0000000000
57086  52.914  -26.746  76.067 0.0000000000
57071  52.782  -26.753  76.664 0.0000000000
56986  38.048  -27.793  88.243 0.0000000000
57963  38.152  -26.948  88.160 0.0000000000
56985  38.527  -27.337  87.871 0.0000000000
52703  35.380  -30.877  87.408 0.0000000000
127362  35.147  -30.878  86.859 0.0000000000
142003  35.157  -30.265  87.017 0.0000000000
54791  34.929  -30.127  86.645 0.0000000000
53735  35.544  -30.216  87.565 0.0000000000
54779  35.739  -29.580  87.784 0.0000000000
53722  35.929  -30.100  87.903 0.0000000000
73360  60.299  -11.684  65.015 0.0000000000
130735  60.650  -12.258  64.994 0.0000000000
72354  60.581  -12.011  64.542 0.0000000000
126822  60.686  -12.829  64.808 0.0000000000
66211  57.692  -19.171  68.251 0.0000000000
66225  56.388  -18.503  67.356 0.0000000000
66224  57.327  -18.419  67.776 0.0000000000
67264  57.724  -17.809  67.656 0.0000000000
67263  58.212  -17.604  67.590 0.0000000000
66222  58.519  -19.115  67.738 0.0000000000
63297  55.785  -21.461  65.625 0.0000000000
63310  55.770  -21.039  65.071 0.0000000000
60098  39.574  -24.450  83.248 0.0000000000
60121  38.968  -24.721  82.692 0.0000000000
60097  40.362  -24.337  83.131 0.0000000000
59055  43.793  -26.730  79.916 0.0000000000
60173  47.859  -25.151  79.557 0.0000000000
125267  48.264  -24.974  77.678 0.0000000000
125498  49.094  -25.061  78.091 0.0000000000
141750  49.114  -25.260  78.723 0.0000000000
127701  47.943  -29.102  79.205 0.0000000000
54908  48.662  -28.548  79.378 0.0000000000
54923  48.629  -28.696  78.657 0.0000000000
54935  48.432  -28.873  77.873 0.0000000000
49554  29.436  -34.992  91.881 0.0000000000
50652  29.592  -34.785  91.622 0.0000000000
49553  29.886  -35.285  91.450 0.0000000000
49552  30.520  -35.649  91.050 0.0000000000
129184  30.058  -36.327  91.433 0.0000000000
62188  50.493  -22.682  71.590 0.0000000000
128068  51.211  -22.511  71.008 0.0000000000
129910  51.272  -22.624  71.909 0.0000000000
128376  51.870  -22.520  71.465 0.0000000000
62169  52.067  -22.617  72.180 0.0000000000
62149  52.319  -22.751  73.111 0.0000000000
61164  51.211  -23.544  74.697 0.0000000000
61163  51.993  -23.315  74.783 0.0000000000
61143  52.287  -24.117  76.085 0.0000000000
50672  34.102  -34.599  89.172 0.0000000000
50688  34.311  -34.180  88.774 0.0000000000
146592  35.133  -33.788  88.606 0.0000000000
50686  35.717  -33.517  88.427 0.0000000000
50685  36.214  -32.620  88.333 0.0000000000
72348  58.209  -12.733  65.411 0.0000000000
73363  58.476  -11.968  65.179 0.0000000000
72347  59.120  -12.368  65.631 0.0000000000
72338  59.768  -12.995  65.798 0.0000000000
71355  60.174  -13.728  65.737 0.0000000000
71356  59.486  -13.803  66.129 0.0000000000
69328  59.771  -15.169  66.306 0.0000000000
134053  60.357  -14.858  65.819 0.0000000000
69327  60.328  -15.459  65.922 0.0000000000
68266  60.323  -16.070  65.874 0.0000000000
64268  55.187  -20.958  69.177 0.0000000000
126974  55.604  -20.543  68.673 0.0000000000
64267  56.257  -20.612  69.435 0.0000000000
64265  58.350  -20.726  69.668 0.0000000000
64276  56.973  -20.102  69.264 0.0000000000
65198  57.868  -20.039  69.370 0.0000000000
65211  58.108  -19.812  68.759 0.0000000000
64275  58.581  -20.499  69.059 0.0000000000
64274  58.860  -20.980  68.614 0.0000000000
62250  57.609  -22.179  67.611 0.0000000000
63270  58.240  -21.610  67.700 0.0000000000
62266  56.683  -22.075  66.907 0.0000000000
63284  56.175  -21.684  66.162 0.0000000000
147513  55.771  -22.207  66.496 0.0000000000
61100  42.973  -24.311  84.493 0.0000000000
145368  42.031  -24.233  83.614 0.0000000000
60095  43.624  -24.532  83.969 0.0000000000
60116  44.740  -24.878  82.687 0.0000000000
60117  43.852  -24.853  82.261 0.0000000000
60137  44.614  -25.047  81.829 0.0000000000
60158  43.601  -25.623  81.068 0.0000000000
60157  44.455  -25.506  81.171 0.0000000000
59035  45.068  -25.696  80.438 0.0000000000
124783  45.278  -25.225  81.258 0.0000000000
60113  46.751  -25.467  81.735 0.0000000000
60134  47.093  -25.408  81.045 0.0000000000
60155  47.482  -25.208  80.325 0.0000000000
60133  47.822  -25.548  80.616 0.0000000000
59025  48.118  -25.929  80.830 0.0000000000
58022  47.706  -26.199  81.459 0.0000000000
55958  47.805  -28.353  81.404 0.0000000000
55957  48.337  -27.966  81.085 0.0000000000
54859  47.934  -28.622  81.019 0.0000000000
144310  48.142  -28.951  80.388 0.0000000000
54878  47.675  -28.994  80.865 0.0000000000
50707  30.123  -34.441  89.469 0.0000000000
49593  30.064  -34.709  88.543 0.0000000000
49581  30.824  -34.737  89.697 0.0000000000
135661  32.270  -34.861  89.316 0.0000000000
49580  32.784  -34.894  89.688 0.0000000000
49579  33.600  -34.673  89.279 0.0000000000
63262  53.448  -21.566  68.584 0.0000000000
63220  55.978  -21.828  71.550 0.0000000000
140016  55.582  -21.627  70.854 0.0000000000
63219  56.941  -21.881  71.510 0.0000000000
63218  57.781  -22.173  71.188 0.0000000000
63203  57.216  -22.465  71.777 0.0000000000
61180  57.713  -22.929  71.538 0.0000000000
62164  57.253  -22.882  71.927 0.0000000000
60246  56.192  -23.889  72.586 0.0000000000
59157  55.672  -24.499  72.905 0.0000000000
125932  55.153  -25.109  72.640 0.0000000000
59159  55.091  -25.255  73.485 0.0000000000
62130  53.800  -22.982  74.517 0.0000000000
61162  54.563  -23.295  74.570 0.0000000000
61151  54.497  -23.935  75.175 0.0000000000
58085  54.240  -26.008  75.307 0.0000000000
58084  54.724  -25.466  74.887 0.0000000000
58098  54.395  -25.945  74.606 0.0000000000
58114  54.373  -25.803  73.822 0.0000000000
58115  53.493  -26.262  73.683 0.0000000000
58005  36.440  -26.487  85.000 0.0000000000
58011  36.445  -26.493  84.024 0.0000000000
58987  36.961  -25.930  85.577 0.0000000000
143850  38.139  -24.912  87.206 0.0000000000
60067  38.123  -24.915  85.997 0.0000000000
134856  38.768  -24.603  86.647 0.0000000000
60066  38.821  -24.590  85.612 0.0000000000
127564  39.521  -24.386  86.419 0.0000000000
56993  39.022  -27.387  87.396 0.0000000000
145846  39.490  -26.782  86.960 0.0000000000
57991  41.167  -26.090  86.244 0.0000000000
57976  40.708  -25.526  86.767 0.0000000000
58959  41.065  -25.206  86.656 0.0000000000
60053  40.764  -24.496  86.601 0.0000000000
60037  41.410  -24.977  86.387 0.0000000000
60064  42.211  -24.796  85.613 0.0000000000
58972  42.404  -25.694  85.512 0.0000000000
55921  43.355  -27.224  84.649 0.0000000000
58004  43.361  -26.778  84.852 0.0000000000
57009  43.840  -26.967  84.584 0.0000000000
57008  44.383  -27.176  84.379 0.0000000000
55932  44.191  -27.972  84.067 0.0000000000
55946  44.402  -28.550  83.554 0.0000000000
129931  43.717  -28.377  83.801 0.0000000000
51746  34.635  -33.157  87.112 0.0000000000
137125  34.393  -33.358  86.314 0.0000000000
132179  34.719  -32.411  86.405 0.0000000000
55926  34.240  -29.183  85.230 0.0000000000
55950  34.264  -28.564  84.094 0.0000000000
57021  34.788  -28.049  84.609 0.0000000000
57012  35.352  -27.542  85.015 0.0000000000
57013  34.886  -28.067  85.501 0.0000000000
125454  36.462  -29.102  88.437 0.0000000000
144835  36.024  -27.814  87.665 0.0000000000
55894  36.459  -28.396  88.248 0.0000000000
56979  36.757  -27.726  88.319 0.0000000000
54766  37.045  -29.365  88.752 0.0000000000
52693  36.769  -30.999  88.589 0.0000000000
53727  38.032  -30.528  88.042 0.0000000000
72377  60.464  -12.110  63.289 0.0000000000
70387  60.519  -14.757  64.699 0.0000000000
65226  55.083  -19.860  67.163 0.0000000000
64295  54.289  -19.914  66.548 0.0000000000
65238  55.118  -19.293  66.674 0.0000000000
68271  56.310  -16.459  66.360 0.0000000000
68276  55.623  -16.146  65.707 0.0000000000
69331  56.386  -15.698  66.014 0.0000000000
69330  58.037  -15.608  66.954 0.0000000000
68269  57.835  -16.408  67.209 0.0000000000
67262  59.207  -17.591  66.943 0.0000000000
67270  59.614  -17.738  66.231 0.0000000000
66249  59.352  -18.541  65.806 0.0000000000
64293  58.574  -20.391  67.262 0.0000000000
133626  58.458  -20.080  66.370 0.0000000000
143635  56.853  -20.233  64.594 0.0000000000
65263  57.244  -19.839  64.386 0.0000000000
60140  41.324  -24.853  81.828 0.0000000000
60141  40.441  -24.854  81.661 0.0000000000
60160  41.085  -25.082  81.019 0.0000000000
126473  46.537  -24.945  76.807 0.0000000000
60214  48.667  -25.158  76.398 0.0000000000
130184  48.119  -25.296  75.204 0.0000000000
60235  48.713  -24.832  74.661 0.0000000000
60234  49.366  -24.679  75.024 0.0000000000
61156  50.042  -24.288  74.979 0.0000000000
60223  49.648  -24.780  75.680 0.0000000000
60198  50.706  -25.226  77.829 0.0000000000
146397  50.548  -24.963  77.078 0.0000000000
60197  51.643  -25.114  77.562 0.0000000000
60184  51.607  -25.383  77.981 0.0000000000
58036  49.612  -26.714  79.869 0.0000000000
59032  50.053  -26.070  79.486 0.0000000000
57045  49.886  -27.308  79.514 0.0000000000
134920  50.348  -27.549  78.594 0.0000000000
55987  50.456  -27.464  78.810 0.0000000000
55998  50.740  -27.292  78.367 0.0000000000
57063  51.170  -27.039  78.142 0.0000000000
56007  50.944  -27.343  77.660 0.0000000000
56017  51.736  -27.278  77.074 0.0000000000
56008  50.388  -27.765  77.496 0.0000000000
135489  49.769  -28.123  76.328 0.0000000000
128594  45.015  -29.379  82.312 0.0000000000
54841  45.391  -29.139  82.576 0.0000000000
54881  44.898  -29.604  81.812 0.0000000000
50653  29.101  -34.488  92.015 0.0000000000
49539  29.433  -35.463  91.891 0.0000000000
143793  29.411  -36.486  91.822 0.0000000000
48608  29.175  -35.773  92.151 0.0000000000
138213  28.643  -36.651  92.265 0.0000000000
130188  49.910  -22.847  72.008 0.0000000000
62150  51.525  -22.935  73.542 0.0000000000
62151  50.910  -22.947  73.203 0.0000000000
61172  50.839  -23.268  73.935 0.0000000000
61165  50.490  -23.772  74.544 0.0000000000
48643  34.171  -35.637  89.505 0.0000000000
48652  35.423  -35.189  88.633 0.0000000000
137817  57.918  -13.342  65.594 0.0000000000
71357  58.610  -14.056  66.310 0.0000000000
69329  58.947  -15.310  66.951 0.0000000000
64258  57.979  -21.068  70.320 0.0000000000
64257  58.531  -21.454  69.910 0.0000000000
63260  59.001  -21.495  68.940 0.0000000000
62231  58.939  -22.122  69.092 0.0000000000
62233  57.609  -22.774  68.267 0.0000000000
58998  44.386  -25.439  84.329 0.0000000000
60076  44.099  -24.888  84.174 0.0000000000
60075  44.779  -25.108  83.801 0.0000000000
60093  45.157  -25.021  83.150 0.0000000000
60115  45.590  -25.104  82.478 0.0000000000
146489  45.963  -25.141  81.911 0.0000000000
60114  46.157  -25.302  82.132 0.0000000000
59018  46.315  -25.551  82.328 0.0000000000
59017  47.009  -25.895  81.997 0.0000000000
146300  47.408  -26.503  81.967 0.0000000000
57032  47.414  -27.193  82.114 0.0000000000
55942  47.334  -27.956  82.091 0.0000000000
55959  46.988  -28.568  81.988 0.0000000000
49571  31.400  -35.234  90.309 0.0000000000
49561  31.801  -35.567  90.412 0.0000000000
49560  32.606  -35.559  90.229 0.0000000000
47641  32.641  -35.887  90.347 0.0000000000
63239  53.583  -21.922  70.329 0.0000000000
131233  54.173  -21.796  70.178 0.0000000000
139604  56.805  -22.750  72.306 0.0000000000
62166  55.674  -22.636  72.857 0.0000000000
62146  55.704  -22.933  73.464 0.0000000000
62129  55.509  -23.287  73.743 0.0000000000
61152  53.901  -23.793  75.484 0.0000000000
60221  54.551  -24.673  75.563 0.0000000000
139585  54.501  -25.133  75.743 0.0000000000
57109  53.125  -26.700  74.393 0.0000000000
57095  53.062  -26.797  75.293 0.0000000000
57088  51.705  -27.467  75.486 0.0000000000
57978  36.769  -26.545  87.818 0.0000000000
58974  36.975  -25.907  86.566 0.0000000000
58950  37.402  -26.177  88.139 0.0000000000
58949  38.079  -25.737  88.039 0.0000000000
58948  38.931  -25.396  87.906 0.0000000000
57001  39.826  -26.893  86.275 0.0000000000
56999  41.723  -26.554  85.412 0.0000000000
57990  41.943  -26.050  85.587 0.0000000000
55922  42.411  -27.104  84.831 0.0000000000
52710  35.130  -31.847  87.132 0.0000000000
53746  34.372  -30.652  85.399 0.0000000000
54817  34.183  -29.854  85.298 0.0000000000
54804  34.543  -29.572  85.979 0.0000000000
55915  34.680  -28.758  85.943 0.0000000000
57004  35.038  -28.083  86.406 0.0000000000
55909  35.209  -28.911  87.321 0.0000000000
54778  36.140  -29.480  88.108 0.0000000000
73368  60.540  -11.175  64.031 0.0000000000
126697  60.348  -12.975  63.555 0.0000000000
68285  60.069  -16.163  64.686 0.0000000000
67265  55.852  -17.929  66.601 0.0000000000
66221  58.988  -18.813  67.169 0.0000000000
63295  57.498  -20.841  66.192 0.0000000000
64306  57.903  -20.343  65.851 0.0000000000
134514  57.260  -20.592  65.537 0.0000000000
64307  56.709  -20.600  65.051 0.0000000000
131590  38.264  -24.984  82.979 0.0000000000
141300  42.724  -25.653  80.841 0.0000000000
59038  41.791  -25.646  80.541 0.0000000000
60175  46.343  -24.964  79.192 0.0000000000
60190  45.926  -25.008  78.433 0.0000000000
60189  46.588  -24.873  78.294 0.0000000000
60202  46.774  -24.860  77.563 0.0000000000
60216  47.089  -25.130  76.094 0.0000000000
60201  47.476  -25.010  77.036 0.0000000000
125497  48.285  -25.085  76.873 0.0000000000
130185  49.225  -25.028  76.265 0.0000000000
149403  50.463  -25.394  78.396 0.0000000000
55970  49.026  -27.835  79.845 0.0000000000
57046  49.594  -27.657  79.390 0.0000000000
54897  49.217  -28.059  79.322 0.0000000000
54921  49.882  -27.862  78.761 0.0000000000
56000  49.835  -28.125  78.173 0.0000000000
54934  49.198  -28.553  78.009 0.0000000000
50690  30.169  -34.427  90.190 0.0000000000
50674  30.162  -34.553  90.818 0.0000000000
50673  30.628  -35.066  90.759 0.0000000000
48619  30.656  -36.006  91.012 0.0000000000
46630  31.133  -37.248  90.754 0.0000000000
126001  30.513  -36.826  91.216 0.0000000000
46631  30.328  -37.621  91.192 0.0000000000
62187  52.606  -22.446  71.547 0.0000000000
131998  53.165  -22.678  73.110 0.0000000000
130473  53.016  -22.866  73.844 0.0000000000
62131  52.848  -23.104  74.695 0.0000000000
62117  53.434  -23.411  75.215 0.0000000000
134043  53.188  -24.021  75.875 0.0000000000
60209  53.376  -24.605  76.420 0.0000000000
60196  53.324  -25.169  76.767 0.0000000000
146950  38.614  -28.093  87.674 0.0000000000
49605  33.610  -34.411  88.101 0.0000000000
50706  34.299  -34.010  88.314 0.0000000000
50721  34.662  -33.487  87.849 0.0000000000
49578  34.633  -34.482  89.028 0.0000000000
50687  34.933  -33.595  88.431 0.0000000000
139184  35.493  -31.517  87.832 0.0000000000
52694  35.817  -31.066  88.028 0.0000000000
51728  36.100  -31.686  88.198 0.0000000000
50703  36.967  -33.467  87.974 0.0000000000
73361  59.635  -11.831  65.327 0.0000000000
72346  60.282  -12.471  65.397 0.0000000000
71382  60.767  -13.585  64.931 0.0000000000
71367  60.582  -13.806  65.323 0.0000000000
140134  60.625  -14.813  65.170 0.0000000000
70360  59.960  -14.390  66.009 0.0000000000
69347  60.500  -15.362  64.976 0.0000000000
132631  59.635  -17.118  64.838 0.0000000000
67288  59.115  -17.542  64.475 0.0000000000
127594  54.629  -20.467  67.465 0.0000000000
64285  55.504  -20.128  67.947 0.0000000000
65213  56.266  -19.639  68.148 0.0000000000
66210  58.285  -19.495  68.192 0.0000000000
144627  58.582  -19.857  68.042 0.0000000000
64273  58.637  -20.414  68.088 0.0000000000
63281  58.471  -20.977  67.610 0.0000000000
63269  58.886  -21.475  68.376 0.0000000000
63282  57.876  -21.189  66.975 0.0000000000
63283  57.074  -21.412  66.486 0.0000000000
136394  41.216  -24.028  84.358 0.0000000000
61114  41.290  -24.296  83.202 0.0000000000
140186  42.145  -24.450  82.940 0.0000000000
60139  42.158  -24.815  82.133 0.0000000000
132459  43.793  -24.621  83.179 0.0000000000
59037  43.377  -26.177  80.540 0.0000000000
58042  44.204  -27.182  79.189 0.0000000000
59054  44.569  -26.444  79.798 0.0000000000
59053  45.756  -25.308  79.811 0.0000000000
126346  45.978  -25.037  81.338 0.0000000000
124642  46.336  -24.953  80.036 0.0000000000
60174  47.010  -24.915  79.838 0.0000000000
60172  48.709  -25.361  79.277 0.0000000000
59034  48.538  -25.745  80.132 0.0000000000
59024  48.839  -26.280  80.361 0.0000000000
58029  48.982  -26.833  80.628 0.0000000000
57031  47.905  -26.940  81.540 0.0000000000
57039  48.449  -27.423  81.017 0.0000000000
57038  48.794  -27.749  80.403 0.0000000000
54876  48.922  -28.203  79.863 0.0000000000
126649  48.227  -29.101  79.963 0.0000000000
49625  32.722  -34.943  86.858 0.0000000000
137641  31.487  -34.828  89.138 0.0000000000
49607  31.951  -35.082  87.526 0.0000000000
49606  32.825  -34.782  87.820 0.0000000000
48635  33.237  -35.648  89.992 0.0000000000
63251  55.671  -21.248  70.112 0.0000000000
63238  54.862  -21.712  70.480 0.0000000000
63236  57.476  -21.496  70.898 0.0000000000
63217  58.461  -22.504  70.954 0.0000000000
61202  58.328  -23.262  70.750 0.0000000000
61204  57.625  -23.702  70.267 0.0000000000
61203  57.570  -23.786  70.873 0.0000000000
133217  57.098  -24.018  71.443 0.0000000000
130894  56.419  -24.303  71.427 0.0000000000
142394  56.540  -23.468  72.369 0.0000000000
146675  56.371  -24.294  72.040 0.0000000000
62147  54.551  -22.863  74.009 0.0000000000
125672  55.166  -23.059  74.037 0.0000000000
60233  55.191  -24.483  74.133 0.0000000000
61150  54.806  -24.430  74.868 0.0000000000
59137  55.100  -25.043  74.294 0.0000000000
59158  55.307  -24.970  73.618 0.0000000000
58017  36.511  -26.449  83.029 0.0000000000
59013  37.021  -25.917  83.642 0.0000000000
58986  37.544  -25.440  86.266 0.0000000000
58999  37.576  -25.482  85.236 0.0000000000
60100  38.200  -24.991  83.902 0.0000000000
60079  38.845  -24.625  84.534 0.0000000000
60078  39.510  -24.362  84.119 0.0000000000
61087  40.214  -24.121  84.515 0.0000000000
127280  39.250  -26.483  87.506 0.0000000000
58961  39.737  -25.145  87.626 0.0000000000
56992  40.127  -26.076  86.852 0.0000000000
149180  40.223  -25.472  87.173 0.0000000000
60039  40.116  -24.788  87.190 0.0000000000
133513  40.230  -24.401  86.714 0.0000000000
61072  40.500  -24.032  85.429 0.0000000000
61086  40.926  -24.019  84.767 0.0000000000
61085  41.664  -24.081  84.827 0.0000000000
61084  42.424  -24.230  84.994 0.0000000000
60063  43.053  -24.739  85.257 0.0000000000
57989  42.957  -26.340  85.261 0.0000000000
57988  43.262  -25.902  85.219 0.0000000000
58984  43.877  -25.900  84.674 0.0000000000
137857  44.292  -26.574  84.478 0.0000000000
57007  44.826  -26.958  84.219 0.0000000000
57019  44.738  -27.507  84.038 0.0000000000
55930  45.227  -28.044  83.500 0.0000000000
55931  44.628  -28.025  83.808 0.0000000000
54842  44.769  -29.117  82.923 0.0000000000
54844  43.289  -28.909  83.199 0.0000000000
54864  43.540  -29.420  82.511 0.0000000000
50734  34.064  -34.088  86.652 0.0000000000
57020  35.274  -27.572  84.121 0.0000000000
57993  35.931  -26.959  86.445 0.0000000000
56994  35.630  -27.618  86.863 0.0000000000
57979  36.131  -27.015  87.412 0.0000000000
56987  36.855  -27.066  88.246 0.0000000000
148168  37.579  -28.181  88.400 0.0000000000
150241  37.888  -28.328  88.285 0.0000000000
52687  36.420  -30.670  88.399 0.0000000000
52686  36.875  -30.440  88.713 0.0000000000
52692  37.055  -30.698  88.769 0.0000000000
52701  37.611  -31.067  88.377 0.0000000000
53728  37.465  -30.328  88.540 0.0000000000
128971  37.857  -29.929  88.225 0.0000000000
128357  26.920  -33.958  92.446 0.0000000000
72388  60.320  -11.750  62.259 0.0000000000
70363  57.232  -15.126  66.284 0.0000000000
68268  59.309  -15.912  66.751 0.0000000000
68260  59.009  -16.709  67.170 0.0000000000
68267  59.643  -16.595  66.442 0.0000000000
67269  60.049  -16.975  66.006 0.0000000000
66267  59.295  -18.156  64.935 0.0000000000
66268  58.700  -18.182  64.413 0.0000000000
65223  58.683  -19.719  67.592 0.0000000000
65237  58.865  -19.578  66.950 0.0000000000
65249  58.898  -19.493  66.000 0.0000000000
64305  58.298  -19.884  65.466 0.0000000000
65261  58.679  -19.380  65.016 0.0000000000
66269  58.228  -18.941  64.381 0.0000000000
66285  57.514  -18.816  63.821 0.0000000000
130295  48.682  -23.954  73.204 0.0000000000
60142  39.593  -24.883  81.523 0.0000000000
60225  47.507  -25.404  75.451 0.0000000000
61173  48.114  -24.456  73.398 0.0000000000
61167  48.764  -24.331  73.848 0.0000000000
148038  50.009  -23.943  74.469 0.0000000000
61155  50.801  -24.013  75.218 0.0000000000
60213  49.956  -24.918  76.547 0.0000000000
60212  50.811  -24.676  76.404 0.0000000000
61144  51.557  -24.395  76.257 0.0000000000
61138  52.015  -24.629  76.785 0.0000000000
132449  52.255  -24.858  77.090 0.0000000000
59090  52.704  -25.446  77.362 0.0000000000
60171  49.535  -25.441  79.011 0.0000000000
59052  49.955  -25.582  79.188 0.0000000000
60170  50.577  -25.548  78.699 0.0000000000
57055  50.135  -27.560  79.076 0.0000000000
58041  50.934  -26.682  78.979 0.0000000000
59072  51.149  -25.646  78.369 0.0000000000
58051  51.745  -26.549  78.001 0.0000000000
58063  52.277  -26.666  77.466 0.0000000000
58062  52.936  -26.484  76.987 0.0000000000
57078  52.367  -27.094  76.569 0.0000000000
57079  51.800  -27.462  76.333 0.0000000000
56031  51.113  -27.772  76.031 0.0000000000
56019  50.409  -27.896  76.587 0.0000000000
56032  50.234  -27.930  75.681 0.0000000000
54840  45.937  -28.625  82.625 0.0000000000
142358  45.914  -29.146  82.138 0.0000000000
146995  46.180  -29.270  81.695 0.0000000000
54880  45.149  -29.767  81.308 0.0000000000
133200  46.060  -29.525  81.169 0.0000000000
135620  47.021  -29.391  80.736 0.0000000000
124731  47.213  -29.536  80.196 0.0000000000
46615  30.023  -37.279  91.449 0.0000000000
48609  28.716  -35.726  92.418 0.0000000000
48620  29.974  -35.803  91.433 0.0000000000
49540  29.084  -34.952  92.232 0.0000000000
49563  30.423  -35.285  91.068 0.0000000000
50643  27.243  -34.349  92.733 0.0000000000
51729  35.461  -32.174  87.975 0.0000000000
52717  34.945  -31.495  86.460 0.0000000000
53719  36.997  -30.075  88.863 0.0000000000
53720  36.647  -30.097  88.598 0.0000000000
53721  36.162  -30.336  88.166 0.0000000000
54776  37.993  -29.291  88.129 0.0000000000
54777  37.440  -29.652  88.548 0.0000000000
54790  35.268  -29.670  87.354 0.0000000000
54861  46.555  -29.001  81.861 0.0000000000
54877  48.334  -28.534  80.534 0.0000000000
54879  46.843  -29.189  81.330 0.0000000000
55892  37.095  -28.681  88.609 0.0000000000
55893  36.726  -28.502  88.494 0.0000000000
55902  36.037  -28.950  88.032 0.0000000000
55920  44.025  -27.446  84.388 0.0000000000
55971  48.608  -28.118  80.412 0.0000000000
55980  49.302  -27.829  79.474 0.0000000000
55997  51.410  -27.097  77.705 0.0000000000
56020  49.171  -28.359  76.433 0.0000000000
56977  37.648  -27.411  88.342 0.0000000000
56978  37.129  -27.910  88.451 0.0000000000
56995  35.379  -28.279  87.168 0.0000000000
57017  46.010  -27.051  83.307 0.0000000000
57054  50.673  -27.173  79.191 0.0000000000
57064  50.785  -27.291  78.589 0.0000000000
57072  52.236  -26.944  77.183 0.0000000000
57952  37.203  -27.007  88.340 0.0000000000
57964  37.552  -26.336  88.220 0.0000000000
57966  36.505  -27.089  88.028 0.0000000000
57975  41.317  -25.638  86.319 0.0000000000
57992  36.543  -26.457  86.971 0.0000000000
58001  44.893  -26.329  84.179 0.0000000000
58002  44.528  -26.013  84.405 0.0000000000
58006  35.857  -26.958  85.467 0.0000000000
58016  46.104  -26.332  83.149 0.0000000000
58050  52.570  -26.156  77.532 0.0000000000
58073  53.915  -26.012  75.869 0.0000000000
58074  53.274  -26.411  76.270 0.0000000000
58962  38.571  -25.061  87.901 0.0000000000
58963  37.867  -25.519  87.827 0.0000000000
58964  37.141  -25.932  87.547 0.0000000000
58985  43.380  -25.375  85.152 0.0000000000
59009  46.434  -25.933  82.573 0.0000000000
59012  37.604  -25.482  84.246 0.0000000000
59050  51.281  -26.210  78.519 0.0000000000
59051  50.706  -25.931  79.049 0.0000000000
59071  52.016  -25.680  78.064 0.0000000000
59121  54.884  -25.004  75.101 0.0000000000
59178  55.872  -24.502  72.494 0.0000000000
59179  55.572  -24.849  73.004 0.0000000000
60038  40.966  -25.021  86.912 0.0000000000
60040  39.347  -24.899  87.696 0.0000000000
60051  41.919  -25.139  85.807 0.0000000000
60052  41.273  -24.644  86.345 0.0000000000
60062  43.711  -25.142  84.715 0.0000000000
60096  42.883  -24.343  83.633 0.0000000000
60118  41.524  -24.620  82.502 0.0000000000
60153  49.049  -25.605  79.530 0.0000000000
60232  55.633  -24.165  73.225 0.0000000000
60247  48.131  -24.868  74.155 0.0000000000
60259  56.763  -23.642  72.053 0.0000000000
61056  41.712  -24.564  85.814 0.0000000000
61058  40.752  -24.170  86.197 0.0000000000
61068  42.895  -24.375  85.007 0.0000000000
61069  42.342  -24.487  85.339 0.0000000000
61070  41.795  -24.321  85.487 0.0000000000
61071  41.208  -24.082  85.564 0.0000000000
61102  41.544  -24.079  84.023 0.0000000000
61103  40.781  -24.111  83.929 0.0000000000
61142  54.017  -24.347  75.829 0.0000000000
61145  51.058  -24.270  75.821 0.0000000000
61160  55.571  -23.741  73.565 0.0000000000
61170  56.585  -23.107  72.498 0.0000000000
61181  57.053  -23.218  71.955 0.0000000000
61191  58.129  -23.080  71.200 0.0000000000
61192  57.417  -23.355  71.588 0.0000000000
61213  58.727  -22.878  70.318 0.0000000000
62145  55.959  -23.211  73.169 0.0000000000
62165  56.252  -22.852  72.812 0.0000000000
62216  58.665  -22.378  69.939 0.0000000000
66238  59.144  -19.032  66.496 0.0000000000
66250  59.086  -18.954  65.229 0.0000000000
67278  59.696  -17.507  65.530 0.0000000000
68261  58.375  -16.881  67.404 0.0000000000
68270  57.005  -16.768  67.026 0.0000000000
69336  60.529  -15.273  65.545 0.0000000000
70369  60.576  -14.541  65.413 0.0000000000
71368  60.385  -13.193  65.500 0.0000000000
71370  58.039  -13.732  65.965 0.0000000000
125013  50.268  -25.458  78.704 0.0000000000
127239  38.164  -26.172  88.113 0.0000000000
128567  53.871  -26.266  74.313 0.0000000000
130089  34.985  -28.629  86.758 0.0000000000
130643  35.615  -30.678  87.715 0.0000000000
131525  39.591  -24.596  87.210 0.0000000000
132939  52.735  -24.875  76.996 0.0000000000
134126  57.634  -23.494  71.267 0.0000000000
135164  36.207  -28.327  87.989 0.0000000000
136174  36.771  -29.074  88.652 0.0000000000
138141  43.891  -25.181  81.592 0.0000000000
139102  56.312  -24.100  72.284 0.0000000000
144026  41.637  -24.807  86.015 0.0000000000
144148  57.864  -22.688  71.403 0.0000000000
147235  59.074  -11.813  65.344 0.0000000000
147500  39.169  -24.509  86.927 0.0000000000
148402  36.992  -26.690  88.215 0.0000000000
148403  35.483  -29.072  87.613 0.0000000000
148579  37.724  -26.720  88.281 0.0000000000
149596  40.040  -24.091  85.890 0.0000000000
