#!ascii label  , from subject sub-v1s8x0051335_ses-1 vox2ras=TkReg
488
125167  -30.932  -68.120  3.264 0.6999999881
20093  -30.570  -67.847  2.607 0.6000000238
20118  -30.826  -67.608  1.293 0.6000000238
20130  -31.909  -67.591  0.733 0.4000000060
19009  -26.117  -69.174  7.371 0.6999999881
20004  -25.828  -68.517  6.822 0.6999999881
19027  -26.490  -68.788  6.863 0.6999999881
19026  -26.029  -68.659  6.800 0.6000000238
18079  -26.780  -69.478  7.582 0.6999999881
20015  -26.394  -68.352  6.530 0.6000000238
19028  -27.252  -68.915  6.871 0.6000000238
19047  -27.101  -68.481  6.345 0.6000000238
136110  -28.574  -69.058  6.822 0.6000000238
20030  -27.851  -68.103  5.622 0.6000000238
130649  -27.768  -67.649  4.996 0.5000000000
20045  -28.220  -67.832  4.588 0.5000000000
20066  -27.771  -67.630  3.977 0.5000000000
20090  -27.804  -67.767  2.594 0.6000000238
20092  -29.541  -67.865  2.634 0.6000000238
20091  -28.597  -67.863  2.637 0.6000000238
20103  -28.908  -67.745  1.954 0.6000000238
20116  -29.555  -67.517  1.622 0.6000000238
131980  -25.766  -68.556  7.355 0.6000000238
21937  -26.065  -67.428  6.734 0.6000000238
20999  -26.056  -67.791  6.520 0.6000000238
20028  -26.414  -68.000  6.341 0.6000000238
21014  -27.180  -67.190  5.584 0.6000000238
125798  -27.161  -67.501  5.769 0.6000000238
20029  -27.187  -67.957  5.911 0.6000000238
21037  -27.202  -66.944  3.482 0.6000000238
148638  -27.656  -67.635  3.136 0.6000000238
21052  -26.957  -67.155  2.507 0.6999999881
132623  -26.883  -67.330  2.096 0.6000000238
21060  -27.368  -67.655  1.913 0.6000000238
20117  -30.102  -67.397  1.305 0.5000000000
20128  -30.505  -67.319  0.911 0.5000000000
134303  -25.745  -68.008  7.553 0.6000000238
21938  -26.347  -66.962  7.057 0.6000000238
21951  -26.528  -66.995  6.588 0.6000000238
21961  -26.364  -67.414  6.482 0.6000000238
136033  -27.021  -66.968  5.918 0.6000000238
22977  -27.534  -66.278  4.894 0.6000000238
21973  -27.407  -66.664  4.695 0.6000000238
142444  -27.020  -66.117  3.678 0.6000000238
21026  -27.366  -67.115  4.732 0.6000000238
148874  -27.230  -66.658  3.900 0.6000000238
21061  -28.015  -67.658  1.529 0.6000000238
22023  -28.249  -66.923  1.214 0.6000000238
23049  -30.823  -66.100  0.622 0.4000000060
20977  -26.033  -67.749  8.282 0.6000000238
20988  -26.061  -67.383  7.415 0.6000000238
21939  -27.005  -66.549  6.930 0.6000000238
21962  -27.443  -66.503  5.723 0.6000000238
22978  -27.798  -65.800  5.236 0.5000000000
22993  -27.509  -65.149  4.283 0.6000000238
23004  -26.410  -65.418  3.084 0.6999999881
22000  -25.392  -66.293  1.812 0.6000000238
22001  -26.406  -66.515  2.377 0.6000000238
22010  -26.235  -66.736  1.870 0.6000000238
22017  -26.248  -66.586  1.613 0.6000000238
143191  -27.012  -66.673  1.457 0.6000000238
23036  -28.564  -66.335  1.313 0.6000000238
22024  -29.145  -66.756  1.213 0.6000000238
124755  -30.294  -66.145  0.752 0.4000000060
23037  -29.507  -66.210  1.133 0.5000000000
21922  -26.648  -67.060  8.352 0.5000000000
125319  -26.755  -66.731  7.619 0.6000000238
22964  -28.202  -65.511  6.478 0.6000000238
22963  -27.663  -66.095  6.211 0.5000000000
22979  -28.255  -65.369  5.703 0.5000000000
24009  -28.076  -64.930  4.859 0.5000000000
24028  -27.034  -64.262  3.952 0.6000000238
25142  -26.754  -63.587  4.180 0.6000000238
24027  -26.696  -64.675  3.609 0.6999999881
22991  -25.801  -64.549  3.118 0.6999999881
21985  -26.702  -66.236  3.068 0.6999999881
24051  -24.333  -64.813  2.196 0.6000000238
21984  -25.746  -65.916  2.362 0.6999999881
23014  -24.830  -65.711  1.915 0.6000000238
23020  -24.934  -65.809  1.615 0.6000000238
22008  -25.334  -66.179  1.504 0.6000000238
23030  -26.459  -65.964  1.400 0.6000000238
23031  -28.986  -65.564  1.382 0.5000000000
148073  -29.565  -65.229  1.346 0.4000000060
22933  -27.419  -66.259  8.542 0.6000000238
22934  -27.839  -65.687  7.962 0.6000000238
22949  -27.740  -65.812  7.144 0.5000000000
23994  -28.761  -64.825  6.303 0.6000000238
24010  -28.585  -64.571  5.407 0.5000000000
25122  -28.189  -64.040  4.733 0.6000000238
129970  -28.184  -63.113  4.834 0.5000000000
26320  -27.416  -63.381  4.463 0.5000000000
25141  -25.861  -63.262  4.095 0.5000000000
136577  -26.329  -63.898  3.811 0.6000000238
26317  -24.520  -62.248  3.921 0.5000000000
25140  -24.949  -63.059  3.781 0.5000000000
24026  -25.426  -63.826  3.497 0.6000000238
26337  -24.240  -62.848  3.243 0.4000000060
24041  -24.711  -64.348  2.772 0.6999999881
25179  -23.664  -63.121  2.394 0.4000000060
24050  -23.542  -63.782  2.009 0.5000000000
24057  -23.919  -64.262  1.850 0.6000000238
26369  -23.939  -62.947  1.688 0.5000000000
25195  -24.518  -63.849  1.496 0.6000000238
26370  -25.162  -62.881  1.335 0.5000000000
24059  -26.198  -64.723  1.253 0.6000000238
23024  -29.223  -64.787  1.423 0.5000000000
25196  -25.673  -63.753  1.162 0.6000000238
148377  -27.240  -64.426  1.328 0.6000000238
23023  -28.172  -64.784  1.408 0.6000000238
23967  -28.117  -65.439  8.777 0.5000000000
23981  -28.438  -65.241  7.135 0.5000000000
24011  -29.105  -64.222  5.797 0.5000000000
26297  -28.894  -62.854  5.479 0.4000000060
128726  -27.420  -62.624  4.656 0.4000000060
26319  -26.498  -62.741  4.458 0.5000000000
27498  -25.996  -61.922  4.667 0.5000000000
28624  -23.016  -60.448  3.408 0.4000000060
26316  -23.989  -61.605  3.582 0.4000000060
26336  -23.711  -62.201  2.899 0.4000000060
26350  -23.465  -62.219  2.327 0.5000000000
25194  -23.433  -63.000  1.949 0.5000000000
26351  -23.512  -62.231  1.967 0.5000000000
27533  -24.581  -62.090  1.721 0.5000000000
25198  -28.507  -63.104  1.365 0.5000000000
24060  -28.826  -63.997  1.454 0.5000000000
141396  -26.788  -63.728  1.178 0.6000000238
135151  -27.835  -63.821  1.330 0.5000000000
26295  -26.941  -61.901  4.708 0.4000000060
27478  -26.355  -61.233  4.997 0.5000000000
131426  -25.668  -61.321  4.813 0.5000000000
27477  -25.025  -61.062  4.703 0.5000000000
27510  -23.181  -61.193  2.749 0.4000000060
27521  -23.894  -61.406  2.097 0.5000000000
27535  -27.829  -61.516  1.433 0.5000000000
26373  -29.170  -62.370  1.538 0.3000000119
28652  -23.477  -60.678  2.500 0.5000000000
27534  -25.979  -61.902  1.296 0.5000000000
26371  -27.118  -62.137  1.149 0.5000000000
28612  -25.695  -60.620  5.133 0.4000000060
27495  -23.845  -60.931  3.825 0.4000000060
29765  -24.148  -59.768  5.038 0.4000000060
29777  -22.892  -59.708  3.770 0.4000000060
29802  -22.962  -59.889  2.799 0.4000000060
130688  -22.869  -59.028  3.119 0.4000000060
30989  -23.482  -59.046  2.835 0.5000000000
28672  -28.484  -60.832  1.701 0.4000000060
27536  -28.842  -61.569  1.537 0.4000000060
27522  -25.195  -61.195  1.848 0.5000000000
28671  -27.428  -60.843  1.705 0.5000000000
28653  -24.539  -60.542  2.252 0.5000000000
27523  -26.381  -60.974  1.712 0.5000000000
130315  -26.948  -61.469  1.434 0.5000000000
130358  -22.458  -58.491  3.583 0.4000000060
28656  -28.015  -60.172  2.100 0.4000000060
28655  -26.904  -60.196  2.012 0.5000000000
30990  -24.674  -59.015  2.746 0.5000000000
28654  -25.768  -60.332  2.058 0.5000000000
128089  -23.156  -58.152  3.214 0.4000000060
29806  -27.457  -59.475  2.410 0.4000000060
29807  -28.705  -59.421  2.511 0.3000000119
30971  -24.337  -58.231  3.066 0.5000000000
29804  -25.190  -59.706  2.457 0.5000000000
29805  -26.348  -59.570  2.412 0.5000000000
144852  -22.895  -57.131  3.931 0.4000000060
30992  -26.849  -58.842  2.748 0.3000000119
30993  -27.879  -58.728  2.824 0.3000000119
32160  -24.207  -57.453  3.465 0.4000000060
30991  -25.838  -58.979  2.796 0.5000000000
32161  -25.233  -57.544  3.344 0.4000000060
30972  -25.456  -58.268  3.011 0.5000000000
33284  -24.058  -56.094  4.392 0.4000000060
30974  -27.139  -57.934  3.025 0.3000000119
32163  -28.114  -58.074  3.214 0.3000000119
33302  -24.189  -56.770  3.947 0.4000000060
32162  -26.207  -57.611  3.145 0.4000000060
33285  -24.850  -56.116  4.128 0.4000000060
34334  -23.779  -55.343  4.864 0.5000000000
132335  -26.858  -57.131  3.446 0.3000000119
33305  -27.648  -57.109  3.931 0.4000000060
33288  -27.864  -56.444  4.455 0.4000000060
126147  -28.292  -57.603  3.678 0.4000000060
34335  -24.600  -55.367  4.430 0.4000000060
33304  -25.942  -57.005  3.603 0.5000000000
145032  -26.387  -56.601  4.008 0.4000000060
33303  -25.043  -56.822  3.710 0.5000000000
34336  -25.471  -55.512  4.334 0.5000000000
34337  -26.384  -55.815  4.364 0.4000000060
143403  -26.740  -55.175  4.732 0.4000000060
34338  -27.256  -55.754  4.611 0.4000000060
33289  -28.718  -56.426  4.706 0.3000000119
35353  -24.408  -54.758  4.773 0.5000000000
148178  -27.204  -54.173  5.307 0.4000000060
36373  -27.538  -53.497  5.552 0.3000000119
37424  -23.664  -53.155  5.824 0.5000000000
36372  -26.547  -53.560  5.294 0.4000000060
35340  -26.604  -54.514  5.068 0.4000000060
35356  -27.444  -54.982  5.124 0.4000000060
35341  -28.003  -54.297  5.472 0.4000000060
35357  -28.477  -55.121  5.374 0.3000000119
35337  -23.867  -54.482  5.202 0.5000000000
35354  -25.183  -54.751  4.617 0.5000000000
35355  -26.033  -54.968  4.664 0.5000000000
35338  -24.742  -54.039  5.061 0.5000000000
37428  -27.045  -52.692  5.634 0.4000000060
37407  -22.997  -52.596  6.388 0.5000000000
137799  -23.996  -53.778  5.410 0.5000000000
36370  -24.577  -53.209  5.406 0.5000000000
36371  -25.508  -53.327  5.237 0.5000000000
35339  -25.782  -54.183  5.001 0.5000000000
38529  -22.452  -51.957  6.868 0.5000000000
38553  -24.871  -51.936  5.871 0.5000000000
38556  -27.484  -51.885  6.033 0.3000000119
37429  -27.999  -52.717  5.958 0.3000000119
38530  -23.378  -51.497  6.430 0.5000000000
38531  -24.403  -51.317  6.211 0.5000000000
37425  -24.453  -52.586  5.709 0.5000000000
124849  -30.081  -68.028  3.260 0.6000000238
20119  -31.532  -67.806  1.099 0.5000000000
22992  -27.195  -65.689  3.906 0.6999999881
142747  -27.599  -66.498  1.347 0.6000000238
145793  -26.105  -64.181  3.510 0.6999999881
134848  -27.828  -65.732  1.365 0.6000000238
23003  -25.157  -65.181  2.519 0.6999999881
24040  -23.891  -64.075  2.358 0.5000000000
23021  -25.301  -65.426  1.305 0.6000000238
26318  -25.461  -62.525  4.342 0.5000000000
27496  -24.465  -61.448  4.283 0.5000000000
25161  -24.371  -63.575  3.043 0.4000000060
132237  -26.369  -62.844  1.051 0.5000000000
25197  -27.453  -62.942  1.117 0.5000000000
28638  -22.783  -60.242  3.011 0.4000000060
28610  -23.692  -60.194  4.325 0.4000000060
30973  -26.326  -58.297  2.924 0.4000000060
33287  -27.043  -56.518  4.189 0.4000000060
34339  -28.111  -55.756  4.913 0.3000000119
37408  -23.947  -52.185  6.079 0.5000000000
37426  -25.228  -52.564  5.516 0.5000000000
15284  -30.249  -73.869  4.622 0.5000000000
129448  -31.598  -73.818  4.130 0.5000000000
140533  -30.989  -73.770  4.559 0.5000000000
16290  -33.775  -73.159  3.578 0.5000000000
16289  -33.058  -73.582  3.417 0.5000000000
15301  -31.597  -74.226  3.538 0.4000000060
125753  -30.834  -73.589  5.159 0.5000000000
15269  -32.308  -73.294  5.190 0.6000000238
140460  -31.610  -73.374  5.436 0.6000000238
133603  -33.212  -73.338  4.102 0.5000000000
15286  -32.411  -73.552  4.237 0.5000000000
17225  -35.496  -71.448  3.318 0.4000000060
15244  -29.177  -73.854  7.409 0.6999999881
15245  -29.988  -73.506  7.115 0.6999999881
15247  -31.230  -73.330  6.098 0.6999999881
16255  -33.093  -72.831  5.715 0.5000000000
15268  -32.158  -72.981  6.174 0.6999999881
16291  -34.463  -72.560  3.885 0.5000000000
16269  -33.826  -72.878  4.564 0.5000000000
146744  -33.506  -72.860  5.176 0.5000000000
18116  -35.801  -70.634  3.972 0.5000000000
17204  -35.102  -71.892  4.118 0.5000000000
14341  -27.429  -74.829  7.486 0.5000000000
15243  -28.337  -74.303  7.536 0.6999999881
15228  -28.814  -73.872  8.496 0.6999999881
15229  -29.734  -73.348  8.316 0.6999999881
15246  -30.760  -73.156  6.865 0.6000000238
17179  -33.343  -71.715  6.517 0.6999999881
128625  -32.122  -72.436  6.861 0.6000000238
18106  -34.905  -70.682  5.491 0.5000000000
17187  -34.534  -71.562  5.562 0.6000000238
17186  -33.899  -71.636  6.141 0.6000000238
18107  -35.433  -70.596  4.828 0.5000000000
19081  -36.122  -69.803  3.801 0.5000000000
15227  -27.727  -74.376  8.537 0.5000000000
15216  -28.390  -73.599  9.227 0.6999999881
15230  -30.484  -72.977  7.728 0.6999999881
16225  -30.248  -72.131  8.642 0.6999999881
16224  -29.700  -72.572  9.043 0.6999999881
16236  -31.607  -72.177  7.445 0.8000000119
17171  -31.823  -71.362  7.452 0.6999999881
18092  -33.409  -70.783  6.525 0.6000000238
17178  -32.843  -71.401  6.851 0.6999999881
19055  -34.426  -70.065  5.737 0.6999999881
18099  -34.223  -70.773  6.039 0.6000000238
20050  -35.522  -68.947  4.413 0.6000000238
19067  -35.051  -69.709  5.229 0.6000000238
21039  -35.544  -67.897  3.748 0.6000000238
134349  -26.199  -74.551  8.751 0.5000000000
15214  -26.290  -73.792  9.185 0.6000000238
14335  -26.904  -74.442  8.834 0.5000000000
15215  -27.390  -73.779  9.299 0.6000000238
16223  -28.830  -72.722  9.420 0.6999999881
18068  -29.540  -70.971  8.552 0.6999999881
17158  -29.180  -71.822  9.162 0.6000000238
17170  -31.170  -71.510  7.833 0.6999999881
18083  -30.218  -70.537  7.995 0.6999999881
17172  -32.330  -71.101  7.153 0.6999999881
19066  -33.947  -69.272  5.509 0.6999999881
20073  -34.765  -68.056  4.393 0.6999999881
20049  -34.371  -68.664  4.944 0.6999999881
17156  -27.189  -71.770  9.311 0.6000000238
16222  -27.848  -72.797  9.517 0.6000000238
17157  -28.231  -71.882  9.326 0.6000000238
19012  -30.928  -70.089  7.575 0.8000000119
19030  -30.532  -69.267  6.954 0.5000000000
18082  -29.497  -70.212  7.908 0.6000000238
19032  -32.047  -69.510  6.684 0.6999999881
20034  -31.452  -68.594  5.339 0.6999999881
20048  -33.038  -68.425  4.943 0.6999999881
20035  -32.172  -68.592  5.155 0.6999999881
21038  -34.361  -67.447  3.834 0.5000000000
20072  -33.674  -67.832  4.392 0.6999999881
21063  -33.351  -67.259  1.797 0.5000000000
136493  -25.403  -73.518  9.274 0.5000000000
16220  -25.740  -72.736  9.351 0.5000000000
17155  -26.080  -71.502  9.167 0.6000000238
16221  -26.747  -72.772  9.408 0.6000000238
17167  -26.763  -70.629  8.533 0.6000000238
17168  -27.625  -71.068  8.840 0.6000000238
18080  -27.698  -70.156  8.055 0.6000000238
18088  -27.550  -69.387  7.361 0.6000000238
19051  -30.135  -68.775  6.183 0.6000000238
19029  -29.548  -69.068  6.877 0.5000000000
18089  -28.213  -69.578  7.420 0.5000000000
20046  -30.915  -68.336  4.665 0.6000000238
20033  -30.605  -68.525  5.453 0.6000000238
130724  -31.723  -68.085  3.334 0.6000000238
20070  -31.254  -68.200  3.984 0.6000000238
20107  -32.438  -67.729  1.690 0.5000000000
16219  -24.975  -72.810  9.472 0.5000000000
17154  -25.328  -71.830  9.402 0.6000000238
17166  -26.086  -70.172  8.186 0.6000000238
19010  -29.066  -69.601  7.450 0.5000000000
19048  -27.978  -68.747  6.184 0.5000000000
135157  -30.035  -68.297  4.753 0.4000000060
20032  -29.389  -68.345  5.237 0.5000000000
19049  -29.123  -68.640  6.014 0.5000000000
20094  -31.301  -67.977  2.745 0.6000000238
17146  -24.711  -72.033  9.699 0.5000000000
18067  -25.650  -70.749  8.967 0.6000000238
124850  -29.165  -67.946  3.317 0.5000000000
135158  -28.887  -67.970  4.189 0.4000000060
16207  -24.238  -72.931  9.777 0.5000000000
130749  -25.102  -71.214  9.431 0.5000000000
18997  -25.496  -70.360  8.990 0.6000000238
19008  -25.850  -68.960  7.315 0.6000000238
17145  -23.965  -72.115  10.229 0.5000000000
130022  -24.607  -71.491  9.856 0.5000000000
18058  -24.869  -70.883  9.713 0.6000000238
19996  -25.718  -69.343  8.163 0.6000000238
148678  -22.853  -72.431  10.591 0.5000000000
17133  -24.278  -71.286  10.358 0.5000000000
18990  -25.227  -70.241  9.661 0.5000000000
19995  -25.544  -69.815  9.058 0.6000000238
18048  -24.013  -70.980  11.032 0.5000000000
18049  -24.613  -70.550  10.458 0.5000000000
18034  -23.295  -70.760  11.669 0.5000000000
20976  -25.761  -68.500  8.189 0.5000000000
18981  -24.672  -70.003  11.047 0.5000000000
146912  -25.473  -69.663  9.656 0.5000000000
18970  -24.348  -69.724  11.863 0.5000000000
19988  -25.583  -69.217  10.183 0.5000000000
20967  -26.084  -68.264  9.154 0.4000000060
18969  -23.432  -70.009  12.400 0.5000000000
19979  -25.137  -69.319  11.233 0.5000000000
20955  -26.531  -68.043  10.318 0.4000000060
144647  -25.996  -68.678  9.920 0.4000000060
19980  -25.867  -68.646  10.848 0.4000000060
20956  -27.062  -67.359  10.311 0.4000000060
20069  -30.499  -68.189  3.935 0.6000000238
20095  -31.934  -67.901  2.414 0.5000000000
21062  -32.791  -67.606  1.132 0.4000000060
20968  -26.752  -67.493  9.323 0.4000000060
22916  -27.541  -66.256  9.601 0.4000000060
16241  -31.053  -72.663  7.414 0.6999999881
18090  -31.847  -70.352  7.278 0.6999999881
19065  -32.976  -69.048  5.708 0.6999999881
18098  -32.840  -69.680  6.364 0.6999999881
19011  -29.961  -69.761  7.486 0.6000000238
18081  -28.740  -70.237  8.037 0.6000000238
19052  -31.204  -68.924  6.246 0.6999999881
19053  -32.136  -68.963  5.932 0.6999999881
141558  -32.383  -67.892  3.103 0.6000000238
20108  -32.819  -67.627  2.544 0.6000000238
14334  -25.557  -74.880  8.454 0.5000000000
15217  -29.189  -73.340  9.092 0.6999999881
15285  -31.579  -73.556  4.750 0.6000000238
15300  -30.707  -74.043  4.093 0.5000000000
15302  -32.352  -73.900  3.444 0.5000000000
16234  -30.250  -72.670  8.440 0.6999999881
16235  -30.776  -72.217  8.039 0.6999999881
16237  -32.302  -71.879  7.080 0.6000000238
16242  -31.525  -72.794  6.859 0.6999999881
16243  -32.821  -72.287  6.560 0.6999999881
16244  -33.477  -72.238  6.153 0.6000000238
16256  -33.921  -72.381  5.511 0.5000000000
16257  -34.596  -72.188  4.817 0.5000000000
17159  -29.882  -71.781  8.879 0.6999999881
17160  -30.446  -71.408  8.355 0.6999999881
17169  -28.507  -71.014  8.721 0.6000000238
17192  -35.136  -71.412  4.930 0.5000000000
17193  -35.487  -71.242  4.261 0.5000000000
18078  -25.812  -69.722  8.096 0.6000000238
18091  -32.603  -70.427  6.882 0.6999999881
18980  -24.100  -70.399  11.420 0.5000000000
19031  -31.358  -69.517  7.023 0.6999999881
19050  -29.841  -68.498  5.523 0.5000000000
19054  -33.676  -69.889  6.077 0.6000000238
19068  -35.666  -69.921  4.514 0.6000000238
19989  -25.727  -69.095  9.148 0.4000000060
20014  -25.984  -68.248  6.601 0.6000000238
20031  -28.682  -68.197  5.251 0.5000000000
20044  -27.529  -67.396  4.640 0.5000000000
20047  -31.945  -68.140  4.399 0.6000000238
20065  -27.414  -67.415  3.338 0.6999999881
20067  -28.256  -67.808  3.446 0.6000000238
20068  -29.677  -68.088  3.983 0.4000000060
20071  -32.540  -67.766  4.068 0.6000000238
20096  -33.214  -67.493  3.557 0.6999999881
20102  -28.087  -67.813  2.059 0.6000000238
20104  -29.939  -67.695  2.085 0.6000000238
20105  -30.725  -67.636  1.927 0.6000000238
20106  -31.284  -67.742  2.167 0.6000000238
20120  -32.186  -67.830  1.057 0.5000000000
20129  -31.188  -67.498  0.805 0.5000000000
20987  -25.780  -68.004  6.864 0.6000000238
21013  -26.640  -67.534  6.179 0.6000000238
21053  -27.273  -67.560  2.557 0.6000000238
21054  -33.816  -67.167  2.959 0.5000000000
21059  -26.872  -67.156  1.722 0.6000000238
21069  -27.182  -67.049  1.439 0.6000000238
21070  -27.970  -67.281  1.256 0.6000000238
21071  -28.750  -67.451  1.442 0.6000000238
21072  -29.456  -67.259  1.292 0.6000000238
21073  -32.614  -67.473  0.815 0.4000000060
21079  -28.861  -67.149  1.239 0.6000000238
21080  -29.579  -67.006  1.009 0.5000000000
21081  -29.957  -67.192  1.013 0.5000000000
21082  -30.833  -66.971  0.618 0.4000000060
21083  -31.553  -67.076  0.545 0.4000000060
21091  -31.207  -66.411  0.522 0.4000000060
21952  -27.101  -66.743  6.314 0.6000000238
21999  -25.091  -66.115  1.519 0.6000000238
22009  -25.356  -66.257  1.557 0.6000000238
22018  -27.597  -66.932  1.265 0.6000000238
22025  -29.909  -66.577  0.865 0.5000000000
22026  -30.529  -66.457  0.629 0.5000000000
22948  -27.311  -66.191  7.629 0.5000000000
23022  -27.177  -65.138  1.364 0.6000000238
23032  -29.972  -65.676  1.125 0.4000000060
24029  -27.544  -64.256  4.341 0.6000000238
24056  -23.688  -63.569  1.856 0.5000000000
24058  -24.644  -64.835  1.565 0.6000000238
25123  -28.767  -63.756  5.317 0.5000000000
26372  -28.147  -62.262  1.304 0.5000000000
27476  -24.328  -60.829  4.481 0.5000000000
27497  -25.177  -61.782  4.537 0.5000000000
27520  -23.414  -61.484  2.500 0.5000000000
28611  -24.677  -60.393  4.905 0.4000000060
28651  -22.935  -60.677  2.754 0.4000000060
29790  -22.688  -59.385  3.383 0.4000000060
29803  -23.927  -59.839  2.548 0.5000000000
30970  -22.491  -57.668  3.643 0.4000000060
32159  -23.328  -57.290  3.626 0.4000000060
33286  -25.696  -56.327  4.077 0.5000000000
33301  -23.500  -56.775  4.207 0.4000000060
33306  -28.493  -57.065  4.229 0.4000000060
124450  -30.196  -66.922  0.758 0.5000000000
126937  -30.256  -67.544  1.671 0.5000000000
128547  -27.439  -67.433  1.474 0.6000000238
131418  -27.172  -66.813  9.118 0.6000000238
131484  -27.310  -66.845  9.931 0.4000000060
132209  -34.890  -72.182  3.313 0.5000000000
132904  -24.390  -64.932  1.903 0.6000000238
134824  -25.155  -69.864  10.359 0.5000000000
137099  -31.756  -67.817  1.617 0.5000000000
138422  -29.332  -68.152  4.667 0.5000000000
138640  -27.572  -57.556  3.401 0.4000000060
140135  -24.980  -66.190  1.424 0.6000000238
141069  -31.365  -70.825  7.662 0.8000000119
142204  -31.544  -68.368  4.694 0.6000000238
142565  -33.086  -73.241  4.855 0.5000000000
142585  -30.842  -70.870  7.900 0.6999999881
143572  -25.171  -64.559  1.230 0.6000000238
143928  -23.865  -64.382  2.041 0.6000000238
144162  -31.243  -67.735  1.597 0.6000000238
145640  -28.138  -65.482  7.592 0.5000000000
147239  -23.355  -71.562  11.028 0.5000000000
147525  -27.874  -69.112  6.897 0.5000000000
