#!ascii label  , from subject sub-v1s8x0051335_ses-1 vox2ras=TkReg
1818
30956  -22.365  -58.760  4.202 0.5000000000
138681  -23.203  -59.223  4.759 0.4000000060
30945  -24.413  -59.022  5.382 0.6000000238
30930  -23.611  -58.298  5.510 0.6000000238
32145  -22.087  -57.409  4.739 0.6000000238
30944  -22.637  -58.434  4.933 0.5000000000
33282  -23.000  -56.480  4.949 0.6000000238
30931  -24.787  -58.280  5.885 0.6999999881
30946  -25.438  -58.876  5.720 0.6999999881
137788  -23.473  -57.474  5.777 0.6999999881
30929  -22.733  -57.845  5.348 0.6999999881
32125  -23.001  -56.918  5.414 0.6999999881
34333  -23.244  -55.761  5.242 0.5000000000
34327  -23.106  -55.331  5.767 0.6999999881
33283  -23.414  -56.257  4.725 0.5000000000
23877  -24.082  -64.435  13.416 0.5000000000
32127  -24.266  -57.583  6.069 0.6999999881
32126  -23.380  -56.862  5.887 0.6999999881
33251  -24.134  -56.201  6.643 0.6999999881
34308  -23.215  -55.345  6.560 0.6999999881
33250  -23.516  -56.143  6.337 0.6999999881
34309  -23.599  -55.518  6.876 0.6999999881
32116  -29.572  -57.738  7.667 0.6999999881
32115  -28.580  -57.450  7.284 0.6999999881
32128  -25.186  -57.608  6.340 0.6999999881
32129  -26.100  -57.634  6.510 0.6999999881
24989  -23.214  -63.822  13.616 0.6000000238
135269  -22.137  -65.025  12.567 0.4000000060
33266  -24.666  -56.907  6.489 0.6999999881
34321  -23.082  -55.284  6.186 0.6999999881
35325  -22.922  -54.548  6.234 0.6999999881
36344  -22.370  -53.772  7.274 0.6999999881
36357  -22.847  -53.587  6.378 0.6000000238
32096  -30.455  -57.998  8.948 0.6999999881
30901  -30.333  -58.168  8.175 0.6999999881
32114  -27.622  -57.205  7.024 0.6999999881
32094  -29.250  -56.906  7.867 0.6999999881
32095  -30.031  -57.424  8.356 0.6999999881
26149  -24.541  -62.724  13.878 0.6000000238
33255  -28.261  -56.701  7.453 0.6999999881
137352  -25.875  -56.230  7.070 0.6999999881
33240  -28.707  -56.144  7.860 0.6999999881
25006  -21.834  -63.639  12.815 0.5000000000
23892  -22.198  -64.385  12.994 0.5000000000
34310  -24.382  -55.597  7.152 0.6999999881
34298  -28.313  -55.512  7.876 0.6999999881
23891  -21.748  -64.378  12.252 0.4000000060
34311  -25.325  -55.609  7.315 0.6999999881
32113  -27.384  -56.470  7.297 0.6999999881
33254  -27.943  -55.974  7.583 0.6999999881
23914  -21.561  -64.901  11.576 0.4000000060
35312  -26.807  -54.749  7.682 0.6999999881
34313  -27.565  -55.188  7.690 0.6999999881
35307  -22.829  -54.475  6.825 0.6999999881
35308  -23.122  -54.823  7.110 0.6999999881
35293  -25.337  -53.986  7.882 0.6999999881
35294  -26.400  -54.110  7.905 0.6999999881
36356  -22.469  -53.772  6.938 0.6999999881
36327  -24.511  -53.455  8.258 0.6999999881
37406  -21.327  -52.858  7.592 0.6999999881
36343  -21.771  -53.247  7.610 0.6999999881
40622  -22.609  -49.707  7.038 0.5000000000
136181  -22.785  -51.023  6.795 0.5000000000
39630  -24.860  -50.469  6.220 0.4000000060
38531  -24.403  -51.317  6.211 0.5000000000
33226  -29.782  -56.537  9.253 0.6999999881
123563  -25.200  -61.072  14.417 0.6000000238
33253  -26.649  -56.091  7.281 0.6999999881
26147  -22.610  -62.968  13.845 0.5000000000
34299  -28.848  -55.581  8.352 0.6999999881
35291  -23.318  -54.271  7.567 0.6999999881
35310  -24.811  -54.894  7.548 0.6999999881
35290  -22.732  -54.071  7.358 0.6999999881
37368  -23.809  -52.968  8.514 0.6999999881
142387  -20.720  -50.053  7.513 0.6999999881
36355  -22.176  -52.974  7.105 0.6999999881
39614  -21.318  -50.604  7.411 0.6999999881
38528  -21.564  -52.246  7.419 0.6999999881
40613  -21.623  -49.607  7.169 0.6999999881
29633  -28.451  -59.820  13.412 0.6999999881
30843  -29.101  -59.167  12.993 0.6999999881
30844  -29.455  -58.456  12.640 0.8000000119
32030  -29.583  -57.721  12.294 0.8000000119
28474  -27.420  -60.717  13.846 0.6000000238
29632  -27.809  -60.116  14.082 0.6000000238
30819  -28.718  -58.945  13.767 0.6000000238
32044  -29.766  -57.615  11.539 0.8000000119
28452  -27.063  -60.304  14.491 0.6000000238
29608  -26.461  -59.721  14.976 0.6000000238
33214  -29.824  -56.472  10.157 0.6999999881
27312  -26.183  -61.197  14.101 0.6000000238
28451  -26.053  -60.424  14.561 0.6000000238
26130  -23.882  -62.154  14.283 0.6000000238
27310  -24.211  -61.400  14.499 0.6000000238
147646  -29.338  -55.727  9.010 0.6999999881
26129  -22.946  -62.255  14.237 0.6000000238
34283  -29.578  -55.888  9.685 0.6999999881
35296  -28.262  -54.778  8.271 0.6999999881
143585  -22.834  -53.801  7.816 0.6999999881
35292  -24.213  -54.202  7.780 0.6999999881
37388  -20.579  -52.156  8.069 0.8000000119
37405  -20.884  -52.317  7.789 0.6999999881
36326  -23.563  -53.671  8.075 0.6999999881
132663  -26.037  -53.488  8.201 0.6999999881
39602  -19.864  -50.489  8.221 0.8000000119
36325  -22.095  -53.522  7.796 0.6999999881
37348  -22.251  -52.427  8.821 0.6999999881
39628  -23.165  -50.235  6.768 0.5000000000
40624  -24.448  -49.759  6.427 0.5000000000
131815  -24.013  -49.226  6.759 0.5000000000
40625  -25.260  -49.632  6.186 0.4000000060
29610  -28.161  -59.402  14.326 0.6000000238
30820  -29.179  -58.489  13.330 0.6999999881
32009  -29.402  -57.680  13.193 0.8000000119
29609  -27.397  -59.648  14.780 0.6000000238
33173  -29.557  -56.976  12.602 0.8000000119
33201  -29.707  -56.947  11.440 0.8000000119
138184  -29.742  -56.229  11.101 0.8000000119
28450  -25.078  -60.273  14.735 0.6000000238
28449  -24.312  -60.595  14.680 0.6000000238
34264  -29.608  -55.599  10.395 0.8000000119
141439  -22.287  -62.263  13.937 0.6000000238
27309  -23.337  -61.547  14.439 0.6000000238
130266  -23.631  -60.946  14.589 0.6000000238
35282  -29.242  -55.037  9.640 0.6999999881
26173  -21.871  -62.755  13.333 0.5000000000
35281  -28.678  -54.193  9.034 0.6999999881
36310  -28.708  -53.397  9.545 0.6999999881
140195  -21.575  -63.561  11.987 0.5000000000
143938  -21.600  -62.838  12.277 0.5000000000
35280  -27.864  -53.844  8.547 0.6999999881
35295  -27.320  -54.326  8.037 0.6999999881
39601  -19.506  -50.164  8.620 0.8000000119
37367  -20.830  -52.624  8.317 0.8000000119
36307  -21.747  -53.166  8.309 0.6999999881
37349  -23.226  -52.491  8.739 0.6999999881
37369  -24.698  -52.688  8.549 0.6999999881
37347  -21.247  -52.747  8.606 0.6999999881
142796  -23.790  -49.824  6.653 0.5000000000
30800  -27.699  -58.903  15.007 0.6999999881
31983  -27.959  -58.108  15.156 0.6999999881
30801  -28.370  -58.548  14.494 0.6999999881
31985  -29.252  -57.126  14.080 0.8000000119
33154  -29.490  -56.225  13.777 0.8000000119
30799  -26.853  -59.093  15.376 0.6999999881
31984  -28.605  -57.675  14.649 0.8000000119
34221  -29.650  -55.362  13.502 0.8000000119
34235  -29.618  -55.614  11.929 0.8000000119
29607  -25.448  -59.661  14.971 0.6000000238
34247  -29.623  -55.235  11.202 0.6999999881
27308  -22.469  -61.468  14.195 0.6000000238
134784  -23.006  -60.943  14.488 0.6000000238
35261  -29.164  -54.069  9.924 0.8000000119
124873  -29.387  -53.871  10.743 0.6999999881
27332  -21.857  -61.728  13.523 0.6000000238
36293  -29.183  -53.258  10.228 0.8000000119
25030  -21.652  -62.888  11.126 0.4000000060
140600  -26.139  -52.869  8.486 0.6999999881
37372  -26.851  -52.572  8.700 0.6999999881
130298  -28.190  -52.765  9.278 0.6999999881
23947  -21.960  -63.926  9.168 0.4000000060
37371  -26.152  -52.121  8.670 0.6999999881
36330  -27.618  -53.030  8.794 0.6999999881
37366  -20.508  -51.944  8.506 0.8000000119
37370  -25.475  -52.409  8.583 0.6999999881
37350  -24.063  -52.027  8.750 0.6999999881
135855  -19.979  -49.964  7.958 0.8000000119
40612  -20.649  -49.307  7.585 0.6999999881
42437  -24.404  -47.798  7.220 0.5000000000
41560  -23.350  -48.759  7.078 0.5000000000
130059  -25.577  -48.903  6.360 0.4000000060
131800  -27.488  -57.664  15.717 0.6000000238
31964  -28.226  -57.332  15.367 0.6999999881
145493  -29.304  -56.371  14.507 0.8000000119
30798  -25.873  -59.024  15.317 0.6999999881
124731  -29.727  -54.970  12.638 0.8000000119
123401  -24.890  -58.949  15.220 0.6000000238
29605  -23.293  -59.215  14.674 0.6000000238
35240  -29.777  -54.138  12.104 0.8000000119
28472  -21.919  -60.818  13.626 0.6000000238
28447  -22.451  -60.488  14.224 0.6000000238
139918  -28.725  -52.652  9.865 0.8999999762
36294  -29.633  -53.041  10.977 0.8000000119
37352  -27.496  -52.253  9.094 0.8000000119
38473  -28.176  -51.918  9.630 0.8000000119
26197  -21.690  -62.153  11.468 0.5000000000
39584  -26.239  -50.649  9.433 0.8000000119
37351  -26.743  -51.848  8.975 0.6999999881
26214  -22.178  -61.925  10.494 0.4000000060
40577  -19.265  -49.537  9.060 0.8000000119
38466  -20.844  -51.522  9.302 0.8000000119
38451  -21.421  -51.087  9.675 0.8000000119
131788  -23.159  -51.788  9.163 0.8000000119
38491  -25.521  -51.716  8.836 0.6999999881
40597  -19.301  -49.798  8.422 0.8000000119
38467  -22.285  -51.499  9.424 0.8000000119
38490  -24.897  -51.992  8.700 0.6999999881
38452  -22.270  -50.858  9.746 0.8000000119
41549  -19.812  -48.323  8.516 0.8000000119
39563  -21.862  -50.275  9.777 0.8000000119
42435  -22.503  -48.143  7.024 0.6000000238
41551  -21.440  -48.471  7.017 0.6000000238
42436  -23.500  -48.006  7.247 0.5000000000
33153  -28.887  -56.846  14.926 0.6999999881
30774  -26.245  -58.368  15.649 0.6000000238
33138  -29.178  -55.922  15.245 0.6999999881
35204  -29.751  -54.769  14.055 0.6999999881
31963  -26.646  -57.725  15.889 0.6000000238
128961  -27.024  -57.221  16.083 0.6000000238
143271  -24.447  -58.320  15.396 0.6000000238
133953  -29.880  -54.243  12.881 0.8000000119
29604  -22.513  -59.576  14.235 0.6000000238
30797  -23.940  -58.745  15.091 0.6000000238
36254  -30.030  -53.962  13.588 0.6999999881
28471  -21.629  -60.305  12.904 0.5000000000
36278  -29.920  -53.246  11.862 0.8000000119
28493  -21.682  -60.228  12.028 0.3000000119
38454  -29.276  -51.777  10.593 0.8000000119
37339  -29.646  -52.261  10.915 0.8000000119
38472  -27.314  -51.467  9.371 0.8000000119
38453  -28.654  -51.348  10.195 0.8000000119
40580  -25.362  -49.760  9.565 0.8000000119
39562  -20.908  -50.289  9.710 0.8000000119
134176  -23.844  -51.332  9.206 0.8000000119
39583  -25.017  -50.517  9.409 0.8000000119
38492  -26.125  -51.578  8.986 0.6999999881
38468  -23.117  -50.936  9.553 0.8000000119
40557  -22.495  -49.689  9.736 0.8000000119
41550  -20.550  -48.509  7.815 0.6999999881
42429  -22.752  -47.357  7.343 0.6000000238
133045  -25.335  -47.573  7.149 0.3000000119
33136  -27.693  -56.966  15.957 0.6000000238
34193  -28.510  -55.716  16.031 0.6999999881
35183  -29.147  -55.038  15.837 0.6999999881
33190  -22.355  -56.755  12.821 0.5000000000
30773  -25.262  -58.323  15.567 0.6000000238
31962  -25.565  -57.538  15.881 0.6000000238
36241  -29.940  -54.126  14.581 0.6999999881
127443  -22.004  -59.041  13.662 0.5000000000
30796  -23.188  -58.449  14.704 0.5000000000
31961  -24.545  -57.685  15.651 0.6000000238
36242  -30.269  -53.302  14.250 0.6999999881
123993  -22.109  -58.970  11.771 0.3000000119
29631  -21.840  -59.827  13.516 0.5000000000
36255  -30.304  -53.039  13.378 0.8000000119
38425  -30.459  -51.684  12.856 0.8000000119
37319  -30.259  -52.568  12.509 0.8000000119
39586  -27.902  -50.966  9.772 0.8999999762
39566  -29.325  -50.899  10.739 0.8999999762
134814  -29.814  -51.554  11.202 0.8000000119
37328  -30.250  -51.676  12.006 0.8000000119
27373  -21.902  -61.342  11.124 0.4000000060
40581  -26.269  -49.899  9.589 0.8999999762
39585  -27.010  -50.583  9.549 0.8999999762
39565  -28.511  -50.447  10.263 0.8999999762
41525  -19.544  -48.792  9.212 0.8000000119
40554  -19.714  -49.342  9.378 0.8000000119
39582  -24.112  -50.643  9.426 0.8000000119
38469  -24.743  -51.322  9.124 0.8000000119
41537  -19.522  -48.392  8.922 0.8000000119
42421  -20.336  -47.333  8.424 0.6999999881
42428  -21.706  -47.523  7.300 0.6000000238
43283  -23.833  -46.387  7.477 0.6000000238
33120  -26.961  -56.507  16.340 0.6000000238
34192  -27.806  -56.224  16.210 0.6000000238
33135  -26.256  -56.973  16.103 0.6000000238
35172  -29.204  -54.434  16.398 0.6999999881
33134  -25.304  -56.598  16.086 0.6000000238
36229  -29.723  -54.169  15.618 0.8000000119
31981  -22.627  -57.756  14.290 0.6000000238
31982  -23.620  -57.854  15.163 0.5000000000
131233  -24.681  -57.002  15.861 0.6000000238
37286  -30.385  -52.626  14.999 0.8000000119
30842  -21.922  -58.338  12.465 0.4000000060
37300  -30.402  -52.459  13.999 0.6999999881
29655  -21.703  -59.629  12.431 0.4000000060
40563  -28.292  -49.555  10.345 0.8000000119
39545  -30.364  -50.897  12.439 0.8000000119
40560  -25.822  -49.057  9.804 0.8999999762
40562  -27.497  -49.308  10.090 0.8000000119
142836  -30.057  -50.921  11.669 0.8000000119
40561  -26.686  -49.153  9.922 0.8000000119
144899  -22.047  -49.058  9.820 0.8000000119
130424  -23.076  -48.899  9.864 0.8000000119
40579  -24.468  -49.802  9.569 0.6999999881
41509  -20.091  -48.813  9.524 0.8000000119
40558  -24.012  -49.086  9.787 0.8000000119
40578  -23.425  -49.901  9.639 0.8000000119
131278  -20.044  -47.484  8.870 0.8000000119
140638  -21.271  -48.963  9.764 0.8000000119
43280  -21.412  -46.756  7.961 0.6999999881
43281  -22.224  -46.789  7.719 0.6999999881
145413  -22.998  -44.895  8.227 0.6000000238
129308  -24.340  -45.133  7.828 0.6000000238
45194  -24.690  -44.469  8.113 0.6000000238
33119  -25.996  -56.146  16.255 0.6000000238
35163  -28.098  -54.420  17.454 0.8000000119
34177  -28.540  -54.964  16.714 0.6999999881
33172  -22.626  -55.952  13.375 0.5000000000
33133  -24.257  -56.173  15.868 0.5000000000
37285  -30.117  -53.213  15.850 0.8000000119
36230  -30.153  -53.510  15.049 0.6999999881
33151  -22.566  -56.804  13.891 0.5000000000
31960  -23.864  -57.001  15.562 0.5000000000
36215  -29.556  -53.714  16.552 0.8000000119
37269  -30.425  -52.327  16.026 0.8000000119
38409  -30.447  -51.773  14.498 0.8000000119
133387  -30.432  -51.142  14.854 0.8000000119
37310  -30.426  -52.297  13.272 0.8000000119
125799  -30.491  -50.924  13.307 0.8000000119
38418  -30.463  -51.691  13.673 0.8000000119
40541  -29.665  -49.743  11.408 0.8000000119
41517  -27.165  -48.578  10.383 0.8000000119
40542  -30.153  -50.064  11.964 0.8000000119
41511  -21.567  -48.213  10.085 0.8000000119
41514  -24.634  -48.259  10.237 0.8000000119
41513  -23.908  -48.392  10.132 0.8999999762
42415  -20.124  -47.403  9.185 0.8000000119
125836  -20.750  -47.720  10.092 0.8000000119
43279  -20.707  -46.600  8.236 0.6999999881
43274  -20.414  -46.602  8.725 0.6999999881
135110  -22.618  -46.168  7.955 0.6999999881
44179  -20.889  -45.241  8.415 0.6999999881
44190  -20.960  -45.923  8.026 0.6999999881
45182  -22.172  -44.635  8.269 0.6999999881
35161  -26.065  -54.156  17.326 0.8000000119
145146  -27.166  -55.318  16.911 0.6000000238
35162  -27.102  -54.524  17.454 0.6000000238
36204  -27.630  -53.746  17.914 0.8000000119
36239  -22.220  -53.252  14.119 0.6000000238
36253  -22.617  -53.834  14.136 0.5000000000
34191  -25.073  -55.744  16.239 0.6000000238
35169  -25.477  -54.606  16.807 0.6000000238
36214  -28.876  -54.141  17.103 0.8000000119
37308  -20.615  -52.990  14.115 0.6000000238
37309  -21.431  -53.082  14.071 0.6000000238
37298  -22.656  -52.549  14.611 0.6000000238
35181  -23.512  -54.695  15.246 0.5000000000
34190  -24.241  -55.082  15.988 0.5000000000
39492  -19.455  -50.293  14.607 0.5000000000
37295  -20.253  -52.145  14.507 0.5000000000
38406  -21.742  -51.670  14.657 0.6000000238
37297  -21.975  -52.397  14.380 0.6000000238
34205  -23.248  -55.470  14.823 0.5000000000
37268  -29.930  -52.775  16.818 0.8000000119
38398  -30.477  -51.694  15.368 0.8000000119
39493  -20.316  -50.361  14.868 0.5000000000
33132  -23.442  -56.220  15.244 0.5000000000
39491  -18.555  -50.172  14.307 0.4000000060
125560  -23.097  -56.969  14.843 0.5000000000
40524  -30.213  -49.299  12.544 0.8000000119
39504  -30.423  -50.142  13.896 0.6999999881
41516  -26.299  -48.435  10.311 0.8000000119
124132  -28.000  -48.756  10.501 0.8000000119
40500  -30.349  -49.370  13.383 0.8000000119
40523  -29.824  -49.176  11.803 0.8000000119
41505  -29.291  -48.422  11.501 0.8000000119
42392  -20.363  -46.631  10.047 0.8999999762
42405  -21.469  -47.293  10.304 0.8999999762
132619  -23.203  -47.937  10.296 0.8000000119
41515  -25.427  -48.352  10.247 0.8000000119
42406  -22.357  -47.564  10.329 1.0000000000
132008  -24.164  -47.516  10.523 0.8000000119
43273  -20.287  -46.598  9.233 0.8000000119
44177  -20.394  -45.746  9.162 0.6999999881
36202  -25.872  -53.231  17.369 0.8000000119
36193  -28.069  -53.035  18.410 0.8000000119
38407  -22.409  -51.866  14.731 0.6000000238
36213  -25.268  -53.754  16.928 0.6000000238
36205  -28.421  -53.655  17.752 0.8000000119
37246  -28.725  -52.485  18.341 0.8000000119
38405  -20.888  -51.293  14.758 0.5000000000
37299  -23.282  -52.690  15.005 0.6000000238
35168  -24.679  -54.217  16.346 0.6000000238
37255  -29.350  -52.616  17.684 0.8000000119
143286  -29.961  -52.020  17.439 0.8000000119
38366  -30.295  -51.345  17.079 0.6999999881
39494  -21.614  -51.061  14.948 0.5000000000
37284  -24.399  -52.737  16.168 0.6000000238
40468  -20.573  -49.455  15.167 0.4000000060
39483  -21.129  -50.446  15.170 0.4000000060
39484  -22.041  -50.680  15.468 0.4000000060
38385  -30.487  -51.482  16.246 0.6999999881
40469  -21.329  -49.784  15.673 0.4000000060
38382  -23.602  -51.266  16.088 0.4000000060
39496  -30.430  -50.468  14.734 0.6999999881
41434  -21.194  -48.387  16.477 0.4000000060
40459  -22.343  -49.490  16.580 0.5000000000
41443  -20.399  -48.622  15.299 0.3000000119
41435  -21.878  -48.711  16.792 0.5000000000
40460  -23.198  -50.042  16.744 0.5000000000
148525  -27.652  -48.132  10.788 0.8000000119
41504  -28.424  -48.193  11.041 0.8000000119
41491  -29.839  -48.402  12.372 0.8000000119
41477  -30.221  -48.643  13.754 0.8000000119
41492  -30.189  -48.741  13.039 0.8000000119
43257  -20.696  -46.411  10.258 0.8000000119
43259  -22.158  -46.700  10.508 1.0000000000
43260  -23.200  -46.884  10.607 0.8000000119
137255  -24.180  -46.534  10.846 0.8000000119
42407  -25.088  -47.645  10.555 0.8000000119
42409  -26.843  -47.751  10.832 0.8000000119
42395  -27.807  -47.458  11.345 0.8000000119
43248  -21.830  -45.952  10.656 1.0000000000
42393  -26.159  -47.117  11.127 0.8000000119
43266  -20.309  -46.574  9.560 0.8000000119
44162  -23.566  -45.925  10.923 0.8000000119
143565  -24.891  -46.937  10.883 0.8000000119
45169  -20.153  -45.179  9.687 0.8999999762
45180  -20.818  -44.391  8.977 0.6999999881
45181  -21.301  -44.447  8.476 0.6999999881
124426  -21.741  -42.855  8.583 0.6999999881
46299  -22.514  -42.997  8.502 0.6999999881
46311  -22.970  -43.949  8.336 0.6999999881
46313  -24.577  -43.676  8.412 0.6000000238
47316  -24.094  -42.968  8.477 0.6999999881
47302  -22.168  -42.165  8.492 0.6999999881
46300  -24.872  -43.073  8.593 0.6000000238
36203  -26.719  -53.603  17.766 0.8000000119
36192  -27.263  -53.042  18.288 0.8000000119
38408  -23.042  -52.012  14.963 0.5000000000
37267  -25.083  -52.776  16.823 0.8000000119
37253  -25.713  -52.366  17.427 0.8000000119
37254  -26.439  -52.769  17.889 0.8000000119
146001  -28.119  -52.191  18.796 0.8000000119
39495  -22.127  -51.323  14.936 0.5000000000
38396  -23.313  -51.653  15.485 0.6000000238
38397  -23.993  -51.995  15.886 0.5000000000
37247  -29.371  -51.956  18.152 0.6999999881
39485  -22.931  -51.010  15.731 0.5000000000
38384  -25.082  -51.895  16.975 0.6999999881
136402  -28.784  -51.882  18.653 0.6999999881
38365  -29.782  -51.265  17.863 0.6999999881
39455  -30.105  -50.525  17.423 0.6999999881
41444  -20.914  -48.877  15.777 0.3000000119
39475  -30.432  -50.659  16.556 0.6999999881
128844  -30.468  -50.073  16.069 0.6999999881
41418  -22.338  -48.455  17.345 0.5000000000
136433  -30.386  -49.219  15.039 0.6999999881
131192  -22.000  -47.762  17.634 0.4000000060
42397  -29.385  -47.747  12.050 0.8000000119
40483  -30.339  -49.292  14.211 0.6999999881
42396  -28.781  -47.602  11.646 0.8000000119
43252  -27.645  -46.598  11.829 0.8000000119
128338  -28.229  -46.416  12.477 0.6999999881
42394  -26.946  -46.925  11.405 0.8000000119
140062  -20.432  -44.778  10.396 0.8999999762
45160  -19.953  -45.047  9.966 0.8999999762
44149  -21.456  -45.277  10.683 0.8999999762
124295  -22.269  -45.268  10.887 0.8000000119
45145  -22.625  -44.565  11.167 0.8000000119
45147  -24.487  -44.825  11.483 0.8000000119
135075  -19.909  -44.130  10.005 0.8999999762
140787  -20.031  -43.892  10.156 0.8000000119
136709  -20.387  -44.071  9.513 0.8999999762
46296  -20.528  -43.321  9.287 0.8000000119
45195  -25.473  -44.758  7.860 0.4000000060
46297  -21.078  -43.304  8.767 0.8000000119
47301  -21.122  -42.085  8.595 0.6999999881
143139  -22.868  -42.342  8.497 0.6999999881
128855  -25.442  -41.714  9.006 0.5000000000
38364  -26.194  -52.103  17.964 0.6999999881
37244  -26.853  -52.324  18.513 0.8000000119
39439  -25.742  -50.923  18.382 0.6999999881
38351  -27.309  -51.628  19.100 0.6999999881
40458  -21.564  -49.193  16.246 0.4000000060
40439  -24.444  -50.040  17.796 0.6000000238
39440  -26.449  -50.918  19.027 0.6999999881
38353  -29.221  -51.320  18.615 0.6999999881
39443  -29.583  -50.483  18.390 0.6999999881
40440  -29.944  -49.736  17.778 0.6999999881
41419  -23.220  -48.743  17.701 0.5000000000
40441  -30.321  -49.765  16.859 0.6999999881
42307  -22.714  -47.932  17.921 0.4000000060
40461  -30.432  -49.261  16.003 0.6999999881
43162  -21.745  -46.938  18.130 0.3000000119
42290  -22.148  -47.296  18.053 0.3000000119
41399  -23.679  -48.167  18.392 0.5000000000
42378  -28.325  -47.003  11.899 0.6999999881
41476  -29.961  -48.075  13.244 0.6999999881
41445  -30.348  -48.463  15.489 0.6999999881
42291  -23.007  -47.323  18.350 0.4000000060
42379  -28.970  -47.074  12.404 0.6999999881
42365  -30.088  -47.854  14.090 0.6999999881
42364  -29.657  -47.322  13.576 0.6999999881
43233  -27.497  -45.877  12.415 0.6999999881
44151  -23.808  -45.237  11.224 0.8000000119
43249  -24.845  -46.258  11.145 0.8000000119
43250  -25.565  -46.502  11.286 0.8000000119
44154  -26.102  -45.838  11.735 0.8000000119
44153  -25.223  -45.550  11.499 0.8000000119
46253  -21.429  -43.840  10.934 0.8000000119
46268  -19.917  -43.332  10.016 0.8000000119
46251  -20.265  -43.249  10.334 0.8000000119
135208  -20.530  -44.050  10.512 0.8999999762
147599  -20.045  -42.837  9.628 0.8999999762
47299  -19.929  -41.870  9.009 0.8000000119
136934  -21.374  -40.530  8.054 0.8000000119
47304  -24.260  -42.182  8.576 0.6999999881
47305  -24.919  -42.024  8.736 0.6000000238
48379  -21.758  -41.315  8.347 0.6999999881
48380  -22.815  -41.558  8.371 0.6999999881
50330  -23.218  -39.309  8.346 0.6999999881
130188  -25.674  -49.742  19.010 0.6000000238
40421  -26.440  -50.117  19.357 0.6999999881
127466  -27.822  -50.320  19.614 0.6999999881
39430  -28.446  -50.557  19.386 0.6999999881
39442  -29.026  -50.813  19.066 0.6999999881
130235  -23.606  -49.574  17.432 0.5000000000
39454  -25.087  -50.777  17.730 0.6000000238
40410  -28.436  -49.746  19.695 0.6999999881
39431  -29.142  -50.152  19.203 0.6999999881
40419  -24.889  -49.475  18.544 0.6000000238
42306  -21.483  -47.326  17.615 0.3000000119
41420  -24.027  -49.148  18.144 0.5000000000
41402  -26.266  -49.221  19.693 0.6000000238
140573  -30.181  -49.176  17.383 0.6999999881
136285  -23.808  -47.386  18.834 0.4000000060
41383  -24.439  -47.901  19.034 0.5000000000
142741  -25.057  -48.299  19.302 0.6000000238
129521  -30.314  -49.002  16.812 0.6999999881
42349  -30.179  -47.752  14.984 0.6999999881
41436  -30.368  -48.397  16.431 0.6999999881
44040  -22.759  -46.107  19.093 0.3000000119
43216  -29.287  -46.540  13.846 0.6999999881
44129  -25.911  -44.987  12.003 0.8000000119
44130  -26.730  -45.343  12.374 0.8000000119
44132  -28.029  -45.627  13.278 0.6999999881
43200  -28.725  -45.688  14.202 0.6999999881
45146  -23.546  -44.441  11.358 0.8000000119
131704  -21.437  -42.921  10.958 0.8000000119
142964  -22.163  -44.024  11.191 0.8000000119
46254  -22.837  -43.773  11.338 0.8000000119
143964  -20.301  -41.973  10.299 0.8000000119
133488  -23.020  -41.219  11.474 0.8000000119
47262  -24.208  -42.602  11.849 0.8000000119
48309  -24.513  -42.013  12.193 0.8000000119
49340  -24.301  -40.756  11.783 0.8000000119
131602  -25.053  -41.117  8.705 0.6000000238
142442  -24.473  -41.411  8.530 0.6999999881
49387  -21.636  -39.887  8.009 0.8000000119
48381  -23.271  -40.793  8.213 0.6000000238
51316  -23.747  -38.548  8.493 0.6999999881
142288  -24.498  -40.162  8.265 0.6000000238
41401  -25.362  -48.974  19.210 0.6000000238
40411  -29.274  -49.481  19.351 0.6999999881
148871  -26.436  -48.638  20.028 0.6000000238
40422  -29.660  -49.629  18.661 0.6999999881
40423  -30.027  -49.023  18.113 0.6999999881
43144  -23.972  -46.862  19.215 0.4000000060
129048  -26.656  -48.130  20.303 0.5000000000
41387  -28.992  -48.891  19.787 0.6999999881
42278  -25.151  -47.523  19.593 0.5000000000
42279  -26.077  -47.466  20.173 0.5000000000
41421  -30.320  -48.446  17.436 0.6999999881
42324  -30.506  -47.650  16.962 0.6999999881
43130  -23.728  -46.185  19.436 0.3000000119
147487  -24.473  -45.897  19.716 0.3000000119
43131  -24.658  -46.635  19.585 0.4000000060
129510  -28.793  -46.373  13.191 0.6999999881
44027  -23.930  -45.354  19.714 0.3000000119
42334  -30.118  -47.070  15.244 0.6999999881
136787  -30.400  -46.683  15.749 0.6999999881
43201  -29.371  -46.167  14.543 0.6999999881
45148  -25.257  -44.697  11.762 0.8000000119
44115  -28.059  -45.006  14.188 0.6999999881
43185  -30.288  -45.939  15.537 0.6999999881
44101  -28.643  -45.053  14.686 0.6999999881
45095  -29.185  -44.823  14.896 0.6999999881
47260  -22.852  -42.897  11.403 0.8000000119
46256  -24.584  -43.359  11.784 0.8000000119
44131  -27.403  -45.263  12.887 0.6999999881
46206  -29.421  -44.127  14.570 0.6999999881
130978  -22.118  -43.305  11.221 0.8000000119
46255  -23.692  -43.375  11.557 0.8000000119
144801  -25.218  -43.474  12.034 0.8000000119
45122  -25.662  -44.095  12.248 0.8000000119
46232  -26.330  -43.650  12.726 0.8000000119
46220  -28.149  -43.598  13.783 0.8000000119
47212  -29.866  -43.485  14.207 0.6999999881
125468  -22.016  -42.356  11.206 0.8000000119
47240  -25.067  -42.671  12.162 0.8000000119
47241  -25.869  -42.400  12.535 0.8000000119
47243  -27.531  -42.331  13.092 0.8000000119
48330  -21.324  -41.638  10.829 0.8000000119
49338  -21.635  -40.733  11.003 0.8000000119
123254  -23.774  -41.809  11.811 0.8000000119
48310  -25.237  -41.718  12.312 0.8000000119
146336  -27.736  -41.630  12.735 0.8000000119
49359  -20.355  -40.572  9.767 0.8000000119
49339  -23.031  -40.375  11.432 0.8000000119
48334  -24.964  -40.924  11.926 0.8000000119
48311  -26.195  -41.687  12.510 0.8000000119
138436  -27.477  -41.082  12.389 0.8000000119
50297  -20.764  -39.769  9.898 0.8000000119
49341  -25.456  -40.336  11.570 0.8000000119
50313  -20.811  -39.409  9.090 0.8000000119
48382  -25.797  -40.980  9.091 0.5000000000
49389  -24.869  -40.537  8.442 0.6000000238
51286  -21.342  -38.884  9.725 0.8000000119
147280  -21.392  -38.858  9.066 0.8000000119
49390  -25.585  -40.382  8.599 0.6000000238
50333  -26.122  -39.731  8.385 0.6000000238
50331  -24.287  -39.370  8.285 0.6000000238
50332  -25.209  -39.764  8.283 0.6000000238
41385  -27.054  -48.849  20.264 0.6999999881
40409  -27.289  -49.728  19.849 0.6999999881
41384  -25.845  -48.329  19.766 0.6000000238
132719  -28.583  -48.261  20.157 0.6999999881
42282  -29.558  -47.928  19.776 0.6999999881
41388  -29.845  -48.844  19.120 0.6999999881
42270  -26.991  -47.335  20.517 0.5000000000
129222  -25.188  -45.965  19.936 0.4000000060
43123  -25.960  -45.994  20.280 0.4000000060
43124  -26.423  -46.663  20.412 0.5000000000
41403  -30.287  -48.307  18.462 0.6999999881
44028  -24.824  -45.263  19.851 0.3000000119
45019  -26.054  -44.593  20.272 0.3000000119
132953  -26.659  -45.986  20.530 0.5000000000
43145  -30.978  -46.877  18.521 0.6999999881
43180  -31.134  -46.453  17.032 0.6999999881
45024  -23.286  -44.673  19.566 0.3000000119
46143  -25.749  -43.728  20.062 0.3000000119
45081  -31.437  -44.776  15.848 0.6999999881
45109  -26.897  -44.011  13.124 0.8000000119
45094  -28.535  -44.361  14.379 0.6999999881
44086  -29.947  -45.250  15.257 0.6999999881
45111  -27.826  -44.317  13.837 0.6999999881
46221  -29.004  -43.372  14.026 0.6999999881
47261  -23.494  -42.539  11.621 0.8000000119
46231  -25.759  -43.202  12.393 0.8000000119
135322  -27.470  -43.743  13.480 0.6999999881
145822  -29.101  -42.709  13.629 0.8000000119
48332  -22.899  -42.037  11.463 0.8000000119
48295  -29.201  -42.060  13.301 0.8000000119
48331  -22.189  -41.433  11.253 0.8000000119
48312  -27.037  -41.684  12.654 0.8000000119
49321  -28.312  -41.118  12.495 0.8000000119
50277  -22.108  -39.821  11.139 0.8000000119
50276  -21.202  -40.100  10.586 0.8000000119
124481  -23.743  -40.958  11.713 0.8000000119
49342  -26.349  -40.439  11.705 0.8000000119
50282  -26.927  -39.869  11.317 0.8000000119
49344  -28.617  -40.429  11.969 0.8000000119
51287  -22.000  -38.371  10.227 0.8000000119
51268  -22.363  -38.778  10.952 0.8000000119
130650  -24.586  -40.208  11.565 0.8000000119
50298  -25.721  -39.114  10.670 0.8000000119
50284  -28.902  -39.794  11.423 0.8000000119
147687  -23.331  -38.221  8.822 0.8000000119
42280  -27.671  -48.046  20.438 0.6000000238
43132  -25.556  -46.717  20.044 0.5000000000
42281  -28.603  -47.472  20.281 0.6000000238
43125  -27.368  -46.434  20.608 0.5000000000
43133  -29.434  -46.801  20.115 0.6999999881
134009  -30.642  -47.072  19.293 0.6999999881
44022  -28.096  -45.739  20.625 0.6000000238
136848  -30.119  -47.192  19.732 0.6999999881
43135  -30.992  -46.468  19.213 0.6999999881
46142  -24.844  -43.815  19.773 0.3000000119
45020  -26.871  -44.669  20.540 0.3000000119
43134  -30.388  -46.417  19.748 0.6999999881
144401  -24.497  -43.213  19.573 0.3000000119
136046  -28.097  -42.642  20.241 0.3000000119
43136  -31.376  -45.893  18.760 0.6999999881
43164  -31.363  -46.279  17.843 0.6999999881
48240  -25.520  -41.013  18.835 0.3000000119
48220  -25.960  -41.673  19.320 0.3000000119
48221  -26.868  -41.728  19.485 0.3000000119
48222  -27.765  -41.903  19.654 0.3000000119
49280  -25.475  -39.761  18.017 0.3000000119
44087  -30.865  -45.412  15.675 0.6999999881
45080  -30.706  -44.687  15.260 0.6999999881
47228  -29.844  -42.743  13.719 0.8000000119
133980  -28.935  -41.450  12.792 0.8000000119
49322  -29.165  -40.834  12.436 0.8000000119
50278  -23.076  -39.452  11.367 0.8000000119
50279  -23.978  -39.396  11.366 0.8000000119
51270  -24.217  -38.736  10.915 0.8000000119
51271  -25.015  -38.809  10.622 0.8000000119
50299  -26.562  -39.266  10.714 0.8000000119
50300  -27.454  -39.346  10.794 0.8000000119
50283  -27.921  -40.006  11.448 0.8000000119
52308  -22.704  -38.014  9.973 0.8000000119
51289  -25.503  -38.415  10.314 0.8000000119
51308  -22.034  -38.310  9.532 0.8000000119
52344  -23.563  -37.831  8.969 0.6999999881
52345  -23.849  -37.754  8.599 0.6000000238
43126  -28.397  -46.598  20.442 0.6000000238
136782  -29.768  -45.967  20.118 0.6000000238
143215  -31.005  -45.906  19.458 0.6999999881
46145  -27.471  -43.135  20.345 0.4000000060
45028  -29.886  -44.485  20.100 0.6000000238
46147  -30.268  -43.702  19.755 0.4000000060
44041  -31.717  -44.919  18.634 0.6999999881
44064  -31.748  -45.464  17.955 0.6999999881
44080  -31.485  -45.828  17.094 0.6999999881
49260  -28.938  -40.616  18.857 0.3000000119
45030  -31.548  -44.350  19.183 0.6000000238
45060  -32.367  -43.846  17.666 0.6999999881
142597  -31.830  -44.788  16.529 0.6999999881
46190  -32.016  -44.224  16.233 0.6999999881
46197  -31.483  -43.995  15.343 0.6999999881
46208  -31.227  -43.444  14.684 0.6999999881
47227  -28.418  -42.701  13.489 0.8000000119
136974  -28.339  -41.860  13.032 0.8000000119
49343  -27.217  -40.512  11.878 0.8000000119
49323  -30.009  -40.694  12.373 0.8000000119
50281  -26.005  -39.767  11.161 0.8000000119
50301  -28.350  -39.326  10.852 0.8000000119
52310  -24.075  -37.572  9.947 0.8000000119
52311  -25.273  -37.655  9.939 0.8000000119
131837  -26.202  -38.690  10.383 0.8000000119
51290  -27.018  -38.585  10.232 0.8000000119
52312  -26.140  -38.085  9.939 0.8000000119
51329  -24.869  -38.112  7.915 0.6000000238
53364  -23.657  -37.507  9.160 0.8000000119
52361  -24.761  -37.313  7.908 0.6000000238
53385  -24.230  -36.421  8.611 0.6999999881
54470  -24.532  -35.437  8.006 0.6999999881
44029  -28.685  -45.222  20.484 0.6000000238
44030  -29.469  -45.250  20.279 0.6000000238
44031  -30.426  -45.401  19.888 0.6000000238
47144  -28.923  -42.678  20.058 0.3000000119
44032  -31.288  -45.199  19.356 0.6000000238
48223  -29.220  -42.024  19.635 0.3000000119
47145  -29.777  -42.825  19.758 0.3000000119
46148  -31.067  -43.816  19.447 0.5000000000
48224  -30.136  -42.028  19.427 0.3000000119
47146  -30.817  -42.937  19.389 0.5000000000
50211  -27.767  -39.924  18.314 0.3000000119
47164  -32.305  -42.344  18.193 0.4000000060
46191  -32.431  -43.690  16.813 0.6999999881
51223  -28.048  -38.710  17.365 0.3000000119
47198  -32.780  -42.970  16.542 0.6000000238
47215  -32.307  -42.445  14.789 0.6000000238
47205  -32.697  -42.747  15.663 0.6000000238
47229  -30.870  -42.415  13.766 0.8000000119
47214  -31.476  -42.800  14.389 0.6999999881
48288  -32.642  -41.735  14.417 0.6000000238
48296  -30.221  -41.895  13.289 0.8000000119
48287  -31.812  -42.130  13.976 0.6999999881
48313  -29.689  -41.375  12.789 0.8000000119
48314  -30.596  -41.218  12.773 0.8000000119
48315  -31.602  -40.938  12.888 0.6999999881
48298  -32.147  -41.430  13.598 0.6999999881
49345  -29.468  -40.257  11.910 0.8000000119
132807  -30.860  -40.551  12.344 0.8000000119
49347  -31.629  -40.306  12.297 0.6999999881
50285  -29.802  -39.635  11.413 0.8000000119
50286  -31.637  -39.763  11.785 0.6999999881
50263  -32.351  -40.007  12.188 0.6999999881
52297  -23.672  -38.176  10.442 0.8000000119
143698  -24.615  -37.360  9.857 0.8000000119
51291  -27.883  -38.809  10.417 0.8000000119
50303  -30.121  -39.012  10.910 0.8000000119
52313  -27.915  -38.110  9.862 0.8000000119
51292  -28.641  -38.637  10.370 0.8000000119
52296  -22.813  -38.281  10.434 0.8000000119
53350  -25.149  -36.915  9.566 0.8000000119
52331  -26.904  -37.658  9.652 0.8000000119
131572  -28.367  -37.516  9.612 0.8000000119
53348  -24.021  -37.149  9.514 0.8000000119
54416  -24.348  -36.481  9.119 0.8000000119
132161  -25.093  -35.293  8.410 0.6999999881
52362  -25.300  -37.667  7.609 0.6000000238
52377  -26.632  -37.139  6.729 0.6000000238
54429  -24.419  -36.107  8.665 0.8000000119
54447  -24.607  -35.285  8.188 0.6999999881
55586  -25.444  -34.503  7.799 0.6999999881
46149  -31.599  -43.516  19.024 0.5000000000
45039  -32.077  -43.978  18.478 0.5000000000
48244  -29.501  -41.275  19.238 0.3000000119
134433  -31.587  -41.966  18.590 0.4000000060
46159  -32.044  -43.172  18.524 0.5000000000
49262  -30.609  -40.651  18.519 0.3000000119
135901  -32.674  -42.650  17.640 0.5000000000
46180  -32.618  -43.127  17.321 0.6000000238
50213  -30.146  -39.989  18.283 0.3000000119
49263  -31.386  -40.677  18.239 0.3000000119
47185  -32.978  -42.489  17.077 0.6000000238
47199  -33.251  -42.151  16.362 0.6000000238
51237  -29.886  -38.412  17.291 0.3000000119
49264  -32.164  -40.703  17.912 0.3000000119
51236  -29.306  -38.012  16.968 0.3000000119
48279  -33.020  -41.961  15.362 0.6000000238
51235  -28.470  -37.971  16.870 0.3000000119
49310  -32.465  -40.899  13.264 0.6999999881
51293  -29.581  -38.408  10.365 0.8000000119
51294  -30.946  -38.846  10.868 0.6999999881
51273  -31.650  -39.164  11.287 0.6999999881
141144  -30.391  -38.472  10.531 0.6999999881
52314  -28.851  -37.975  9.885 0.8000000119
52315  -29.533  -37.745  9.894 0.6999999881
53351  -25.929  -37.216  9.570 0.8000000119
53368  -27.832  -36.431  9.152 0.6999999881
52332  -27.681  -37.220  9.456 0.8000000119
52333  -29.037  -37.215  9.560 0.6000000238
52378  -27.593  -37.516  6.671 0.6000000238
54417  -24.790  -36.049  9.113 0.6999999881
125928  -25.790  -34.729  8.426 0.6999999881
54431  -25.697  -35.714  8.812 0.6999999881
54489  -25.821  -35.197  7.139 0.6999999881
53420  -25.636  -36.084  7.187 0.6999999881
55559  -25.504  -34.363  7.975 0.6999999881
57643  -30.415  -32.711  6.075 0.5000000000
57662  -30.677  -32.730  5.772 0.5000000000
48274  -33.501  -41.281  16.712 0.6000000238
146514  -33.738  -40.802  16.236 0.6000000238
49299  -33.799  -40.702  15.566 0.6000000238
49306  -33.088  -41.109  13.920 0.6999999881
148155  -33.497  -40.588  13.862 0.6999999881
49325  -32.945  -40.178  12.603 0.6999999881
53316  -26.933  -36.142  15.289 0.3000000119
50287  -32.423  -39.482  11.664 0.6999999881
49311  -33.162  -40.504  13.266 0.6999999881
50264  -33.128  -39.728  12.161 0.6999999881
53369  -28.696  -36.431  9.224 0.6999999881
129818  -31.038  -38.236  10.395 0.6999999881
51295  -31.720  -38.567  10.762 0.6000000238
52316  -30.297  -37.854  10.078 0.6999999881
53366  -25.563  -36.453  9.257 0.6999999881
53367  -26.694  -36.502  9.154 0.6999999881
54434  -29.180  -35.818  8.930 0.6000000238
54433  -27.340  -34.815  8.557 0.6999999881
53421  -26.420  -35.999  6.717 0.6000000238
56651  -26.132  -33.986  7.750 0.6999999881
56652  -27.629  -33.724  7.215 0.6999999881
56677  -27.655  -33.919  6.749 0.6999999881
56691  -28.474  -33.806  6.326 0.6000000238
49291  -33.603  -40.417  16.734 0.4000000060
49292  -34.001  -40.188  16.156 0.5000000000
49300  -34.171  -40.056  15.404 0.6000000238
50252  -33.911  -40.091  13.831 0.6000000238
54380  -27.002  -35.635  14.830 0.3000000119
53327  -27.677  -36.077  15.124 0.3000000119
50256  -33.583  -39.871  12.921 0.6999999881
50288  -33.279  -39.167  11.583 0.6000000238
50265  -34.060  -39.290  12.343 0.6000000238
51274  -32.460  -38.866  11.159 0.6000000238
126693  -30.385  -36.708  9.374 0.6000000238
52317  -31.786  -37.961  10.281 0.6000000238
132198  -27.337  -35.766  8.854 0.6999999881
53370  -29.547  -36.561  9.309 0.6000000238
144982  -30.567  -37.304  9.680 0.6000000238
54449  -28.845  -35.049  8.563 0.6999999881
54450  -29.678  -35.213  8.588 0.6000000238
56636  -27.184  -33.676  7.848 0.6999999881
55609  -27.344  -34.524  6.551 0.6999999881
54490  -27.230  -35.422  6.456 0.6000000238
53436  -29.338  -35.924  5.748 0.5000000000
54502  -27.814  -34.997  6.210 0.6000000238
54503  -28.525  -35.154  5.852 0.6000000238
124780  -30.192  -35.598  5.569 0.5000000000
56653  -28.652  -33.446  7.016 0.6000000238
55618  -28.898  -34.151  5.841 0.5000000000
56678  -28.484  -33.549  6.615 0.5000000000
135014  -29.498  -33.655  5.746 0.5000000000
55619  -29.778  -34.475  5.561 0.5000000000
56703  -30.382  -33.017  5.635 0.5000000000
57674  -31.052  -32.863  5.383 0.5000000000
50241  -33.751  -39.599  16.653 0.4000000060
50242  -34.245  -39.458  15.997 0.4000000060
51239  -33.883  -38.756  16.395 0.4000000060
52272  -31.767  -37.822  16.739 0.4000000060
49308  -34.200  -39.928  14.684 0.6000000238
54355  -28.573  -35.986  14.959 0.3000000119
54356  -29.412  -35.954  14.952 0.3000000119
53319  -30.530  -36.603  15.656 0.3000000119
55481  -29.610  -34.748  14.166 0.3000000119
51275  -34.181  -38.656  11.516 0.6000000238
51297  -33.125  -38.002  10.543 0.5000000000
134183  -33.250  -38.549  10.991 0.6000000238
134381  -31.146  -36.997  9.508 0.6000000238
53371  -31.878  -36.690  9.364 0.6000000238
53387  -31.071  -36.183  9.042 0.6000000238
136455  -32.617  -37.059  9.673 0.6000000238
54451  -30.558  -35.374  8.580 0.6000000238
53388  -32.022  -36.065  8.891 0.6000000238
54448  -28.124  -34.836  8.404 0.6999999881
140007  -30.959  -34.834  8.216 0.6000000238
56637  -28.070  -33.897  7.513 0.6999999881
56679  -29.256  -33.187  6.406 0.5000000000
56692  -29.106  -33.320  6.000 0.5000000000
57663  -31.358  -32.521  5.522 0.5000000000
51238  -32.593  -38.325  16.978 0.4000000060
50248  -34.488  -39.419  15.206 0.5000000000
52283  -33.368  -37.244  15.962 0.4000000060
143505  -34.834  -38.817  14.875 0.4000000060
50253  -34.525  -39.463  14.340 0.4000000060
135100  -34.362  -39.451  13.389 0.5000000000
54382  -29.043  -35.409  14.494 0.3000000119
54384  -30.806  -35.509  14.694 0.3000000119
54358  -31.059  -36.121  15.225 0.4000000060
50257  -34.860  -38.853  12.994 0.4000000060
55482  -30.519  -34.813  14.225 0.3000000119
138732  -31.640  -35.648  14.900 0.4000000060
51298  -33.919  -38.096  10.730 0.5000000000
52319  -33.452  -37.413  10.148 0.5000000000
53372  -32.557  -36.464  9.287 0.6000000238
52337  -34.128  -36.986  9.925 0.5000000000
54452  -31.439  -35.461  8.537 0.6000000238
54453  -32.305  -35.418  8.474 0.6000000238
139824  -30.036  -33.760  7.521 0.6000000238
55587  -31.982  -34.126  7.567 0.6000000238
56654  -29.560  -33.324  6.985 0.5000000000
57628  -30.006  -32.974  6.412 0.5000000000
57629  -30.811  -32.941  6.494 0.5000000000
57644  -31.095  -32.658  6.019 0.5000000000
57664  -31.872  -31.859  5.073 0.5000000000
57676  -32.194  -31.856  4.544 0.5000000000
52274  -33.354  -38.120  16.537 0.4000000060
51248  -34.417  -38.723  15.679 0.4000000060
51253  -35.156  -38.151  14.504 0.4000000060
130221  -34.980  -38.887  13.954 0.4000000060
52284  -34.205  -37.252  15.520 0.4000000060
51255  -35.369  -38.156  13.540 0.4000000060
52298  -34.813  -38.019  11.155 0.4000000060
51259  -35.264  -38.273  12.547 0.5000000000
56581  -29.828  -33.335  13.456 0.3000000119
53352  -34.939  -36.900  10.122 0.4000000060
53373  -33.389  -36.585  9.516 0.5000000000
53375  -35.274  -36.228  9.735 0.4000000060
54454  -33.191  -35.322  8.518 0.6000000238
54435  -33.753  -35.826  9.095 0.5000000000
53374  -34.364  -36.390  9.568 0.5000000000
55565  -31.713  -34.795  8.079 0.6000000238
55567  -33.508  -34.684  8.053 0.5000000000
129168  -34.103  -35.199  8.596 0.5000000000
56655  -30.440  -33.317  7.086 0.5000000000
55564  -30.954  -34.032  7.743 0.6000000238
55588  -32.904  -34.227  7.453 0.6000000238
55566  -32.604  -34.789  8.000 0.6000000238
56657  -32.314  -33.520  6.959 0.6000000238
57630  -31.709  -32.770  6.370 0.5000000000
57645  -32.178  -32.222  5.635 0.5000000000
141792  -32.708  -31.619  4.251 0.5000000000
56656  -31.363  -33.380  7.111 0.5000000000
131325  -29.240  -31.396  12.781 0.3000000119
58544  -30.942  -31.426  12.593 0.4000000060
58545  -31.882  -31.451  12.579 0.4000000060
60284  -29.788  -29.979  12.252 0.4000000060
124957  -33.270  -33.724  6.882 0.5000000000
55592  -35.878  -34.183  7.658 0.5000000000
55570  -36.100  -34.536  8.221 0.5000000000
142651  -33.890  -33.235  6.330 0.5000000000
56659  -35.556  -33.711  6.981 0.5000000000
57646  -33.158  -32.303  5.699 0.6000000238
58593  -33.124  -31.345  4.179 0.5000000000
58576  -32.631  -31.657  5.073 0.6000000238
58587  -34.100  -31.010  4.698 0.5000000000
58586  -33.243  -31.307  4.597 0.6000000238
59481  -34.437  -30.740  3.926 0.4000000060
59416  -31.441  -30.511  12.230 0.4000000060
58523  -33.250  -32.050  13.107 0.4000000060
56680  -35.090  -33.074  6.198 0.5000000000
57647  -34.171  -32.505  5.781 0.5000000000
57648  -34.889  -32.079  5.614 0.5000000000
127468  -35.931  -32.432  5.915 0.5000000000
58577  -33.754  -31.602  5.255 0.5000000000
59473  -35.139  -30.362  4.116 0.4000000060
59472  -34.576  -30.674  4.304 0.5000000000
59417  -32.402  -30.711  12.306 0.4000000060
60304  -30.619  -29.109  11.514 0.4000000060
56660  -36.412  -33.624  7.327 0.4000000060
58578  -34.639  -31.305  5.180 0.4000000060
59463  -35.103  -30.753  4.889 0.4000000060
59470  -35.274  -30.323  4.541 0.5000000000
60356  -35.704  -29.853  4.471 0.3000000119
57649  -36.823  -32.524  6.444 0.4000000060
58579  -35.542  -31.482  5.513 0.4000000060
60350  -35.718  -29.974  5.029 0.5000000000
61276  -36.622  -28.819  4.521 0.4000000060
60357  -36.194  -29.193  4.922 0.4000000060
59464  -36.081  -30.707  5.495 0.4000000060
62348  -38.488  -28.630  3.370 0.4000000060
61272  -36.618  -28.510  4.983 0.4000000060
60352  -37.182  -29.147  6.274 0.4000000060
61277  -37.051  -28.179  4.623 0.4000000060
62347  -37.923  -28.265  3.572 0.4000000060
62338  -38.200  -27.801  3.828 0.4000000060
62349  -38.995  -28.813  3.586 0.4000000060
60351  -36.560  -29.748  5.653 0.4000000060
61266  -36.774  -28.750  5.490 0.3000000119
61273  -37.063  -27.980  5.281 0.4000000060
61267  -37.312  -28.186  6.072 0.4000000060
61260  -37.841  -28.725  6.887 0.4000000060
62331  -37.428  -27.295  5.366 0.3000000119
62335  -37.423  -27.497  4.770 0.4000000060
63409  -37.953  -27.246  4.377 0.4000000060
62339  -38.661  -27.812  3.850 0.4000000060
63398  -37.816  -26.736  4.944 0.4000000060
144906  -38.312  -26.696  4.586 0.5000000000
63377  -37.774  -26.767  5.569 0.4000000060
33267  -25.584  -56.906  6.674 0.6999999881
136205  -29.945  -57.245  10.754 0.6999999881
32008  -28.945  -58.080  13.928 0.6999999881
35262  -29.403  -54.717  10.553 0.8000000119
131182  -29.577  -56.045  12.820 0.8000000119
30775  -27.186  -58.371  15.562 0.6000000238
33137  -28.430  -56.521  15.616 0.6999999881
37327  -29.964  -52.394  11.552 0.8000000119
30862  -22.301  -58.165  11.752 0.4000000060
40555  -20.546  -49.399  9.636 0.8000000119
35171  -27.781  -55.043  17.137 0.6000000238
34220  -22.848  -55.360  14.020 0.5000000000
39522  -30.442  -50.107  12.892 0.8000000119
38395  -22.655  -51.441  15.202 0.5000000000
38383  -24.349  -51.433  16.609 0.6000000238
38352  -28.415  -51.383  19.145 0.6999999881
43251  -26.893  -46.148  11.824 0.6999999881
41386  -28.001  -48.977  20.231 0.6999999881
49320  -26.665  -41.043  12.286 0.8000000119
42283  -30.284  -47.617  19.393 0.6999999881
47213  -30.621  -43.142  14.208 0.6999999881
46198  -32.333  -43.526  15.910 0.6999999881
47204  -31.957  -43.181  15.096 0.6000000238
45027  -28.925  -44.472  20.445 0.6000000238
47163  -31.571  -42.679  18.796 0.5000000000
49282  -33.339  -40.746  17.178 0.4000000060
51296  -32.480  -38.290  10.630 0.6000000238
51247  -34.057  -37.967  16.012 0.4000000060
58585  -32.576  -31.593  4.538 0.5000000000
52286  -35.433  -37.608  14.200 0.4000000060
58580  -36.542  -31.666  5.946 0.4000000060
32158  -22.271  -57.263  4.217 0.5000000000
29767  -26.139  -59.318  5.686 0.6999999881
36369  -23.368  -54.120  5.770 0.5000000000
24991  -25.153  -63.313  13.508 0.5000000000
136676  -30.194  -57.284  9.109 0.6999999881
33241  -29.328  -56.292  8.445 0.6999999881
147879  -26.094  -55.649  7.352 0.6999999881
35311  -25.931  -54.905  7.596 0.6999999881
38529  -22.452  -51.957  6.868 0.6999999881
39629  -23.919  -50.562  6.476 0.5000000000
39615  -22.305  -50.394  7.157 0.6000000238
41559  -22.447  -48.989  6.934 0.5000000000
34282  -28.950  -55.034  8.821 0.6999999881
38510  -20.991  -51.513  7.623 0.6999999881
28473  -26.794  -60.822  14.196 0.6000000238
41561  -24.757  -49.038  6.449 0.4000000060
126991  -29.491  -56.814  13.313 0.8000000119
29606  -24.328  -59.652  14.884 0.6000000238
28448  -23.335  -60.200  14.611 0.6000000238
38449  -19.905  -50.584  9.121 0.8000000119
145984  -29.646  -54.860  11.849 0.6999999881
28492  -21.607  -60.968  12.748 0.5000000000
146653  -28.793  -52.051  10.168 0.8000000119
34206  -29.519  -55.614  14.371 0.6999999881
36267  -30.068  -53.545  12.714 0.8000000119
38471  -26.519  -51.214  9.291 0.8000000119
136809  -20.961  -47.344  7.911 0.6999999881
35196  -29.597  -54.966  14.987 0.6999999881
40559  -24.866  -48.972  9.829 0.8999999762
41512  -22.457  -48.337  10.105 0.8000000119
43282  -23.050  -46.582  7.563 0.6000000238
44202  -25.231  -45.940  7.339 0.4000000060
32043  -22.296  -57.376  11.957 0.3000000119
30795  -22.517  -58.696  14.187 0.5000000000
30818  -21.985  -58.239  13.396 0.5000000000
124032  -21.659  -58.954  12.928 0.5000000000
40582  -27.040  -49.795  9.764 0.8999999762
130277  -20.295  -47.150  9.697 0.8000000119
148260  -27.275  -55.887  16.545 0.6000000238
34175  -26.584  -55.718  16.586 0.6000000238
34176  -27.859  -55.563  16.623 0.6000000238
32007  -22.267  -57.420  13.425 0.5000000000
41518  -28.779  -48.984  10.862 0.8000000119
44191  -21.870  -46.111  8.067 0.6999999881
46312  -23.938  -43.782  8.395 0.6000000238
126368  -25.198  -44.132  8.274 0.4000000060
34174  -25.737  -55.392  16.552 0.6000000238
34219  -22.592  -55.179  13.224 0.5000000000
33152  -22.919  -56.127  14.392 0.5000000000
35170  -26.340  -54.974  16.961 0.6000000238
36227  -23.547  -53.591  15.234 0.6000000238
133047  -23.044  -54.132  14.597 0.5000000000
36240  -22.909  -53.312  14.598 0.6000000238
35203  -22.679  -54.553  13.844 0.5000000000
34173  -25.027  -55.019  16.395 0.5000000000
37296  -21.166  -52.265  14.431 0.6000000238
35195  -23.079  -54.843  14.490 0.5000000000
35182  -23.985  -54.205  15.799 0.6000000238
40482  -19.926  -49.477  14.681 0.4000000060
39486  -30.485  -50.776  15.591 0.6999999881
40471  -30.406  -49.810  14.628 0.6999999881
42408  -25.888  -47.725  10.630 0.8000000119
37283  -23.838  -52.746  15.556 0.6000000238
36228  -24.193  -53.462  15.915 0.6000000238
37266  -24.579  -52.157  16.477 0.6000000238
40470  -21.939  -49.930  16.055 0.4000000060
39472  -22.582  -50.352  16.172 0.4000000060
39474  -23.806  -50.722  16.628 0.5000000000
39473  -23.226  -50.694  16.262 0.5000000000
134622  -30.442  -49.932  15.336 0.6999999881
40438  -22.831  -49.230  17.143 0.5000000000
42380  -29.562  -47.562  12.741 0.6999999881
44150  -22.692  -45.995  10.793 0.8000000119
47303  -23.517  -42.235  8.505 0.6999999881
37245  -27.552  -52.460  18.654 0.6999999881
38363  -25.575  -51.556  17.712 0.6999999881
38362  -24.899  -51.282  17.221 0.6000000238
41462  -30.287  -48.533  14.587 0.6999999881
42323  -21.589  -48.007  17.147 0.4000000060
137697  -20.336  -41.658  8.735 0.8000000119
40420  -25.282  -50.227  18.373 0.6000000238
39441  -27.167  -50.628  19.452 0.6999999881
39453  -24.429  -50.739  17.156 0.6000000238
139987  -23.904  -50.225  17.131 0.5000000000
133237  -30.384  -47.573  15.912 0.6999999881
43143  -23.255  -46.747  18.840 0.3000000119
48348  -19.882  -41.529  9.601 0.8999999762
48378  -20.715  -40.943  8.365 0.8000000119
49384  -19.891  -40.744  8.953 0.8000000119
132834  -22.276  -40.690  8.169 0.6000000238
132238  -24.207  -40.797  8.296 0.6000000238
128913  -23.725  -40.105  8.208 0.6000000238
50329  -22.141  -39.239  8.343 0.8000000119
41400  -24.570  -48.671  18.768 0.5000000000
42348  -29.743  -46.998  14.515 0.6999999881
45123  -26.412  -44.475  12.612 0.8000000119
44102  -29.304  -45.526  14.922 0.6999999881
49337  -20.924  -40.886  10.523 0.8000000119
50327  -20.551  -39.822  8.477 0.8000000119
42308  -30.586  -47.652  17.963 0.6999999881
43179  -30.694  -46.915  16.562 0.6999999881
45025  -24.354  -44.564  19.767 0.3000000119
42333  -29.806  -46.295  15.129 0.6999999881
44079  -30.975  -46.132  16.240 0.6999999881
146520  -29.792  -45.742  15.219 0.6999999881
46207  -30.482  -43.978  14.667 0.6999999881
129493  -26.329  -42.946  12.709 0.8000000119
46233  -26.965  -43.143  13.114 0.8000000119
47242  -26.660  -42.351  12.788 0.8000000119
42292  -30.569  -47.641  18.849 0.6999999881
44019  -25.604  -45.282  20.154 0.3000000119
44020  -26.386  -45.336  20.425 0.5000000000
43163  -30.884  -46.983  17.482 0.6999999881
45026  -25.247  -44.537  19.974 0.3000000119
44021  -27.204  -45.483  20.640 0.5000000000
44088  -31.456  -45.368  16.382 0.6999999881
136658  -25.191  -43.091  19.732 0.3000000119
137716  -28.978  -45.932  20.327 0.6000000238
146483  -28.632  -43.093  20.337 0.3000000119
142175  -28.497  -42.108  19.779 0.3000000119
48242  -27.478  -41.115  19.199 0.3000000119
48243  -28.490  -41.347  19.345 0.3000000119
52360  -24.279  -37.128  8.235 0.6999999881
46146  -29.264  -43.544  20.224 0.6000000238
45029  -30.793  -44.507  19.659 0.6000000238
45059  -32.118  -44.643  17.898 0.6999999881
126424  -31.881  -45.108  17.167 0.6999999881
45072  -32.202  -44.405  17.089 0.6999999881
49346  -30.323  -40.131  11.877 0.8000000119
50302  -29.239  -39.164  10.859 0.8000000119
146286  -25.188  -36.172  7.577 0.6000000238
53403  -25.356  -36.868  7.459 0.6000000238
46160  -32.441  -43.209  18.033 0.5000000000
50231  -28.532  -39.420  17.901 0.3000000119
49261  -29.795  -40.608  18.726 0.3000000119
138121  -32.887  -42.052  17.532 0.5000000000
48297  -31.207  -41.680  13.343 0.8000000119
48289  -33.337  -41.246  14.965 0.6000000238
51272  -30.781  -39.516  11.435 0.6999999881
55608  -26.106  -34.392  7.317 0.6999999881
138433  -29.699  -39.230  17.837 0.3000000119
51224  -30.482  -38.825  17.588 0.3000000119
48280  -33.526  -41.380  15.894 0.6000000238
49307  -33.738  -40.543  14.601 0.6000000238
56625  -26.514  -33.758  8.031 0.6999999881
136775  -26.569  -34.462  8.483 0.6999999881
52336  -31.851  -37.362  9.784 0.6000000238
55561  -27.668  -34.190  8.118 0.6999999881
54491  -27.990  -35.825  6.233 0.5000000000
50233  -33.217  -39.930  17.294 0.4000000060
55563  -29.265  -34.549  8.233 0.6000000238
130042  -30.091  -34.506  8.080 0.6000000238
56704  -30.947  -33.329  5.306 0.4000000060
50240  -33.315  -38.932  17.053 0.4000000060
53299  -31.789  -37.245  16.173 0.4000000060
53318  -29.701  -36.453  15.509 0.3000000119
51276  -34.995  -38.352  11.832 0.5000000000
52320  -34.460  -37.491  10.468 0.5000000000
56638  -29.148  -33.865  7.628 0.5000000000
55483  -31.418  -34.941  14.363 0.4000000060
52288  -35.650  -37.426  13.662 0.4000000060
52321  -35.363  -37.330  10.888 0.4000000060
57631  -32.726  -32.928  6.325 0.6000000238
58543  -30.052  -31.378  12.701 0.3000000119
57592  -32.355  -32.169  12.980 0.4000000060
56658  -34.678  -33.748  6.877 0.5000000000
58546  -32.793  -31.421  12.658 0.4000000060
63410  -38.541  -27.133  4.199 0.4000000060
61268  -37.850  -27.891  6.721 0.4000000060
63411  -39.052  -26.895  4.187 0.3000000119
25124  -29.373  -63.572  5.878 0.5000000000
26296  -28.066  -62.063  5.072 0.5000000000
23948  -28.194  -65.079  9.645 0.4000000060
25077  -29.236  -64.175  8.252 0.5000000000
25091  -29.778  -63.608  7.290 0.5000000000
25103  -29.745  -63.388  6.481 0.5000000000
26298  -29.636  -62.751  6.118 0.6000000238
27481  -29.192  -61.831  5.776 0.6000000238
25063  -29.178  -63.648  9.322 0.5000000000
25051  -28.693  -63.321  10.232 0.5000000000
25078  -29.689  -63.248  8.414 0.5000000000
26276  -30.415  -61.917  7.169 0.5000000000
25050  -28.142  -63.791  10.714 0.5000000000
27458  -30.422  -61.162  6.859 0.6000000238
28593  -29.325  -60.297  6.388 0.6000000238
27457  -29.821  -61.116  6.380 0.6000000238
27456  -28.993  -60.942  5.997 0.6000000238
28591  -27.805  -59.785  5.853 0.6000000238
29754  -28.549  -59.517  6.374 0.6000000238
29768  -26.946  -59.727  5.713 0.6000000238
30947  -26.130  -58.733  5.983 0.6000000238
29752  -26.765  -58.965  6.068 0.6000000238
26230  -29.218  -62.702  9.907 0.5000000000
26244  -29.974  -62.391  8.653 0.5000000000
27440  -30.540  -61.119  7.559 0.6000000238
25031  -27.780  -63.289  11.395 0.5000000000
26216  -28.754  -62.523  10.663 0.5000000000
28575  -30.467  -60.570  7.301 0.6000000238
25009  -27.002  -63.671  12.047 0.5000000000
26198  -28.217  -62.501  11.349 0.5000000000
29755  -29.766  -59.485  6.926 0.6000000238
30933  -27.298  -58.515  6.430 0.6000000238
30932  -25.698  -58.254  6.164 0.6000000238
26231  -29.669  -62.089  9.510 0.5000000000
27421  -30.516  -60.994  8.434 0.5000000000
26217  -29.340  -61.771  10.428 0.5000000000
143368  -30.308  -60.893  9.215 0.5000000000
28559  -30.585  -60.370  8.029 0.6000000238
123965  -27.441  -62.510  12.059 0.5000000000
27374  -28.157  -61.788  11.833 0.5000000000
147422  -30.218  -59.170  7.464 0.6000000238
25008  -26.214  -63.733  12.687 0.5000000000
26174  -26.632  -62.904  12.680 0.5000000000
30919  -28.858  -58.200  7.042 0.6000000238
30934  -28.183  -58.706  6.562 0.6000000238
128867  -26.492  -58.335  6.333 0.6000000238
26199  -28.753  -61.828  11.196 0.5000000000
29708  -30.176  -59.847  10.379 0.5000000000
28543  -30.285  -60.394  9.779 0.6000000238
30889  -30.521  -58.577  9.535 0.6000000238
27375  -28.732  -61.174  11.649 0.5000000000
28544  -30.554  -60.242  8.914 0.6000000238
30902  -30.591  -58.744  8.776 0.6000000238
24992  -25.926  -63.120  13.167 0.5000000000
24990  -24.246  -63.568  13.651 0.5000000000
30918  -27.941  -57.944  6.711 0.6000000238
33268  -26.613  -56.892  6.893 0.6000000238
28514  -28.846  -60.547  12.049 0.5000000000
28515  -29.288  -60.609  11.349 0.5000000000
126819  -29.727  -60.098  10.986 0.5000000000
29694  -30.360  -59.047  10.228 0.6000000238
26152  -26.982  -61.960  12.949 0.5000000000
26151  -26.300  -62.461  13.227 0.5000000000
27333  -26.282  -61.842  13.608 0.6000000238
29677  -28.982  -59.885  12.509 0.6000000238
29678  -29.488  -59.852  11.626 0.5000000000
29693  -29.978  -59.424  10.893 0.5000000000
141779  -30.166  -58.674  10.676 0.6000000238
27335  -27.617  -61.087  13.020 0.6000000238
28494  -28.311  -60.495  12.764 0.6000000238
145789  -30.362  -58.416  10.126 0.6000000238
27311  -25.610  -61.688  13.991 0.5000000000
27334  -26.940  -61.300  13.672 0.6000000238
26148  -23.530  -62.918  13.944 0.4000000060
28475  -27.942  -60.469  13.408 0.6000000238
29656  -29.505  -59.163  12.168 0.6000000238
129440  -29.829  -58.971  11.363 0.5000000000
30876  -29.985  -58.159  11.070 0.6000000238
32073  -30.155  -57.227  9.859 0.6000000238
30863  -29.710  -58.371  11.828 0.6999999881
144662  -23.440  -45.646  7.867 0.5000000000
42271  -27.820  -47.177  20.498 0.5000000000
52346  -24.322  -37.891  8.275 0.5000000000
51330  -25.551  -38.279  7.764 0.5000000000
124406  -26.572  -34.856  6.776 0.5000000000
63400  -38.797  -26.335  4.488 0.4000000060
65645  -39.520  -25.032  4.782 0.3000000119
65646  -40.019  -24.704  4.814 0.3000000119
65640  -40.153  -24.105  5.051 0.3000000119
22917  -27.847  -65.757  9.352 0.4000000060
22935  -28.511  -65.040  8.019 0.5000000000
23982  -29.097  -64.542  7.235 0.5000000000
27479  -27.286  -61.185  5.184 0.5000000000
25062  -28.503  -64.207  9.917 0.4000000060
27480  -28.264  -61.112  5.530 0.6000000238
28592  -28.408  -60.312  5.889 0.6000000238
28614  -27.551  -60.423  5.554 0.5000000000
28613  -26.644  -60.539  5.363 0.5000000000
22894  -27.467  -65.250  11.146 0.4000000060
23916  -27.574  -64.228  11.307 0.5000000000
23894  -26.473  -64.361  12.369 0.5000000000
23893  -25.745  -64.572  12.835 0.3000000119
23878  -24.947  -64.145  13.305 0.4000000060
23875  -22.703  -64.350  13.319 0.4000000060
43287  -24.669  -46.767  7.350 0.4000000060
44194  -25.242  -45.204  7.589 0.4000000060
44193  -24.447  -45.817  7.515 0.4000000060
45021  -27.895  -44.719  20.660 0.5000000000
46136  -28.224  -43.607  20.516 0.4000000060
51318  -25.039  -38.874  8.169 0.5000000000
51331  -26.338  -38.462  7.616 0.5000000000
51340  -26.873  -38.066  6.936 0.5000000000
48264  -33.159  -41.379  17.328 0.4000000060
65638  -39.308  -24.756  5.081 0.3000000119
66696  -40.392  -23.172  5.788 0.3000000119
22906  -27.778  -65.535  10.173 0.4000000060
30920  -30.460  -58.944  7.969 0.6000000238
26131  -24.836  -61.932  14.183 0.5000000000
50349  -25.835  -38.999  8.204 0.5000000000
25007  -25.586  -63.778  13.105 0.4000000060
26297  -28.894  -62.854  5.479 0.6000000238
26261  -30.197  -62.661  7.679 0.5000000000
26275  -30.193  -62.786  6.800 0.6000000238
25064  -29.549  -62.825  9.184 0.5000000000
28528  -29.688  -60.729  10.565 0.5000000000
27376  -29.184  -61.221  11.074 0.5000000000
26175  -27.643  -61.664  12.403 0.5000000000
27356  -28.195  -61.116  12.286 0.5000000000
64538  -38.965  -25.480  4.740 0.4000000060
143542  -26.939  -65.445  11.829 0.4000000060
128714  -26.146  -59.991  5.464 0.4000000060
23915  -26.969  -64.678  11.845 0.4000000060
34234  -22.344  -55.167  12.469 0.4000000060
137484  -22.442  -55.918  12.546 0.3000000119
32029  -22.097  -57.654  12.615 0.4000000060
35217  -21.846  -54.584  12.384 0.4000000060
35202  -22.269  -54.594  13.040 0.4000000060
36263  -18.887  -54.036  12.991 0.4000000060
36250  -20.176  -53.559  13.518 0.4000000060
36266  -21.314  -54.168  12.939 0.4000000060
127454  -21.668  -53.721  13.526 0.4000000060
36247  -16.977  -53.410  13.187 0.3000000119
36248  -18.389  -53.454  13.671 0.3000000119
37305  -17.920  -52.603  13.943 0.4000000060
36251  -20.965  -53.598  13.469 0.4000000060
144400  -17.609  -53.258  13.587 0.4000000060
36249  -19.311  -53.503  13.606 0.5000000000
38417  -18.381  -51.855  14.200 0.4000000060
37294  -19.315  -52.022  14.421 0.4000000060
37307  -19.739  -52.887  14.151 0.5000000000
38403  -18.915  -51.076  14.406 0.4000000060
46135  -27.249  -43.880  20.502 0.3000000119
48246  -31.129  -41.329  18.607 0.3000000119
48263  -32.577  -41.441  17.803 0.3000000119
48247  -31.905  -41.405  18.276 0.3000000119
55589  -33.758  -34.205  7.493 0.4000000060
51226  -32.396  -39.207  17.446 0.3000000119
55568  -34.471  -34.564  8.015 0.4000000060
55591  -35.090  -34.215  7.475 0.4000000060
54436  -34.687  -35.740  9.149 0.4000000060
54456  -35.921  -35.041  8.658 0.3000000119
55569  -35.443  -34.643  8.093 0.4000000060
56681  -36.188  -33.173  6.532 0.4000000060
52273  -32.571  -37.558  16.418 0.3000000119
53322  -33.704  -36.711  15.512 0.3000000119
142579  -31.780  -36.249  15.354 0.3000000119
53321  -32.346  -36.801  15.746 0.3000000119
129823  -33.082  -36.546  15.549 0.3000000119
53323  -34.305  -36.470  15.219 0.3000000119
133791  -34.978  -37.216  14.904 0.3000000119
54360  -33.498  -36.051  15.269 0.3000000119
54387  -34.195  -35.537  14.853 0.3000000119
53329  -35.546  -36.914  14.222 0.3000000119
52291  -35.716  -37.568  12.917 0.3000000119
54385  -32.277  -35.160  14.623 0.3000000119
54359  -32.531  -35.949  15.205 0.3000000119
52299  -35.543  -37.662  11.874 0.3000000119
55484  -32.143  -34.283  14.171 0.3000000119
55508  -31.127  -34.106  13.844 0.3000000119
147304  -31.812  -33.605  13.728 0.3000000119
53353  -35.765  -36.570  10.532 0.3000000119
54418  -36.099  -35.861  10.064 0.3000000119
54438  -36.475  -35.134  9.528 0.3000000119
137866  -30.417  -30.623  12.426 0.3000000119
54437  -35.614  -35.585  9.259 0.3000000119
144354  -30.009  -29.416  11.781 0.3000000119
57632  -36.905  -33.139  6.967 0.3000000119
53328  -35.016  -36.262  14.708 0.3000000119
54386  -33.151  -35.333  14.847 0.3000000119
138056  -35.625  -36.127  14.075 0.3000000119
53335  -36.136  -36.913  12.435 0.3000000119
133704  -32.847  -34.719  14.461 0.3000000119
55485  -33.633  -34.742  14.492 0.3000000119
54388  -35.078  -35.455  14.422 0.3000000119
134085  -36.066  -35.961  13.514 0.3000000119
53336  -36.370  -36.135  12.873 0.3000000119
53340  -36.502  -36.192  12.017 0.3000000119
56557  -33.087  -34.107  14.147 0.3000000119
55486  -34.513  -34.767  14.372 0.3000000119
53339  -36.080  -36.841  11.457 0.3000000119
56582  -31.252  -33.231  13.457 0.3000000119
55509  -32.553  -33.520  13.761 0.3000000119
53354  -36.455  -35.959  11.068 0.3000000119
54419  -36.642  -35.365  10.432 0.3000000119
141376  -36.963  -34.433  9.457 0.3000000119
60285  -32.887  -30.092  12.057 0.3000000119
55547  -36.558  -34.532  8.779 0.3000000119
59430  -32.167  -30.052  11.960 0.3000000119
56639  -36.592  -34.025  8.095 0.3000000119
57633  -37.457  -32.615  7.154 0.3000000119
58571  -37.462  -31.691  6.690 0.3000000119
147360  -37.238  -29.996  6.370 0.3000000119
55487  -35.214  -34.837  14.134 0.3000000119
54396  -35.708  -35.383  13.881 0.3000000119
54397  -36.309  -35.277  13.236 0.3000000119
56583  -33.414  -33.426  13.765 0.3000000119
55510  -34.934  -34.086  13.958 0.3000000119
55511  -35.749  -34.613  13.729 0.3000000119
57572  -33.753  -32.712  13.459 0.3000000119
54412  -36.931  -35.120  11.172 0.3000000119
55537  -37.494  -33.926  10.672 0.3000000119
59418  -33.246  -30.728  12.385 0.3000000119
55548  -37.349  -33.882  9.862 0.3000000119
60286  -33.659  -30.098  12.102 0.3000000119
56640  -37.213  -33.823  8.846 0.3000000119
148422  -33.293  -29.612  11.845 0.3000000119
57622  -37.756  -33.010  8.615 0.3000000119
56661  -37.229  -33.330  7.804 0.3000000119
142202  -38.041  -32.028  7.522 0.3000000119
59458  -37.684  -30.659  6.840 0.3000000119
140553  -36.641  -34.801  12.737 0.3000000119
57573  -34.649  -32.712  13.444 0.3000000119
57574  -35.628  -32.865  13.343 0.3000000119
56586  -36.371  -33.513  13.094 0.3000000119
54405  -36.607  -35.460  12.449 0.3000000119
148157  -36.737  -35.516  11.763 0.3000000119
56598  -37.036  -33.316  12.544 0.3000000119
55520  -36.837  -34.117  12.654 0.3000000119
135989  -37.354  -34.315  11.330 0.3000000119
58547  -33.673  -31.365  12.750 0.3000000119
58524  -34.150  -32.008  13.156 0.3000000119
58525  -35.078  -32.054  13.124 0.3000000119
59419  -34.095  -30.691  12.440 0.3000000119
60287  -34.480  -30.007  12.157 0.3000000119
60288  -35.392  -29.914  12.243 0.3000000119
57617  -38.090  -32.624  9.979 0.3000000119
56626  -37.724  -33.235  9.487 0.3000000119
136618  -33.973  -29.463  11.816 0.3000000119
60308  -34.836  -29.289  11.863 0.3000000119
138835  -38.104  -32.650  9.208 0.3000000119
57623  -38.245  -32.214  8.497 0.3000000119
58568  -38.370  -31.391  8.035 0.3000000119
57634  -38.033  -31.268  7.333 0.3000000119
60343  -37.848  -29.716  6.956 0.3000000119
58526  -35.872  -32.163  12.990 0.3000000119
55521  -37.346  -33.873  12.063 0.3000000119
58548  -34.582  -31.337  12.797 0.3000000119
58550  -36.521  -31.871  12.723 0.3000000119
59420  -34.994  -30.648  12.486 0.3000000119
59421  -35.910  -30.603  12.482 0.3000000119
57612  -37.867  -32.585  10.836 0.3000000119
62272  -34.451  -27.750  11.575 0.3000000119
60289  -36.333  -29.911  12.345 0.3000000119
61216  -34.189  -28.706  11.638 0.3000000119
61217  -35.115  -28.496  11.744 0.3000000119
60309  -35.872  -29.091  12.129 0.3000000119
57618  -38.369  -32.046  9.460 0.3000000119
58565  -38.491  -31.427  8.927 0.3000000119
139923  -38.320  -30.462  7.662 0.3000000119
56599  -37.464  -33.141  12.057 0.3000000119
57600  -37.652  -32.558  11.658 0.3000000119
137115  -36.428  -31.170  12.609 0.3000000119
58551  -37.201  -31.394  12.368 0.3000000119
136299  -37.587  -31.889  11.925 0.3000000119
59422  -36.776  -30.605  12.456 0.3000000119
59431  -37.451  -30.584  12.094 0.3000000119
58555  -38.304  -31.126  11.034 0.3000000119
58564  -38.554  -30.925  10.297 0.3000000119
62273  -35.390  -27.784  11.748 0.3000000119
61218  -36.010  -28.218  11.980 0.3000000119
60310  -36.989  -29.287  12.267 0.3000000119
60290  -37.071  -30.024  12.333 0.3000000119
135720  -38.638  -30.626  9.396 0.3000000119
59453  -38.525  -30.791  8.496 0.3000000119
130303  -38.623  -30.014  8.550 0.3000000119
60344  -38.447  -29.313  7.747 0.3000000119
62326  -37.614  -27.307  6.092 0.3000000119
62327  -38.259  -27.157  7.028 0.3000000119
58554  -37.776  -31.225  11.695 0.3000000119
130183  -35.200  -27.074  11.667 0.3000000119
60311  -37.655  -29.850  11.927 0.3000000119
59432  -38.073  -30.476  11.501 0.3000000119
59442  -38.511  -30.335  10.870 0.3000000119
62274  -36.253  -27.318  11.903 0.3000000119
136516  -36.943  -28.011  12.090 0.3000000119
135356  -37.835  -29.063  11.837 0.3000000119
60312  -38.320  -29.687  11.374 0.3000000119
59449  -38.674  -30.206  10.177 0.3000000119
60331  -38.730  -29.572  9.538 0.3000000119
61247  -38.704  -28.703  9.106 0.3000000119
62320  -38.605  -27.371  7.968 0.3000000119
61254  -38.621  -28.053  8.532 0.3000000119
63365  -38.557  -26.704  7.625 0.3000000119
61261  -38.374  -28.186  7.588 0.3000000119
63287  -35.022  -26.380  11.551 0.3000000119
63288  -35.826  -26.440  11.725 0.3000000119
61220  -37.883  -28.159  11.686 0.3000000119
61221  -38.496  -28.833  11.227 0.3000000119
60324  -38.661  -29.545  10.620 0.3000000119
62289  -38.176  -27.399  11.392 0.3000000119
61235  -38.707  -28.617  10.231 0.3000000119
63333  -38.628  -26.607  9.244 0.3000000119
136314  -38.654  -27.947  9.489 0.3000000119
63351  -38.647  -26.686  8.352 0.3000000119
62314  -38.629  -27.321  8.886 0.3000000119
129071  -38.472  -26.202  6.976 0.3000000119
63389  -38.243  -26.146  5.419 0.3000000119
63378  -38.106  -26.479  6.203 0.3000000119
63399  -38.498  -26.102  4.887 0.3000000119
125520  -35.332  -25.733  11.531 0.3000000119
64450  -36.337  -25.696  11.658 0.3000000119
63289  -36.934  -26.484  11.803 0.3000000119
63290  -38.025  -26.532  11.437 0.3000000119
62290  -38.494  -27.070  10.803 0.3000000119
63315  -38.554  -26.441  10.140 0.3000000119
132588  -38.615  -27.759  10.310 0.3000000119
64506  -38.666  -26.047  7.811 0.3000000119
64525  -38.598  -25.537  6.051 0.3000000119
64530  -38.731  -25.362  5.144 0.3000000119
29766  -25.258  -59.707  5.338 0.4000000060
36262  -17.843  -54.102  13.104 0.3000000119
36252  -22.219  -54.001  13.582 0.4000000060
38404  -19.846  -51.219  14.677 0.4000000060
49281  -32.876  -40.722  17.528 0.3000000119
124347  -34.650  -37.996  15.308 0.3000000119
54455  -35.072  -35.189  8.586 0.4000000060
57591  -31.355  -32.315  12.991 0.3000000119
59429  -30.648  -29.859  11.979 0.3000000119
57571  -32.880  -32.792  13.414 0.3000000119
60305  -31.541  -29.496  11.666 0.3000000119
53332  -35.975  -36.759  13.421 0.3000000119
35213  -18.529  -54.437  12.257 0.4000000060
35214  -19.376  -54.397  12.222 0.4000000060
35215  -20.173  -54.421  12.254 0.4000000060
36265  -20.565  -54.082  12.888 0.4000000060
37304  -17.090  -52.438  13.449 0.3000000119
37306  -18.823  -52.785  14.145 0.4000000060
132961  -32.029  -32.928  13.393 0.3000000119
55536  -37.125  -34.651  10.338 0.3000000119
56558  -33.985  -34.046  14.152 0.3000000119
56584  -34.286  -33.383  13.740 0.3000000119
60306  -32.580  -29.399  11.684 0.3000000119
55512  -36.317  -34.354  13.216 0.3000000119
147011  -35.042  -33.359  13.632 0.3000000119
56585  -35.694  -33.787  13.545 0.3000000119
56621  -37.706  -33.271  10.387 0.3000000119
56610  -37.583  -33.394  11.339 0.3000000119
57575  -36.473  -32.695  12.870 0.3000000119
55531  -36.983  -34.758  12.050 0.3000000119
57593  -37.237  -32.421  12.386 0.3000000119
58549  -35.614  -31.392  12.762 0.3000000119
57613  -38.312  -31.811  10.391 0.3000000119
61215  -33.388  -28.151  11.450 0.3000000119
57601  -37.933  -31.875  11.244 0.3000000119
137923  -38.612  -28.722  8.283 0.3000000119
61219  -37.267  -28.612  12.082 0.3000000119
62275  -37.419  -27.309  11.779 0.3000000119
140243  -38.522  -27.964  11.036 0.3000000119
63314  -38.418  -26.235  10.852 0.3000000119
64471  -38.492  -25.553  10.353 0.3000000119
35212  -17.705  -54.481  12.238 0.4000000060
25049  -21.820  -63.265  10.394 0.3000000119
25048  -21.505  -63.921  11.163 0.3000000119
129726  -22.132  -62.654  10.204 0.3000000119
38416  -17.471  -51.597  13.683 0.3000000119
133493  -17.981  -50.881  14.020 0.3000000119
35237  -20.555  -54.758  11.748 0.3000000119
35216  -20.991  -54.483  12.314 0.3000000119
36264  -19.766  -54.044  12.905 0.3000000119
35239  -22.021  -55.069  11.945 0.3000000119
35238  -21.416  -54.896  11.865 0.3000000119
35235  -19.019  -54.570  11.435 0.3000000119
35236  -19.778  -54.636  11.542 0.3000000119
125049  -25.020  -48.411  6.741 0.3000000119
23934  -27.981  -64.687  10.520 0.4000000060
23949  -28.692  -64.646  9.021 0.4000000060
23995  -29.413  -64.078  6.447 0.5000000000
24988  -22.336  -63.673  13.393 0.5000000000
25061  -22.251  -63.097  9.556 0.3000000119
26150  -25.543  -62.454  13.685 0.6000000238
26215  -28.307  -63.070  10.859 0.5000000000
26245  -30.419  -61.795  8.049 0.5000000000
27355  -21.567  -61.818  12.369 0.5000000000
27405  -29.917  -61.253  9.795 0.5000000000
27420  -30.155  -61.588  8.976 0.5000000000
28594  -30.247  -60.407  6.818 0.6000000238
29709  -30.548  -59.449  9.464 0.6000000238
29724  -30.577  -59.549  8.461 0.6000000238
29738  -29.047  -58.866  6.819 0.6000000238
29739  -29.853  -58.605  7.446 0.6000000238
29740  -30.439  -59.768  7.540 0.6000000238
29753  -27.559  -59.203  6.191 0.6000000238
30877  -30.226  -57.949  10.350 0.6000000238
30943  -22.187  -58.011  4.818 0.6000000238
30955  -22.032  -57.931  4.155 0.5000000000
32074  -30.370  -57.891  9.674 0.6000000238
32130  -27.018  -57.754  6.618 0.6000000238
32138  -22.462  -57.083  5.090 0.6000000238
32139  -22.402  -57.424  5.224 0.6000000238
32144  -22.455  -56.888  4.799 0.6000000238
33191  -29.612  -56.478  11.970 0.8000000119
33252  -24.981  -56.246  6.907 0.6999999881
33264  -23.232  -56.150  6.004 0.6999999881
33265  -23.873  -56.878  6.217 0.6999999881
33275  -23.158  -56.148  5.515 0.6999999881
33281  -22.870  -56.774  5.110 0.6000000238
33300  -22.942  -56.860  4.510 0.5000000000
34189  -23.671  -55.534  15.506 0.5000000000
34312  -26.722  -55.395  7.492 0.6999999881
35218  -29.807  -54.647  13.335 0.8000000119
35309  -23.806  -54.949  7.383 0.6999999881
35336  -23.274  -54.949  5.514 0.5000000000
36206  -29.167  -53.346  17.338 0.8000000119
36212  -24.718  -53.386  16.443 0.6000000238
36308  -22.740  -53.245  8.339 0.6999999881
36309  -28.243  -53.426  8.994 0.6999999881
36324  -21.273  -53.189  8.092 0.6999999881
36328  -25.372  -53.169  8.400 0.6999999881
36329  -26.904  -53.452  8.385 0.6999999881
37338  -29.232  -52.516  10.449 0.8000000119
37389  -20.981  -52.869  7.877 0.6999999881
38350  -26.313  -51.607  18.496 0.6999999881
38450  -20.498  -50.856  9.475 0.8000000119
38464  -19.772  -50.610  8.819 0.8000000119
38465  -20.305  -51.305  8.970 0.8000000119
38470  -25.694  -51.076  9.279 0.8000000119
38489  -20.155  -51.135  8.420 0.8000000119
38509  -20.418  -51.460  7.991 0.6999999881
38511  -21.942  -51.296  7.276 0.6999999881
39429  -27.816  -50.926  19.427 0.6999999881
39544  -29.717  -50.403  11.280 0.8000000119
39564  -27.738  -50.080  9.859 0.8999999762
39581  -19.356  -50.109  8.967 0.8000000119
39613  -20.438  -50.704  7.792 0.6999999881
40437  -22.329  -48.945  16.966 0.5000000000
40556  -21.438  -49.649  9.748 0.8000000119
40564  -29.117  -49.883  10.845 0.8000000119
40596  -19.105  -49.666  8.763 0.8000000119
40610  -19.236  -49.207  8.693 0.8000000119
40611  -19.666  -49.239  8.187 0.8000000119
40623  -23.270  -49.435  6.917 0.5000000000
41389  -30.225  -48.123  19.176 0.6999999881
41510  -20.701  -48.516  9.803 0.8000000119
41519  -29.356  -49.230  11.264 0.8000000119
42277  -24.403  -47.279  19.269 0.4000000060
42404  -20.191  -48.038  9.641 0.8000000119
42427  -20.543  -47.873  8.036 0.6999999881
42430  -23.689  -47.169  7.380 0.6000000238
43234  -29.325  -46.921  13.092 0.6999999881
43246  -20.412  -45.931  10.171 0.8999999762
43247  -21.048  -45.906  10.436 0.8000000119
43258  -21.317  -46.544  10.406 0.8999999762
43261  -25.506  -47.180  10.902 0.8000000119
44114  -27.605  -44.871  13.464 0.6999999881
44147  -20.155  -45.273  10.144 0.8999999762
44148  -20.689  -45.307  10.430 0.8999999762
44152  -24.357  -45.723  11.178 0.8000000119
44161  -20.209  -46.029  9.934 0.8000000119
44169  -20.230  -45.829  9.647 0.8999999762
44178  -20.624  -45.881  8.456 0.6999999881
44180  -21.483  -45.300  8.203 0.6999999881
44192  -22.456  -45.487  8.127 0.6999999881
45096  -29.903  -44.611  14.939 0.6999999881
45110  -27.373  -44.326  13.397 0.6999999881
45124  -27.077  -44.707  12.976 0.6999999881
45142  -20.043  -44.553  10.150 0.8000000119
45143  -21.042  -44.647  10.685 0.8999999762
45144  -21.839  -44.600  10.949 0.8000000119
45179  -20.381  -44.864  9.384 0.6999999881
45193  -23.768  -44.641  8.163 0.6000000238
46252  -20.867  -43.296  10.694 0.8999999762
46257  -24.926  -44.073  11.782 0.8000000119
46280  -20.014  -43.458  9.862 0.8999999762
46295  -20.180  -43.423  9.644 0.8999999762
46298  -21.913  -43.700  8.468 0.6999999881
47186  -33.294  -41.917  17.033 0.6000000238
47226  -27.683  -43.085  13.440 0.6999999881
47258  -20.039  -42.461  10.119 0.8000000119
47259  -20.735  -42.406  10.579 0.8000000119
47275  -19.871  -42.084  9.795 0.8999999762
47286  -19.922  -42.127  9.438 0.8999999762
47300  -20.415  -42.427  8.963 0.8000000119
48328  -20.115  -41.652  10.043 0.8000000119
48329  -20.584  -41.554  10.411 0.8000000119
48333  -24.426  -41.395  12.000 0.8000000119
48361  -19.824  -41.364  9.141 0.8000000119
48377  -19.994  -41.130  8.744 0.8000000119
49319  -25.795  -41.019  12.116 0.8000000119
49324  -32.360  -40.488  12.736 0.6999999881
49335  -20.146  -41.127  9.800 0.8000000119
49336  -20.435  -41.018  10.143 0.8000000119
49370  -19.954  -40.893  9.385 0.8000000119
49371  -20.235  -40.170  9.126 0.8000000119
49385  -20.275  -40.410  8.552 0.8000000119
49386  -20.738  -39.984  7.990 0.8000000119
49388  -22.715  -39.992  8.149 0.6000000238
50275  -20.671  -40.446  10.206 0.8000000119
50280  -24.995  -39.511  11.101 0.8000000119
50328  -21.202  -39.349  8.430 0.8000000119
51258  -34.722  -38.740  12.228 0.6000000238
51267  -21.537  -39.189  10.481 0.8000000119
51269  -23.297  -38.677  11.093 0.8000000119
51288  -24.603  -38.092  10.299 0.8000000119
51307  -21.893  -38.635  8.781 0.8000000119
51315  -22.753  -38.326  9.131 0.8000000119
51317  -24.456  -38.582  8.260 0.6000000238
52309  -23.374  -37.837  10.027 0.8000000119
52318  -32.546  -37.670  10.193 0.6000000238
52330  -23.109  -38.046  9.510 0.8000000119
52334  -29.894  -37.238  9.642 0.6999999881
52335  -31.113  -37.638  9.922 0.6000000238
52359  -23.962  -36.970  8.587 0.6999999881
52363  -25.986  -37.647  7.208 0.5000000000
53320  -31.390  -36.724  15.731 0.4000000060
53347  -23.576  -37.674  9.580 0.8000000119
53349  -24.416  -36.860  9.494 0.8000000119
53365  -23.913  -36.869  8.962 0.8000000119
53384  -23.814  -37.041  8.834 0.6999999881
53386  -30.072  -35.982  8.983 0.6000000238
53389  -32.871  -35.955  8.954 0.5000000000
53401  -24.402  -36.151  8.189 0.6999999881
53402  -24.651  -36.280  7.896 0.6000000238
53404  -25.953  -36.801  6.879 0.6000000238
53422  -27.382  -36.474  6.508 0.5000000000
54430  -24.572  -35.669  8.439 0.6999999881
54432  -26.569  -35.309  8.736 0.6999999881
54446  -24.478  -35.761  8.305 0.6999999881
54471  -25.112  -35.462  7.661 0.6999999881
54488  -24.960  -34.901  7.878 0.6999999881
55543  -24.681  -35.089  8.147 0.6999999881
55544  -25.169  -34.725  8.104 0.6999999881
55545  -26.228  -34.068  8.231 0.6999999881
55546  -26.894  -33.931  8.310 0.6999999881
55558  -24.878  -34.883  8.056 0.6999999881
55560  -25.975  -33.985  8.040 0.6999999881
55562  -28.525  -34.364  8.072 0.5000000000
55590  -34.397  -34.131  7.394 0.5000000000
55607  -25.418  -34.787  7.575 0.6999999881
55617  -28.121  -34.362  6.267 0.6000000238
56676  -26.790  -33.827  7.224 0.6999999881
56693  -30.270  -33.742  5.479 0.4000000060
57661  -29.848  -32.851  5.912 0.5000000000
57675  -31.560  -32.442  4.982 0.5000000000
58594  -33.760  -30.968  4.179 0.6000000238
59465  -36.941  -30.763  6.162 0.3000000119
60338  -38.667  -29.272  8.622 0.3000000119
60360  -36.180  -29.423  4.271 0.3000000119
62305  -38.608  -27.198  9.835 0.3000000119
64539  -39.303  -25.961  4.491 0.3000000119
66697  -40.526  -23.906  5.506 0.3000000119
123822  -22.374  -40.698  11.292 0.8000000119
124292  -25.899  -50.389  18.840 0.6000000238
124480  -21.402  -51.972  9.182 0.8000000119
127301  -29.642  -53.741  11.403 0.8000000119
127482  -22.780  -38.657  8.637 0.6999999881
128438  -31.686  -32.420  5.727 0.5000000000
128653  -30.464  -51.020  14.145 0.8000000119
128850  -37.802  -32.670  7.890 0.3000000119
129156  -20.078  -44.332  9.826 0.8999999762
129234  -26.323  -46.511  11.487 0.8000000119
129774  -37.651  -27.895  4.147 0.4000000060
130139  -24.250  -44.016  11.592 0.8000000119
130155  -29.562  -54.419  11.322 0.6999999881
130204  -23.759  -41.486  8.404 0.6000000238
130666  -23.795  -40.178  11.576 0.8000000119
131644  -23.083  -45.248  11.103 0.8000000119
131762  -21.768  -60.822  11.662 0.3000000119
131892  -29.308  -35.040  5.643 0.6000000238
132348  -19.930  -42.701  9.789 0.8000000119
133558  -29.749  -56.871  8.585 0.6999999881
133619  -40.144  -23.701  5.333 0.3000000119
134434  -24.216  -48.629  7.031 0.5000000000
134436  -20.627  -45.251  8.829 0.6999999881
135026  -29.614  -57.146  11.962 0.8000000119
135732  -20.753  -46.987  10.201 0.8000000119
135755  -23.510  -52.188  15.337 0.6000000238
135820  -19.193  -49.180  8.893 0.8000000119
136364  -20.135  -42.606  9.347 0.8999999762
136428  -30.057  -61.944  6.492 0.6000000238
136673  -25.699  -34.302  8.116 0.6999999881
137423  -36.629  -28.633  12.164 0.3000000119
137623  -26.823  -34.164  6.870 0.6999999881
138641  -38.530  -31.386  9.713 0.3000000119
139840  -26.808  -33.694  7.640 0.6999999881
140057  -19.961  -48.029  9.251 0.8000000119
140498  -28.331  -36.969  9.398 0.6999999881
140881  -28.719  -53.047  17.948 0.8000000119
141543  -21.111  -47.920  7.460 0.6999999881
141681  -20.773  -52.162  8.894 0.8000000119
141844  -34.002  -33.845  6.997 0.5000000000
141881  -29.754  -33.174  5.779 0.5000000000
142066  -19.901  -50.058  9.376 0.8000000119
142092  -30.333  -52.009  16.750 0.6999999881
142867  -23.010  -57.321  5.506 0.6999999881
143026  -23.334  -43.022  8.470 0.6999999881
143079  -21.842  -54.249  13.075 0.4000000060
143597  -31.039  -40.063  11.927 0.8000000119
143791  -27.913  -40.622  12.046 0.8000000119
144070  -28.676  -36.128  5.982 0.5000000000
144214  -33.782  -31.181  3.887 0.5000000000
144869  -22.626  -50.342  9.691 0.8000000119
144980  -25.714  -50.395  9.454 0.8000000119
145173  -28.202  -35.628  8.784 0.6999999881
146031  -21.380  -42.312  10.884 0.8000000119
146096  -20.395  -47.303  9.969 0.8000000119
146281  -24.644  -40.958  8.477 0.6999999881
146449  -37.332  -27.693  5.685 0.3000000119
146695  -22.520  -55.546  12.869 0.5000000000
146890  -23.315  -50.831  6.596 0.5000000000
147564  -27.261  -55.828  7.456 0.6999999881
148088  -24.351  -48.662  9.987 0.8999999762
148695  -29.763  -50.943  11.199 0.8000000119
148811  -21.955  -49.694  9.765 0.8000000119
