#!ascii label  , from subject sub-v1s8x0051335_ses-1 vox2ras=TkReg
1194
123317  22.550  -31.525  72.616 0.0000000000
47880  35.018  -31.809  78.441 0.0000000000
118099  40.231  -10.819  57.707 0.0000000000
58777  32.108  -21.270  66.014 0.0000000000
127074  36.837  -25.404  71.760 0.0000000000
75186  49.600  -3.914  49.577 0.0000000000
66467  40.598  -13.289  63.226 0.0000000000
62739  35.774  -16.344  61.384 0.0000000000
43096  20.664  -37.932  73.301 0.0000000000
46831  29.111  -31.471  75.705 0.0000000000
139080  31.370  -29.195  73.502 0.0000000000
48028  24.197  -30.322  68.652 0.0000000000
70352  45.504  -8.983  54.073 0.0000000000
139944  25.849  -31.633  78.383 0.0000000000
46793  23.420  -33.130  77.919 0.0000000000
69307  45.900  -9.821  58.817 0.0000000000
41952  20.441  -37.291  78.336 0.0000000000
38258  15.466  -40.698  80.139 0.0000000000
62678  34.257  -15.853  66.944 0.0000000000
58754  35.614  -22.878  69.361 0.0000000000
53107  37.384  -27.523  65.775 0.0000000000
51203  34.340  -28.985  69.409 0.0000000000
128988  39.986  -13.894  64.777 0.0000000000
63712  38.295  -15.139  62.070 0.0000000000
121005  37.584  -14.912  63.634 0.0000000000
66435  42.664  -12.511  65.938 0.0000000000
44975  21.742  -34.529  70.583 0.0000000000
43110  20.662  -36.577  71.320 0.0000000000
44944  21.623  -34.591  73.422 0.0000000000
47936  25.578  -31.009  72.893 0.0000000000
127917  26.849  -30.988  72.083 0.0000000000
46886  23.098  -30.963  69.789 0.0000000000
46900  22.160  -33.106  68.577 0.0000000000
67439  41.755  -11.796  55.865 0.0000000000
69297  42.070  -9.625  60.951 0.0000000000
68379  43.217  -10.644  57.858 0.0000000000
67436  44.212  -11.444  56.410 0.0000000000
46751  23.612  -33.811  79.827 0.0000000000
43965  22.839  -35.683  78.939 0.0000000000
43927  23.091  -36.384  80.129 0.0000000000
38204  18.805  -40.942  84.314 0.0000000000
39112  17.976  -40.172  82.448 0.0000000000
134098  16.616  -41.087  82.778 0.0000000000
37241  14.857  -41.875  82.798 0.0000000000
37203  15.000  -43.378  85.656 0.0000000000
58693  35.749  -21.972  72.811 0.0000000000
57700  36.254  -23.588  70.103 0.0000000000
55844  37.561  -24.562  67.157 0.0000000000
54020  38.364  -26.149  68.613 0.0000000000
51208  29.123  -28.149  70.385 0.0000000000
51177  33.351  -28.788  71.583 0.0000000000
117522  30.490  -27.392  68.548 0.0000000000
119295  32.660  -28.670  67.016 0.0000000000
61758  31.861  -18.697  67.026 0.0000000000
61804  32.609  -17.473  63.462 0.0000000000
138875  30.650  -20.695  63.538 0.0000000000
77200  52.093  -1.804  47.037 0.0000000000
75207  50.538  -4.472  46.403 0.0000000000
68357  39.992  -11.268  60.870 0.0000000000
66487  38.200  -13.664  60.520 0.0000000000
68331  42.254  -11.230  63.493 0.0000000000
45800  32.324  -32.463  76.992 0.0000000000
49058  33.431  -31.566  75.774 0.0000000000
47934  30.574  -30.500  74.395 0.0000000000
49118  27.849  -30.034  71.433 0.0000000000
49158  25.057  -30.343  67.965 0.0000000000
71287  47.726  -7.694  56.727 0.0000000000
72233  47.888  -6.874  53.993 0.0000000000
73200  48.480  -6.141  51.786 0.0000000000
73221  48.635  -5.685  49.426 0.0000000000
49071  23.834  -30.247  74.293 0.0000000000
46820  22.276  -32.650  75.138 0.0000000000
51112  23.824  -29.639  77.942 0.0000000000
46819  27.015  -32.084  76.763 0.0000000000
128905  46.044  -10.103  55.864 0.0000000000
44930  21.698  -34.635  75.421 0.0000000000
132196  20.480  -37.853  75.974 0.0000000000
40084  18.311  -39.191  77.023 0.0000000000
121259  20.987  -37.843  81.247 0.0000000000
39135  17.495  -39.493  78.953 0.0000000000
37173  11.688  -43.291  88.303 0.0000000000
119059  36.685  -14.800  67.346 0.0000000000
60733  32.154  -19.531  68.972 0.0000000000
59770  33.655  -21.171  71.123 0.0000000000
58766  34.173  -22.166  67.645 0.0000000000
56777  36.308  -23.632  65.761 0.0000000000
54072  36.884  -26.698  63.752 0.0000000000
132223  34.951  -28.566  62.966 0.0000000000
50125  35.206  -30.140  74.373 0.0000000000
50151  37.075  -29.330  72.711 0.0000000000
138724  38.189  -27.922  70.906 0.0000000000
51230  35.938  -29.480  67.100 0.0000000000
51284  34.035  -29.327  64.739 0.0000000000
62705  35.429  -15.590  63.227 0.0000000000
61828  33.914  -17.554  61.155 0.0000000000
64625  40.074  -14.162  65.522 0.0000000000
64634  38.776  -14.176  64.192 0.0000000000
64627  38.574  -14.390  65.073 0.0000000000
65540  40.892  -13.908  65.742 0.0000000000
46876  22.294  -32.565  71.169 0.0000000000
44964  21.769  -34.411  71.439 0.0000000000
45825  21.992  -33.642  73.016 0.0000000000
49094  23.596  -30.516  72.495 0.0000000000
49103  24.494  -30.252  71.478 0.0000000000
47967  22.810  -31.335  70.580 0.0000000000
123194  22.282  -32.770  70.242 0.0000000000
67428  41.343  -11.518  56.478 0.0000000000
69312  41.406  -9.713  59.783 0.0000000000
137309  42.866  -9.386  59.551 0.0000000000
68380  42.108  -10.345  57.984 0.0000000000
68397  42.614  -11.153  57.265 0.0000000000
134508  18.529  -41.753  84.454 0.0000000000
38218  17.660  -41.156  83.660 0.0000000000
37239  16.646  -41.662  83.381 0.0000000000
135818  15.248  -41.563  82.283 0.0000000000
37224  16.191  -42.109  83.886 0.0000000000
118361  14.713  -42.991  84.095 0.0000000000
57673  35.986  -22.883  72.433 0.0000000000
56715  36.687  -24.320  70.419 0.0000000000
55828  37.817  -24.750  69.745 0.0000000000
137795  37.612  -25.141  70.299 0.0000000000
49036  35.507  -30.875  77.798 0.0000000000
51235  26.978  -28.165  68.561 0.0000000000
51207  30.043  -27.560  70.104 0.0000000000
52152  28.924  -27.082  68.011 0.0000000000
53072  29.609  -27.046  67.078 0.0000000000
59821  31.317  -20.406  65.765 0.0000000000
60774  31.088  -19.145  64.788 0.0000000000
75183  49.546  -3.977  50.803 0.0000000000
77193  50.791  -2.673  51.164 0.0000000000
135447  50.353  -2.722  50.157 0.0000000000
77202  50.688  -2.698  47.912 0.0000000000
75190  49.852  -3.859  48.242 0.0000000000
67385  40.025  -12.537  62.141 0.0000000000
126549  39.020  -12.999  60.825 0.0000000000
66477  39.112  -13.647  61.454 0.0000000000
63714  37.014  -15.699  61.810 0.0000000000
64668  37.350  -15.247  61.004 0.0000000000
62748  36.061  -16.156  60.682 0.0000000000
65561  40.945  -13.314  64.138 0.0000000000
66466  41.050  -12.736  63.282 0.0000000000
68345  41.143  -11.350  62.236 0.0000000000
135756  20.372  -36.973  72.098 0.0000000000
139817  19.961  -38.447  73.598 0.0000000000
45811  31.183  -32.087  76.433 0.0000000000
46828  31.517  -31.526  75.708 0.0000000000
46845  29.468  -31.056  74.372 0.0000000000
133648  26.093  -30.492  70.798 0.0000000000
47978  27.504  -30.471  71.598 0.0000000000
48000  26.348  -30.431  70.496 0.0000000000
49141  26.945  -29.818  69.907 0.0000000000
124097  24.513  -30.463  68.072 0.0000000000
137438  23.454  -31.221  67.830 0.0000000000
55909  35.908  -24.352  63.059 0.0000000000
71301  47.255  -8.412  55.221 0.0000000000
72225  47.943  -7.072  55.502 0.0000000000
71306  46.639  -8.021  53.889 0.0000000000
72254  47.147  -7.208  51.651 0.0000000000
72261  47.097  -7.429  50.633 0.0000000000
134232  48.273  -6.209  50.370 0.0000000000
49049  25.072  -30.947  76.347 0.0000000000
50108  23.950  -29.998  76.143 0.0000000000
50091  24.704  -30.121  78.416 0.0000000000
47894  26.459  -32.175  77.309 0.0000000000
47907  25.754  -31.505  76.018 0.0000000000
70317  47.268  -9.326  57.400 0.0000000000
69338  46.115  -10.476  57.306 0.0000000000
67473  44.359  -11.294  55.218 0.0000000000
119808  23.013  -32.472  76.488 0.0000000000
141755  22.253  -33.335  75.582 0.0000000000
45805  22.325  -33.885  77.316 0.0000000000
43020  21.443  -36.459  78.899 0.0000000000
43053  21.073  -36.193  77.726 0.0000000000
41966  20.059  -37.419  77.435 0.0000000000
41982  19.952  -38.157  76.209 0.0000000000
41022  19.201  -38.165  77.377 0.0000000000
40991  21.221  -38.072  82.193 0.0000000000
39124  17.074  -40.160  81.349 0.0000000000
39123  18.199  -39.343  80.541 0.0000000000
39136  16.724  -39.837  79.324 0.0000000000
39148  16.937  -39.741  78.287 0.0000000000
61699  33.085  -18.357  69.727 0.0000000000
58726  35.480  -22.567  70.455 0.0000000000
59758  34.433  -21.548  72.398 0.0000000000
58745  34.524  -21.867  69.788 0.0000000000
58756  33.812  -21.550  69.154 0.0000000000
58765  34.910  -22.485  68.059 0.0000000000
57746  35.030  -22.790  66.684 0.0000000000
57734  36.088  -23.107  67.168 0.0000000000
54041  37.630  -26.710  66.149 0.0000000000
54959  37.463  -25.274  65.700 0.0000000000
54057  37.095  -27.115  64.536 0.0000000000
53136  35.938  -28.155  63.542 0.0000000000
53109  36.111  -28.348  64.526 0.0000000000
139904  33.080  -30.243  74.491 0.0000000000
49067  34.297  -30.425  74.629 0.0000000000
49078  33.779  -30.123  74.176 0.0000000000
51190  34.140  -28.857  70.357 0.0000000000
50171  35.257  -29.480  71.658 0.0000000000
50170  35.837  -29.545  71.258 0.0000000000
52118  37.776  -28.649  71.842 0.0000000000
51201  36.476  -29.423  69.729 0.0000000000
52139  37.151  -29.047  68.453 0.0000000000
51216  35.530  -29.573  68.128 0.0000000000
52192  31.447  -28.146  64.859 0.0000000000
121672  32.805  -28.997  66.086 0.0000000000
63664  35.764  -15.007  66.998 0.0000000000
63675  35.992  -15.134  64.816 0.0000000000
62697  34.576  -15.868  64.805 0.0000000000
60821  31.378  -18.860  62.066 0.0000000000
119899  33.287  -17.613  61.870 0.0000000000
137334  53.033  -2.496  45.580 0.0000000000
64640  40.078  -13.612  63.653 0.0000000000
65581  39.493  -13.854  62.789 0.0000000000
64641  39.452  -13.876  63.635 0.0000000000
63702  38.450  -14.894  62.948 0.0000000000
63704  37.233  -15.573  62.308 0.0000000000
65538  42.076  -13.111  66.154 0.0000000000
65551  41.160  -13.329  64.834 0.0000000000
44051  21.134  -35.915  70.742 0.0000000000
44041  21.128  -35.641  71.681 0.0000000000
44028  20.603  -36.213  73.412 0.0000000000
123403  27.151  -31.159  74.954 0.0000000000
46847  27.599  -31.114  73.950 0.0000000000
46865  26.466  -31.062  72.518 0.0000000000
130731  25.259  -30.276  70.947 0.0000000000
48003  23.351  -30.706  69.322 0.0000000000
46913  22.839  -32.318  68.016 0.0000000000
46899  22.750  -31.907  69.033 0.0000000000
45847  21.931  -33.983  69.144 0.0000000000
69369  44.925  -9.507  53.678 0.0000000000
49020  25.501  -30.669  79.510 0.0000000000
70292  43.643  -9.130  60.915 0.0000000000
69296  44.090  -9.530  60.010 0.0000000000
69326  44.797  -10.531  58.184 0.0000000000
68377  44.800  -10.991  57.445 0.0000000000
68396  43.572  -11.251  57.160 0.0000000000
129940  43.289  -11.624  56.040 0.0000000000
46779  23.649  -33.345  78.678 0.0000000000
45792  22.633  -34.184  78.138 0.0000000000
127714  24.211  -34.925  78.869 0.0000000000
43939  23.244  -36.740  79.147 0.0000000000
140090  21.530  -36.668  79.447 0.0000000000
40041  19.718  -39.432  83.117 0.0000000000
39104  18.540  -40.606  83.781 0.0000000000
39113  17.328  -40.496  82.392 0.0000000000
38246  15.587  -40.982  81.264 0.0000000000
38233  15.409  -41.268  81.368 0.0000000000
57688  35.755  -22.967  71.046 0.0000000000
57714  36.241  -23.501  69.708 0.0000000000
134039  36.889  -23.415  68.248 0.0000000000
56741  37.132  -23.823  68.736 0.0000000000
54928  38.290  -25.297  68.275 0.0000000000
54029  37.798  -26.818  67.156 0.0000000000
51180  30.550  -28.371  72.217 0.0000000000
51166  33.028  -28.850  72.571 0.0000000000
119901  31.548  -28.227  71.799 0.0000000000
51205  32.532  -28.492  69.934 0.0000000000
51219  32.920  -28.671  68.977 0.0000000000
127752  33.234  -28.956  68.204 0.0000000000
51233  31.964  -28.207  67.368 0.0000000000
52193  30.751  -27.667  65.482 0.0000000000
62690  32.980  -17.054  66.770 0.0000000000
62708  33.182  -16.842  64.910 0.0000000000
120543  32.438  -17.583  65.163 0.0000000000
60804  31.092  -18.894  62.998 0.0000000000
78131  51.603  -1.488  47.911 0.0000000000
76199  51.081  -2.975  47.002 0.0000000000
68367  39.902  -10.704  59.808 0.0000000000
68400  38.997  -11.687  57.449 0.0000000000
67413  38.781  -11.883  58.982 0.0000000000
65593  38.240  -14.259  60.903 0.0000000000
65602  36.800  -14.184  59.594 0.0000000000
66444  43.167  -11.893  65.654 0.0000000000
68326  43.317  -11.029  64.493 0.0000000000
68329  43.767  -10.415  64.057 0.0000000000
69285  42.485  -10.210  62.537 0.0000000000
68356  40.840  -10.795  61.326 0.0000000000
47893  34.018  -32.602  77.370 0.0000000000
47903  34.517  -32.276  76.991 0.0000000000
47905  33.258  -32.146  76.314 0.0000000000
47922  32.308  -31.326  75.550 0.0000000000
49081  31.165  -30.133  74.487 0.0000000000
47950  28.474  -30.626  72.874 0.0000000000
47961  29.629  -30.151  73.027 0.0000000000
136038  29.402  -29.693  72.212 0.0000000000
50189  29.001  -29.352  71.460 0.0000000000
49156  26.877  -29.136  69.241 0.0000000000
50227  25.556  -29.126  67.289 0.0000000000
73185  48.909  -5.355  53.632 0.0000000000
71311  46.389  -7.582  53.116 0.0000000000
72240  47.725  -6.575  53.059 0.0000000000
73193  49.047  -5.421  52.909 0.0000000000
74161  49.535  -5.003  51.965 0.0000000000
74170  49.241  -5.108  51.097 0.0000000000
74177  49.039  -5.174  49.070 0.0000000000
74185  49.139  -5.257  47.921 0.0000000000
49084  22.902  -30.765  73.041 0.0000000000
47937  22.346  -31.321  73.691 0.0000000000
49060  22.734  -30.486  75.014 0.0000000000
49050  22.889  -30.580  75.929 0.0000000000
133302  22.907  -31.031  77.428 0.0000000000
50081  23.969  -29.370  79.838 0.0000000000
49021  22.848  -30.710  79.395 0.0000000000
47872  23.051  -31.990  79.735 0.0000000000
46772  34.602  -31.929  78.634 0.0000000000
45788  32.675  -32.917  78.028 0.0000000000
120861  31.777  -32.764  78.004 0.0000000000
46802  29.422  -32.074  76.843 0.0000000000
46803  28.403  -32.472  77.124 0.0000000000
46818  27.738  -31.813  76.897 0.0000000000
46832  26.554  -31.251  75.433 0.0000000000
49070  24.652  -30.599  73.841 0.0000000000
71276  48.101  -7.933  57.638 0.0000000000
70337  46.833  -9.063  55.699 0.0000000000
70338  46.226  -9.569  55.436 0.0000000000
132602  45.249  -11.199  56.359 0.0000000000
68424  45.138  -10.858  55.283 0.0000000000
69370  44.585  -10.437  54.023 0.0000000000
45819  22.152  -33.476  74.008 0.0000000000
44938  21.639  -34.702  74.410 0.0000000000
44011  20.627  -36.280  74.470 0.0000000000
44906  21.676  -35.079  77.438 0.0000000000
43067  20.367  -37.104  75.846 0.0000000000
43068  21.007  -37.894  74.816 0.0000000000
41064  19.774  -39.064  74.889 0.0000000000
41034  18.222  -39.433  75.629 0.0000000000
125239  21.955  -36.840  81.034 0.0000000000
41004  20.675  -37.539  79.514 0.0000000000
40054  19.439  -38.528  80.275 0.0000000000
123189  18.905  -38.530  78.648 0.0000000000
121563  18.282  -39.078  77.620 0.0000000000
117835  13.766  -43.585  87.005 0.0000000000
64605  38.635  -14.701  67.327 0.0000000000
138581  34.079  -16.736  68.610 0.0000000000
62665  33.296  -17.632  68.207 0.0000000000
61740  32.112  -18.767  67.712 0.0000000000
59804  32.048  -20.392  67.768 0.0000000000
59772  32.454  -20.196  70.238 0.0000000000
59803  32.561  -20.892  68.160 0.0000000000
121942  32.920  -21.799  66.549 0.0000000000
57757  34.398  -22.670  65.446 0.0000000000
56778  35.803  -23.370  65.145 0.0000000000
55894  36.684  -24.885  63.643 0.0000000000
56776  36.942  -23.973  65.860 0.0000000000
55893  37.131  -24.981  64.361 0.0000000000
54986  36.732  -25.863  63.146 0.0000000000
53180  36.114  -27.297  62.096 0.0000000000
52223  34.898  -28.396  61.892 0.0000000000
53985  36.766  -26.444  73.298 0.0000000000
49056  35.271  -31.179  76.037 0.0000000000
50115  36.382  -30.185  75.853 0.0000000000
50124  36.829  -29.838  74.643 0.0000000000
50154  34.432  -29.606  72.523 0.0000000000
50137  36.189  -29.867  73.365 0.0000000000
51142  36.157  -28.406  74.433 0.0000000000
131844  36.653  -27.715  73.268 0.0000000000
53034  37.005  -27.422  72.666 0.0000000000
54003  37.982  -26.530  71.455 0.0000000000
53054  38.258  -27.075  69.968 0.0000000000
52138  37.439  -28.444  68.017 0.0000000000
119577  36.617  -28.958  66.474 0.0000000000
131909  33.990  -29.322  67.027 0.0000000000
51247  35.259  -29.511  66.465 0.0000000000
52189  35.581  -28.921  64.817 0.0000000000
52209  33.991  -29.103  63.995 0.0000000000
63673  37.772  -14.583  65.416 0.0000000000
63683  36.225  -15.303  63.739 0.0000000000
62714  35.633  -15.843  62.394 0.0000000000
62716  34.092  -16.520  63.251 0.0000000000
141296  34.488  -16.672  61.913 0.0000000000
62740  35.190  -16.597  61.398 0.0000000000
74195  49.448  -5.428  46.915 0.0000000000
64615  40.147  -14.411  66.399 0.0000000000
64616  39.405  -14.401  65.809 0.0000000000
120888  39.409  -14.598  66.822 0.0000000000
64602  40.784  -14.296  66.864 0.0000000000
45830  21.920  -33.581  71.837 0.0000000000
46867  22.273  -32.521  72.210 0.0000000000
49095  22.914  -30.964  72.218 0.0000000000
49104  23.314  -30.543  71.550 0.0000000000
47952  22.640  -31.549  71.652 0.0000000000
68399  40.426  -11.357  56.746 0.0000000000
69313  40.732  -10.140  59.261 0.0000000000
69329  41.697  -9.802  58.841 0.0000000000
125391  40.993  -10.328  58.244 0.0000000000
68398  41.403  -10.992  57.256 0.0000000000
38199  17.963  -42.112  84.591 0.0000000000
38206  17.986  -41.547  83.985 0.0000000000
37223  17.172  -42.039  84.041 0.0000000000
122143  15.653  -42.789  84.394 0.0000000000
132304  36.605  -24.772  71.963 0.0000000000
129123  36.371  -24.123  72.292 0.0000000000
55814  36.759  -24.838  71.026 0.0000000000
54906  37.100  -24.777  70.258 0.0000000000
54899  37.214  -25.331  70.950 0.0000000000
47879  35.341  -31.310  79.103 0.0000000000
47890  35.322  -31.596  78.244 0.0000000000
51234  28.213  -27.575  68.833 0.0000000000
52153  27.724  -27.283  67.947 0.0000000000
52173  27.481  -27.095  66.930 0.0000000000
76192  50.231  -3.369  51.215 0.0000000000
76194  49.887  -3.415  50.256 0.0000000000
76196  50.004  -3.251  49.267 0.0000000000
66475  40.354  -12.985  62.769 0.0000000000
66476  39.614  -13.359  62.297 0.0000000000
62738  36.299  -16.079  61.379 0.0000000000
63724  36.915  -15.641  61.187 0.0000000000
62757  35.051  -16.494  59.930 0.0000000000
62749  35.587  -16.488  60.861 0.0000000000
66457  40.738  -13.322  63.602 0.0000000000
66456  41.201  -12.862  63.923 0.0000000000
126998  40.840  -12.776  62.936 0.0000000000
43095  20.237  -37.000  72.914 0.0000000000
43111  20.335  -37.617  72.378 0.0000000000
42026  19.571  -38.488  72.814 0.0000000000
42025  20.684  -38.095  73.674 0.0000000000
46816  30.340  -31.706  75.901 0.0000000000
46830  29.892  -31.355  75.148 0.0000000000
140679  29.056  -31.235  74.873 0.0000000000
48001  25.341  -30.161  69.866 0.0000000000
48026  25.900  -30.317  69.763 0.0000000000
125793  25.110  -30.172  69.120 0.0000000000
139240  23.955  -30.738  67.853 0.0000000000
55908  36.221  -25.216  62.445 0.0000000000
71307  46.206  -8.683  54.321 0.0000000000
131890  46.960  -8.440  54.533 0.0000000000
72269  47.063  -7.533  49.592 0.0000000000
136901  25.146  -30.937  77.070 0.0000000000
49038  24.909  -30.516  77.685 0.0000000000
49029  25.385  -30.957  78.537 0.0000000000
47882  26.331  -32.109  78.184 0.0000000000
47895  25.784  -31.617  76.826 0.0000000000
70311  46.552  -9.589  58.583 0.0000000000
69323  46.683  -9.828  57.773 0.0000000000
69324  46.071  -10.183  58.089 0.0000000000
47908  23.136  -32.261  77.238 0.0000000000
46806  22.764  -33.279  76.866 0.0000000000
131835  23.241  -33.065  77.248 0.0000000000
120567  20.653  -36.944  78.153 0.0000000000
41031  19.597  -37.831  76.901 0.0000000000
41021  19.725  -37.722  77.752 0.0000000000
40984  21.439  -38.238  83.175 0.0000000000
39125  16.545  -40.155  80.570 0.0000000000
39137  16.080  -40.315  79.751 0.0000000000
39149  16.236  -40.277  78.530 0.0000000000
58743  35.690  -22.882  69.944 0.0000000000
58727  35.231  -22.158  70.886 0.0000000000
58744  35.288  -22.363  70.020 0.0000000000
58755  34.861  -22.425  69.050 0.0000000000
58764  35.573  -22.832  68.501 0.0000000000
57735  35.485  -22.823  67.554 0.0000000000
54056  37.344  -26.945  65.247 0.0000000000
53108  36.863  -27.803  65.095 0.0000000000
49080  32.217  -30.024  74.448 0.0000000000
50140  33.224  -29.761  73.915 0.0000000000
50196  35.000  -29.077  70.121 0.0000000000
50185  35.196  -29.224  71.034 0.0000000000
50184  35.778  -29.409  70.420 0.0000000000
51189  36.586  -29.510  70.770 0.0000000000
134469  35.681  -29.379  69.650 0.0000000000
118580  36.029  -29.534  68.911 0.0000000000
51202  35.196  -29.236  69.097 0.0000000000
63656  35.020  -15.571  67.699 0.0000000000
63665  35.047  -15.448  66.437 0.0000000000
62688  34.421  -15.875  65.825 0.0000000000
64632  40.141  -13.735  64.124 0.0000000000
64633  39.491  -13.919  64.156 0.0000000000
63681  38.072  -14.484  64.256 0.0000000000
63690  38.291  -14.677  63.518 0.0000000000
63691  37.842  -15.251  62.933 0.0000000000
65523  43.269  -12.740  67.561 0.0000000000
64624  40.454  -13.895  65.304 0.0000000000
65539  41.363  -13.621  65.908 0.0000000000
64623  40.857  -13.639  65.159 0.0000000000
65552  40.627  -13.580  64.409 0.0000000000
44954  21.691  -34.414  72.397 0.0000000000
44955  21.590  -34.995  71.882 0.0000000000
44040  21.258  -35.361  72.733 0.0000000000
125548  20.674  -36.277  72.346 0.0000000000
46849  26.060  -31.187  73.415 0.0000000000
46848  26.620  -31.128  73.530 0.0000000000
123370  26.053  -31.105  72.822 0.0000000000
47966  23.993  -30.097  70.646 0.0000000000
47965  25.378  -30.448  71.537 0.0000000000
47981  24.090  -30.061  70.076 0.0000000000
46887  22.570  -32.037  69.739 0.0000000000
45838  21.918  -33.814  70.012 0.0000000000
69287  43.161  -9.457  61.921 0.0000000000
70293  42.799  -9.302  61.020 0.0000000000
69328  42.783  -9.822  58.752 0.0000000000
69310  43.562  -9.675  59.320 0.0000000000
69327  43.881  -10.295  58.450 0.0000000000
69309  44.457  -9.945  59.086 0.0000000000
68378  44.152  -10.896  57.647 0.0000000000
67427  42.139  -11.512  56.573 0.0000000000
67426  43.040  -11.490  56.581 0.0000000000
67438  42.583  -11.737  55.878 0.0000000000
46765  23.432  -33.114  79.427 0.0000000000
124115  24.129  -34.290  78.811 0.0000000000
45769  24.271  -34.683  79.297 0.0000000000
43938  23.408  -36.502  79.465 0.0000000000
43005  23.127  -36.958  79.497 0.0000000000
131131  22.852  -36.891  79.927 0.0000000000
39092  19.325  -40.566  84.532 0.0000000000
122672  19.028  -40.480  84.094 0.0000000000
38231  17.133  -40.971  83.066 0.0000000000
38245  16.440  -40.666  81.922 0.0000000000
38232  15.993  -41.058  82.170 0.0000000000
37213  15.163  -43.166  84.886 0.0000000000
117828  14.430  -43.239  84.952 0.0000000000
133961  14.163  -43.372  85.624 0.0000000000
57687  36.039  -23.368  70.934 0.0000000000
57674  35.987  -23.005  71.949 0.0000000000
57701  35.878  -23.202  70.421 0.0000000000
56731  36.805  -23.822  69.261 0.0000000000
57713  36.740  -23.930  69.591 0.0000000000
54921  38.270  -25.365  69.270 0.0000000000
55836  38.100  -24.596  68.904 0.0000000000
54028  38.196  -26.075  67.668 0.0000000000
53062  38.181  -26.931  68.038 0.0000000000
51194  30.001  -28.163  71.403 0.0000000000
51179  31.459  -28.466  72.424 0.0000000000
52140  30.859  -27.643  69.225 0.0000000000
51206  31.582  -28.112  70.294 0.0000000000
51220  31.911  -28.130  69.223 0.0000000000
129194  32.570  -28.454  68.058 0.0000000000
119482  31.518  -27.922  68.323 0.0000000000
52171  30.664  -27.547  66.714 0.0000000000
61775  32.231  -18.002  66.265 0.0000000000
60788  30.808  -19.735  64.318 0.0000000000
60787  31.048  -18.939  63.923 0.0000000000
60805  30.697  -19.896  63.517 0.0000000000
76200  50.418  -3.406  47.495 0.0000000000
76211  50.841  -3.780  46.673 0.0000000000
75206  51.291  -4.340  46.049 0.0000000000
68368  39.324  -11.256  59.324 0.0000000000
68358  39.462  -11.478  60.167 0.0000000000
66497  38.531  -13.091  60.328 0.0000000000
67406  38.361  -12.623  59.542 0.0000000000
66498  37.899  -13.257  59.949 0.0000000000
66499  37.193  -13.530  59.396 0.0000000000
64657  38.930  -14.538  62.503 0.0000000000
64666  38.668  -14.721  61.850 0.0000000000
64667  38.156  -14.889  61.414 0.0000000000
127948  36.500  -15.574  60.500 0.0000000000
64677  36.876  -14.822  60.211 0.0000000000
134281  36.048  -15.286  59.710 0.0000000000
64686  36.067  -14.661  59.149 0.0000000000
66434  43.606  -12.036  66.538 0.0000000000
67367  41.925  -11.826  63.730 0.0000000000
67360  42.814  -11.721  64.851 0.0000000000
67366  42.521  -11.461  64.122 0.0000000000
68330  42.991  -10.755  63.812 0.0000000000
68337  42.719  -10.522  63.171 0.0000000000
68338  41.997  -10.983  62.959 0.0000000000
68346  40.431  -11.731  61.810 0.0000000000
69299  40.649  -10.334  60.332 0.0000000000
46788  32.701  -32.751  77.351 0.0000000000
47904  33.700  -32.504  76.903 0.0000000000
46801  32.640  -32.414  76.710 0.0000000000
47924  31.099  -31.047  75.072 0.0000000000
47923  31.651  -31.186  75.371 0.0000000000
47933  31.148  -30.596  74.794 0.0000000000
47932  31.817  -30.710  74.965 0.0000000000
47947  30.544  -30.167  74.113 0.0000000000
46864  27.160  -31.062  72.932 0.0000000000
46863  28.052  -30.953  73.286 0.0000000000
46874  27.573  -30.812  72.510 0.0000000000
47977  28.373  -30.215  72.022 0.0000000000
49092  29.822  -29.884  73.053 0.0000000000
49117  28.726  -29.857  71.777 0.0000000000
49130  28.241  -29.534  71.164 0.0000000000
49157  26.054  -29.978  68.861 0.0000000000
50215  26.130  -29.180  68.311 0.0000000000
49174  25.325  -29.870  67.735 0.0000000000
46914  22.203  -33.356  67.753 0.0000000000
72207  48.250  -6.994  57.402 0.0000000000
123825  48.191  -6.618  54.803 0.0000000000
73174  48.296  -6.325  55.705 0.0000000000
74139  48.698  -5.531  54.743 0.0000000000
73179  48.367  -6.006  54.079 0.0000000000
71318  45.762  -7.947  52.691 0.0000000000
72248  47.813  -6.663  52.162 0.0000000000
73194  48.483  -6.050  52.591 0.0000000000
74154  49.556  -4.999  52.608 0.0000000000
73199  49.083  -5.502  52.242 0.0000000000
73214  48.198  -6.241  49.748 0.0000000000
73213  48.705  -5.711  50.472 0.0000000000
132431  49.073  -5.156  50.139 0.0000000000
49072  22.847  -30.366  74.080 0.0000000000
50126  23.324  -30.128  74.798 0.0000000000
50100  23.789  -29.770  77.117 0.0000000000
50109  23.422  -30.147  76.439 0.0000000000
50101  23.334  -30.023  77.243 0.0000000000
49039  23.067  -30.466  76.886 0.0000000000
50092  23.017  -30.132  77.859 0.0000000000
50080  24.601  -29.782  79.232 0.0000000000
51089  23.322  -29.136  79.829 0.0000000000
50082  22.836  -29.568  79.437 0.0000000000
49012  22.558  -29.842  80.122 0.0000000000
122577  22.630  -30.992  79.997 0.0000000000
46773  33.601  -32.511  78.378 0.0000000000
45802  31.134  -32.386  77.150 0.0000000000
46790  27.654  -33.166  77.555 0.0000000000
46804  27.692  -32.972  76.862 0.0000000000
119193  27.134  -31.376  76.162 0.0000000000
140598  26.686  -31.427  76.156 0.0000000000
126680  24.762  -30.633  74.682 0.0000000000
132524  25.461  -31.040  74.374 0.0000000000
49083  23.671  -30.408  73.405 0.0000000000
69337  46.758  -9.911  56.922 0.0000000000
70325  47.097  -9.215  56.524 0.0000000000
69348  46.525  -9.698  56.131 0.0000000000
68409  44.846  -11.231  56.786 0.0000000000
139886  45.307  -11.096  56.805 0.0000000000
68408  44.549  -11.412  56.018 0.0000000000
67480  43.927  -11.462  54.451 0.0000000000
68431  44.546  -10.957  54.653 0.0000000000
68430  45.205  -10.304  54.722 0.0000000000
126336  22.228  -31.704  74.546 0.0000000000
46834  22.187  -32.545  74.215 0.0000000000
131546  21.979  -33.904  75.582 0.0000000000
131111  21.931  -34.060  74.708 0.0000000000
44010  21.270  -35.460  75.011 0.0000000000
44905  22.801  -34.834  78.506 0.0000000000
44917  22.122  -34.472  77.782 0.0000000000
130135  22.184  -35.108  78.204 0.0000000000
41980  20.313  -37.508  76.266 0.0000000000
43978  20.862  -36.254  76.616 0.0000000000
41997  20.786  -37.946  75.492 0.0000000000
42011  21.065  -38.089  74.616 0.0000000000
41998  20.479  -38.388  75.413 0.0000000000
41033  18.777  -39.078  76.329 0.0000000000
41047  19.820  -38.988  75.896 0.0000000000
40085  17.812  -39.591  76.346 0.0000000000
40990  21.760  -37.406  81.605 0.0000000000
41938  21.403  -37.192  80.670 0.0000000000
41944  21.229  -37.116  79.808 0.0000000000
40997  20.782  -37.660  80.307 0.0000000000
40049  19.159  -39.518  82.471 0.0000000000
39111  18.515  -39.550  81.738 0.0000000000
40062  18.015  -39.264  79.558 0.0000000000
40055  18.854  -39.038  80.705 0.0000000000
40061  18.721  -38.811  79.620 0.0000000000
41014  19.500  -38.298  79.199 0.0000000000
40070  18.283  -39.044  78.589 0.0000000000
40069  18.771  -38.576  77.905 0.0000000000
117836  14.754  -43.454  87.097 0.0000000000
117838  14.311  -43.428  87.930 0.0000000000
37163  12.776  -43.299  88.703 0.0000000000
133614  13.254  -43.515  87.815 0.0000000000
63642  36.169  -15.493  68.860 0.0000000000
126638  33.645  -16.906  68.080 0.0000000000
62664  33.659  -17.403  68.722 0.0000000000
61700  32.471  -18.852  69.367 0.0000000000
61721  32.348  -18.799  68.505 0.0000000000
60747  32.026  -19.552  68.148 0.0000000000
60756  31.688  -19.566  67.356 0.0000000000
59759  33.655  -21.043  72.077 0.0000000000
59771  32.943  -20.656  70.692 0.0000000000
124106  34.275  -22.021  68.387 0.0000000000
59795  32.833  -20.905  68.847 0.0000000000
58757  33.357  -21.565  68.137 0.0000000000
59810  32.590  -21.262  67.476 0.0000000000
117712  33.443  -21.868  67.300 0.0000000000
58788  33.796  -22.280  65.920 0.0000000000
58776  34.126  -22.326  66.754 0.0000000000
57745  35.807  -23.110  66.273 0.0000000000
125935  35.095  -22.909  65.773 0.0000000000
55895  36.186  -23.942  64.105 0.0000000000
137186  36.667  -23.922  65.005 0.0000000000
137061  37.363  -23.921  67.886 0.0000000000
56751  36.739  -23.449  67.482 0.0000000000
56763  37.113  -23.941  66.840 0.0000000000
54071  37.259  -26.347  64.617 0.0000000000
54974  37.323  -25.465  64.865 0.0000000000
54975  37.146  -25.691  64.000 0.0000000000
54083  36.500  -26.684  62.696 0.0000000000
53158  35.687  -27.936  62.506 0.0000000000
52224  34.165  -28.857  62.244 0.0000000000
49057  34.004  -31.746  75.935 0.0000000000
49047  35.232  -31.663  76.832 0.0000000000
129206  34.583  -31.327  75.750 0.0000000000
49055  35.984  -30.621  75.569 0.0000000000
49065  35.981  -30.294  74.811 0.0000000000
122557  36.674  -30.191  75.111 0.0000000000
134485  36.642  -30.097  74.500 0.0000000000
50155  33.633  -29.336  73.070 0.0000000000
50173  33.955  -29.113  72.111 0.0000000000
50152  35.715  -29.625  72.030 0.0000000000
119875  35.569  -29.871  72.741 0.0000000000
130900  36.294  -29.585  72.656 0.0000000000
51155  36.421  -29.204  73.941 0.0000000000
121133  36.778  -28.841  73.257 0.0000000000
51154  36.570  -28.259  73.463 0.0000000000
51165  37.273  -28.576  72.710 0.0000000000
52125  37.833  -28.553  70.818 0.0000000000
52117  37.722  -27.942  72.325 0.0000000000
53041  37.955  -27.304  71.946 0.0000000000
53995  37.171  -26.824  72.156 0.0000000000
53048  38.246  -27.261  70.990 0.0000000000
54009  38.256  -26.320  70.579 0.0000000000
53049  38.100  -27.879  70.284 0.0000000000
126316  37.509  -28.454  68.898 0.0000000000
118356  37.116  -28.986  67.736 0.0000000000
52148  37.252  -28.490  67.058 0.0000000000
52149  36.755  -29.121  67.257 0.0000000000
125179  33.255  -29.050  67.358 0.0000000000
51232  33.935  -29.176  67.838 0.0000000000
141526  33.040  -29.030  66.739 0.0000000000
51267  33.608  -29.315  65.458 0.0000000000
51248  34.406  -29.474  66.210 0.0000000000
51266  34.438  -29.393  65.290 0.0000000000
51265  35.257  -29.327  65.551 0.0000000000
52190  34.770  -29.174  64.576 0.0000000000
139025  38.075  -14.601  66.946 0.0000000000
63663  37.433  -14.617  66.494 0.0000000000
62696  35.295  -15.477  64.255 0.0000000000
63693  36.164  -15.535  62.810 0.0000000000
61791  32.813  -17.143  64.270 0.0000000000
62707  33.759  -16.524  64.212 0.0000000000
61803  33.339  -16.859  63.554 0.0000000000
62741  34.056  -17.083  61.908 0.0000000000
136772  34.587  -16.902  61.511 0.0000000000
61827  34.588  -17.124  60.888 0.0000000000
77213  53.547  -1.772  45.850 0.0000000000
77224  53.852  -2.441  45.235 0.0000000000
77212  54.293  -1.887  45.337 0.0000000000
64626  39.439  -14.096  64.898 0.0000000000
141251  37.940  -14.522  64.813 0.0000000000
64614  40.634  -14.191  66.037 0.0000000000
45833  21.973  -33.692  70.865 0.0000000000
49093  24.629  -30.474  72.215 0.0000000000
47951  25.492  -30.792  72.194 0.0000000000
139233  23.524  -30.371  70.888 0.0000000000
70301  41.901  -9.472  60.229 0.0000000000
70300  42.513  -9.290  60.218 0.0000000000
69311  42.196  -9.433  59.514 0.0000000000
46738  22.767  -33.857  80.276 0.0000000000
138153  23.579  -34.309  80.120 0.0000000000
45742  22.811  -34.629  80.413 0.0000000000
38207  17.169  -41.384  83.377 0.0000000000
38219  16.426  -41.267  82.808 0.0000000000
37240  15.808  -41.586  83.032 0.0000000000
37225  15.266  -42.210  83.647 0.0000000000
56694  36.271  -23.426  72.929 0.0000000000
56708  36.105  -23.456  71.672 0.0000000000
56716  36.343  -23.744  70.624 0.0000000000
56722  36.748  -24.158  70.202 0.0000000000
139112  36.899  -24.394  69.965 0.0000000000
54914  38.109  -25.507  70.146 0.0000000000
118213  29.714  -27.996  70.770 0.0000000000
52142  28.827  -27.767  69.635 0.0000000000
52141  29.828  -27.334  69.420 0.0000000000
52151  30.071  -27.207  67.825 0.0000000000
52172  28.538  -26.897  67.175 0.0000000000
60765  31.423  -19.343  66.370 0.0000000000
61776  31.560  -18.593  65.432 0.0000000000
133652  31.187  -19.499  65.484 0.0000000000
59822  30.970  -20.037  64.964 0.0000000000
75180  49.974  -4.039  51.765 0.0000000000
76186  50.786  -3.769  52.529 0.0000000000
76189  50.513  -3.677  52.061 0.0000000000
77197  50.955  -2.011  48.415 0.0000000000
77198  50.423  -2.583  48.937 0.0000000000
122416  50.256  -3.160  48.366 0.0000000000
75194  50.060  -4.117  47.019 0.0000000000
134260  39.837  -12.119  61.460 0.0000000000
67395  39.439  -12.189  60.798 0.0000000000
67394  39.481  -12.836  61.506 0.0000000000
66486  38.668  -13.713  60.910 0.0000000000
63713  37.679  -15.465  62.081 0.0000000000
63723  37.596  -15.400  61.662 0.0000000000
63730  35.602  -15.911  59.735 0.0000000000
66446  41.521  -12.895  64.619 0.0000000000
66445  42.347  -12.418  65.126 0.0000000000
125977  41.491  -12.330  63.656 0.0000000000
67375  41.554  -11.824  63.219 0.0000000000
68339  41.492  -11.429  62.754 0.0000000000
67376  41.113  -12.109  62.854 0.0000000000
67384  40.690  -12.275  62.529 0.0000000000
127309  20.391  -37.377  71.517 0.0000000000
42013  19.325  -38.856  73.709 0.0000000000
46814  31.838  -32.048  76.326 0.0000000000
46815  31.215  -31.744  75.936 0.0000000000
46829  30.827  -31.406  75.413 0.0000000000
46844  30.371  -31.019  74.699 0.0000000000
46885  26.533  -30.746  71.430 0.0000000000
47964  27.178  -30.782  71.793 0.0000000000
47979  26.794  -30.668  71.150 0.0000000000
47999  27.128  -30.477  70.889 0.0000000000
49131  27.457  -29.942  70.713 0.0000000000
49132  26.739  -30.263  70.163 0.0000000000
49142  26.224  -30.218  69.603 0.0000000000
48027  25.464  -30.160  68.976 0.0000000000
48049  23.731  -31.295  67.033 0.0000000000
56809  35.466  -23.777  63.504 0.0000000000
72226  47.570  -7.667  55.827 0.0000000000
72214  47.950  -6.964  56.358 0.0000000000
136906  47.743  -7.611  54.887 0.0000000000
72234  47.342  -7.805  54.238 0.0000000000
71317  46.445  -7.543  52.157 0.0000000000
71324  46.566  -7.676  51.133 0.0000000000
72253  47.765  -6.721  51.253 0.0000000000
73207  48.353  -6.179  50.945 0.0000000000
72260  47.730  -6.715  50.260 0.0000000000
72268  47.561  -6.875  49.130 0.0000000000
49059  24.947  -30.868  75.543 0.0000000000
50117  24.102  -30.149  75.231 0.0000000000
50116  24.450  -30.283  75.991 0.0000000000
50107  24.474  -30.154  76.813 0.0000000000
50099  24.260  -29.812  77.702 0.0000000000
46805  27.125  -32.817  76.965 0.0000000000
47915  26.363  -31.540  75.828 0.0000000000
47906  26.622  -31.926  76.573 0.0000000000
70310  47.255  -9.293  58.280 0.0000000000
69349  46.180  -10.367  56.492 0.0000000000
131830  22.482  -31.497  75.463 0.0000000000
129537  22.678  -32.926  75.955 0.0000000000
45806  22.279  -33.631  76.321 0.0000000000
44918  21.849  -34.365  76.590 0.0000000000
43037  21.632  -36.145  78.688 0.0000000000
43966  21.805  -35.658  78.247 0.0000000000
43038  20.857  -36.618  78.017 0.0000000000
41965  20.329  -37.150  77.219 0.0000000000
41981  20.000  -37.572  76.563 0.0000000000
41032  19.419  -38.532  76.597 0.0000000000
41023  18.768  -38.724  77.140 0.0000000000
133376  20.560  -38.386  81.866 0.0000000000
120921  17.730  -39.880  81.470 0.0000000000
118431  17.320  -39.630  80.206 0.0000000000
61719  33.598  -17.803  69.288 0.0000000000
61685  32.559  -18.964  70.233 0.0000000000
60719  32.305  -19.565  69.799 0.0000000000
58709  35.491  -22.351  71.835 0.0000000000
59757  35.241  -21.854  72.582 0.0000000000
58710  35.119  -22.001  71.748 0.0000000000
59769  34.457  -21.677  71.469 0.0000000000
58728  34.546  -21.759  70.571 0.0000000000
59784  33.706  -21.304  70.187 0.0000000000
58775  34.761  -22.570  67.332 0.0000000000
138542  35.559  -22.969  66.955 0.0000000000
54938  37.654  -25.229  66.557 0.0000000000
135190  37.658  -25.846  66.122 0.0000000000
130536  37.490  -26.079  65.438 0.0000000000
53157  36.398  -27.433  63.121 0.0000000000
53135  36.569  -27.597  64.118 0.0000000000
120973  35.356  -28.713  64.029 0.0000000000
49068  33.096  -31.191  75.366 0.0000000000
128078  33.982  -31.132  75.322 0.0000000000
49079  33.479  -30.665  74.807 0.0000000000
50139  34.550  -29.995  73.825 0.0000000000
50187  34.074  -28.925  71.232 0.0000000000
50172  34.678  -29.320  71.701 0.0000000000
50186  34.628  -28.985  70.922 0.0000000000
51176  36.617  -29.517  71.817 0.0000000000
121243  37.378  -29.217  72.112 0.0000000000
51175  37.308  -29.244  71.254 0.0000000000
51188  37.228  -29.191  70.257 0.0000000000
52133  37.609  -28.514  69.799 0.0000000000
51200  37.172  -29.097  69.309 0.0000000000
120482  36.695  -29.320  68.873 0.0000000000
51215  36.515  -29.411  68.048 0.0000000000
51250  32.110  -28.485  66.439 0.0000000000
52169  32.128  -28.543  65.448 0.0000000000
51268  32.769  -28.935  64.943 0.0000000000
51285  33.380  -29.145  64.402 0.0000000000
51286  32.635  -28.955  63.850 0.0000000000
131130  36.483  -14.751  66.427 0.0000000000
123355  35.831  -15.016  65.888 0.0000000000
63676  35.164  -15.436  65.320 0.0000000000
62706  34.576  -15.964  63.832 0.0000000000
61815  31.793  -18.300  62.532 0.0000000000
61814  32.556  -17.768  62.598 0.0000000000
61829  32.315  -18.229  61.710 0.0000000000
141227  52.354  -2.755  46.026 0.0000000000
77214  52.641  -2.143  46.318 0.0000000000
65571  40.469  -13.461  63.546 0.0000000000
64649  39.433  -13.934  63.218 0.0000000000
132605  38.525  -14.945  62.568 0.0000000000
64642  38.864  -14.255  63.531 0.0000000000
63703  38.062  -15.285  62.445 0.0000000000
62725  36.420  -15.908  61.839 0.0000000000
66425  42.981  -12.649  66.744 0.0000000000
132465  41.442  -13.357  65.454 0.0000000000
65550  41.862  -12.973  65.347 0.0000000000
65562  40.513  -13.532  63.857 0.0000000000
44965  21.609  -35.155  71.110 0.0000000000
127757  28.246  -31.223  74.958 0.0000000000
46866  25.987  -30.916  72.176 0.0000000000
46875  26.132  -30.769  71.680 0.0000000000
139995  25.891  -30.540  71.191 0.0000000000
47980  25.249  -30.150  70.445 0.0000000000
48002  24.176  -30.106  69.455 0.0000000000
46898  23.305  -30.954  68.645 0.0000000000
118669  22.218  -32.966  69.443 0.0000000000
70358  45.275  -8.661  53.242 0.0000000000
47860  26.278  -31.382  80.040 0.0000000000
70284  44.025  -9.075  61.605 0.0000000000
70291  44.521  -9.244  60.789 0.0000000000
70299  43.258  -9.260  60.145 0.0000000000
69295  44.936  -9.622  59.839 0.0000000000
69308  45.231  -9.960  58.926 0.0000000000
69325  45.485  -10.364  58.227 0.0000000000
68376  45.228  -10.733  57.748 0.0000000000
68395  44.259  -11.290  57.028 0.0000000000
67425  43.748  -11.484  56.554 0.0000000000
67437  43.668  -11.591  55.925 0.0000000000
67458  43.431  -11.720  55.265 0.0000000000
46792  22.934  -33.646  77.898 0.0000000000
46778  23.696  -33.850  78.353 0.0000000000
45782  23.661  -34.442  78.524 0.0000000000
44895  23.852  -35.424  78.665 0.0000000000
44883  24.067  -35.542  79.230 0.0000000000
43953  23.558  -36.214  78.928 0.0000000000
43954  22.804  -36.304  78.767 0.0000000000
43019  22.736  -36.622  79.185 0.0000000000
41951  21.200  -36.785  78.924 0.0000000000
41012  20.929  -37.200  79.082 0.0000000000
127240  20.170  -39.300  83.699 0.0000000000
39103  19.062  -40.089  83.456 0.0000000000
118377  18.512  -40.152  82.919 0.0000000000
38217  17.850  -40.664  83.333 0.0000000000
136795  15.959  -40.573  80.781 0.0000000000
38248  14.819  -41.591  80.497 0.0000000000
38220  15.745  -41.284  82.174 0.0000000000
58692  35.954  -22.294  72.753 0.0000000000
58725  35.640  -22.783  70.956 0.0000000000
58742  35.787  -23.088  70.161 0.0000000000
57715  35.955  -23.213  69.532 0.0000000000
57725  35.981  -23.170  68.900 0.0000000000
124070  36.489  -23.233  68.746 0.0000000000
56730  37.397  -24.191  69.255 0.0000000000
55843  38.062  -24.528  67.987 0.0000000000
54929  38.038  -25.236  67.383 0.0000000000
125823  37.832  -25.982  66.823 0.0000000000
53087  37.522  -27.608  66.602 0.0000000000
50157  30.895  -28.816  73.009 0.0000000000
50156  32.413  -29.284  73.614 0.0000000000
51167  31.951  -28.761  72.905 0.0000000000
51178  32.401  -28.516  71.920 0.0000000000
130941  32.901  -28.664  71.084 0.0000000000
52126  30.538  -27.853  70.652 0.0000000000
51192  32.189  -28.342  70.957 0.0000000000
51191  33.472  -28.797  70.716 0.0000000000
51204  33.411  -28.853  69.786 0.0000000000
51218  33.726  -28.973  68.761 0.0000000000
52150  31.051  -27.776  67.594 0.0000000000
137765  31.482  -28.069  66.806 0.0000000000
52170  31.426  -28.154  65.972 0.0000000000
62679  33.588  -16.510  67.311 0.0000000000
62689  33.673  -16.357  66.313 0.0000000000
62699  33.024  -16.914  65.771 0.0000000000
61792  31.812  -18.120  64.368 0.0000000000
61805  31.750  -18.180  63.334 0.0000000000
77201  51.330  -2.230  47.444 0.0000000000
77215  51.843  -2.545  46.648 0.0000000000
76210  51.739  -3.406  46.226 0.0000000000
68381  39.993  -10.599  58.739 0.0000000000
127101  39.660  -11.278  57.347 0.0000000000
68382  39.324  -11.232  58.225 0.0000000000
68383  38.705  -11.865  58.162 0.0000000000
67405  38.979  -12.239  59.990 0.0000000000
67414  38.260  -12.392  58.610 0.0000000000
65582  39.121  -14.182  62.009 0.0000000000
65592  38.708  -14.326  61.400 0.0000000000
64676  37.681  -14.666  60.802 0.0000000000
65601  37.547  -14.019  60.280 0.0000000000
67359  43.651  -11.273  65.253 0.0000000000
69280  43.570  -10.065  63.344 0.0000000000
69284  43.154  -9.898  62.739 0.0000000000
69288  42.286  -9.876  61.787 0.0000000000
68344  41.797  -10.671  62.368 0.0000000000
69289  41.584  -10.359  61.607 0.0000000000
69298  41.395  -9.992  60.728 0.0000000000
47892  34.580  -32.463  77.632 0.0000000000
47891  35.115  -32.251  77.908 0.0000000000
47912  34.034  -32.134  76.459 0.0000000000
47914  31.982  -31.734  75.951 0.0000000000
49069  32.645  -30.727  74.939 0.0000000000
49090  31.274  -29.665  74.027 0.0000000000
46846  28.584  -31.161  74.129 0.0000000000
46862  28.991  -30.876  73.568 0.0000000000
47949  29.380  -30.466  73.192 0.0000000000
47963  27.953  -30.479  72.252 0.0000000000
47962  28.904  -30.372  72.578 0.0000000000
47948  30.039  -30.216  73.653 0.0000000000
127042  30.072  -30.037  73.509 0.0000000000
49091  30.450  -29.950  73.803 0.0000000000
50158  30.536  -29.535  73.417 0.0000000000
50174  30.015  -29.211  72.727 0.0000000000
50188  29.613  -28.926  71.893 0.0000000000
50197  28.666  -28.985  70.782 0.0000000000
50198  27.828  -29.285  70.528 0.0000000000
50205  28.298  -28.611  70.199 0.0000000000
51221  27.740  -28.360  69.494 0.0000000000
51236  26.233  -28.530  67.757 0.0000000000
137154  23.262  -32.292  67.103 0.0000000000
58789  32.839  -21.894  65.651 0.0000000000
74142  49.483  -4.739  53.961 0.0000000000
71312  45.902  -8.239  53.602 0.0000000000
72241  47.155  -7.333  53.465 0.0000000000
72249  47.076  -7.133  52.632 0.0000000000
73186  48.395  -5.993  53.364 0.0000000000
74146  49.544  -4.935  53.153 0.0000000000
74141  50.074  -4.592  53.334 0.0000000000
74153  50.027  -4.671  52.844 0.0000000000
74160  49.879  -4.675  52.454 0.0000000000
73206  48.966  -5.589  51.450 0.0000000000
74169  49.574  -4.519  51.483 0.0000000000
137297  49.333  -4.649  50.745 0.0000000000
75187  49.313  -4.570  49.880 0.0000000000
75191  49.397  -4.585  48.700 0.0000000000
47927  22.386  -30.933  74.510 0.0000000000
50118  23.376  -30.177  75.548 0.0000000000
131438  22.824  -31.248  76.517 0.0000000000
135887  25.059  -30.357  78.924 0.0000000000
51103  24.120  -29.580  78.483 0.0000000000
51097  23.748  -29.379  79.232 0.0000000000
51104  23.540  -29.580  78.615 0.0000000000
134215  23.102  -29.728  78.707 0.0000000000
129344  23.011  -30.848  78.353 0.0000000000
47896  23.247  -32.169  78.072 0.0000000000
47884  23.240  -32.060  78.974 0.0000000000
46752  22.973  -32.978  79.974 0.0000000000
47861  22.409  -31.763  80.273 0.0000000000
46786  33.807  -32.610  77.803 0.0000000000
46787  33.268  -32.785  77.485 0.0000000000
45789  32.324  -32.833  77.850 0.0000000000
45801  31.858  -32.458  77.120 0.0000000000
45812  30.339  -32.024  76.583 0.0000000000
141204  29.562  -31.809  76.316 0.0000000000
46817  28.669  -31.774  76.556 0.0000000000
122450  27.962  -31.402  76.003 0.0000000000
46833  26.271  -31.158  74.242 0.0000000000
47925  26.051  -31.179  74.736 0.0000000000
47926  25.665  -31.089  73.726 0.0000000000
49082  24.621  -30.683  73.012 0.0000000000
68410  39.479  -11.666  56.695 0.0000000000
72204  48.549  -7.327  58.204 0.0000000000
71269  47.796  -8.720  57.952 0.0000000000
71277  47.526  -8.539  57.045 0.0000000000
71288  47.259  -8.375  56.170 0.0000000000
70344  46.612  -9.016  54.947 0.0000000000
70345  45.797  -9.480  54.745 0.0000000000
68394  45.378  -10.898  57.244 0.0000000000
68393  45.702  -10.896  56.713 0.0000000000
68407  45.689  -10.829  55.958 0.0000000000
68425  45.063  -11.223  55.796 0.0000000000
69361  45.670  -10.170  55.334 0.0000000000
129056  45.229  -9.742  54.290 0.0000000000
46850  22.250  -32.477  73.246 0.0000000000
134029  21.905  -34.109  73.933 0.0000000000
45813  22.143  -33.392  74.876 0.0000000000
44027  21.171  -35.423  73.924 0.0000000000
43081  20.259  -37.141  73.996 0.0000000000
43993  21.372  -35.407  76.261 0.0000000000
43977  21.285  -35.681  77.284 0.0000000000
43994  20.784  -36.284  75.528 0.0000000000
125235  20.340  -36.897  74.926 0.0000000000
43082  20.950  -38.098  74.060 0.0000000000
42012  20.251  -38.456  74.316 0.0000000000
41048  18.937  -39.221  75.342 0.0000000000
41049  18.122  -39.491  74.753 0.0000000000
42994  22.479  -36.619  80.563 0.0000000000
41937  21.921  -36.514  80.140 0.0000000000
41013  20.153  -37.740  78.803 0.0000000000
40047  20.515  -38.712  82.870 0.0000000000
40048  19.889  -38.884  82.118 0.0000000000
40998  20.146  -38.296  80.997 0.0000000000
41005  20.171  -38.050  79.813 0.0000000000
129881  19.344  -38.115  78.211 0.0000000000
40071  17.683  -39.418  78.060 0.0000000000
40077  17.745  -39.500  77.313 0.0000000000
117832  14.400  -43.472  86.320 0.0000000000
117831  13.313  -43.506  85.961 0.0000000000
119979  34.190  -16.212  67.956 0.0000000000
62680  33.145  -17.331  67.581 0.0000000000
61757  32.512  -17.995  67.218 0.0000000000
61720  33.038  -18.187  68.803 0.0000000000
61739  32.755  -18.150  67.977 0.0000000000
59811  31.750  -20.684  66.821 0.0000000000
136623  32.456  -19.648  70.483 0.0000000000
59786  32.349  -20.256  69.387 0.0000000000
59785  32.942  -20.813  69.761 0.0000000000
59796  32.208  -20.294  68.559 0.0000000000
57747  34.516  -22.553  66.099 0.0000000000
57769  35.030  -22.959  65.014 0.0000000000
56796  35.267  -23.375  64.290 0.0000000000
124836  36.267  -23.079  68.116 0.0000000000
56764  36.480  -23.558  66.563 0.0000000000
55854  37.309  -24.555  66.192 0.0000000000
55872  37.178  -24.589  65.146 0.0000000000
55873  36.842  -24.432  64.420 0.0000000000
53181  35.500  -27.850  61.522 0.0000000000
133736  35.083  -28.397  61.223 0.0000000000
54893  36.787  -25.959  72.531 0.0000000000
49037  35.392  -31.766  77.579 0.0000000000
49046  35.494  -31.101  77.155 0.0000000000
141782  35.711  -30.556  77.074 0.0000000000
118892  35.834  -30.813  76.424 0.0000000000
136644  36.159  -30.199  76.642 0.0000000000
51143  36.203  -29.171  74.980 0.0000000000
117431  34.080  -29.781  73.388 0.0000000000
119235  34.822  -29.841  72.970 0.0000000000
50153  35.035  -29.759  72.223 0.0000000000
118200  36.126  -30.088  74.065 0.0000000000
130643  36.680  -29.845  73.977 0.0000000000
51131  36.006  -28.441  75.393 0.0000000000
52097  36.289  -27.807  74.950 0.0000000000
53028  36.802  -26.949  73.013 0.0000000000
53994  36.896  -26.488  72.502 0.0000000000
54002  37.140  -26.082  71.693 0.0000000000
54900  37.845  -25.779  70.876 0.0000000000
53061  38.271  -27.011  68.987 0.0000000000
53055  37.975  -27.800  69.380 0.0000000000
138097  37.823  -27.717  68.476 0.0000000000
53071  37.664  -27.678  67.555 0.0000000000
53088  37.125  -28.249  66.028 0.0000000000
51217  34.586  -29.280  68.406 0.0000000000
51231  34.807  -29.545  67.293 0.0000000000
51249  33.510  -29.244  66.476 0.0000000000
52168  35.881  -29.301  66.190 0.0000000000
52167  36.249  -28.746  65.499 0.0000000000
136033  34.611  -28.907  63.719 0.0000000000
51301  33.285  -29.156  63.455 0.0000000000
130384  33.988  -28.901  63.110 0.0000000000
64617  38.489  -14.567  66.265 0.0000000000
117561  37.380  -14.684  64.517 0.0000000000
63674  36.801  -14.762  65.409 0.0000000000
117952  36.678  -14.938  64.433 0.0000000000
63682  36.964  -15.024  63.826 0.0000000000
63692  36.963  -15.413  63.037 0.0000000000
62713  36.400  -15.742  62.289 0.0000000000
62726  35.673  -16.149  61.903 0.0000000000
62698  33.874  -16.350  65.186 0.0000000000
139062  34.226  -16.172  64.511 0.0000000000
61813  33.480  -17.079  62.693 0.0000000000
62728  34.332  -16.583  62.402 0.0000000000
62715  34.810  -16.025  62.787 0.0000000000
62727  34.983  -16.319  61.979 0.0000000000
75195  49.566  -4.672  47.474 0.0000000000
74194  49.933  -4.887  46.540 0.0000000000
74206  50.066  -5.741  46.217 0.0000000000
40983  22.070  -37.703  82.492 0.0000000000
41943  22.440  -36.573  79.476 0.0000000000
43004  22.946  -36.742  79.929 0.0000000000
43054  20.531  -36.881  77.010 0.0000000000
46764  24.121  -33.979  79.299 0.0000000000
46774  32.969  -32.866  78.114 0.0000000000
46800  33.096  -32.676  76.893 0.0000000000
46813  32.231  -32.154  76.429 0.0000000000
47881  34.545  -32.348  78.042 0.0000000000
47883  25.684  -31.469  77.716 0.0000000000
47902  35.068  -32.216  77.408 0.0000000000
47913  32.479  -31.964  76.141 0.0000000000
47916  25.662  -31.155  75.162 0.0000000000
47921  32.865  -31.644  75.853 0.0000000000
47935  29.867  -30.616  73.944 0.0000000000
49048  34.650  -31.797  76.294 0.0000000000
49066  35.037  -30.713  75.224 0.0000000000
49102  29.238  -30.096  72.414 0.0000000000
50114  36.740  -29.849  75.436 0.0000000000
50136  36.857  -29.549  73.308 0.0000000000
50138  35.408  -30.006  73.524 0.0000000000
50206  27.510  -29.023  69.963 0.0000000000
51113  23.421  -29.791  77.918 0.0000000000
51193  31.051  -28.031  71.276 0.0000000000
51195  29.288  -28.699  71.079 0.0000000000
52110  36.944  -27.907  72.853 0.0000000000
52124  38.199  -27.955  71.560 0.0000000000
53090  28.374  -26.928  66.219 0.0000000000
54015  38.312  -26.206  69.615 0.0000000000
56693  36.553  -24.699  72.919 0.0000000000
56707  36.464  -24.188  71.272 0.0000000000
56750  37.752  -24.156  68.553 0.0000000000
58708  35.636  -22.579  71.844 0.0000000000
64650  38.909  -14.421  63.066 0.0000000000
65572  40.083  -13.560  63.333 0.0000000000
66468  40.049  -13.436  62.976 0.0000000000
69339  45.648  -10.592  57.728 0.0000000000
119948  29.392  -27.209  68.782 0.0000000000
121926  31.027  -27.869  69.867 0.0000000000
122225  32.918  -28.718  70.458 0.0000000000
125210  24.114  -34.321  79.780 0.0000000000
133543  22.845  -29.973  78.703 0.0000000000
134824  40.384  -13.730  64.700 0.0000000000
135974  37.196  -24.401  69.724 0.0000000000
137087  35.446  -22.211  70.903 0.0000000000
140504  47.393  -8.158  54.715 0.0000000000
140711  37.449  -24.782  69.961 0.0000000000
141135  29.429  -27.614  69.900 0.0000000000
141665  48.626  -6.840  58.008 0.0000000000
