#!ascii label  , from subject sub-v1s8x0051335_ses-1 vox2ras=TkReg
1778
35221  15.731  -45.927  84.105 0.0000000000
64685  44.377  -16.556  58.757 0.0000000000
43128  31.954  -38.352  69.553 0.0000000000
46785  38.055  -34.447  77.143 0.0000000000
132623  25.158  -38.599  71.758 0.0000000000
125655  24.359  -43.539  83.002 0.0000000000
119840  52.583  -9.746  49.461 0.0000000000
68373  54.540  -11.698  58.786 0.0000000000
56762  40.168  -23.313  66.303 0.0000000000
72345  55.403  -7.133  42.240 0.0000000000
41977  31.892  -39.276  76.562 0.0000000000
36208  20.341  -45.661  83.026 0.0000000000
70342  54.260  -10.389  54.090 0.0000000000
66536  49.968  -13.553  54.614 0.0000000000
60811  46.495  -19.583  62.041 0.0000000000
64638  49.779  -15.559  62.966 0.0000000000
59864  42.325  -20.888  61.268 0.0000000000
48019  37.527  -33.121  68.477 0.0000000000
44941  34.929  -35.380  72.838 0.0000000000
119981  27.846  -36.889  76.925 0.0000000000
40982  26.882  -39.088  82.789 0.0000000000
40082  24.513  -40.326  77.081 0.0000000000
37308  20.315  -43.751  77.852 0.0000000000
44971  27.655  -37.520  70.707 0.0000000000
73218  56.920  -7.063  48.835 0.0000000000
129685  58.395  -6.502  54.204 0.0000000000
66494  49.559  -13.470  59.368 0.0000000000
60746  39.446  -19.906  67.974 0.0000000000
51173  40.436  -29.692  71.378 0.0000000000
68493  54.498  -11.593  45.379 0.0000000000
71391  58.610  -8.836  43.223 0.0000000000
70453  59.943  -9.549  39.926 0.0000000000
43000  32.271  -38.527  79.429 0.0000000000
119535  17.360  -45.778  83.022 0.0000000000
35186  20.172  -45.619  86.635 0.0000000000
117850  17.504  -45.713  86.381 0.0000000000
67486  50.620  -13.276  52.353 0.0000000000
117464  46.155  -18.959  65.206 0.0000000000
139199  48.239  -18.225  66.046 0.0000000000
35156  11.312  -45.975  88.053 0.0000000000
58876  42.250  -21.119  58.834 0.0000000000
45851  32.133  -34.826  67.947 0.0000000000
46883  33.884  -34.436  69.400 0.0000000000
44047  34.102  -36.557  70.777 0.0000000000
43992  26.148  -37.223  74.756 0.0000000000
41964  25.695  -38.779  77.233 0.0000000000
41061  24.429  -39.424  74.682 0.0000000000
44953  26.488  -37.622  71.729 0.0000000000
121121  27.571  -37.128  74.189 0.0000000000
40033  25.512  -41.389  82.877 0.0000000000
72274  54.956  -8.398  48.893 0.0000000000
74159  57.620  -6.712  51.609 0.0000000000
72245  55.401  -8.518  51.565 0.0000000000
69345  54.683  -11.072  56.236 0.0000000000
71275  56.636  -9.051  56.836 0.0000000000
63758  45.053  -17.010  56.553 0.0000000000
64708  47.865  -15.953  56.530 0.0000000000
65608  46.249  -14.990  58.954 0.0000000000
58799  37.455  -21.111  64.283 0.0000000000
60786  37.961  -19.903  64.640 0.0000000000
58763  39.037  -20.894  67.659 0.0000000000
46855  38.326  -33.870  72.086 0.0000000000
49128  39.277  -31.642  69.922 0.0000000000
138180  40.321  -32.477  74.357 0.0000000000
69417  51.176  -11.445  47.782 0.0000000000
118397  51.798  -10.827  45.340 0.0000000000
69415  53.432  -11.066  47.394 0.0000000000
71349  55.585  -9.315  47.206 0.0000000000
71443  58.051  -9.100  38.524 0.0000000000
69497  57.070  -10.295  40.729 0.0000000000
70444  59.086  -9.422  41.661 0.0000000000
69480  56.892  -10.717  42.405 0.0000000000
136670  31.472  -39.603  73.491 0.0000000000
41075  33.630  -40.221  73.237 0.0000000000
122017  33.988  -40.724  76.037 0.0000000000
36212  22.230  -44.959  82.637 0.0000000000
36192  24.614  -45.205  85.131 0.0000000000
36185  22.729  -45.832  85.895 0.0000000000
69399  51.511  -11.041  49.535 0.0000000000
71323  53.785  -9.734  51.675 0.0000000000
69386  51.828  -11.408  51.820 0.0000000000
69360  52.359  -11.873  54.536 0.0000000000
67433  52.478  -12.543  56.956 0.0000000000
62737  44.936  -17.525  60.412 0.0000000000
64654  46.737  -15.843  61.146 0.0000000000
62721  48.101  -17.789  62.414 0.0000000000
136903  39.702  -25.829  65.037 0.0000000000
47868  39.835  -33.119  79.273 0.0000000000
118742  13.463  -45.975  83.939 0.0000000000
117852  15.189  -45.706  86.527 0.0000000000
120419  13.190  -45.657  87.427 0.0000000000
63735  43.169  -17.828  58.139 0.0000000000
61843  43.996  -19.251  59.275 0.0000000000
59851  44.427  -20.443  61.877 0.0000000000
61785  43.554  -19.207  64.924 0.0000000000
48043  34.475  -33.000  67.258 0.0000000000
47958  35.465  -33.203  71.390 0.0000000000
44928  36.580  -35.079  74.866 0.0000000000
41090  36.194  -39.396  72.066 0.0000000000
43085  38.308  -37.360  72.607 0.0000000000
43923  29.702  -37.490  79.954 0.0000000000
42948  29.351  -38.450  83.005 0.0000000000
43002  27.238  -37.492  79.823 0.0000000000
40995  25.559  -39.955  79.917 0.0000000000
118677  24.033  -42.013  80.366 0.0000000000
40093  22.795  -40.997  75.171 0.0000000000
39154  22.275  -42.135  77.082 0.0000000000
121614  22.963  -43.548  80.808 0.0000000000
36238  20.633  -44.760  80.301 0.0000000000
36227  18.221  -45.504  80.788 0.0000000000
120609  15.155  -45.894  80.824 0.0000000000
45009  30.549  -35.755  67.077 0.0000000000
118552  27.819  -36.712  66.735 0.0000000000
43130  29.334  -38.121  70.257 0.0000000000
43092  29.319  -37.959  73.390 0.0000000000
43972  29.746  -37.362  76.862 0.0000000000
72236  59.422  -6.757  53.442 0.0000000000
72231  56.036  -8.688  53.727 0.0000000000
64745  48.509  -15.713  53.981 0.0000000000
65617  50.309  -14.364  56.717 0.0000000000
67402  51.641  -12.662  59.063 0.0000000000
66465  48.638  -14.072  61.762 0.0000000000
67382  51.529  -13.295  61.521 0.0000000000
59867  39.420  -20.555  61.322 0.0000000000
61788  40.481  -19.285  64.686 0.0000000000
118002  42.204  -18.995  68.104 0.0000000000
52147  39.170  -28.484  67.428 0.0000000000
54019  40.588  -26.132  68.570 0.0000000000
135908  41.327  -29.995  75.359 0.0000000000
53993  41.989  -26.754  72.293 0.0000000000
56728  41.628  -23.927  69.459 0.0000000000
57686  41.820  -21.461  70.807 0.0000000000
60704  42.527  -20.280  71.289 0.0000000000
70430  54.268  -9.670  42.949 0.0000000000
69454  56.633  -10.612  44.688 0.0000000000
72308  58.038  -7.723  45.736 0.0000000000
41924  33.449  -39.420  80.774 0.0000000000
122559  16.580  -45.853  83.588 0.0000000000
35211  17.469  -45.719  84.763 0.0000000000
117844  16.696  -45.738  85.291 0.0000000000
61732  45.467  -18.585  67.053 0.0000000000
135541  46.466  -18.290  67.316 0.0000000000
35176  9.031  -44.831  86.986 0.0000000000
130172  31.997  -36.311  68.397 0.0000000000
44970  33.118  -36.252  69.487 0.0000000000
43127  32.724  -38.050  70.010 0.0000000000
141613  25.449  -38.183  73.197 0.0000000000
42009  25.260  -38.409  74.566 0.0000000000
42023  24.869  -38.787  73.216 0.0000000000
43131  26.035  -38.162  69.862 0.0000000000
131738  25.946  -37.994  71.414 0.0000000000
44026  26.253  -37.383  73.316 0.0000000000
39101  25.045  -42.236  82.670 0.0000000000
38196  25.098  -43.286  83.626 0.0000000000
71336  53.633  -8.834  49.372 0.0000000000
72258  54.982  -8.342  50.111 0.0000000000
72259  54.480  -8.657  50.490 0.0000000000
136950  54.326  -11.650  57.990 0.0000000000
69335  55.776  -10.442  57.881 0.0000000000
64711  44.617  -16.551  57.125 0.0000000000
64699  45.768  -15.753  57.550 0.0000000000
64683  45.474  -15.375  58.821 0.0000000000
56795  39.209  -23.390  64.386 0.0000000000
123539  39.254  -22.465  65.548 0.0000000000
58786  38.073  -21.101  65.522 0.0000000000
57743  39.648  -22.362  66.429 0.0000000000
46825  37.791  -34.098  74.896 0.0000000000
46837  39.701  -33.353  73.272 0.0000000000
47901  39.182  -33.705  75.923 0.0000000000
69406  51.827  -10.741  48.539 0.0000000000
137236  51.904  -11.807  47.098 0.0000000000
70379  53.043  -9.557  48.628 0.0000000000
71351  53.736  -9.276  48.239 0.0000000000
72361  56.723  -8.337  40.933 0.0000000000
71413  56.314  -8.991  41.449 0.0000000000
69489  57.187  -10.654  41.444 0.0000000000
71403  55.280  -9.453  42.378 0.0000000000
42007  31.366  -39.403  74.257 0.0000000000
41059  32.575  -40.133  74.374 0.0000000000
41028  32.581  -39.893  76.395 0.0000000000
36206  21.724  -45.370  83.347 0.0000000000
120199  22.326  -45.552  84.532 0.0000000000
140977  21.665  -45.634  84.603 0.0000000000
136465  19.836  -45.896  88.023 0.0000000000
35165  21.226  -45.873  87.631 0.0000000000
68460  50.580  -12.257  50.007 0.0000000000
122320  51.650  -11.410  50.958 0.0000000000
138949  51.165  -12.042  50.636 0.0000000000
67479  50.566  -13.032  53.465 0.0000000000
67478  51.031  -12.364  53.780 0.0000000000
67471  50.971  -12.585  54.440 0.0000000000
67454  52.067  -12.487  55.336 0.0000000000
67455  51.156  -12.829  55.047 0.0000000000
61825  46.195  -18.580  60.929 0.0000000000
62723  46.900  -17.092  61.485 0.0000000000
61811  47.650  -18.633  62.543 0.0000000000
69400  49.852  -11.789  48.589 0.0000000000
117846  12.927  -45.679  85.579 0.0000000000
35190  12.255  -45.601  86.081 0.0000000000
62764  41.794  -18.396  57.645 0.0000000000
62756  43.011  -18.200  58.543 0.0000000000
131990  41.889  -19.245  58.148 0.0000000000
58841  42.324  -21.415  59.904 0.0000000000
58840  43.082  -21.242  59.834 0.0000000000
59863  43.216  -20.925  61.228 0.0000000000
60814  43.974  -20.044  62.766 0.0000000000
60797  42.649  -19.591  63.510 0.0000000000
49171  32.880  -32.796  66.814 0.0000000000
45829  34.334  -34.707  71.655 0.0000000000
47960  34.685  -33.625  70.574 0.0000000000
46843  34.804  -34.431  72.254 0.0000000000
141320  35.829  -34.090  73.162 0.0000000000
44937  35.513  -35.214  73.575 0.0000000000
40121  35.371  -40.536  73.521 0.0000000000
41091  35.283  -39.586  72.108 0.0000000000
118849  37.011  -40.655  73.520 0.0000000000
136971  39.457  -39.045  72.016 0.0000000000
121267  39.079  -37.149  74.346 0.0000000000
43950  28.459  -37.003  78.397 0.0000000000
43925  28.291  -37.333  80.265 0.0000000000
43951  27.592  -37.018  78.641 0.0000000000
41020  25.137  -39.484  77.027 0.0000000000
41950  26.016  -38.695  78.782 0.0000000000
41011  25.086  -40.008  78.397 0.0000000000
40996  24.994  -40.636  79.745 0.0000000000
40068  24.266  -41.027  78.484 0.0000000000
41063  22.997  -40.213  73.872 0.0000000000
38300  20.482  -42.948  76.317 0.0000000000
39163  21.818  -42.049  76.172 0.0000000000
38283  21.648  -42.837  77.622 0.0000000000
139684  22.525  -42.722  78.695 0.0000000000
37280  21.425  -43.659  79.103 0.0000000000
117720  21.333  -44.035  80.021 0.0000000000
37281  20.665  -44.239  79.479 0.0000000000
140875  16.964  -45.753  81.204 0.0000000000
45863  30.438  -34.446  66.363 0.0000000000
45873  29.664  -35.317  66.175 0.0000000000
134562  27.141  -37.636  69.377 0.0000000000
44998  28.097  -37.390  68.530 0.0000000000
44080  28.776  -37.268  68.324 0.0000000000
123224  28.693  -37.857  70.812 0.0000000000
43107  29.259  -38.043  72.356 0.0000000000
44048  28.653  -37.827  71.889 0.0000000000
43990  27.591  -36.930  75.472 0.0000000000
138969  29.123  -37.118  75.558 0.0000000000
43973  29.169  -37.058  76.784 0.0000000000
43948  29.903  -37.454  78.268 0.0000000000
42950  27.807  -38.521  82.821 0.0000000000
133852  15.043  -45.871  88.529 0.0000000000
35151  16.129  -45.871  88.363 0.0000000000
74174  58.565  -6.503  49.407 0.0000000000
73190  57.844  -6.631  52.932 0.0000000000
74150  58.506  -6.393  52.481 0.0000000000
73182  58.684  -6.339  53.828 0.0000000000
73172  58.983  -7.101  54.901 0.0000000000
70350  53.803  -10.403  53.177 0.0000000000
71309  54.715  -9.474  52.654 0.0000000000
71305  55.391  -9.400  54.043 0.0000000000
71283  57.602  -8.223  56.795 0.0000000000
64696  48.067  -14.941  58.193 0.0000000000
65624  49.089  -15.396  56.602 0.0000000000
66517  50.052  -14.153  57.630 0.0000000000
66502  51.295  -13.294  57.748 0.0000000000
66493  50.310  -13.236  59.000 0.0000000000
64646  48.247  -15.483  62.144 0.0000000000
136726  47.765  -14.842  61.526 0.0000000000
65560  49.314  -14.779  62.453 0.0000000000
59869  37.430  -20.393  61.395 0.0000000000
61756  38.972  -19.740  66.607 0.0000000000
61789  39.402  -19.469  64.796 0.0000000000
61754  40.367  -19.481  66.316 0.0000000000
133426  41.515  -19.258  66.400 0.0000000000
120420  41.286  -19.406  67.987 0.0000000000
49169  36.475  -32.060  66.280 0.0000000000
49152  37.614  -31.977  67.380 0.0000000000
51187  39.789  -30.020  70.280 0.0000000000
50203  39.026  -30.256  68.932 0.0000000000
52132  39.654  -28.763  69.193 0.0000000000
53060  39.803  -27.582  68.188 0.0000000000
135307  40.539  -27.678  70.226 0.0000000000
49034  40.784  -31.491  77.242 0.0000000000
53992  42.468  -26.162  72.694 0.0000000000
54905  41.807  -25.328  70.511 0.0000000000
135569  42.421  -24.324  71.196 0.0000000000
57698  41.632  -22.964  69.945 0.0000000000
56706  42.598  -22.719  71.857 0.0000000000
69443  52.524  -11.252  45.330 0.0000000000
123616  54.071  -10.551  43.929 0.0000000000
131243  56.267  -10.866  44.038 0.0000000000
68491  55.738  -11.334  45.092 0.0000000000
72282  56.757  -7.721  47.777 0.0000000000
131262  56.835  -8.626  46.638 0.0000000000
72281  57.581  -7.309  47.416 0.0000000000
73241  59.045  -6.541  46.551 0.0000000000
69512  58.989  -9.961  38.605 0.0000000000
71401  59.065  -8.847  42.462 0.0000000000
72329  59.942  -7.180  43.214 0.0000000000
72318  58.894  -7.402  44.502 0.0000000000
41962  31.971  -38.755  77.965 0.0000000000
41960  33.466  -39.848  78.067 0.0000000000
121668  33.701  -39.642  79.347 0.0000000000
120520  19.040  -45.674  83.805 0.0000000000
35199  20.058  -45.618  85.174 0.0000000000
139957  18.759  -45.632  85.293 0.0000000000
35187  19.215  -45.596  86.487 0.0000000000
35166  19.106  -45.830  87.879 0.0000000000
66571  50.048  -13.981  51.995 0.0000000000
127317  49.737  -14.261  53.346 0.0000000000
60780  46.142  -19.398  64.132 0.0000000000
61781  47.651  -18.812  64.293 0.0000000000
61766  46.933  -18.754  65.507 0.0000000000
62674  47.559  -17.886  67.485 0.0000000000
134694  11.601  -45.552  86.565 0.0000000000
35175  10.312  -45.681  87.216 0.0000000000
34286  10.934  -46.538  88.253 0.0000000000
60864  41.446  -20.179  57.890 0.0000000000
58843  40.595  -21.578  59.833 0.0000000000
138922  32.684  -33.406  67.678 0.0000000000
46884  33.325  -34.630  68.772 0.0000000000
44960  33.772  -35.401  70.137 0.0000000000
44021  34.565  -36.130  71.529 0.0000000000
43976  26.752  -37.152  76.276 0.0000000000
43035  26.486  -37.517  77.000 0.0000000000
43052  26.191  -37.566  76.164 0.0000000000
41979  25.196  -38.828  75.774 0.0000000000
41029  24.639  -39.875  76.407 0.0000000000
37295  19.677  -44.240  78.353 0.0000000000
37310  18.409  -44.269  76.943 0.0000000000
44987  26.449  -37.883  69.260 0.0000000000
44961  27.090  -37.480  71.244 0.0000000000
44036  27.997  -37.582  72.355 0.0000000000
44943  26.967  -37.309  72.823 0.0000000000
44007  27.095  -37.038  74.740 0.0000000000
127746  26.410  -39.805  82.884 0.0000000000
73219  56.245  -7.566  49.095 0.0000000000
74176  57.251  -6.738  50.081 0.0000000000
73211  56.115  -7.624  49.750 0.0000000000
132578  56.256  -7.711  51.148 0.0000000000
73191  57.213  -7.281  52.633 0.0000000000
70324  54.558  -10.692  55.357 0.0000000000
70334  55.087  -10.164  55.058 0.0000000000
70323  55.311  -10.331  56.045 0.0000000000
70315  56.273  -9.909  57.669 0.0000000000
63771  47.326  -16.844  55.092 0.0000000000
64709  46.306  -16.029  56.908 0.0000000000
64697  47.289  -15.373  57.831 0.0000000000
120738  47.585  -14.471  58.930 0.0000000000
65549  51.583  -15.302  63.738 0.0000000000
59844  36.917  -20.801  63.303 0.0000000000
123575  37.434  -20.103  62.968 0.0000000000
59832  37.756  -20.613  64.757 0.0000000000
59819  38.362  -20.181  66.295 0.0000000000
59802  38.999  -20.270  67.935 0.0000000000
46893  38.112  -33.646  70.014 0.0000000000
48018  38.284  -32.687  68.830 0.0000000000
47956  39.240  -33.124  70.801 0.0000000000
49101  40.061  -31.961  72.097 0.0000000000
50150  40.415  -31.053  72.331 0.0000000000
128322  50.095  -10.678  46.563 0.0000000000
70398  50.242  -9.913  46.056 0.0000000000
68484  51.685  -11.665  46.400 0.0000000000
68483  52.409  -11.826  46.458 0.0000000000
69427  54.492  -11.217  46.644 0.0000000000
68480  55.221  -11.134  46.241 0.0000000000
70386  54.863  -10.283  47.039 0.0000000000
72284  55.130  -8.415  48.327 0.0000000000
72360  57.477  -7.642  40.438 0.0000000000
70454  57.401  -9.918  39.919 0.0000000000
69495  58.352  -10.398  39.830 0.0000000000
70443  59.641  -9.379  40.701 0.0000000000
69487  58.630  -10.326  41.002 0.0000000000
117692  58.218  -10.397  41.861 0.0000000000
70428  57.985  -9.824  43.150 0.0000000000
42052  31.719  -39.105  70.877 0.0000000000
41107  32.970  -39.224  71.370 0.0000000000
41076  32.712  -40.099  73.423 0.0000000000
41057  33.926  -40.545  74.058 0.0000000000
40090  35.807  -41.004  75.262 0.0000000000
37221  23.920  -44.176  83.234 0.0000000000
37207  24.824  -44.072  84.054 0.0000000000
36199  23.758  -45.115  84.531 0.0000000000
36184  23.421  -45.721  85.624 0.0000000000
132246  21.727  -45.840  87.048 0.0000000000
35164  22.100  -46.023  87.677 0.0000000000
70376  52.118  -10.234  49.935 0.0000000000
71330  53.290  -9.314  50.388 0.0000000000
70372  52.371  -10.235  50.793 0.0000000000
70357  52.902  -10.625  52.422 0.0000000000
70351  53.151  -10.825  53.206 0.0000000000
68442  51.457  -12.013  52.329 0.0000000000
68435  51.828  -11.913  53.607 0.0000000000
134135  53.383  -11.024  54.294 0.0000000000
69359  53.293  -11.277  54.780 0.0000000000
68405  53.537  -11.814  56.346 0.0000000000
68375  53.000  -12.147  58.076 0.0000000000
139969  44.476  -16.711  59.656 0.0000000000
64664  45.294  -15.952  60.328 0.0000000000
133322  45.732  -16.656  60.926 0.0000000000
63700  47.093  -16.280  61.798 0.0000000000
63689  49.317  -16.431  63.026 0.0000000000
61797  48.351  -18.473  63.944 0.0000000000
138314  49.370  -17.660  64.221 0.0000000000
136360  50.584  -16.862  64.971 0.0000000000
55871  39.850  -24.543  65.086 0.0000000000
140543  38.837  -33.989  78.105 0.0000000000
69430  49.398  -10.586  46.878 0.0000000000
124784  49.762  -11.440  47.771 0.0000000000
69407  51.285  -11.171  48.719 0.0000000000
74233  55.760  -5.233  42.648 0.0000000000
74234  55.148  -5.634  42.928 0.0000000000
118743  14.430  -46.062  84.042 0.0000000000
139749  15.457  -45.824  85.363 0.0000000000
133402  14.490  -45.896  85.226 0.0000000000
117851  14.342  -45.711  86.436 0.0000000000
35142  13.871  -45.945  88.720 0.0000000000
35173  12.371  -45.610  87.164 0.0000000000
63745  43.547  -17.184  57.272 0.0000000000
63746  42.819  -17.784  57.462 0.0000000000
63734  43.812  -17.281  58.171 0.0000000000
62747  44.085  -17.563  59.575 0.0000000000
123181  44.504  -18.765  59.706 0.0000000000
59877  45.636  -19.389  60.635 0.0000000000
60862  42.878  -20.514  58.807 0.0000000000
59898  44.442  -20.530  59.972 0.0000000000
59850  45.296  -20.237  61.626 0.0000000000
60794  45.482  -19.829  63.311 0.0000000000
61784  44.337  -19.197  64.969 0.0000000000
61751  44.027  -18.808  66.506 0.0000000000
119161  35.966  -33.311  67.537 0.0000000000
48022  33.695  -33.355  68.277 0.0000000000
126077  34.862  -33.269  69.664 0.0000000000
46895  36.567  -33.722  69.536 0.0000000000
47943  36.589  -33.739  71.851 0.0000000000
46826  36.840  -34.109  74.503 0.0000000000
45798  37.190  -34.709  76.152 0.0000000000
42050  33.671  -38.508  71.110 0.0000000000
118589  35.179  -37.621  71.486 0.0000000000
43089  35.831  -36.758  72.293 0.0000000000
40133  38.551  -39.811  72.378 0.0000000000
43101  37.142  -37.661  72.009 0.0000000000
43075  36.388  -36.712  73.852 0.0000000000
43060  37.123  -36.794  74.874 0.0000000000
43969  37.606  -36.351  75.698 0.0000000000
43031  38.436  -35.918  76.868 0.0000000000
117574  31.182  -37.752  81.240 0.0000000000
42978  29.627  -37.723  81.791 0.0000000000
42979  28.004  -37.743  81.562 0.0000000000
42966  27.123  -38.241  81.716 0.0000000000
41949  26.514  -38.065  78.730 0.0000000000
41935  26.582  -38.597  80.293 0.0000000000
41921  26.471  -39.463  81.992 0.0000000000
40045  25.581  -40.485  81.468 0.0000000000
40046  24.990  -41.106  81.478 0.0000000000
39110  24.246  -42.233  81.130 0.0000000000
41079  23.531  -39.755  73.391 0.0000000000
41046  23.922  -39.967  75.180 0.0000000000
122750  23.821  -40.790  76.493 0.0000000000
140581  21.825  -41.613  75.057 0.0000000000
39162  22.546  -41.758  76.307 0.0000000000
40075  23.892  -41.123  77.574 0.0000000000
117156  23.518  -42.040  79.148 0.0000000000
39122  23.483  -42.442  79.852 0.0000000000
38230  23.461  -43.524  81.550 0.0000000000
37254  22.654  -44.133  81.324 0.0000000000
36225  21.567  -45.013  81.953 0.0000000000
127762  20.775  -45.337  82.070 0.0000000000
36252  19.433  -44.683  79.091 0.0000000000
122034  19.167  -45.391  80.914 0.0000000000
35244  19.530  -45.490  81.649 0.0000000000
35232  18.040  -45.683  82.357 0.0000000000
125384  16.733  -45.805  81.737 0.0000000000
35235  15.346  -46.023  82.575 0.0000000000
35236  14.271  -46.136  82.509 0.0000000000
35237  13.165  -46.057  82.404 0.0000000000
46924  30.996  -33.636  66.444 0.0000000000
44997  31.396  -35.348  67.550 0.0000000000
43153  31.085  -37.526  68.235 0.0000000000
44090  29.148  -36.856  67.546 0.0000000000
43154  30.109  -37.580  68.395 0.0000000000
42063  30.590  -38.749  70.183 0.0000000000
42040  30.471  -38.909  72.103 0.0000000000
42008  30.899  -39.092  73.633 0.0000000000
43063  30.697  -38.463  75.461 0.0000000000
44022  28.794  -37.528  73.967 0.0000000000
43064  29.567  -37.510  75.404 0.0000000000
43050  30.998  -38.325  76.926 0.0000000000
43015  31.336  -38.194  78.313 0.0000000000
124796  31.202  -37.892  79.786 0.0000000000
133712  16.312  -45.672  86.379 0.0000000000
35150  17.722  -45.878  88.158 0.0000000000
141338  58.383  -6.497  51.113 0.0000000000
72246  54.899  -9.015  51.928 0.0000000000
72239  55.944  -8.475  52.830 0.0000000000
72230  57.337  -7.309  54.096 0.0000000000
141340  56.045  -9.174  55.198 0.0000000000
72224  57.190  -7.910  55.378 0.0000000000
73173  58.510  -7.235  55.168 0.0000000000
64753  48.514  -15.828  52.966 0.0000000000
65646  49.483  -14.185  54.222 0.0000000000
64721  47.858  -16.132  55.603 0.0000000000
65634  48.906  -15.032  55.636 0.0000000000
66522  50.291  -14.159  55.842 0.0000000000
66515  51.467  -13.375  56.824 0.0000000000
67423  52.429  -12.515  57.759 0.0000000000
68366  53.027  -12.236  58.981 0.0000000000
65590  46.704  -15.116  60.506 0.0000000000
66485  47.759  -14.162  60.582 0.0000000000
66484  48.530  -13.776  60.520 0.0000000000
65566  50.349  -14.268  62.589 0.0000000000
67383  49.812  -13.627  61.550 0.0000000000
67393  49.934  -13.305  60.795 0.0000000000
67391  51.588  -12.704  59.954 0.0000000000
67389  53.526  -12.341  60.356 0.0000000000
58844  39.663  -21.535  59.809 0.0000000000
59866  40.381  -20.598  61.501 0.0000000000
60819  38.353  -19.837  62.807 0.0000000000
60799  40.029  -19.521  63.124 0.0000000000
60816  41.454  -19.831  62.671 0.0000000000
61786  42.254  -19.180  64.836 0.0000000000
61752  43.108  -18.908  66.209 0.0000000000
127204  43.638  -18.594  68.076 0.0000000000
50213  38.316  -30.542  67.617 0.0000000000
54040  39.698  -26.769  66.070 0.0000000000
54039  40.154  -26.127  66.527 0.0000000000
123934  40.724  -25.114  67.772 0.0000000000
49054  40.319  -32.306  75.892 0.0000000000
49053  40.717  -31.594  75.401 0.0000000000
126009  40.948  -29.990  73.478 0.0000000000
52101  41.764  -28.646  73.816 0.0000000000
52116  40.947  -28.281  71.541 0.0000000000
54008  41.281  -26.559  70.518 0.0000000000
54919  41.333  -24.786  69.078 0.0000000000
56749  40.706  -23.676  67.625 0.0000000000
120854  40.787  -22.694  68.587 0.0000000000
58741  40.011  -21.040  69.105 0.0000000000
59768  40.752  -20.463  69.854 0.0000000000
57661  42.919  -21.679  72.978 0.0000000000
59756  42.288  -20.482  70.990 0.0000000000
60731  40.719  -20.001  69.500 0.0000000000
121189  42.118  -19.371  70.117 0.0000000000
72332  54.303  -6.830  43.045 0.0000000000
71392  54.478  -9.086  42.624 0.0000000000
70429  55.006  -10.174  42.912 0.0000000000
140746  57.013  -10.807  43.421 0.0000000000
70420  57.229  -10.095  44.434 0.0000000000
70396  56.325  -10.102  45.908 0.0000000000
71369  57.620  -8.629  45.466 0.0000000000
71368  58.218  -8.075  44.966 0.0000000000
73254  59.257  -6.645  45.030 0.0000000000
41926  32.383  -38.467  81.549 0.0000000000
41925  33.052  -38.965  81.256 0.0000000000
124689  15.823  -45.954  83.289 0.0000000000
118204  16.646  -45.801  84.451 0.0000000000
62677  45.234  -18.466  67.777 0.0000000000
62676  45.995  -18.364  67.518 0.0000000000
44066  31.866  -37.113  68.549 0.0000000000
44056  32.462  -37.340  69.300 0.0000000000
43109  25.290  -38.413  72.504 0.0000000000
43108  25.694  -38.143  71.944 0.0000000000
38216  24.482  -43.007  82.540 0.0000000000
38202  24.965  -42.990  83.148 0.0000000000
71344  52.971  -9.205  49.117 0.0000000000
71337  53.123  -9.202  49.728 0.0000000000
137970  55.049  -11.151  58.104 0.0000000000
69306  55.227  -11.277  59.012 0.0000000000
64701  44.353  -16.645  57.832 0.0000000000
64700  45.048  -16.062  57.678 0.0000000000
64684  44.851  -15.898  58.600 0.0000000000
135087  39.518  -23.209  65.115 0.0000000000
57755  38.991  -22.675  64.803 0.0000000000
120628  39.756  -23.036  65.777 0.0000000000
46810  37.940  -34.181  75.862 0.0000000000
122102  38.644  -33.918  75.223 0.0000000000
46797  38.516  -34.102  76.628 0.0000000000
70380  52.433  -9.889  48.890 0.0000000000
70388  52.430  -10.375  48.303 0.0000000000
72344  56.089  -7.430  41.792 0.0000000000
71402  55.713  -8.383  41.925 0.0000000000
125116  56.006  -9.736  41.957 0.0000000000
121361  54.857  -8.181  42.346 0.0000000000
41993  31.898  -39.489  75.747 0.0000000000
36207  20.870  -45.624  83.721 0.0000000000
36201  21.695  -45.525  84.069 0.0000000000
68452  50.491  -12.510  50.822 0.0000000000
66552  49.997  -13.551  53.872 0.0000000000
67472  50.445  -12.940  54.251 0.0000000000
67456  50.462  -13.087  54.801 0.0000000000
61824  46.757  -19.057  61.519 0.0000000000
62735  46.926  -18.210  61.339 0.0000000000
61812  47.008  -19.187  62.296 0.0000000000
117845  12.026  -45.726  85.061 0.0000000000
62770  40.851  -18.299  57.020 0.0000000000
61853  41.094  -18.605  57.553 0.0000000000
61852  41.776  -18.585  57.979 0.0000000000
132369  41.165  -19.065  57.860 0.0000000000
59881  41.900  -21.249  60.604 0.0000000000
59880  42.830  -21.210  60.482 0.0000000000
59852  42.651  -20.515  61.858 0.0000000000
60815  42.421  -19.958  62.624 0.0000000000
44942  34.537  -35.528  72.059 0.0000000000
46860  34.638  -34.207  71.446 0.0000000000
45823  34.601  -34.909  72.456 0.0000000000
45822  35.131  -34.565  73.009 0.0000000000
44004  35.462  -35.781  73.139 0.0000000000
40105  36.407  -40.929  74.355 0.0000000000
40120  36.141  -40.577  73.414 0.0000000000
43963  27.690  -36.903  77.804 0.0000000000
136331  24.977  -39.921  77.696 0.0000000000
40074  24.629  -40.537  77.961 0.0000000000
40067  24.785  -40.586  78.613 0.0000000000
38284  20.713  -43.203  77.275 0.0000000000
38299  21.371  -42.650  76.698 0.0000000000
38272  21.092  -43.392  78.180 0.0000000000
38271  21.850  -42.977  78.512 0.0000000000
124240  20.535  -43.915  78.690 0.0000000000
44972  27.137  -37.522  70.230 0.0000000000
44985  27.413  -37.632  68.501 0.0000000000
44984  27.732  -37.541  69.568 0.0000000000
44057  28.259  -37.597  70.255 0.0000000000
44049  28.150  -37.656  71.290 0.0000000000
121249  28.101  -36.898  76.117 0.0000000000
43962  28.596  -36.985  77.446 0.0000000000
139527  28.956  -37.100  77.954 0.0000000000
41913  27.374  -38.942  83.312 0.0000000000
34277  14.901  -46.141  89.401 0.0000000000
35140  15.414  -45.879  88.961 0.0000000000
73217  57.703  -6.802  48.529 0.0000000000
74183  58.180  -6.593  48.939 0.0000000000
73183  58.181  -6.414  53.706 0.0000000000
74145  58.393  -6.352  53.142 0.0000000000
73181  59.182  -6.678  54.174 0.0000000000
73176  58.687  -6.666  54.507 0.0000000000
70349  54.174  -10.323  53.593 0.0000000000
117116  54.686  -9.800  53.615 0.0000000000
71300  54.857  -9.966  54.368 0.0000000000
66505  49.098  -13.861  58.893 0.0000000000
65606  49.132  -14.465  58.119 0.0000000000
66504  49.794  -13.795  58.514 0.0000000000
64639  49.013  -15.533  62.528 0.0000000000
129647  48.629  -14.867  62.212 0.0000000000
60754  39.129  -19.804  67.392 0.0000000000
140097  39.511  -19.605  66.243 0.0000000000
61755  39.649  -19.637  66.952 0.0000000000
61737  40.707  -19.516  67.234 0.0000000000
137499  40.511  -19.606  67.948 0.0000000000
48041  36.587  -32.945  67.454 0.0000000000
49153  36.945  -32.379  67.037 0.0000000000
48040  37.266  -32.752  67.722 0.0000000000
51174  40.079  -30.254  71.070 0.0000000000
51186  39.881  -29.108  70.025 0.0000000000
52131  40.175  -28.248  69.807 0.0000000000
134673  40.327  -28.659  70.525 0.0000000000
53983  42.616  -26.331  73.524 0.0000000000
54891  42.616  -25.320  72.283 0.0000000000
55813  42.667  -24.418  71.862 0.0000000000
56714  42.528  -23.565  71.396 0.0000000000
56705  42.806  -23.550  72.301 0.0000000000
68494  53.526  -11.627  45.464 0.0000000000
70409  53.298  -10.675  44.571 0.0000000000
69458  54.287  -11.240  44.758 0.0000000000
68505  55.100  -11.466  44.904 0.0000000000
68492  55.122  -11.493  45.575 0.0000000000
73230  56.458  -7.570  48.481 0.0000000000
73229  57.243  -7.201  48.178 0.0000000000
73228  58.037  -6.891  47.790 0.0000000000
69503  59.076  -10.160  39.339 0.0000000000
70464  60.037  -9.640  39.003 0.0000000000
70452  60.712  -9.477  40.024 0.0000000000
71390  59.444  -7.974  42.817 0.0000000000
72330  59.169  -7.663  43.633 0.0000000000
43014  31.946  -38.468  78.734 0.0000000000
41941  32.518  -38.931  78.755 0.0000000000
119889  33.047  -39.008  79.597 0.0000000000
35219  18.383  -45.704  83.265 0.0000000000
35210  18.296  -45.694  84.251 0.0000000000
134850  17.500  -45.690  85.573 0.0000000000
35201  18.378  -45.657  85.873 0.0000000000
35188  18.274  -45.708  86.779 0.0000000000
139716  18.912  -45.675  87.237 0.0000000000
35167  18.359  -45.813  87.649 0.0000000000
65661  49.441  -14.467  51.886 0.0000000000
65654  49.630  -14.512  52.525 0.0000000000
61782  46.898  -18.947  64.674 0.0000000000
35192  9.988  -45.090  85.586 0.0000000000
35157  10.101  -45.967  87.689 0.0000000000
46911  32.054  -34.249  67.736 0.0000000000
131257  32.713  -34.601  68.241 0.0000000000
137760  33.703  -36.086  70.119 0.0000000000
141097  33.569  -35.766  69.762 0.0000000000
44949  34.259  -35.660  71.275 0.0000000000
44034  34.665  -36.791  71.407 0.0000000000
43065  26.415  -37.241  75.493 0.0000000000
43066  25.943  -37.636  75.361 0.0000000000
41996  24.953  -38.883  75.017 0.0000000000
41995  25.463  -38.277  75.209 0.0000000000
133827  24.986  -39.291  76.278 0.0000000000
41045  24.655  -39.540  75.605 0.0000000000
127605  26.261  -37.877  70.468 0.0000000000
133571  26.260  -37.942  69.782 0.0000000000
44974  26.450  -37.753  70.170 0.0000000000
44962  26.709  -37.592  70.620 0.0000000000
141305  26.689  -37.575  71.315 0.0000000000
44952  26.817  -37.492  72.011 0.0000000000
44009  26.079  -37.286  74.095 0.0000000000
44008  26.493  -37.163  74.196 0.0000000000
134418  26.588  -37.124  74.938 0.0000000000
127132  25.940  -40.564  82.943 0.0000000000
121604  25.957  -41.013  83.570 0.0000000000
73220  55.579  -8.053  49.295 0.0000000000
72252  55.170  -8.463  50.784 0.0000000000
73204  56.066  -7.744  50.484 0.0000000000
73197  56.113  -8.029  51.601 0.0000000000
73196  56.751  -7.420  51.739 0.0000000000
69336  55.201  -10.771  57.067 0.0000000000
63773  45.565  -17.597  55.765 0.0000000000
63772  46.495  -17.249  55.481 0.0000000000
63757  46.033  -16.780  56.353 0.0000000000
117349  45.989  -15.344  58.191 0.0000000000
64698  46.532  -15.571  57.615 0.0000000000
65607  47.127  -14.893  58.557 0.0000000000
58809  36.562  -21.110  63.024 0.0000000000
58800  36.966  -21.023  63.651 0.0000000000
59833  37.435  -20.625  64.054 0.0000000000
58787  37.789  -20.874  65.029 0.0000000000
58773  39.096  -21.495  66.908 0.0000000000
125268  38.215  -20.716  66.070 0.0000000000
58774  38.643  -20.785  66.724 0.0000000000
59809  38.787  -20.276  67.208 0.0000000000
46880  38.460  -33.791  70.935 0.0000000000
47942  39.279  -33.520  71.685 0.0000000000
47920  40.047  -32.962  73.878 0.0000000000
47941  39.882  -33.014  72.399 0.0000000000
139123  40.123  -32.377  72.645 0.0000000000
49089  40.415  -31.820  72.948 0.0000000000
69429  50.750  -11.324  46.765 0.0000000000
68476  51.174  -11.646  47.061 0.0000000000
119749  52.560  -11.228  47.608 0.0000000000
68475  52.834  -11.720  46.871 0.0000000000
68482  53.190  -11.863  46.214 0.0000000000
69428  53.747  -11.520  46.714 0.0000000000
69414  54.145  -10.898  47.134 0.0000000000
71342  54.313  -8.704  48.551 0.0000000000
71350  54.709  -9.162  47.867 0.0000000000
72273  55.719  -8.033  48.708 0.0000000000
71424  56.791  -9.494  40.717 0.0000000000
69505  57.951  -10.264  39.459 0.0000000000
69496  57.720  -10.546  40.439 0.0000000000
121272  58.280  -10.563  40.540 0.0000000000
139976  56.595  -10.438  41.996 0.0000000000
69479  57.477  -10.581  42.061 0.0000000000
69478  57.758  -10.405  42.658 0.0000000000
133316  57.176  -10.748  42.893 0.0000000000
42039  31.230  -39.278  71.850 0.0000000000
41095  31.811  -39.592  72.242 0.0000000000
41077  31.995  -39.891  72.950 0.0000000000
41043  33.295  -40.434  75.717 0.0000000000
127005  33.253  -40.437  74.764 0.0000000000
41042  34.152  -40.724  75.079 0.0000000000
40091  35.047  -40.840  74.935 0.0000000000
41041  34.871  -40.906  75.896 0.0000000000
37222  23.147  -44.519  82.930 0.0000000000
37209  23.413  -44.750  83.549 0.0000000000
36200  23.223  -45.137  84.172 0.0000000000
140683  22.318  -45.740  85.330 0.0000000000
36193  23.112  -45.549  84.994 0.0000000000
35183  23.324  -45.942  86.493 0.0000000000
120069  19.898  -45.597  85.928 0.0000000000
35198  20.799  -45.656  85.791 0.0000000000
121925  21.028  -45.715  86.800 0.0000000000
69392  51.858  -10.816  50.458 0.0000000000
69385  52.100  -10.804  51.309 0.0000000000
69375  52.317  -10.926  52.131 0.0000000000
124929  52.620  -11.083  52.812 0.0000000000
67492  50.104  -13.194  51.375 0.0000000000
67491  50.977  -12.651  51.817 0.0000000000
68429  51.613  -12.122  54.180 0.0000000000
68428  52.263  -11.720  53.995 0.0000000000
122145  52.571  -11.373  53.489 0.0000000000
69365  52.929  -11.291  54.111 0.0000000000
68406  52.811  -12.237  56.082 0.0000000000
68391  53.780  -11.883  57.381 0.0000000000
68392  53.012  -12.162  57.121 0.0000000000
63721  44.565  -17.000  60.053 0.0000000000
64665  45.032  -16.438  60.356 0.0000000000
63711  45.171  -16.840  60.643 0.0000000000
62722  47.516  -17.973  61.827 0.0000000000
128683  47.669  -17.087  61.948 0.0000000000
132477  48.299  -17.028  62.295 0.0000000000
131237  48.781  -17.338  62.904 0.0000000000
61764  48.181  -18.554  64.831 0.0000000000
61798  47.747  -18.784  63.443 0.0000000000
62694  49.473  -17.780  64.961 0.0000000000
63672  50.086  -17.336  65.371 0.0000000000
63680  49.998  -17.138  64.424 0.0000000000
54973  39.690  -25.234  64.667 0.0000000000
55892  39.568  -24.556  64.336 0.0000000000
54958  39.961  -25.253  65.408 0.0000000000
69419  49.075  -10.932  47.414 0.0000000000
117437  49.918  -11.087  47.127 0.0000000000
68468  50.787  -11.920  49.334 0.0000000000
138861  50.932  -11.645  48.852 0.0000000000
73284  55.622  -6.126  42.437 0.0000000000
117841  14.077  -45.942  84.694 0.0000000000
35189  13.304  -45.651  86.497 0.0000000000
35172  13.952  -45.681  87.269 0.0000000000
35153  14.567  -45.732  88.048 0.0000000000
35154  13.552  -45.720  88.074 0.0000000000
35174  11.409  -45.703  87.355 0.0000000000
119319  12.003  -45.751  87.956 0.0000000000
63760  43.330  -17.217  56.772 0.0000000000
63736  42.449  -18.080  57.780 0.0000000000
63762  41.822  -18.067  56.703 0.0000000000
63729  43.740  -17.528  58.679 0.0000000000
62763  43.276  -17.950  58.488 0.0000000000
61844  43.224  -18.643  58.867 0.0000000000
61835  43.884  -18.207  59.437 0.0000000000
61834  45.104  -19.154  60.079 0.0000000000
60847  44.666  -19.758  59.652 0.0000000000
60863  42.138  -20.340  58.359 0.0000000000
59879  43.766  -20.959  60.425 0.0000000000
59899  43.683  -20.845  59.682 0.0000000000
59862  44.703  -20.522  60.863 0.0000000000
60813  44.946  -20.137  62.572 0.0000000000
60782  43.956  -19.476  64.279 0.0000000000
61768  44.631  -18.938  65.735 0.0000000000
61769  43.739  -18.988  65.612 0.0000000000
48063  34.819  -32.799  66.346 0.0000000000
48042  35.399  -33.036  66.971 0.0000000000
48021  35.092  -33.320  67.815 0.0000000000
47997  33.686  -34.049  68.634 0.0000000000
48023  33.233  -33.660  68.176 0.0000000000
128854  34.118  -34.163  69.201 0.0000000000
47959  35.017  -33.280  71.061 0.0000000000
47974  34.818  -33.287  70.350 0.0000000000
47973  35.149  -33.091  70.380 0.0000000000
47972  35.699  -33.461  69.872 0.0000000000
122866  35.737  -33.281  70.829 0.0000000000
46871  36.644  -33.710  71.068 0.0000000000
47957  36.070  -33.455  71.403 0.0000000000
45816  36.133  -34.294  74.111 0.0000000000
124162  36.095  -34.136  73.900 0.0000000000
46812  36.555  -34.251  74.690 0.0000000000
45808  36.967  -34.459  75.417 0.0000000000
45799  36.877  -34.774  75.590 0.0000000000
130335  33.203  -39.910  72.557 0.0000000000
41093  33.509  -39.401  71.712 0.0000000000
41092  34.241  -39.720  72.112 0.0000000000
42037  35.108  -38.712  71.575 0.0000000000
42036  35.883  -38.603  71.726 0.0000000000
43103  35.942  -37.394  71.857 0.0000000000
41088  39.193  -38.499  71.915 0.0000000000
42033  38.378  -38.494  71.723 0.0000000000
43100  37.972  -37.701  71.942 0.0000000000
43087  36.866  -37.063  72.866 0.0000000000
122867  37.256  -37.004  73.688 0.0000000000
43074  36.686  -36.960  74.054 0.0000000000
43073  37.374  -36.893  74.574 0.0000000000
41976  38.275  -36.618  75.696 0.0000000000
43958  37.946  -35.890  76.420 0.0000000000
42990  30.632  -37.678  80.525 0.0000000000
42977  30.532  -37.679  81.644 0.0000000000
43916  29.788  -37.577  80.941 0.0000000000
43926  27.675  -37.364  80.009 0.0000000000
43918  28.450  -37.499  81.042 0.0000000000
43919  27.788  -37.448  80.810 0.0000000000
131575  27.397  -37.830  81.267 0.0000000000
43017  26.808  -37.543  78.387 0.0000000000
43018  26.103  -38.093  77.857 0.0000000000
124883  25.969  -39.019  79.678 0.0000000000
128801  26.678  -38.860  81.234 0.0000000000
41936  26.100  -39.303  80.527 0.0000000000
135068  25.957  -39.897  81.552 0.0000000000
40989  25.758  -39.982  80.872 0.0000000000
39133  24.528  -41.335  79.915 0.0000000000
40053  25.132  -40.720  80.605 0.0000000000
39121  24.638  -41.558  80.820 0.0000000000
39109  24.715  -41.806  81.494 0.0000000000
40109  22.500  -40.759  74.345 0.0000000000
40108  23.267  -40.416  74.739 0.0000000000
40092  23.522  -40.630  75.579 0.0000000000
39181  21.285  -41.638  74.578 0.0000000000
135638  21.522  -41.953  75.359 0.0000000000
40076  23.149  -41.533  76.848 0.0000000000
39153  23.098  -41.887  77.741 0.0000000000
39145  23.703  -41.686  78.414 0.0000000000
39146  23.026  -42.229  78.550 0.0000000000
38243  22.755  -43.119  80.035 0.0000000000
38256  22.938  -42.626  79.244 0.0000000000
38242  23.622  -42.871  80.711 0.0000000000
37269  21.422  -44.517  80.649 0.0000000000
37255  21.886  -44.608  81.225 0.0000000000
36226  20.962  -44.978  81.258 0.0000000000
37296  18.950  -44.365  77.812 0.0000000000
36241  17.897  -45.400  79.913 0.0000000000
36240  18.814  -45.206  80.165 0.0000000000
35245  18.606  -45.585  81.601 0.0000000000
35231  19.010  -45.645  82.388 0.0000000000
35247  16.280  -45.818  80.968 0.0000000000
35234  16.425  -45.856  82.628 0.0000000000
124688  15.792  -45.917  81.756 0.0000000000
124696  14.690  -46.026  81.704 0.0000000000
126566  13.569  -46.049  81.646 0.0000000000
134884  30.249  -35.301  66.616 0.0000000000
128541  30.899  -34.874  66.966 0.0000000000
124038  30.864  -36.163  67.521 0.0000000000
44078  30.655  -36.871  67.875 0.0000000000
45027  28.511  -36.223  66.238 0.0000000000
45011  28.485  -36.713  67.116 0.0000000000
44067  29.169  -37.625  68.760 0.0000000000
43141  29.630  -37.988  69.240 0.0000000000
43140  30.587  -38.098  68.868 0.0000000000
43129  30.133  -38.403  69.735 0.0000000000
42053  30.665  -38.962  71.057 0.0000000000
43117  29.932  -38.481  70.708 0.0000000000
43091  29.930  -38.350  72.714 0.0000000000
43078  30.094  -38.436  73.795 0.0000000000
43077  30.714  -38.784  74.558 0.0000000000
121710  30.063  -38.167  74.906 0.0000000000
44023  28.027  -37.346  73.498 0.0000000000
44006  28.313  -37.165  74.452 0.0000000000
43988  29.424  -37.215  76.143 0.0000000000
127052  29.936  -37.676  76.210 0.0000000000
120582  30.582  -38.159  76.219 0.0000000000
43051  30.339  -37.880  76.894 0.0000000000
43034  30.782  -38.059  77.585 0.0000000000
43934  29.701  -37.401  79.051 0.0000000000
139902  30.308  -37.628  78.798 0.0000000000
127703  30.421  -37.648  79.503 0.0000000000
42989  31.531  -37.886  80.628 0.0000000000
42962  30.136  -38.008  82.951 0.0000000000
37199  24.395  -44.797  84.579 0.0000000000
37198  25.010  -44.448  84.591 0.0000000000
117847  14.914  -45.818  85.699 0.0000000000
117848  15.899  -45.721  85.885 0.0000000000
117853  15.916  -45.678  86.747 0.0000000000
123303  17.038  -46.141  89.120 0.0000000000
35168  16.830  -45.801  87.781 0.0000000000
35138  17.811  -46.066  88.739 0.0000000000
121545  17.907  -46.418  88.997 0.0000000000
74168  57.135  -6.857  50.895 0.0000000000
74167  57.868  -6.585  50.813 0.0000000000
74158  58.184  -6.497  51.737 0.0000000000
73189  59.160  -6.487  52.892 0.0000000000
70371  53.128  -9.817  51.094 0.0000000000
71322  53.987  -9.308  50.941 0.0000000000
120331  54.382  -9.405  51.830 0.0000000000
72232  55.349  -9.173  53.202 0.0000000000
117540  55.327  -8.833  52.376 0.0000000000
72238  56.774  -7.807  53.353 0.0000000000
127411  56.769  -8.052  54.451 0.0000000000
71286  55.663  -9.607  55.546 0.0000000000
71285  56.380  -8.965  55.930 0.0000000000
72213  57.462  -8.034  56.128 0.0000000000
137807  57.880  -7.942  56.301 0.0000000000
72223  57.922  -7.540  55.542 0.0000000000
72212  58.323  -7.831  55.950 0.0000000000
72222  58.824  -7.544  55.494 0.0000000000
64746  47.938  -16.336  53.642 0.0000000000
65655  49.189  -15.038  53.334 0.0000000000
65647  48.876  -14.856  54.618 0.0000000000
63756  47.047  -16.402  56.139 0.0000000000
65618  49.654  -14.926  57.141 0.0000000000
120880  49.715  -14.802  56.213 0.0000000000
65633  49.543  -14.273  55.167 0.0000000000
66521  50.921  -13.821  56.320 0.0000000000
66516  50.824  -13.833  57.225 0.0000000000
67412  51.065  -13.022  58.609 0.0000000000
67411  51.797  -12.830  58.208 0.0000000000
67410  52.355  -12.456  58.617 0.0000000000
67401  52.331  -12.463  59.468 0.0000000000
64655  46.019  -15.962  60.699 0.0000000000
65591  45.859  -15.449  60.248 0.0000000000
65580  46.518  -15.560  60.715 0.0000000000
65577  48.200  -14.399  61.686 0.0000000000
65578  47.773  -14.533  61.264 0.0000000000
66474  48.272  -14.074  61.293 0.0000000000
120558  49.085  -13.739  61.233 0.0000000000
67374  52.049  -13.532  61.947 0.0000000000
123071  51.169  -13.727  61.992 0.0000000000
66473  50.687  -13.362  61.350 0.0000000000
67392  50.757  -12.975  60.394 0.0000000000
121307  51.545  -12.957  60.863 0.0000000000
59884  39.080  -20.974  60.549 0.0000000000
59883  40.024  -21.139  60.637 0.0000000000
60801  37.929  -19.900  63.733 0.0000000000
141439  39.977  -19.352  64.320 0.0000000000
61802  39.582  -19.462  63.958 0.0000000000
61801  40.381  -19.349  63.883 0.0000000000
117383  40.727  -19.746  62.686 0.0000000000
61800  41.195  -19.250  64.006 0.0000000000
129072  41.783  -19.524  63.370 0.0000000000
61787  41.483  -19.195  64.784 0.0000000000
61736  41.772  -19.169  67.334 0.0000000000
61753  42.358  -19.049  66.053 0.0000000000
61735  42.474  -18.944  66.849 0.0000000000
117794  43.276  -18.805  66.912 0.0000000000
117742  42.966  -18.759  67.613 0.0000000000
49129  38.864  -32.193  69.317 0.0000000000
49139  38.556  -31.801  68.556 0.0000000000
50195  38.964  -31.221  69.138 0.0000000000
51228  38.925  -29.120  67.807 0.0000000000
51214  38.717  -29.944  68.135 0.0000000000
51245  38.776  -28.946  66.983 0.0000000000
52165  39.151  -28.241  66.736 0.0000000000
53086  39.463  -27.520  66.474 0.0000000000
53059  40.253  -27.003  68.599 0.0000000000
53069  39.990  -26.970  67.748 0.0000000000
138393  40.329  -26.431  68.022 0.0000000000
129737  40.494  -25.414  67.061 0.0000000000
54927  40.546  -25.781  67.865 0.0000000000
46771  39.352  -33.650  78.607 0.0000000000
47878  39.333  -33.525  77.752 0.0000000000
47888  39.841  -32.918  77.312 0.0000000000
127767  40.975  -30.764  75.839 0.0000000000
49043  40.721  -31.539  76.306 0.0000000000
130529  40.938  -30.780  74.906 0.0000000000
50123  40.883  -30.791  74.004 0.0000000000
51141  41.094  -29.972  74.376 0.0000000000
121025  42.232  -26.955  73.072 0.0000000000
53027  41.959  -27.786  73.440 0.0000000000
53033  41.832  -27.577  72.571 0.0000000000
52102  41.538  -28.514  72.873 0.0000000000
52115  41.412  -28.033  72.033 0.0000000000
53040  41.218  -27.663  71.347 0.0000000000
53046  41.504  -26.944  71.153 0.0000000000
55827  41.703  -24.669  69.959 0.0000000000
54912  41.439  -25.441  69.803 0.0000000000
55835  40.908  -24.435  68.194 0.0000000000
137063  41.305  -24.001  68.786 0.0000000000
125828  40.663  -22.985  67.947 0.0000000000
56729  41.217  -23.249  69.072 0.0000000000
123913  41.884  -22.363  70.702 0.0000000000
57712  40.990  -22.329  69.395 0.0000000000
58740  40.667  -21.403  69.617 0.0000000000
58724  40.470  -20.780  69.632 0.0000000000
58723  40.974  -20.965  70.352 0.0000000000
57660  43.098  -22.468  73.564 0.0000000000
58677  43.257  -21.610  73.637 0.0000000000
58691  42.429  -20.819  71.745 0.0000000000
60705  41.850  -20.316  70.611 0.0000000000
60716  41.145  -20.202  70.099 0.0000000000
60715  41.900  -19.981  70.591 0.0000000000
61681  41.521  -19.753  69.957 0.0000000000
61680  42.149  -19.700  70.507 0.0000000000
73277  54.632  -6.045  43.299 0.0000000000
69445  51.059  -10.949  45.949 0.0000000000
70412  50.901  -9.756  45.686 0.0000000000
70411  51.429  -10.057  45.380 0.0000000000
71393  53.905  -8.745  42.802 0.0000000000
125119  53.942  -7.705  42.829 0.0000000000
69455  56.265  -10.983  44.617 0.0000000000
118295  56.786  -10.775  43.984 0.0000000000
70397  55.749  -10.204  46.520 0.0000000000
69426  55.857  -10.747  45.912 0.0000000000
71359  56.306  -9.311  46.591 0.0000000000
71358  57.406  -8.248  46.239 0.0000000000
71370  56.921  -9.188  45.887 0.0000000000
134372  58.637  -7.337  45.254 0.0000000000
72307  58.688  -6.905  45.969 0.0000000000
121646  57.765  -8.412  38.902 0.0000000000
72382  58.228  -8.078  38.376 0.0000000000
71412  60.127  -8.444  41.196 0.0000000000
35220  17.455  -45.760  83.903 0.0000000000
61767  45.490  -18.875  65.829 0.0000000000
117323  46.252  -18.729  66.036 0.0000000000
61750  46.258  -18.496  66.834 0.0000000000
44996  32.097  -35.550  68.217 0.0000000000
44983  32.721  -35.862  68.790 0.0000000000
130556  32.426  -36.536  68.908 0.0000000000
44055  33.252  -36.994  70.077 0.0000000000
135246  33.454  -37.753  70.590 0.0000000000
120986  25.803  -37.711  73.620 0.0000000000
43080  25.756  -37.779  74.497 0.0000000000
43094  25.323  -38.268  73.880 0.0000000000
42010  24.887  -38.895  74.186 0.0000000000
43119  25.967  -38.113  70.687 0.0000000000
44050  26.249  -37.806  71.237 0.0000000000
44039  26.183  -37.691  72.164 0.0000000000
43093  25.835  -37.864  72.789 0.0000000000
39090  25.543  -42.024  83.338 0.0000000000
38195  25.592  -42.779  83.751 0.0000000000
38188  25.378  -43.502  84.021 0.0000000000
72275  54.175  -8.505  49.089 0.0000000000
72266  54.910  -8.364  49.469 0.0000000000
72267  54.282  -8.504  49.725 0.0000000000
69322  54.552  -11.387  57.205 0.0000000000
69321  55.831  -10.794  58.741 0.0000000000
64710  45.444  -16.275  57.002 0.0000000000
120310  45.395  -15.610  58.147 0.0000000000
128178  38.444  -22.197  64.566 0.0000000000
58798  38.011  -21.489  64.783 0.0000000000
57756  38.598  -21.912  65.212 0.0000000000
57744  38.763  -21.532  66.066 0.0000000000
57733  39.714  -21.882  67.409 0.0000000000
130273  37.890  -33.988  73.836 0.0000000000
46854  39.209  -33.676  72.638 0.0000000000
46824  38.761  -33.868  74.419 0.0000000000
46823  39.550  -33.495  74.105 0.0000000000
126143  40.002  -33.088  74.634 0.0000000000
69416  51.880  -11.189  47.835 0.0000000000
70387  53.172  -10.193  48.034 0.0000000000
120454  54.019  -10.125  47.671 0.0000000000
71343  53.635  -8.957  48.834 0.0000000000
70445  56.605  -10.046  41.369 0.0000000000
69481  56.037  -10.486  42.687 0.0000000000
41060  31.961  -39.915  73.880 0.0000000000
42006  31.927  -39.718  74.801 0.0000000000
41044  32.551  -40.071  75.316 0.0000000000
41027  33.473  -40.358  76.636 0.0000000000
36205  22.552  -45.151  83.586 0.0000000000
36194  21.644  -45.713  85.170 0.0000000000
137108  20.421  -45.764  87.457 0.0000000000
69393  51.345  -11.558  50.145 0.0000000000
68451  51.355  -12.056  51.375 0.0000000000
67485  51.054  -12.538  52.851 0.0000000000
68423  51.560  -12.339  54.632 0.0000000000
67434  52.079  -12.824  56.387 0.0000000000
61826  45.395  -18.329  60.491 0.0000000000
62736  45.623  -17.349  60.832 0.0000000000
131798  46.388  -17.591  61.095 0.0000000000
62695  48.677  -18.158  65.473 0.0000000000
118741  12.551  -45.902  83.791 0.0000000000
117840  12.987  -45.851  84.687 0.0000000000
131656  42.559  -18.236  58.166 0.0000000000
61845  42.438  -18.566  58.374 0.0000000000
60850  42.648  -19.458  58.519 0.0000000000
58858  41.860  -21.402  59.320 0.0000000000
58857  42.524  -21.259  59.437 0.0000000000
140923  43.974  -20.784  61.276 0.0000000000
131883  43.410  -20.392  62.100 0.0000000000
129672  43.179  -19.879  62.912 0.0000000000
60783  42.973  -19.341  64.385 0.0000000000
48044  33.595  -32.986  67.532 0.0000000000
46873  34.056  -34.444  70.176 0.0000000000
47976  34.332  -34.066  70.013 0.0000000000
46872  34.502  -34.063  70.728 0.0000000000
47946  34.906  -33.684  71.242 0.0000000000
47945  35.364  -33.514  71.674 0.0000000000
46858  35.629  -33.914  72.409 0.0000000000
46842  35.389  -34.272  72.734 0.0000000000
45817  35.568  -34.596  73.586 0.0000000000
45810  35.968  -34.790  74.212 0.0000000000
41074  34.694  -40.283  73.126 0.0000000000
41073  35.729  -40.012  72.789 0.0000000000
41072  36.792  -39.907  72.531 0.0000000000
41087  39.867  -38.669  72.253 0.0000000000
42005  39.029  -37.316  72.988 0.0000000000
138555  29.327  -37.349  79.440 0.0000000000
125909  28.909  -37.339  79.758 0.0000000000
130803  28.158  -37.115  79.362 0.0000000000
43936  27.410  -37.215  79.304 0.0000000000
41019  25.581  -39.265  77.980 0.0000000000
41010  25.618  -39.584  78.962 0.0000000000
41003  25.114  -40.279  79.130 0.0000000000
40060  24.650  -40.904  79.161 0.0000000000
39134  24.114  -41.487  79.127 0.0000000000
39164  21.031  -42.426  75.827 0.0000000000
39147  22.446  -42.526  78.009 0.0000000000
38257  22.206  -43.052  79.258 0.0000000000
38244  22.005  -43.604  79.770 0.0000000000
37268  22.161  -43.954  80.534 0.0000000000
35259  17.176  -45.679  80.587 0.0000000000
35260  16.230  -45.751  80.117 0.0000000000
46934  29.648  -34.489  65.574 0.0000000000
120200  27.728  -37.217  67.541 0.0000000000
126787  28.407  -37.016  67.871 0.0000000000
44068  28.451  -37.553  69.212 0.0000000000
128116  28.859  -37.770  69.756 0.0000000000
43118  29.232  -38.148  71.308 0.0000000000
134988  27.812  -36.999  74.833 0.0000000000
43989  28.449  -36.985  75.331 0.0000000000
128318  28.874  -36.965  76.081 0.0000000000
43960  30.118  -37.619  77.569 0.0000000000
43961  29.441  -37.201  77.600 0.0000000000
43949  29.257  -37.201  78.391 0.0000000000
35170  15.320  -45.709  87.351 0.0000000000
35169  16.054  -45.734  87.537 0.0000000000
35152  15.430  -45.795  88.152 0.0000000000
35139  16.150  -45.921  89.077 0.0000000000
74151  58.018  -6.520  52.389 0.0000000000
74144  58.791  -6.321  53.109 0.0000000000
134584  59.043  -6.426  53.538 0.0000000000
72228  59.275  -7.317  54.593 0.0000000000
129122  54.019  -9.990  52.440 0.0000000000
71310  54.314  -10.021  53.114 0.0000000000
137094  57.422  -8.914  57.621 0.0000000000
71274  57.249  -8.708  57.172 0.0000000000
130011  48.047  -15.681  57.354 0.0000000000
64707  48.539  -15.799  56.870 0.0000000000
65619  48.821  -15.322  57.396 0.0000000000
66503  50.593  -13.605  58.130 0.0000000000
67403  50.874  -12.857  59.482 0.0000000000
64647  47.469  -15.610  61.848 0.0000000000
65570  47.382  -15.419  61.532 0.0000000000
65569  48.044  -14.892  61.838 0.0000000000
65568  48.759  -14.354  62.064 0.0000000000
67381  52.295  -13.025  61.376 0.0000000000
126042  38.078  -20.778  60.530 0.0000000000
59868  38.463  -20.403  61.294 0.0000000000
61790  38.462  -19.726  65.031 0.0000000000
60785  38.668  -19.661  64.277 0.0000000000
61774  38.872  -19.699  65.731 0.0000000000
61773  39.918  -19.436  65.548 0.0000000000
61772  40.955  -19.304  65.534 0.0000000000
50183  39.789  -31.090  70.616 0.0000000000
51199  39.503  -29.683  69.460 0.0000000000
52137  39.441  -28.404  68.233 0.0000000000
53070  39.537  -27.716  67.394 0.0000000000
52136  39.919  -27.882  68.928 0.0000000000
124209  40.358  -27.380  69.478 0.0000000000
49035  40.377  -32.158  77.925 0.0000000000
119871  40.858  -31.393  78.070 0.0000000000
50104  41.049  -30.763  76.753 0.0000000000
51130  41.361  -30.128  76.301 0.0000000000
130022  41.837  -26.630  71.622 0.0000000000
54892  42.184  -26.024  71.870 0.0000000000
54898  42.268  -25.166  71.326 0.0000000000
56721  41.893  -23.887  70.270 0.0000000000
121932  42.002  -23.244  70.753 0.0000000000
124508  42.267  -22.777  71.222 0.0000000000
57685  42.206  -22.031  71.424 0.0000000000
140644  51.886  -10.132  45.137 0.0000000000
70410  52.403  -10.150  44.850 0.0000000000
69470  54.656  -10.402  43.485 0.0000000000
69457  54.983  -10.995  44.250 0.0000000000
69456  55.714  -11.131  44.465 0.0000000000
69441  56.243  -10.886  45.301 0.0000000000
71348  56.269  -8.446  47.294 0.0000000000
72296  57.118  -7.927  47.008 0.0000000000
72295  57.902  -7.469  46.579 0.0000000000
73242  58.361  -6.892  46.957 0.0000000000
70465  58.293  -9.882  38.794 0.0000000000
70475  58.764  -9.444  38.105 0.0000000000
70474  59.752  -9.603  37.934 0.0000000000
71400  59.794  -8.291  42.048 0.0000000000
139908  60.553  -7.172  42.949 0.0000000000
41963  31.611  -38.789  77.101 0.0000000000
128643  32.291  -39.312  77.255 0.0000000000
118187  32.761  -39.331  78.026 0.0000000000
41948  33.235  -39.414  78.746 0.0000000000
41932  33.593  -39.353  80.046 0.0000000000
35217  19.860  -45.680  83.778 0.0000000000
35208  20.198  -45.654  84.408 0.0000000000
35209  19.206  -45.646  84.668 0.0000000000
139133  18.257  -45.662  85.072 0.0000000000
134845  19.624  -45.696  87.302 0.0000000000
35148  19.229  -46.085  88.479 0.0000000000
66563  50.168  -13.822  52.885 0.0000000000
60793  46.462  -19.611  62.953 0.0000000000
61799  47.156  -19.182  63.077 0.0000000000
119895  47.068  -19.103  63.856 0.0000000000
132052  47.503  -18.750  65.017 0.0000000000
61765  47.785  -18.500  65.704 0.0000000000
61749  46.997  -18.485  66.304 0.0000000000
62686  47.801  -18.153  66.599 0.0000000000
35191  11.122  -45.491  85.571 0.0000000000
119015  10.683  -45.472  86.506 0.0000000000
125054  9.697  -45.112  86.425 0.0000000000
58842  41.479  -21.520  59.879 0.0000000000
46897  32.941  -34.253  68.239 0.0000000000
46896  33.571  -34.300  68.736 0.0000000000
45846  32.915  -35.116  68.665 0.0000000000
45837  33.640  -34.876  69.513 0.0000000000
45832  33.845  -34.858  70.300 0.0000000000
131036  33.910  -35.072  71.034 0.0000000000
45824  34.251  -35.122  71.733 0.0000000000
44020  35.051  -36.127  72.210 0.0000000000
43975  27.311  -36.896  76.278 0.0000000000
43964  27.085  -36.940  77.192 0.0000000000
43036  25.911  -38.094  76.816 0.0000000000
41978  25.711  -38.187  75.980 0.0000000000
126464  25.481  -38.804  76.516 0.0000000000
138539  24.280  -40.292  76.487 0.0000000000
38285  19.937  -43.438  76.763 0.0000000000
134331  20.149  -43.599  77.319 0.0000000000
37309  19.506  -43.902  77.368 0.0000000000
44973  26.736  -37.670  69.760 0.0000000000
44950  27.624  -37.546  71.577 0.0000000000
44951  27.301  -37.462  72.179 0.0000000000
44037  27.485  -37.362  72.914 0.0000000000
44024  27.247  -37.226  73.510 0.0000000000
44038  26.558  -37.457  72.635 0.0000000000
44025  26.709  -37.236  73.449 0.0000000000
119690  26.970  -37.134  74.022 0.0000000000
43991  26.919  -37.003  75.538 0.0000000000
74184  57.426  -6.723  49.252 0.0000000000
117871  56.729  -7.103  49.525 0.0000000000
73210  56.618  -7.202  50.282 0.0000000000
73212  55.527  -8.055  49.890 0.0000000000
73203  56.636  -7.303  51.004 0.0000000000
141863  57.120  -7.033  51.482 0.0000000000
74152  57.452  -6.892  52.124 0.0000000000
73184  57.568  -6.952  53.511 0.0000000000
70335  54.410  -10.482  54.661 0.0000000000
70322  56.009  -9.622  56.398 0.0000000000
70316  55.799  -10.120  57.029 0.0000000000
140490  56.328  -9.616  57.118 0.0000000000
120545  47.198  -15.849  57.069 0.0000000000
137821  48.296  -14.088  58.988 0.0000000000
64637  50.673  -15.570  63.472 0.0000000000
59870  36.102  -20.884  62.059 0.0000000000
60820  36.841  -20.492  62.315 0.0000000000
60803  36.907  -20.534  63.015 0.0000000000
60802  37.312  -20.332  63.559 0.0000000000
60773  37.814  -20.217  64.801 0.0000000000
59820  37.961  -20.344  65.531 0.0000000000
60772  38.007  -19.931  65.512 0.0000000000
133318  38.407  -19.999  66.168 0.0000000000
60764  38.779  -19.973  66.894 0.0000000000
59794  39.572  -20.144  68.311 0.0000000000
47993  37.842  -33.405  69.232 0.0000000000
47992  38.548  -33.048  69.579 0.0000000000
49116  39.037  -32.595  70.084 0.0000000000
47955  39.769  -32.688  71.463 0.0000000000
49115  39.588  -32.180  70.651 0.0000000000
50169  40.057  -31.042  71.548 0.0000000000
50168  40.459  -30.308  71.800 0.0000000000
69444  51.853  -11.500  45.731 0.0000000000
68495  52.475  -11.809  45.910 0.0000000000
68481  54.329  -11.780  46.075 0.0000000000
131446  55.542  -8.652  47.820 0.0000000000
72283  55.973  -8.107  48.114 0.0000000000
120364  57.602  -8.285  39.624 0.0000000000
71432  57.603  -9.107  39.304 0.0000000000
71423  57.181  -8.781  40.137 0.0000000000
70466  57.828  -9.761  39.124 0.0000000000
69504  58.470  -10.182  39.168 0.0000000000
69494  58.941  -10.251  40.153 0.0000000000
69488  57.921  -10.714  41.224 0.0000000000
70436  58.432  -9.700  42.515 0.0000000000
42062  31.354  -38.873  70.164 0.0000000000
42061  32.157  -38.681  70.210 0.0000000000
41108  32.168  -39.386  71.478 0.0000000000
41094  32.597  -39.680  72.143 0.0000000000
41058  33.194  -40.336  73.984 0.0000000000
40107  34.781  -40.711  74.146 0.0000000000
40106  35.591  -40.818  74.260 0.0000000000
41961  33.038  -39.863  77.328 0.0000000000
41018  33.815  -40.302  77.417 0.0000000000
41026  34.283  -40.712  76.756 0.0000000000
139150  35.323  -40.977  77.173 0.0000000000
41025  35.078  -40.920  76.858 0.0000000000
42041  24.578  -38.976  72.156 0.0000000000
37236  23.808  -43.768  82.475 0.0000000000
38203  24.598  -43.790  83.524 0.0000000000
37208  24.040  -44.546  83.974 0.0000000000
126658  23.896  -45.366  85.089 0.0000000000
131268  24.078  -45.723  85.751 0.0000000000
35182  24.200  -45.986  86.550 0.0000000000
36195  20.990  -45.656  84.701 0.0000000000
35185  21.800  -45.781  86.127 0.0000000000
35184  22.426  -45.916  86.800 0.0000000000
132123  52.785  -9.757  50.225 0.0000000000
70365  52.632  -10.391  51.615 0.0000000000
70364  53.317  -10.156  52.001 0.0000000000
70356  53.462  -10.414  52.663 0.0000000000
70343  53.560  -10.743  53.864 0.0000000000
139551  51.461  -12.069  53.121 0.0000000000
69376  52.050  -11.585  52.763 0.0000000000
138455  53.063  -11.093  53.721 0.0000000000
70336  53.786  -10.785  54.422 0.0000000000
69358  53.978  -10.873  54.898 0.0000000000
69346  53.948  -11.277  55.604 0.0000000000
68422  52.779  -11.871  55.199 0.0000000000
69347  53.288  -11.653  55.561 0.0000000000
125746  54.135  -11.526  56.519 0.0000000000
68374  53.741  -11.970  58.445 0.0000000000
64675  44.407  -16.573  59.330 0.0000000000
64674  44.674  -15.989  59.375 0.0000000000
132448  44.692  -16.207  59.924 0.0000000000
64656  45.577  -16.387  60.693 0.0000000000
63710  46.230  -16.311  61.155 0.0000000000
62724  46.156  -16.749  61.227 0.0000000000
63701  46.564  -16.363  61.452 0.0000000000
64648  46.868  -15.988  61.518 0.0000000000
63699  47.897  -16.276  62.068 0.0000000000
63698  48.657  -16.371  62.460 0.0000000000
61810  48.322  -18.216  63.110 0.0000000000
62704  48.870  -18.149  64.516 0.0000000000
62712  48.900  -17.882  63.691 0.0000000000
62703  49.455  -17.188  63.602 0.0000000000
63688  49.994  -16.372  63.639 0.0000000000
63687  50.668  -16.396  64.285 0.0000000000
56807  39.351  -23.998  64.104 0.0000000000
56794  39.629  -23.900  64.741 0.0000000000
56775  39.978  -23.788  65.555 0.0000000000
45774  38.324  -34.853  78.251 0.0000000000
136520  38.324  -34.438  77.904 0.0000000000
45748  39.413  -34.502  79.524 0.0000000000
69418  50.511  -11.435  47.419 0.0000000000
69408  50.519  -11.602  48.200 0.0000000000
70381  51.915  -10.355  49.179 0.0000000000
141822  15.057  -46.081  84.100 0.0000000000
117842  15.022  -45.973  84.771 0.0000000000
133962  13.888  -45.813  85.562 0.0000000000
35171  14.688  -45.699  87.117 0.0000000000
35141  14.612  -45.904  88.938 0.0000000000
34278  14.180  -46.173  89.088 0.0000000000
63759  44.086  -17.065  56.711 0.0000000000
64712  43.969  -16.878  57.117 0.0000000000
63728  44.099  -17.003  58.879 0.0000000000
63722  44.151  -17.154  59.320 0.0000000000
62755  43.623  -17.850  58.999 0.0000000000
120452  44.377  -17.829  59.956 0.0000000000
60828  46.069  -19.691  61.340 0.0000000000
60849  43.412  -19.797  58.953 0.0000000000
59900  43.035  -21.049  59.274 0.0000000000
135195  43.455  -20.550  59.195 0.0000000000
60848  44.049  -20.216  59.366 0.0000000000
59878  45.134  -20.060  60.260 0.0000000000
133984  45.430  -20.098  60.924 0.0000000000
60812  45.850  -19.977  62.306 0.0000000000
61783  45.270  -19.126  65.023 0.0000000000
60795  44.460  -19.819  63.484 0.0000000000
60781  44.948  -19.564  64.244 0.0000000000
118161  44.986  -18.788  66.477 0.0000000000
61733  44.651  -18.647  67.203 0.0000000000
48062  35.676  -32.604  66.284 0.0000000000
48061  36.205  -32.829  66.867 0.0000000000
48020  36.633  -33.374  68.168 0.0000000000
48045  32.962  -33.033  67.518 0.0000000000
119468  34.259  -33.239  68.167 0.0000000000
47975  34.501  -33.759  69.797 0.0000000000
47995  34.377  -33.492  68.929 0.0000000000
131519  35.674  -33.533  68.349 0.0000000000
47994  36.154  -33.636  68.988 0.0000000000
46910  37.052  -33.666  68.964 0.0000000000
46894  37.288  -33.738  69.741 0.0000000000
46870  37.504  -33.869  71.433 0.0000000000
46856  37.322  -33.869  72.196 0.0000000000
46841  36.051  -34.031  72.963 0.0000000000
46840  36.699  -34.027  73.529 0.0000000000
46839  37.555  -33.908  72.897 0.0000000000
46799  37.301  -34.434  76.045 0.0000000000
45797  37.563  -34.646  76.685 0.0000000000
42051  32.739  -38.746  70.746 0.0000000000
43105  34.159  -37.474  70.969 0.0000000000
42038  34.342  -38.716  71.423 0.0000000000
43104  34.567  -37.678  71.265 0.0000000000
43090  35.244  -36.825  71.806 0.0000000000
44019  35.728  -36.383  72.733 0.0000000000
40119  37.740  -40.184  72.834 0.0000000000
122494  36.972  -39.207  71.945 0.0000000000
40134  37.832  -39.334  72.025 0.0000000000
42035  36.637  -38.551  71.770 0.0000000000
43102  36.454  -37.558  71.983 0.0000000000
125971  36.316  -36.760  72.867 0.0000000000
43076  36.219  -36.567  73.368 0.0000000000
43062  36.404  -36.680  74.038 0.0000000000
139331  36.513  -36.773  74.265 0.0000000000
43971  36.758  -35.893  74.723 0.0000000000
41992  38.136  -36.953  74.921 0.0000000000
43048  37.647  -36.611  75.450 0.0000000000
44916  36.978  -35.404  75.499 0.0000000000
43959  37.433  -35.707  75.969 0.0000000000
44904  37.694  -35.290  76.698 0.0000000000
44903  37.883  -35.025  77.524 0.0000000000
41927  31.709  -38.047  82.124 0.0000000000
118228  30.137  -37.859  82.394 0.0000000000
42963  29.322  -38.039  82.580 0.0000000000
43924  29.039  -37.496  80.520 0.0000000000
123473  28.795  -37.800  81.773 0.0000000000
42964  28.338  -38.130  82.335 0.0000000000
42965  27.620  -38.156  82.055 0.0000000000
42951  27.276  -38.542  82.539 0.0000000000
43952  27.145  -37.011  78.102 0.0000000000
43937  27.127  -37.107  78.760 0.0000000000
43003  26.959  -37.592  79.225 0.0000000000
41942  26.534  -38.325  79.449 0.0000000000
42992  26.899  -37.859  80.057 0.0000000000
42980  26.929  -38.020  80.899 0.0000000000
41920  26.935  -38.812  82.075 0.0000000000
121031  25.936  -40.158  82.202 0.0000000000
40039  25.506  -40.898  82.195 0.0000000000
40040  25.040  -41.632  82.127 0.0000000000
39102  24.517  -42.403  81.934 0.0000000000
42024  24.054  -39.288  72.870 0.0000000000
41078  24.276  -39.332  73.779 0.0000000000
41062  23.750  -39.864  74.285 0.0000000000
41030  24.096  -40.128  75.979 0.0000000000
40110  21.585  -40.995  74.025 0.0000000000
40094  22.021  -41.173  74.813 0.0000000000
39169  22.261  -41.571  75.540 0.0000000000
40083  22.993  -41.166  76.019 0.0000000000
129855  23.941  -41.870  79.678 0.0000000000
38229  24.007  -42.846  81.457 0.0000000000
126996  24.047  -43.092  82.014 0.0000000000
37237  22.967  -44.294  82.124 0.0000000000
37238  22.284  -44.633  81.843 0.0000000000
36213  21.181  -45.436  82.744 0.0000000000
139495  20.585  -45.546  82.541 0.0000000000
37282  20.053  -44.336  79.068 0.0000000000
36251  19.991  -44.722  79.643 0.0000000000
140136  19.308  -44.919  79.706 0.0000000000
36239  19.664  -45.001  80.306 0.0000000000
122604  20.045  -45.155  81.018 0.0000000000
36214  20.005  -45.566  82.343 0.0000000000
35218  19.453  -45.679  83.091 0.0000000000
35246  17.583  -45.682  81.514 0.0000000000
35233  17.242  -45.758  82.258 0.0000000000
35222  14.957  -46.119  83.427 0.0000000000
35223  13.858  -46.109  83.251 0.0000000000
35224  12.794  -45.960  83.135 0.0000000000
35238  12.215  -45.767  82.414 0.0000000000
35225  11.797  -45.713  83.188 0.0000000000
46912  31.533  -33.817  67.031 0.0000000000
45852  31.539  -34.473  67.350 0.0000000000
46933  30.440  -33.628  65.837 0.0000000000
45862  31.101  -34.199  66.845 0.0000000000
44077  31.429  -36.139  67.912 0.0000000000
141093  31.422  -36.808  68.122 0.0000000000
43139  31.568  -37.975  68.822 0.0000000000
139515  29.149  -35.818  66.215 0.0000000000
45010  29.491  -36.143  66.745 0.0000000000
44079  29.637  -37.109  68.040 0.0000000000
44089  30.084  -36.573  67.392 0.0000000000
42072  31.029  -38.568  69.443 0.0000000000
140007  30.869  -39.136  72.412 0.0000000000
43106  29.916  -38.401  71.720 0.0000000000
42022  30.552  -38.919  72.907 0.0000000000
41994  31.296  -39.105  75.182 0.0000000000
122567  31.240  -38.811  76.192 0.0000000000
44035  28.679  -37.693  72.945 0.0000000000
43079  29.445  -37.750  74.416 0.0000000000
44005  29.006  -37.260  74.863 0.0000000000
43033  31.355  -38.397  77.573 0.0000000000
43016  30.563  -37.806  78.244 0.0000000000
127835  30.935  -37.865  78.957 0.0000000000
43001  31.645  -38.148  79.182 0.0000000000
42988  32.242  -38.136  80.815 0.0000000000
117843  15.920  -45.812  84.995 0.0000000000
117849  16.761  -45.709  86.059 0.0000000000
117854  16.693  -45.720  86.861 0.0000000000
117855  17.530  -45.783  87.232 0.0000000000
35149  18.496  -45.985  88.352 0.0000000000
35137  18.578  -46.309  88.712 0.0000000000
74175  57.983  -6.569  49.792 0.0000000000
74166  58.423  -6.501  50.316 0.0000000000
72247  54.734  -8.881  51.260 0.0000000000
138761  55.834  -8.355  52.117 0.0000000000
73192  56.453  -7.887  52.340 0.0000000000
73178  57.915  -6.767  54.223 0.0000000000
121612  55.457  -9.534  54.790 0.0000000000
71304  56.076  -8.981  54.559 0.0000000000
71284  57.031  -8.464  56.502 0.0000000000
71299  56.507  -8.530  55.240 0.0000000000
72229  57.567  -7.270  54.801 0.0000000000
73177  58.216  -6.921  54.731 0.0000000000
65662  48.941  -15.136  52.178 0.0000000000
64735  47.909  -16.266  54.591 0.0000000000
64734  48.386  -15.578  55.119 0.0000000000
64720  48.446  -15.727  56.134 0.0000000000
136747  50.128  -13.674  55.163 0.0000000000
66535  50.784  -13.532  55.480 0.0000000000
67435  51.467  -13.202  55.870 0.0000000000
67424  51.921  -12.896  57.346 0.0000000000
68365  53.844  -12.020  59.481 0.0000000000
118307  45.064  -15.559  59.325 0.0000000000
65600  45.570  -15.228  59.586 0.0000000000
65599  46.326  -14.938  59.874 0.0000000000
65579  47.215  -15.186  61.100 0.0000000000
65589  47.328  -14.743  60.782 0.0000000000
119050  47.112  -14.655  60.184 0.0000000000
65598  47.607  -14.232  59.666 0.0000000000
66496  48.143  -13.876  59.874 0.0000000000
66495  48.811  -13.704  59.638 0.0000000000
65559  50.157  -14.774  62.740 0.0000000000
65567  49.631  -14.241  62.382 0.0000000000
66454  50.947  -14.133  62.545 0.0000000000
66463  50.204  -13.877  62.151 0.0000000000
66464  49.279  -13.936  61.987 0.0000000000
66483  49.316  -13.429  60.259 0.0000000000
67404  50.083  -13.072  59.888 0.0000000000
67390  52.513  -12.649  60.428 0.0000000000
67400  53.018  -12.304  59.749 0.0000000000
68364  54.927  -11.658  59.740 0.0000000000
59882  40.966  -21.221  60.666 0.0000000000
59865  41.404  -20.783  61.382 0.0000000000
60831  37.838  -20.094  62.138 0.0000000000
60830  38.836  -20.016  61.980 0.0000000000
60800  38.969  -19.635  63.410 0.0000000000
60818  39.345  -19.787  62.576 0.0000000000
60829  39.648  -20.120  61.914 0.0000000000
60817  40.197  -19.926  62.291 0.0000000000
59854  41.007  -20.149  62.075 0.0000000000
59853  41.871  -20.322  61.984 0.0000000000
61771  41.903  -19.164  65.496 0.0000000000
61770  42.832  -19.088  65.352 0.0000000000
61734  43.820  -18.669  67.382 0.0000000000
49140  37.909  -32.300  68.130 0.0000000000
49151  38.093  -31.399  67.892 0.0000000000
51229  38.520  -29.718  67.314 0.0000000000
127522  39.477  -26.655  65.100 0.0000000000
53085  39.882  -26.902  66.920 0.0000000000
54055  39.915  -26.001  65.712 0.0000000000
54957  40.278  -25.341  66.155 0.0000000000
55853  40.477  -24.615  66.540 0.0000000000
56774  40.350  -24.003  66.179 0.0000000000
47889  39.318  -33.604  76.867 0.0000000000
47911  39.938  -33.092  75.466 0.0000000000
49064  40.338  -32.371  75.036 0.0000000000
49044  40.324  -32.245  76.818 0.0000000000
49063  40.697  -31.693  74.439 0.0000000000
49076  40.732  -31.505  73.645 0.0000000000
50149  40.771  -30.203  72.573 0.0000000000
51164  40.718  -29.535  71.991 0.0000000000
140368  41.713  -29.565  75.952 0.0000000000
137973  42.062  -28.420  75.295 0.0000000000
137194  41.809  -28.856  74.626 0.0000000000
139444  41.523  -29.495  74.766 0.0000000000
51152  41.299  -29.235  73.497 0.0000000000
52109  40.965  -28.747  72.112 0.0000000000
118881  40.599  -28.909  71.315 0.0000000000
52123  40.681  -28.078  70.880 0.0000000000
53053  40.734  -26.900  70.046 0.0000000000
54014  40.639  -26.541  69.299 0.0000000000
136081  41.515  -25.927  70.330 0.0000000000
54013  41.084  -26.169  69.863 0.0000000000
54913  40.969  -25.725  69.173 0.0000000000
54920  40.852  -25.334  68.436 0.0000000000
55842  40.670  -24.532  67.335 0.0000000000
56761  40.539  -23.805  66.835 0.0000000000
57732  40.365  -22.871  67.175 0.0000000000
57723  40.310  -22.287  68.012 0.0000000000
58753  40.466  -21.832  68.805 0.0000000000
57724  39.820  -21.389  68.246 0.0000000000
130151  39.586  -20.577  68.390 0.0000000000
59783  40.090  -20.390  69.182 0.0000000000
60732  40.058  -20.085  69.082 0.0000000000
56692  42.936  -23.453  73.253 0.0000000000
57672  42.528  -21.829  72.215 0.0000000000
58706  42.307  -21.234  71.598 0.0000000000
134756  43.048  -21.121  73.091 0.0000000000
58707  41.990  -20.827  70.888 0.0000000000
59767  41.431  -20.483  70.425 0.0000000000
60717  40.506  -20.208  69.554 0.0000000000
61697  40.405  -19.887  68.865 0.0000000000
61696  41.118  -19.612  69.203 0.0000000000
61716  41.600  -19.276  68.746 0.0000000000
61715  42.398  -18.933  69.037 0.0000000000
61694  42.539  -18.946  69.866 0.0000000000
127166  43.061  -18.671  68.513 0.0000000000
73276  54.928  -6.462  42.731 0.0000000000
72331  54.581  -7.314  42.607 0.0000000000
69469  55.682  -10.767  43.652 0.0000000000
69468  56.621  -10.802  43.315 0.0000000000
69467  57.389  -10.488  43.475 0.0000000000
70419  57.910  -9.519  43.868 0.0000000000
69442  55.649  -11.139  45.631 0.0000000000
70408  56.762  -10.080  45.221 0.0000000000
129652  57.259  -9.416  45.138 0.0000000000
71380  57.787  -9.049  44.685 0.0000000000
71379  58.440  -8.432  44.158 0.0000000000
117246  59.489  -6.456  45.688 0.0000000000
35200  19.242  -45.609  85.565 0.0000000000
36253  18.574  -44.966  79.299 0.0000000000
39080  25.498  -42.608  83.590 0.0000000000
40132  39.306  -39.601  72.231 0.0000000000
40975  26.413  -40.212  83.518 0.0000000000
41928  26.203  -39.505  81.221 0.0000000000
42020  38.803  -37.764  72.078 0.0000000000
42021  31.234  -39.418  72.777 0.0000000000
42034  37.478  -38.535  71.753 0.0000000000
42976  31.292  -37.796  81.896 0.0000000000
42991  27.289  -37.635  80.502 0.0000000000
43013  38.852  -35.995  77.223 0.0000000000
43032  38.086  -36.329  76.114 0.0000000000
43047  38.051  -36.440  75.938 0.0000000000
43049  37.250  -36.703  74.991 0.0000000000
43059  37.720  -36.876  75.384 0.0000000000
43061  36.679  -36.709  74.390 0.0000000000
43072  38.085  -37.117  73.764 0.0000000000
43086  37.586  -37.206  72.763 0.0000000000
43088  36.411  -36.884  72.874 0.0000000000
43917  29.134  -37.609  81.211 0.0000000000
43935  28.975  -37.158  79.066 0.0000000000
43947  38.185  -35.482  77.232 0.0000000000
43970  37.044  -36.061  75.244 0.0000000000
43974  28.556  -36.919  76.670 0.0000000000
43985  36.818  -36.580  74.586 0.0000000000
43986  36.296  -36.299  74.183 0.0000000000
43987  35.893  -35.872  73.708 0.0000000000
44003  36.063  -36.373  73.567 0.0000000000
44915  37.153  -35.031  76.209 0.0000000000
44929  36.195  -35.537  74.189 0.0000000000
44959  33.986  -35.726  70.650 0.0000000000
44963  26.472  -37.700  70.933 0.0000000000
45786  37.894  -34.787  77.415 0.0000000000
45787  37.531  -34.865  76.793 0.0000000000
45809  36.617  -34.458  74.805 0.0000000000
45818  34.965  -34.938  73.171 0.0000000000
46758  39.456  -33.946  79.381 0.0000000000
46784  38.714  -34.037  77.425 0.0000000000
46798  37.774  -34.390  76.521 0.0000000000
46809  39.406  -33.554  74.956 0.0000000000
46811  37.031  -34.276  75.311 0.0000000000
46827  35.688  -34.318  73.482 0.0000000000
46838  39.001  -33.787  73.529 0.0000000000
46857  36.592  -33.886  72.628 0.0000000000
46859  35.039  -34.083  72.010 0.0000000000
46861  34.143  -34.527  70.920 0.0000000000
46881  37.461  -33.804  70.558 0.0000000000
46882  36.569  -33.714  70.259 0.0000000000
47877  39.811  -32.936  78.336 0.0000000000
47900  39.865  -33.014  76.361 0.0000000000
47931  40.093  -32.666  73.153 0.0000000000
47944  35.869  -33.576  72.059 0.0000000000
47996  34.133  -33.846  68.872 0.0000000000
47998  33.200  -34.007  68.311 0.0000000000
48024  32.585  -33.711  67.801 0.0000000000
49026  40.767  -31.734  78.769 0.0000000000
49077  40.421  -32.211  73.735 0.0000000000
50096  41.118  -30.747  77.682 0.0000000000
50135  40.757  -30.905  73.152 0.0000000000
50194  39.425  -30.649  69.711 0.0000000000
50204  38.643  -30.858  68.361 0.0000000000
51129  41.770  -29.205  75.351 0.0000000000
51140  41.476  -29.323  74.155 0.0000000000
51153  40.988  -29.342  72.777 0.0000000000
51213  39.210  -29.357  68.632 0.0000000000
53039  41.671  -27.292  71.815 0.0000000000
53047  40.956  -27.292  70.712 0.0000000000
54001  41.785  -26.088  71.040 0.0000000000
54027  40.281  -26.282  67.342 0.0000000000
55820  42.004  -24.560  70.692 0.0000000000
55870  40.222  -24.580  65.797 0.0000000000
56740  40.909  -23.520  68.371 0.0000000000
57671  42.848  -22.602  72.698 0.0000000000
57699  41.281  -21.854  70.168 0.0000000000
58690  42.653  -21.109  72.461 0.0000000000
59755  42.685  -20.478  71.825 0.0000000000
60755  38.942  -19.991  67.727 0.0000000000
60784  42.060  -19.276  64.142 0.0000000000
60796  43.518  -19.689  63.576 0.0000000000
60798  40.933  -19.475  63.279 0.0000000000
61695  41.861  -19.294  69.511 0.0000000000
61717  40.833  -19.625  68.506 0.0000000000
61718  40.091  -19.798  68.245 0.0000000000
61738  39.828  -19.737  67.658 0.0000000000
61823  47.227  -18.671  61.859 0.0000000000
64673  45.050  -15.598  59.880 0.0000000000
64682  46.628  -15.174  58.197 0.0000000000
71298  56.872  -8.306  55.876 0.0000000000
71329  53.739  -8.866  50.102 0.0000000000
72211  58.900  -8.008  55.969 0.0000000000
73198  55.759  -8.108  50.978 0.0000000000
73205  55.521  -8.143  50.419 0.0000000000
117266  20.276  -45.334  81.660 0.0000000000
121061  17.018  -45.904  88.683 0.0000000000
121089  39.881  -20.006  68.484 0.0000000000
121255  34.851  -33.422  68.729 0.0000000000
121766  31.952  -38.153  80.010 0.0000000000
123378  39.886  -31.789  71.260 0.0000000000
125191  37.671  -20.199  64.151 0.0000000000
126319  26.756  -37.403  77.703 0.0000000000
126372  34.600  -33.598  69.557 0.0000000000
126725  39.124  -28.010  66.074 0.0000000000
126869  33.422  -35.456  69.424 0.0000000000
127144  46.981  -14.661  59.388 0.0000000000
129588  38.715  -33.322  70.264 0.0000000000
130498  40.184  -29.435  70.762 0.0000000000
131610  35.133  -33.015  70.871 0.0000000000
132316  39.423  -25.217  63.914 0.0000000000
134200  45.690  -18.716  66.459 0.0000000000
135938  38.449  -33.862  72.986 0.0000000000
136783  44.839  -18.276  60.145 0.0000000000
136851  30.137  -38.009  75.663 0.0000000000
137180  38.515  -36.220  76.537 0.0000000000
138113  54.261  -8.124  42.608 0.0000000000
139786  42.216  -23.914  70.847 0.0000000000
139796  40.426  -28.169  70.361 0.0000000000
139857  35.355  -33.461  69.168 0.0000000000
140157  33.683  -35.099  69.852 0.0000000000
140620  46.715  -19.357  63.511 0.0000000000
141128  41.169  -29.641  73.883 0.0000000000
141245  42.353  -18.933  67.471 0.0000000000
141416  32.611  -39.920  72.779 0.0000000000
141754  37.980  -20.012  65.947 0.0000000000
