#!ascii label  , from subject sub-v1s8x0051335_ses-1 vox2ras=TkReg
1589
26604  32.248  -55.417  15.585 0.8999999762
25623  32.010  -56.075  15.317 0.8000000119
26619  32.646  -55.613  14.871 0.8000000119
25655  32.846  -56.638  13.928 0.6999999881
25654  33.317  -56.130  13.437 0.8000000119
26605  31.529  -55.791  16.059 0.8999999762
27569  32.842  -54.933  15.104 1.0000000000
27568  33.274  -54.260  14.509 1.0000000000
26618  33.156  -55.096  14.363 0.8999999762
26636  33.389  -55.310  13.614 0.8000000119
26655  33.490  -55.557  12.804 0.8000000119
27598  33.473  -54.596  12.959 0.8999999762
26669  33.442  -55.883  12.141 0.8000000119
122137  32.845  -55.123  10.972 0.6999999881
26682  32.816  -55.955  10.655 0.6999999881
26588  30.749  -55.708  16.537 0.8000000119
27538  31.378  -55.244  16.633 0.8999999762
27523  31.236  -54.711  17.209 0.8999999762
27539  30.575  -55.154  16.961 0.8999999762
26591  28.815  -55.052  16.496 0.8999999762
27554  32.486  -54.813  15.834 0.8999999762
28493  33.254  -53.658  15.140 1.0000000000
27584  33.430  -53.938  13.586 0.8999999762
28533  33.396  -53.177  13.243 1.0000000000
131462  33.397  -53.760  12.866 0.8999999762
27599  33.179  -54.030  12.172 0.8999999762
27614  33.356  -55.032  11.939 0.8000000119
27640  32.258  -55.305  10.143 0.6999999881
28464  31.874  -54.248  17.356 0.8999999762
27524  30.268  -54.524  17.383 0.8999999762
139225  29.019  -54.617  16.856 0.8999999762
27537  32.097  -54.708  16.685 0.8999999762
28494  32.773  -54.107  15.962 0.8999999762
28506  33.433  -53.262  14.165 1.0000000000
28550  32.713  -53.425  11.559 0.8000000119
126257  32.803  -54.279  11.339 0.8000000119
28564  31.815  -53.514  10.307 0.8000000119
28576  31.270  -53.705  9.659 0.8000000119
28577  30.667  -53.385  9.262 0.8000000119
28578  29.925  -53.036  8.958 0.8000000119
28466  29.963  -53.844  17.725 0.8999999762
27540  28.507  -54.220  16.612 0.8999999762
140502  28.051  -54.077  16.169 0.8999999762
28463  32.096  -53.522  17.659 0.8999999762
28481  28.476  -53.463  17.042 0.8999999762
29410  27.887  -52.777  16.720 0.8000000119
141212  27.488  -53.512  15.980 0.8000000119
28479  32.555  -53.868  16.864 0.8999999762
29411  27.395  -52.277  16.526 0.6999999881
28495  27.044  -53.533  15.629 0.6999999881
28507  26.390  -53.625  14.948 0.6999999881
29429  33.170  -53.168  15.961 0.8999999762
29431  26.506  -52.806  15.561 0.6999999881
29444  25.916  -53.022  15.019 0.6999999881
119426  33.417  -52.335  15.459 1.0000000000
29432  25.707  -52.406  15.336 0.6000000238
138302  33.392  -52.793  14.915 1.0000000000
134749  33.434  -52.461  14.190 1.0000000000
29458  33.379  -52.561  13.576 1.0000000000
29475  33.195  -52.479  12.924 1.0000000000
28534  33.086  -53.093  12.386 0.8999999762
138502  33.226  -52.134  13.253 1.0000000000
29476  32.800  -52.291  12.373 0.8999999762
29489  32.524  -52.569  11.726 0.8000000119
29505  32.209  -52.952  10.981 0.8000000119
29521  31.091  -52.969  9.865 0.8000000119
138208  30.345  -52.610  9.549 0.8000000119
29522  29.527  -52.339  9.364 0.8000000119
30523  29.965  -51.867  9.894 0.8000000119
29523  28.671  -52.102  9.217 0.8000000119
28465  31.035  -53.893  17.737 0.8999999762
28480  29.230  -54.183  17.263 0.8999999762
29394  30.227  -53.047  18.147 0.8999999762
28467  29.219  -53.282  17.628 0.8999999762
29395  28.467  -52.598  17.357 0.8999999762
29409  32.811  -52.941  17.017 0.8999999762
29412  26.867  -52.175  16.150 0.6000000238
30437  26.191  -51.925  15.810 0.6000000238
29408  33.299  -52.246  16.292 1.0000000000
30439  24.549  -51.364  15.533 0.5000000000
30453  33.452  -51.849  14.653 1.0000000000
137305  33.327  -51.178  14.105 1.0000000000
30470  33.297  -51.829  13.699 1.0000000000
121390  32.953  -51.013  13.480 1.0000000000
29459  32.886  -51.715  12.899 1.0000000000
30485  32.213  -51.663  12.059 0.8999999762
29506  31.482  -52.587  10.549 0.8000000119
30501  31.418  -51.370  11.510 0.8999999762
30512  31.113  -51.782  10.826 0.8000000119
29507  30.733  -52.206  10.183 0.8000000119
30502  30.700  -51.066  11.144 0.8999999762
30513  30.351  -51.462  10.517 0.8000000119
31520  29.649  -50.029  11.227 0.8999999762
30514  29.565  -51.156  10.297 0.8000000119
30525  28.249  -51.363  9.609 0.8000000119
31544  27.805  -50.629  10.025 0.8000000119
30526  27.266  -51.182  9.554 0.8000000119
29374  29.235  -52.429  17.942 0.8999999762
29393  31.442  -52.972  18.204 0.8999999762
30396  31.802  -52.078  18.437 0.8999999762
136102  27.774  -51.901  17.056 0.6999999881
30414  33.016  -52.019  17.219 0.8999999762
30416  26.560  -51.500  16.285 0.6999999881
30417  25.863  -51.062  16.126 0.6000000238
30438  25.411  -51.651  15.622 0.6000000238
31445  26.673  -50.693  16.692 0.6999999881
122299  25.087  -50.970  15.808 0.5000000000
30436  33.484  -51.541  15.571 1.0000000000
31463  24.336  -50.427  15.690 0.5000000000
120350  33.412  -50.829  14.839 1.0000000000
31497  33.080  -50.514  14.092 1.0000000000
31498  32.422  -50.242  13.576 1.0000000000
31508  32.150  -50.787  12.793 1.0000000000
30486  31.605  -50.921  12.089 0.8999999762
31480  32.633  -49.845  14.221 1.0000000000
31499  31.712  -49.825  13.111 0.8999999762
31509  30.702  -50.012  11.843 0.8999999762
128710  31.285  -50.112  12.343 0.8999999762
32482  30.160  -49.620  11.636 0.8999999762
31521  29.003  -49.773  10.997 0.8999999762
31531  29.207  -50.415  10.685 0.8999999762
32471  30.682  -49.384  12.151 0.8999999762
32483  29.391  -49.221  11.394 0.8999999762
31532  28.300  -50.039  10.626 0.8999999762
33362  28.934  -48.548  11.096 0.8999999762
30397  30.846  -52.264  18.541 0.8999999762
29373  29.957  -52.217  18.394 0.8999999762
30398  28.493  -51.755  17.705 0.8999999762
30377  29.289  -51.633  18.328 0.8999999762
31414  28.563  -50.837  18.137 1.0000000000
31430  27.906  -51.103  17.432 0.8000000119
30375  31.245  -51.445  18.776 0.8999999762
131969  27.363  -51.166  16.989 0.6999999881
30413  33.392  -51.343  16.489 0.8999999762
30395  32.559  -51.668  17.976 0.8999999762
31447  25.818  -50.262  16.482 0.6999999881
31462  25.150  -50.339  16.154 0.5000000000
31461  33.494  -50.648  15.812 1.0000000000
32426  24.621  -49.598  15.943 0.5000000000
32427  23.927  -49.496  15.487 0.5000000000
127391  33.310  -50.049  15.262 1.0000000000
32424  32.614  -48.905  15.102 1.0000000000
32443  32.857  -49.567  14.836 1.0000000000
32460  31.997  -49.470  13.797 1.0000000000
32444  32.264  -49.150  14.449 1.0000000000
33319  32.130  -48.383  14.629 1.0000000000
32461  31.497  -48.992  13.323 0.8999999762
33345  30.686  -48.545  12.415 0.8999999762
132443  30.194  -48.261  11.979 0.8999999762
33430  26.750  -48.247  6.949 0.6999999881
34259  26.684  -47.316  6.948 0.8000000119
33418  26.477  -47.897  7.612 0.8000000119
34240  26.492  -47.192  8.159 0.8000000119
30374  32.104  -51.203  18.553 0.8999999762
31412  30.641  -50.761  19.027 1.0000000000
31413  29.582  -50.820  18.741 1.0000000000
32383  29.036  -49.972  18.652 1.0000000000
32398  28.212  -49.902  18.062 0.6999999881
31431  27.395  -50.515  17.203 0.6999999881
30394  33.112  -51.109  17.341 0.8999999762
31429  32.704  -50.806  18.027 0.8999999762
31446  26.925  -49.838  17.120 0.6999999881
32425  25.291  -49.563  16.417 0.6000000238
131825  33.427  -49.721  16.104 1.0000000000
31444  33.414  -50.463  16.712 0.8999999762
32397  33.102  -49.584  17.794 0.8999999762
33302  23.786  -48.653  15.187 0.4000000060
33298  33.108  -48.775  15.879 1.0000000000
34173  31.337  -47.463  13.265 1.0000000000
35029  31.662  -46.844  13.628 1.0000000000
33388  27.179  -48.117  9.668 0.8999999762
134235  27.826  -48.275  6.302 0.6000000238
129304  27.064  -47.952  6.609 0.6000000238
34251  26.486  -47.032  7.510 0.8000000119
33406  26.504  -48.069  8.493 0.8999999762
33389  26.683  -48.397  9.210 0.8999999762
31410  32.343  -50.376  18.556 0.8999999762
31411  31.638  -50.610  18.923 0.8999999762
127965  27.551  -49.844  17.552 0.6999999881
32413  26.515  -49.177  17.235 0.6999999881
123747  25.422  -48.705  16.583 0.6000000238
33301  24.347  -48.066  15.549 0.4000000060
130450  33.346  -49.066  16.627 1.0000000000
32396  33.377  -49.676  17.031 0.8999999762
33280  32.972  -47.991  15.931 1.0000000000
33299  32.537  -48.186  15.326 1.0000000000
34157  32.192  -47.600  14.817 1.0000000000
137653  32.022  -46.925  14.384 1.0000000000
35043  32.195  -46.174  13.913 1.0000000000
140654  27.989  -46.762  9.590 0.8999999762
35097  28.067  -46.028  9.442 0.8999999762
34223  27.541  -47.374  9.567 0.8999999762
35099  26.714  -46.530  8.441 0.8999999762
34224  26.765  -47.420  8.996 0.8999999762
34268  29.227  -47.208  6.025 0.6000000238
34257  28.297  -47.493  6.376 0.6000000238
34258  27.304  -47.344  6.579 0.6000000238
36158  27.356  -45.913  6.902 0.8000000119
35118  26.662  -46.541  7.314 0.8000000119
32381  30.598  -49.206  19.392 0.8999999762
122721  30.038  -50.001  19.175 0.8999999762
32384  28.536  -49.137  18.506 0.6999999881
32382  29.495  -49.060  19.102 0.8999999762
32400  27.078  -49.170  17.546 0.6000000238
32379  32.645  -49.613  18.477 1.0000000000
33251  33.074  -48.055  18.729 1.0000000000
121464  32.468  -48.869  19.028 1.0000000000
33267  26.595  -48.506  17.441 0.6000000238
33281  26.005  -48.610  17.068 0.6000000238
33282  25.552  -47.781  16.712 0.5000000000
130924  33.304  -48.915  17.364 1.0000000000
33264  33.364  -48.084  17.754 1.0000000000
33279  33.347  -48.214  16.704 1.0000000000
34122  33.146  -47.337  16.260 1.0000000000
34140  32.599  -47.436  15.508 1.0000000000
121261  32.315  -46.962  15.044 1.0000000000
35028  32.375  -46.290  14.759 1.0000000000
36085  31.860  -46.047  13.028 1.0000000000
35072  31.393  -46.310  12.423 1.0000000000
140860  31.149  -45.431  11.561 1.0000000000
36111  30.679  -45.788  11.248 1.0000000000
36118  30.159  -45.508  10.647 1.0000000000
35082  30.186  -46.216  10.988 0.8999999762
35084  28.658  -46.527  9.969 0.8999999762
35098  27.239  -46.492  9.090 0.8999999762
36146  26.654  -45.793  8.162 0.8999999762
128409  30.638  -45.877  5.388 0.6000000238
36166  30.013  -45.968  5.468 0.6000000238
35133  29.262  -46.288  6.046 0.6000000238
35122  28.450  -46.838  6.454 0.6000000238
36152  26.717  -45.766  7.676 0.8000000119
33238  31.144  -48.532  19.596 0.8999999762
33240  29.480  -48.243  19.279 0.6999999881
32399  27.745  -49.151  18.011 0.6000000238
34100  27.634  -47.734  18.305 0.6000000238
117659  32.496  -48.010  19.434 0.8999999762
125564  26.709  -47.839  17.592 0.6000000238
126053  26.154  -47.786  17.236 0.5000000000
33265  33.031  -48.859  18.214 1.0000000000
34121  33.452  -47.304  17.139 1.0000000000
34096  33.344  -47.094  18.224 0.8999999762
34987  33.307  -46.511  16.589 1.0000000000
35005  32.713  -46.539  15.659 1.0000000000
36046  32.597  -45.606  15.227 1.0000000000
36069  32.411  -45.468  14.386 1.0000000000
37059  32.438  -44.489  14.126 1.0000000000
36084  32.282  -45.292  13.507 1.0000000000
36100  31.611  -45.520  12.182 1.0000000000
37085  30.803  -44.906  10.983 1.0000000000
37095  30.104  -44.653  10.275 1.0000000000
36134  28.902  -44.961  9.673 0.8999999762
36120  28.828  -45.686  9.823 0.8999999762
36136  27.400  -45.495  9.010 0.8999999762
124478  26.856  -44.121  8.619 0.8999999762
122539  30.417  -45.305  5.597 0.6000000238
36167  29.617  -45.445  5.974 0.6000000238
36168  28.785  -45.532  6.406 0.6000000238
37133  28.335  -44.880  6.628 0.6999999881
37134  27.561  -45.045  6.968 0.6999999881
36159  27.018  -45.371  7.327 0.6999999881
37127  26.770  -44.852  7.695 0.8000000119
37119  26.567  -44.281  8.107 0.8999999762
36173  31.219  -45.195  5.362 0.6000000238
38124  26.997  -43.648  7.056 0.6999999881
128663  26.716  -43.946  7.533 0.8999999762
34099  28.285  -47.552  18.742 0.6999999881
34111  27.111  -47.427  17.927 0.6000000238
34085  31.665  -47.931  19.813 0.8999999762
34086  30.740  -47.865  19.829 0.8000000119
34087  29.879  -47.733  19.634 0.6999999881
34986  33.466  -46.533  17.392 1.0000000000
34976  33.422  -46.051  18.044 0.8000000119
36022  33.456  -45.675  17.068 0.8999999762
36023  33.039  -45.649  16.098 1.0000000000
37017  32.809  -44.825  15.577 1.0000000000
37040  32.524  -44.885  14.864 1.0000000000
134655  32.513  -43.741  14.315 1.0000000000
37075  32.332  -44.249  13.032 1.0000000000
128938  31.696  -44.188  11.732 1.0000000000
37084  31.417  -44.802  11.630 1.0000000000
38080  30.693  -43.993  10.485 1.0000000000
37109  29.354  -44.428  9.794 0.8999999762
37110  28.501  -44.320  9.452 0.8999999762
36135  28.196  -45.148  9.385 0.8999999762
38097  27.009  -43.475  8.993 0.8999999762
37145  29.125  -44.929  6.389 0.6000000238
131337  27.788  -44.117  6.852 0.6999999881
38098  26.611  -43.449  8.441 0.8999999762
39015  31.537  -43.153  5.652 0.6000000238
37143  30.817  -44.500  5.572 0.6000000238
38123  27.552  -43.230  6.883 0.6999999881
38116  26.704  -43.154  7.333 0.6999999881
34088  29.086  -47.623  19.260 0.6999999881
139868  28.194  -46.925  18.797 0.6000000238
122723  31.241  -47.210  20.109 0.8000000119
125841  30.367  -47.247  20.000 0.8000000119
34954  29.538  -46.906  19.756 0.6999999881
34955  28.675  -46.922  19.175 0.6999999881
34963  32.641  -46.649  19.698 0.6999999881
34098  32.210  -47.269  19.862 0.8000000119
35986  33.248  -45.370  18.657 0.6999999881
36008  33.429  -45.309  17.835 0.6999999881
36997  33.326  -43.896  16.557 0.8000000119
38005  33.140  -43.150  16.193 0.8000000119
37016  32.984  -44.003  15.872 0.8000000119
141686  32.882  -42.852  15.706 0.8000000119
38028  32.651  -44.073  14.975 0.8999999762
122860  32.628  -43.247  14.726 0.8999999762
129971  32.444  -43.771  13.769 1.0000000000
38067  32.243  -42.993  11.978 1.0000000000
38079  31.320  -43.313  10.702 1.0000000000
119925  30.587  -43.101  10.060 1.0000000000
38957  31.871  -42.648  11.166 1.0000000000
38068  31.775  -43.526  11.466 1.0000000000
38081  29.941  -43.788  9.892 1.0000000000
38094  29.604  -42.845  9.703 1.0000000000
38095  29.023  -43.607  9.628 0.8999999762
38979  28.099  -42.449  9.519 0.8999999762
38096  27.987  -43.405  9.354 0.8999999762
38980  27.235  -42.662  9.241 0.8999999762
39016  30.736  -42.904  5.778 0.6000000238
37144  29.867  -44.524  6.143 0.6000000238
131030  28.824  -44.217  6.486 0.6000000238
38122  28.474  -43.405  6.627 0.6999999881
38981  26.686  -42.741  8.731 0.8999999762
38107  26.449  -43.346  7.853 0.8999999762
118391  27.850  -41.046  6.967 0.6999999881
128810  26.940  -43.028  6.977 0.6999999881
38997  26.424  -42.436  7.701 0.8999999762
39946  26.193  -41.516  7.884 0.8999999762
35971  31.180  -45.512  20.418 0.6999999881
34953  30.541  -46.418  20.245 0.6000000238
127985  28.917  -46.195  19.487 0.6000000238
35989  27.939  -45.575  18.670 0.6000000238
141534  32.610  -46.041  19.805 0.6999999881
35987  32.829  -45.407  19.528 0.6999999881
36977  33.392  -44.534  18.167 0.6999999881
37980  33.464  -43.579  17.970 0.6999999881
38914  33.021  -42.316  15.924 0.8000000119
38915  32.753  -42.690  15.224 0.8000000119
38933  32.598  -42.501  14.482 0.8000000119
38044  32.508  -43.137  14.022 0.8000000119
38948  32.431  -42.582  12.756 1.0000000000
38940  32.507  -42.320  13.557 0.8000000119
39911  31.744  -41.677  10.959 1.0000000000
38967  31.223  -42.335  10.348 1.0000000000
38977  29.585  -42.054  9.647 1.0000000000
39918  31.203  -41.446  10.275 1.0000000000
38968  30.376  -42.169  9.832 1.0000000000
39928  29.131  -41.495  9.611 1.0000000000
40855  28.577  -40.888  9.598 1.0000000000
117821  27.739  -41.038  9.554 1.0000000000
118613  27.485  -41.830  9.408 0.8999999762
38134  29.450  -43.543  6.353 0.6000000238
118900  26.775  -41.957  8.972 0.8999999762
39961  31.052  -42.323  5.954 0.6000000238
39962  30.281  -42.131  6.196 0.6000000238
39018  29.060  -42.732  6.474 0.6999999881
131565  26.378  -42.040  8.363 0.8999999762
39964  28.753  -42.095  6.590 0.6999999881
39957  26.953  -40.919  7.261 0.6999999881
136711  26.232  -40.732  7.664 0.8999999762
131170  28.630  -44.786  19.475 0.5000000000
36965  31.665  -44.686  20.448 0.6000000238
36966  30.596  -44.631  20.451 0.5000000000
37972  32.704  -43.854  19.812 0.6999999881
36979  32.497  -44.672  20.083 0.6999999881
37971  33.201  -43.747  18.946 0.6999999881
38896  33.570  -42.535  16.838 0.6999999881
119142  33.705  -41.824  16.508 0.6999999881
39870  32.819  -41.971  15.084 0.8000000119
39882  32.622  -41.677  14.296 0.8000000119
40808  32.682  -40.851  14.129 0.8000000119
39892  32.484  -41.318  13.523 0.8000000119
40838  31.918  -40.920  11.616 0.8999999762
40837  32.265  -40.947  12.605 0.8000000119
40845  31.451  -40.741  10.744 1.0000000000
40853  30.393  -40.799  9.626 1.0000000000
39927  29.971  -41.444  9.588 1.0000000000
40856  27.176  -40.399  9.405 0.8999999762
39930  26.942  -41.153  9.213 0.8999999762
39931  26.372  -41.144  8.546 0.8999999762
40857  26.483  -40.397  8.996 0.8999999762
40858  26.021  -40.226  8.399 0.8999999762
39953  30.656  -41.497  6.343 0.6000000238
39954  29.792  -41.310  6.380 0.6000000238
40891  28.421  -40.286  6.669 0.6999999881
40893  26.743  -40.092  7.372 0.8000000119
39938  25.943  -40.775  7.991 0.8999999762
40888  31.139  -40.877  6.641 0.6000000238
39955  28.816  -41.265  6.506 0.6999999881
40892  27.550  -40.197  7.074 0.6999999881
40894  26.124  -39.951  7.568 0.8000000119
40869  25.756  -40.124  8.074 0.8999999762
41830  27.198  -39.469  7.086 0.6999999881
41823  25.553  -39.415  8.021 0.8999999762
37963  31.144  -43.893  20.554 0.5000000000
37964  30.102  -43.745  20.389 0.5000000000
126250  30.742  -43.057  20.510 0.5000000000
38881  32.879  -42.993  19.617 0.6999999881
134035  33.551  -42.189  18.482 0.6999999881
38880  33.332  -42.880  18.741 0.6999999881
38888  33.577  -42.726  17.781 0.6999999881
127357  33.930  -41.809  17.650 0.6999999881
40780  34.013  -41.102  16.195 0.6999999881
39869  33.334  -41.557  15.636 0.6999999881
39881  33.044  -41.230  14.844 0.8000000119
40816  33.016  -40.106  13.856 0.8000000119
40817  32.494  -40.466  13.361 0.8000000119
136200  31.901  -40.205  12.137 0.8000000119
123426  31.147  -39.728  10.448 0.8999999762
40846  30.994  -40.655  9.959 1.0000000000
41793  29.522  -39.633  9.402 1.0000000000
118655  28.842  -40.153  9.398 1.0000000000
40827  32.161  -39.936  12.721 0.8000000119
41774  31.264  -39.137  11.370 0.8000000119
41784  30.110  -39.098  9.589 0.8999999762
117815  28.524  -39.334  9.287 1.0000000000
117818  28.028  -40.250  9.503 1.0000000000
42789  29.424  -38.722  9.451 0.8999999762
41794  27.402  -39.609  9.368 1.0000000000
136207  26.700  -39.837  9.243 1.0000000000
135043  26.100  -38.790  8.797 1.0000000000
41811  25.684  -39.445  8.243 0.8999999762
40890  29.332  -40.414  6.446 0.6999999881
125920  25.736  -38.718  8.469 0.8999999762
40889  30.262  -40.615  6.494 0.6000000238
42808  25.504  -38.601  8.139 0.8999999762
125277  27.518  -38.871  6.827 0.6999999881
41831  26.451  -39.396  7.298 0.6999999881
42834  26.177  -38.600  7.281 0.8000000119
42833  27.020  -38.265  6.767 0.6999999881
42835  25.497  -38.604  7.879 0.8000000119
42824  25.338  -37.565  8.104 0.8999999762
129265  26.416  -37.867  7.065 0.6999999881
37973  32.065  -43.931  20.428 0.6000000238
128687  31.597  -43.303  20.517 0.5000000000
39831  33.179  -42.042  19.436 0.6999999881
38871  32.525  -42.309  20.216 0.5000000000
39841  34.368  -40.948  17.537 0.6999999881
39829  34.150  -41.113  18.198 0.6999999881
40779  34.471  -40.633  16.772 0.6999999881
40793  34.393  -40.351  15.932 0.6999999881
40794  33.703  -40.801  15.381 0.6999999881
40806  34.118  -40.062  15.079 0.6999999881
41746  33.708  -39.694  14.325 0.8000000119
41757  33.334  -39.328  13.646 0.8000000119
41758  32.625  -39.648  13.242 0.8000000119
41767  31.633  -39.322  12.160 0.8000000119
42746  33.147  -38.215  13.032 0.8000000119
42748  31.617  -38.336  12.359 0.8000000119
42762  30.967  -38.366  11.363 0.8000000119
42775  30.160  -38.315  9.892 0.8999999762
42790  28.663  -38.357  9.365 0.8999999762
42791  27.629  -38.564  9.241 1.0000000000
43759  31.397  -37.555  12.039 0.8000000119
43760  30.892  -37.328  11.547 0.8000000119
42792  26.579  -38.295  8.933 1.0000000000
43780  27.343  -37.536  9.108 1.0000000000
118406  25.851  -38.095  8.614 1.0000000000
119115  28.839  -39.454  6.564 0.6999999881
129577  28.159  -38.942  6.709 0.6999999881
43797  25.520  -37.803  8.323 0.8999999762
43782  25.720  -37.203  8.580 1.0000000000
42832  27.831  -38.382  6.713 0.6999999881
137782  27.265  -37.065  6.947 0.8000000119
43833  26.241  -37.256  7.183 0.8000000119
40769  34.611  -40.170  17.437 0.6999999881
41713  34.827  -39.383  17.494 0.6999999881
41724  34.866  -39.755  16.627 0.6999999881
131049  34.748  -39.554  15.648 0.6999999881
42705  35.012  -38.748  15.342 0.6999999881
41756  34.096  -38.961  13.995 0.6999999881
42718  34.696  -38.478  14.505 0.6999999881
42733  33.652  -38.569  13.413 0.8000000119
42747  32.412  -38.284  12.780 0.8000000119
43746  32.949  -37.618  12.704 0.8000000119
44655  31.799  -37.010  12.064 0.8000000119
43769  30.135  -37.500  10.546 0.8999999762
43778  29.365  -37.665  9.780 0.8999999762
43768  30.222  -36.939  11.059 0.8000000119
131573  29.085  -36.229  10.313 0.8999999762
43779  28.339  -37.595  9.449 0.8999999762
41828  29.851  -39.731  6.574 0.6000000238
45580  28.475  -35.620  10.244 0.8999999762
44673  27.703  -35.967  9.882 0.8999999762
43781  26.323  -37.445  8.789 1.0000000000
41821  30.359  -39.176  7.032 0.6000000238
44686  26.129  -36.612  8.847 0.8999999762
43831  28.225  -37.918  6.835 0.6999999881
44676  25.265  -35.627  9.186 0.8999999762
43816  26.655  -36.881  7.054 0.8000000119
44716  25.377  -36.523  7.945 0.8999999762
121198  25.162  -35.912  7.913 0.8000000119
41712  35.244  -39.022  16.925 0.6999999881
41723  35.260  -38.959  16.219 0.6999999881
42732  34.385  -38.183  13.718 0.6999999881
43708  34.949  -37.702  14.245 0.6999999881
43745  33.864  -37.714  13.077 0.6999999881
44662  30.797  -36.753  11.342 0.8000000119
44672  29.727  -36.409  10.573 0.8000000119
45578  30.233  -36.202  10.787 0.8000000119
46554  29.978  -35.318  10.300 0.8000000119
44685  27.077  -36.694  9.187 0.8999999762
41822  29.437  -38.886  6.744 0.6000000238
45579  29.363  -35.847  10.468 0.8000000119
46555  28.928  -35.200  10.264 0.8999999762
45581  27.304  -35.509  9.821 0.8999999762
44674  26.805  -36.016  9.411 0.8999999762
42822  29.932  -38.301  7.328 0.6000000238
42823  29.014  -38.114  7.041 0.6999999881
45583  25.751  -35.224  9.030 0.8999999762
43815  27.919  -37.227  7.104 0.6999999881
45592  25.125  -35.394  8.787 0.8000000119
132554  26.726  -35.788  7.370 0.6999999881
45612  25.468  -35.299  7.952 0.8000000119
42704  35.397  -38.164  15.883 0.6999999881
43707  35.374  -37.182  14.784 0.6999999881
43726  35.184  -36.937  14.045 0.6999999881
44661  31.505  -36.571  11.563 0.8000000119
45562  31.098  -36.105  11.071 0.8000000119
127372  30.763  -35.604  10.615 0.8000000119
46571  29.469  -34.634  9.825 0.8000000119
46556  28.039  -35.013  10.362 0.8999999762
46573  27.741  -34.504  9.772 0.8999999762
131097  29.512  -37.491  7.480 0.6000000238
45582  26.615  -35.411  9.403 0.8999999762
44711  29.190  -36.702  7.524 0.6999999881
44712  28.387  -36.582  7.394 0.6999999881
46574  26.157  -34.314  8.995 0.8999999762
46588  27.805  -34.916  7.369 0.6999999881
125029  25.944  -34.697  7.725 0.8000000119
47707  25.625  -33.922  8.375 0.8000000119
46599  27.365  -34.056  7.252 0.6999999881
46601  25.934  -33.899  7.875 0.8000000119
46590  25.404  -34.714  8.053 0.8000000119
47719  27.168  -33.250  6.967 0.8000000119
43694  35.472  -37.339  15.595 0.6999999881
44599  35.613  -36.536  15.342 0.6000000238
43813  30.026  -36.856  7.783 0.6000000238
47690  29.068  -33.905  9.321 0.8000000119
48801  28.252  -33.388  8.838 0.8999999762
47677  26.901  -34.399  9.330 0.8999999762
48803  26.430  -33.181  8.349 0.8999999762
45609  28.150  -35.761  7.425 0.8000000119
47694  25.878  -33.852  8.509 0.8999999762
48844  26.151  -33.127  7.776 0.8000000119
46598  28.348  -34.015  7.030 0.6999999881
48843  26.600  -32.502  7.166 0.8000000119
125393  26.656  -31.851  6.886 0.8000000119
131530  29.770  -36.059  7.576 0.6999999881
47706  29.139  -33.275  8.703 0.8000000119
45622  29.660  -35.127  7.250 0.5000000000
45608  28.957  -35.863  7.540 0.6000000238
46597  29.279  -34.306  6.880 0.6000000238
46587  28.694  -34.988  7.349 0.6999999881
128493  26.964  -31.814  7.817 0.8000000119
47717  29.120  -33.484  6.488 0.6000000238
132145  28.393  -33.190  6.542 0.6000000238
48842  27.151  -32.481  6.637 0.6999999881
48858  26.800  -31.718  6.675 0.8000000119
48832  25.898  -33.146  8.045 0.8000000119
48841  27.949  -32.515  6.357 0.6000000238
48818  28.732  -32.660  8.397 0.8000000119
138386  28.235  -32.060  8.063 0.8000000119
49894  27.392  -31.692  7.818 0.8999999762
46596  30.623  -34.080  6.249 0.6000000238
49920  26.671  -31.156  6.818 0.8000000119
135999  26.684  -31.817  7.531 0.8000000119
50915  27.094  -31.036  7.378 0.8000000119
48857  27.416  -31.716  6.253 0.6000000238
131993  29.006  -31.991  7.955 0.8000000119
50914  27.580  -30.835  7.364 0.8000000119
47716  29.901  -33.800  6.311 0.6000000238
47729  29.824  -33.011  5.854 0.6000000238
50934  26.739  -30.914  7.105 0.8000000119
125287  29.367  -32.030  5.518 0.6000000238
51918  27.716  -29.767  6.028 0.6999999881
50932  28.115  -30.098  6.924 0.8000000119
49955  29.700  -30.565  4.734 0.6000000238
51931  28.118  -29.661  5.545 0.6000000238
51917  28.367  -29.233  5.732 0.6999999881
48855  30.301  -32.465  5.289 0.6000000238
49934  30.091  -31.804  5.067 0.6000000238
49907  30.672  -31.592  7.087 0.8000000119
49892  29.050  -31.272  7.420 0.8000000119
47728  30.551  -33.506  5.837 0.6000000238
49908  29.820  -31.118  7.043 0.8000000119
47726  32.050  -33.670  5.114 0.5000000000
51902  28.310  -29.449  6.412 0.8000000119
137256  28.698  -29.643  6.703 0.8000000119
47742  31.818  -33.047  4.869 0.6000000238
127756  30.600  -33.030  5.462 0.6000000238
52832  28.651  -28.829  5.950 0.6000000238
47741  32.480  -33.358  4.745 0.5000000000
48854  31.065  -32.726  5.068 0.6000000238
48873  30.812  -32.011  4.861 0.6000000238
50978  29.392  -29.774  4.714 0.6000000238
49952  32.299  -31.787  4.422 0.6000000238
49954  30.402  -31.171  4.721 0.6000000238
50977  30.421  -30.197  4.552 0.6000000238
51947  30.018  -29.078  4.544 0.6000000238
50930  30.013  -30.415  6.712 0.8000000119
50931  29.024  -30.351  7.026 0.8000000119
137924  31.075  -30.571  6.634 0.8000000119
51899  31.101  -29.567  6.401 0.6999999881
51900  30.329  -29.662  6.483 0.6999999881
48872  31.639  -32.304  4.682 0.6000000238
52858  29.144  -28.189  4.999 0.6000000238
52843  29.223  -28.224  5.452 0.6000000238
52831  29.287  -28.348  5.954 0.6999999881
49951  33.125  -32.001  4.130 0.5000000000
123424  29.710  -28.185  4.623 0.6000000238
50974  32.895  -31.215  4.153 0.5000000000
50976  31.525  -30.441  4.415 0.6000000238
51946  31.098  -29.379  4.388 0.6000000238
49967  33.793  -31.386  3.785 0.5000000000
129192  31.867  -29.782  6.410 0.6999999881
52812  30.623  -28.833  6.264 0.6000000238
53791  29.760  -27.768  5.498 0.6000000238
52830  30.083  -28.121  5.969 0.6000000238
53805  30.289  -27.363  5.101 0.6000000238
52829  30.999  -28.077  5.917 0.6000000238
50990  33.375  -30.568  3.873 0.5000000000
51945  32.130  -29.610  4.233 0.6000000238
52856  31.798  -28.659  4.202 0.6000000238
52857  30.722  -28.296  4.374 0.6000000238
53821  29.772  -27.728  4.812 0.6000000238
132062  31.247  -27.068  5.207 0.6000000238
51959  33.026  -29.780  3.913 0.6000000238
52871  32.691  -28.935  3.958 0.6000000238
131480  34.110  -30.603  3.615 0.5000000000
128850  33.853  -29.905  3.621 0.5000000000
50989  34.654  -30.075  3.354 0.4000000060
51957  35.181  -29.389  3.167 0.5000000000
51898  31.514  -28.871  6.237 0.6000000238
127263  32.016  -27.984  5.934 0.6000000238
52872  31.824  -28.059  4.021 0.6000000238
53819  31.189  -27.304  4.651 0.6000000238
53790  32.015  -27.193  5.469 0.6000000238
130729  32.447  -28.062  3.882 0.6000000238
53832  33.275  -27.657  3.756 0.6000000238
136130  33.508  -29.125  3.631 0.5000000000
52870  33.925  -28.426  3.455 0.6000000238
52869  34.901  -28.502  3.268 0.5000000000
51956  35.893  -29.521  3.201 0.4000000060
129130  35.596  -28.838  3.144 0.4000000060
54739  32.378  -26.994  4.187 0.6000000238
54690  32.051  -26.883  5.107 0.5000000000
53789  32.971  -27.461  5.729 0.5000000000
120694  33.020  -28.379  6.098 0.5000000000
53833  32.281  -27.301  4.041 0.6000000238
54724  33.100  -26.691  4.447 0.5000000000
125578  34.223  -27.854  3.507 0.6000000238
52868  35.712  -28.128  3.314 0.4000000060
132093  33.485  -27.921  6.105 0.4000000060
54738  32.972  -26.941  4.056 0.6000000238
54737  33.829  -26.726  4.206 0.5000000000
53830  35.098  -27.692  3.734 0.4000000060
53831  34.009  -27.165  3.792 0.6000000238
53818  35.051  -26.984  4.290 0.6000000238
138921  33.775  -26.550  4.644 0.4000000060
53829  36.129  -27.341  3.408 0.4000000060
126123  35.799  -26.863  3.593 0.4000000060
128896  34.830  -26.019  4.952 0.4000000060
54723  34.588  -26.479  4.662 0.4000000060
54686  35.193  -26.231  6.440 0.4000000060
54706  34.938  -25.949  5.603 0.4000000060
119385  35.153  -26.034  4.158 0.4000000060
54741  36.471  -25.865  2.450 0.4000000060
54736  35.709  -26.055  2.964 0.4000000060
54742  35.761  -25.199  2.534 0.4000000060
55585  35.412  -25.551  6.174 0.4000000060
55604  35.317  -25.328  5.341 0.4000000060
127671  35.030  -25.619  4.926 0.4000000060
135952  36.420  -25.154  2.088 0.3000000119
55614  35.432  -25.298  3.343 0.4000000060
125856  35.298  -25.241  4.390 0.4000000060
56479  35.671  -25.014  5.821 0.4000000060
33407  26.328  -48.801  8.081 0.8000000119
33390  26.376  -48.925  8.761 0.8999999762
33375  27.004  -48.749  9.733 0.8999999762
32506  26.600  -49.259  9.416 0.8999999762
31534  26.826  -49.805  9.816 0.8999999762
133355  31.182  -48.546  12.906 0.8999999762
34187  31.030  -47.364  12.706 1.0000000000
35058  31.324  -46.826  12.911 1.0000000000
32493  28.547  -49.256  10.973 0.8999999762
33360  30.104  -48.894  11.887 0.8999999762
34200  30.003  -47.741  11.669 0.8999999762
35059  30.904  -46.875  12.217 1.0000000000
33373  28.161  -48.621  10.690 0.8999999762
33361  29.640  -48.421  11.561 0.8999999762
34201  29.348  -47.800  11.136 0.8999999762
120015  30.407  -47.188  11.763 1.0000000000
34213  27.861  -48.019  10.178 0.8999999762
35083  29.501  -46.196  10.446 0.8999999762
54689  32.702  -26.902  5.230 0.4000000060
54708  33.285  -26.604  4.949 0.4000000060
54688  33.618  -26.873  5.493 0.4000000060
53788  34.003  -27.489  6.068 0.4000000060
27555  31.951  -55.216  16.186 0.8999999762
27628  32.352  -54.366  10.543 0.8000000119
27525  29.636  -54.956  16.934 0.8999999762
28563  32.409  -53.686  10.904 0.8000000119
29392  32.359  -52.597  17.867 0.8999999762
29490  31.834  -52.152  11.266 0.8000000119
30524  29.141  -51.585  9.712 0.8000000119
31479  33.119  -50.146  14.622 1.0000000000
31530  29.994  -50.724  10.843 0.8999999762
30515  28.724  -50.854  10.142 0.8000000119
32494  27.788  -49.308  10.576 0.8999999762
31533  27.418  -49.930  10.246 0.8000000119
32470  31.182  -49.216  12.695 0.8999999762
34202  28.607  -47.912  10.648 0.8999999762
30376  30.245  -51.553  18.701 0.8999999762
32414  26.086  -49.575  16.848 0.6000000238
126592  24.297  -48.916  15.638 0.4000000060
33300  24.785  -48.787  16.092 0.4000000060
32445  31.761  -48.671  13.970 1.0000000000
34188  30.578  -47.703  12.257 0.8999999762
32538  25.679  -49.793  7.858 0.6999999881
35110  26.516  -46.458  7.854 0.8000000119
129172  31.612  -49.164  19.351 0.8999999762
118300  27.126  -48.714  6.522 0.6000000238
33252  28.811  -48.331  18.861 0.6999999881
130298  24.935  -47.906  16.175 0.4000000060
34212  28.324  -47.308  10.049 0.8999999762
36137  26.928  -45.866  8.584 0.8999999762
37112  26.899  -45.016  8.457 0.8999999762
36157  28.018  -45.493  6.691 0.6999999881
33239  30.203  -48.451  19.513 0.8000000119
33237  31.973  -48.532  19.534 0.8999999762
36099  32.112  -45.174  12.758 1.0000000000
35074  29.879  -46.987  11.161 0.8999999762
36119  29.504  -45.243  10.086 0.8999999762
34211  29.082  -47.141  10.546 0.8999999762
34097  32.950  -47.249  19.234 0.8000000119
34977  27.018  -46.574  17.823 0.5000000000
37111  27.494  -44.423  9.020 0.8999999762
34962  33.120  -46.278  19.062 0.6999999881
135652  33.455  -44.893  17.333 0.8000000119
36998  33.290  -44.737  16.509 0.8999999762
39005  28.224  -42.645  6.771 0.6999999881
38988  26.366  -42.704  8.173 0.8999999762
122014  26.540  -41.669  7.451 0.8000000119
34964  28.202  -46.293  18.836 0.6000000238
35988  32.188  -45.465  20.227 0.8000000119
35972  30.062  -45.441  20.279 0.6000000238
37987  33.516  -43.358  17.062 0.6999999881
38956  32.294  -41.958  11.933 1.0000000000
38978  28.900  -42.234  9.600 1.0000000000
39937  26.103  -41.409  8.088 0.8999999762
36967  29.433  -44.538  20.102 0.6000000238
35974  28.470  -45.526  19.187 0.5000000000
39901  32.474  -41.886  12.900 0.8999999762
37965  29.092  -43.589  20.067 0.5000000000
39853  34.219  -41.316  16.926 0.6999999881
41796  26.131  -39.523  8.771 0.8999999762
38882  32.327  -43.147  20.339 0.6000000238
38872  31.572  -42.484  20.499 0.5000000000
39830  33.665  -41.494  18.684 0.6999999881
41783  30.680  -38.966  9.980 0.8999999762
41766  32.134  -39.069  12.779 0.8000000119
134210  31.287  -38.598  11.873 0.8000000119
43783  25.380  -36.642  8.279 0.8999999762
39819  31.953  -41.663  20.390 0.5000000000
40757  33.754  -40.668  18.727 0.6999999881
41745  34.428  -39.270  14.790 0.6999999881
42774  30.608  -38.234  10.623 0.8999999762
43770  28.873  -36.799  9.848 0.8999999762
45610  27.381  -35.725  7.350 0.8000000119
45611  26.085  -35.535  7.547 0.8000000119
44660  32.328  -36.420  11.780 0.8000000119
46575  25.322  -34.415  8.751 0.8999999762
46572  28.565  -34.568  9.889 0.8999999762
43684  35.438  -37.456  16.471 0.6000000238
47718  27.673  -33.250  6.786 0.6999999881
48819  27.750  -32.546  8.330 0.8999999762
49938  27.099  -31.088  6.311 0.6999999881
49936  28.612  -31.094  5.399 0.6000000238
50963  28.137  -30.268  5.401 0.6000000238
141670  28.120  -29.420  6.112 0.8000000119
51948  29.163  -28.891  4.850 0.6000000238
51901  29.409  -29.613  6.617 0.6999999881
49953  31.382  -31.400  4.564 0.6000000238
52873  30.946  -27.643  4.467 0.6000000238
50975  32.535  -30.456  4.198 0.6000000238
54710  31.869  -26.898  4.795 0.6000000238
54687  34.552  -26.663  5.993 0.4000000060
54707  34.261  -26.475  5.197 0.4000000060
56519  35.583  -24.716  2.809 0.4000000060
32495  27.154  -49.285  10.059 0.8999999762
19799  30.465  -62.347  13.433 0.4000000060
20793  29.886  -61.869  13.991 0.4000000060
19780  28.203  -62.319  14.386 0.4000000060
20791  31.553  -61.319  13.407 0.4000000060
20768  29.286  -61.355  14.430 0.4000000060
20769  28.452  -61.566  14.494 0.4000000060
133493  32.205  -60.320  13.335 0.3000000119
20767  30.185  -61.174  14.289 0.4000000060
21792  32.597  -59.984  12.939 0.4000000060
127162  32.967  -59.718  12.116 0.4000000060
22792  33.061  -59.244  11.352 0.4000000060
24732  32.681  -57.315  10.053 0.4000000060
21757  29.573  -60.578  14.791 0.5000000000
127615  28.641  -60.873  14.710 0.4000000060
21755  31.179  -60.187  14.263 0.4000000060
21756  30.478  -60.561  14.490 0.4000000060
141514  32.865  -59.284  12.690 0.5000000000
121468  33.149  -58.889  12.143 0.4000000060
23759  33.163  -58.292  11.336 0.4000000060
24718  33.040  -57.517  10.702 0.5000000000
26690  32.445  -56.133  10.106 0.5000000000
26691  31.987  -56.028  9.578 0.6000000238
25718  31.886  -56.854  9.140 0.5000000000
26700  30.787  -55.666  8.276 0.6000000238
26706  30.183  -55.487  7.784 0.4000000060
128626  28.712  -60.276  14.989 0.5000000000
21758  27.919  -60.393  14.799 0.5000000000
120943  27.121  -60.238  14.450 0.5000000000
22752  31.356  -59.281  14.484 0.6000000238
22753  30.371  -59.839  14.900 0.6000000238
23741  32.110  -59.029  13.942 0.5000000000
23720  31.863  -58.447  14.353 0.6000000238
22782  32.543  -59.187  13.321 0.5000000000
123879  32.985  -58.617  12.910 0.5000000000
24717  33.293  -57.392  11.623 0.4000000060
25686  33.184  -56.660  11.065 0.6000000238
27641  31.548  -55.204  9.408 0.6000000238
27642  31.001  -54.323  9.109 0.6000000238
28590  30.224  -53.830  8.663 0.6000000238
27650  31.049  -55.176  8.789 0.6000000238
27651  30.407  -54.771  8.357 0.6000000238
27660  29.813  -54.859  7.833 0.6000000238
27661  29.152  -54.615  7.629 0.6000000238
22754  29.263  -59.796  15.231 0.5000000000
22755  28.284  -59.657  15.174 0.5000000000
22756  27.528  -59.563  14.828 0.5000000000
22757  26.816  -59.373  14.317 0.5000000000
120952  30.655  -59.072  15.065 0.6000000238
23740  32.550  -58.345  13.672 0.6000000238
24704  33.136  -57.805  13.124 0.5000000000
24669  32.239  -57.817  14.204 0.6000000238
24703  33.356  -57.215  12.516 0.6000000238
26670  33.232  -55.862  11.410 0.6000000238
27629  31.715  -54.396  9.849 0.6000000238
27652  29.676  -54.225  8.140 0.6000000238
140416  28.236  -53.628  7.899 0.6999999881
22738  28.816  -59.027  15.489 0.6000000238
22739  27.853  -58.815  15.344 0.5000000000
131782  27.270  -58.912  14.823 0.5000000000
23721  31.160  -58.492  14.946 0.6000000238
23702  30.372  -58.494  15.403 0.6000000238
23723  26.917  -58.488  14.385 0.5000000000
24672  26.737  -57.818  13.670 0.5000000000
24652  30.860  -57.865  15.390 0.6000000238
25672  33.430  -56.400  12.705 0.6000000238
129822  28.235  -52.580  8.667 0.6999999881
23703  29.464  -58.401  15.629 0.6000000238
23704  28.502  -58.193  15.628 0.6000000238
23722  27.368  -58.256  15.031 0.6000000238
126618  30.069  -57.834  15.729 0.6000000238
23705  27.822  -57.917  15.503 0.6000000238
138328  27.431  -57.604  15.165 0.6000000238
24671  27.070  -57.671  14.540 0.6000000238
24689  26.598  -57.094  12.711 0.5000000000
24670  31.633  -57.675  14.808 0.6000000238
25673  26.204  -56.361  12.160 0.6000000238
29540  27.335  -52.455  8.529 0.6999999881
24653  29.226  -57.618  15.821 0.6000000238
24655  27.754  -57.127  15.493 0.6000000238
127856  29.935  -57.138  16.062 0.6000000238
25626  29.119  -56.796  16.077 0.6000000238
24654  28.390  -57.364  15.762 0.6000000238
129796  27.221  -56.951  14.897 0.6000000238
24688  26.802  -56.821  13.867 0.6000000238
24651  31.169  -57.176  15.439 0.6000000238
25656  26.719  -55.982  13.740 0.6000000238
25639  31.791  -56.795  15.000 0.6000000238
26637  33.040  -55.858  14.165 0.6000000238
30541  26.788  -51.736  8.966 0.6999999881
30527  26.319  -50.968  9.288 0.6999999881
25625  30.660  -56.781  15.966 0.6000000238
25627  28.272  -56.507  15.875 0.6999999881
25628  27.564  -56.287  15.342 0.6999999881
25624  31.347  -56.473  15.669 0.6000000238
31546  26.213  -50.154  9.254 0.6999999881
25608  30.880  -56.227  16.208 0.6999999881
25609  29.995  -56.241  16.434 0.6999999881
26606  28.044  -55.505  15.858 0.6999999881
25640  27.022  -56.149  14.516 0.6000000238
26607  27.247  -55.481  15.039 0.6999999881
27570  26.872  -54.819  14.721 0.6000000238
26638  26.393  -55.438  13.352 0.5000000000
32524  25.887  -49.680  8.378 0.8000000119
26589  30.102  -55.522  16.729 0.6999999881
25610  28.945  -55.954  16.347 0.6999999881
27557  27.487  -54.767  15.454 0.6999999881
130082  26.066  -55.055  13.187 0.5000000000
27558  26.967  -54.207  15.235 0.6000000238
137420  26.522  -54.292  14.580 0.6000000238
46570  30.285  -34.641  9.769 0.6999999881
44653  33.560  -36.937  12.564 0.6999999881
44654  32.617  -36.939  12.324 0.6999999881
45561  31.979  -35.952  11.200 0.6999999881
43727  34.649  -37.375  13.537 0.6000000238
44652  34.417  -36.899  12.916 0.6000000238
45577  31.563  -35.467  10.658 0.6999999881
46569  31.685  -34.482  9.698 0.6999999881
122473  30.002  -34.125  9.235 0.6999999881
134386  29.707  -33.553  8.799 0.6999999881
45548  34.217  -36.262  12.333 0.6000000238
44659  33.238  -36.288  12.045 0.6999999881
46551  32.900  -34.792  10.247 0.6999999881
44638  35.521  -36.112  13.819 0.6000000238
47689  30.980  -34.185  9.315 0.6999999881
47705  30.481  -33.524  8.701 0.6999999881
49891  29.813  -31.866  7.561 0.6999999881
44651  35.007  -36.216  12.885 0.6000000238
45547  35.023  -35.593  12.107 0.6000000238
45559  34.576  -35.177  11.215 0.6000000238
123035  33.649  -34.682  10.228 0.6999999881
46568  32.452  -34.428  9.672 0.6999999881
47704  31.428  -33.501  8.635 0.6999999881
48816  30.907  -32.866  8.153 0.6999999881
129407  30.504  -32.312  7.670 0.6999999881
45540  35.690  -35.524  13.031 0.6000000238
135650  35.123  -34.662  10.796 0.5000000000
46550  34.315  -34.742  10.526 0.6000000238
47686  33.784  -33.939  9.110 0.5000000000
47703  32.360  -33.453  8.544 0.6999999881
48829  32.286  -32.356  7.295 0.6999999881
49906  31.749  -31.602  6.884 0.6999999881
55613  37.662  -26.050  3.978 0.3000000119
54734  37.180  -26.663  3.418 0.3000000119
54735  36.490  -26.666  2.981 0.3000000119
19800  29.612  -62.611  13.757 0.4000000060
19801  28.768  -62.866  14.091 0.3000000119
18798  27.309  -63.347  14.347 0.4000000060
19798  31.324  -62.057  13.133 0.3000000119
19781  27.368  -62.536  14.377 0.4000000060
121503  32.738  -60.582  12.207 0.4000000060
20770  27.757  -61.711  14.481 0.4000000060
122562  32.919  -58.766  10.611 0.4000000060
23768  32.692  -58.148  10.046 0.4000000060
25717  32.395  -56.742  9.767 0.5000000000
25732  31.010  -56.406  8.209 0.4000000060
21760  26.774  -60.923  14.161 0.4000000060
129170  26.534  -60.094  13.779 0.5000000000
27662  28.219  -54.315  7.426 0.6000000238
140621  26.554  -59.445  13.724 0.5000000000
23742  26.588  -58.763  13.537 0.5000000000
23751  26.517  -58.666  12.474 0.5000000000
28607  27.520  -53.680  7.646 0.6000000238
128472  26.608  -58.023  12.864 0.5000000000
24705  26.403  -56.995  11.843 0.4000000060
25657  26.541  -56.143  12.980 0.5000000000
30542  25.796  -51.561  8.710 0.6999999881
26656  25.985  -55.587  12.591 0.5000000000
139060  25.288  -50.821  8.784 0.8000000119
31561  25.004  -50.467  8.148 0.6999999881
26639  25.527  -55.272  13.067 0.5000000000
27585  25.816  -54.610  13.635 0.6000000238
41699  34.485  -39.765  18.019 0.6000000238
44616  35.544  -36.488  14.574 0.6000000238
46549  35.940  -34.400  10.984 0.5000000000
47684  35.698  -33.670  9.593 0.5000000000
47685  34.710  -33.777  9.274 0.5000000000
48813  33.763  -32.836  7.951 0.5000000000
48828  33.265  -32.301  7.340 0.5000000000
50928  33.338  -30.875  6.626 0.5000000000
55612  37.945  -25.263  3.710 0.3000000119
55621  37.529  -25.855  2.972 0.3000000119
54740  37.056  -26.214  2.605 0.3000000119
25638  32.444  -56.349  14.610 0.6000000238
122441  32.289  -57.123  14.381 0.6000000238
24686  33.222  -56.959  13.267 0.6000000238
27556  28.102  -54.588  16.051 0.8000000119
29539  29.070  -52.809  8.848 0.6999999881
29524  27.773  -51.891  9.079 0.6999999881
31545  26.929  -50.446  9.793 0.6999999881
48817  29.806  -32.749  8.260 0.6999999881
50929  32.366  -30.674  6.564 0.6000000238
32507  26.130  -49.647  8.895 0.8000000119
31563  23.785  -50.845  7.861 0.6999999881
45560  32.907  -35.796  11.401 0.6999999881
20792  30.741  -61.626  13.721 0.4000000060
21778  31.029  -60.957  14.064 0.4000000060
21793  32.313  -60.861  12.999 0.3000000119
21776  31.980  -59.802  13.717 0.5000000000
21759  27.456  -61.017  14.476 0.5000000000
24744  32.279  -57.558  9.493 0.3000000119
25743  30.514  -56.308  7.744 0.4000000060
21779  26.307  -60.883  13.425 0.5000000000
26621  26.373  -54.747  13.863 0.6000000238
47688  31.959  -33.998  9.160 0.6999999881
122412  33.900  -35.700  11.682 0.6999999881
45575  33.534  -35.190  10.844 0.6999999881
46567  33.308  -34.393  9.667 0.6999999881
120601  35.483  -34.908  11.535 0.6000000238
46566  34.229  -34.334  9.807 0.6000000238
47687  32.858  -33.970  9.089 0.6999999881
48815  31.846  -32.936  7.956 0.6999999881
48830  31.323  -32.330  7.439 0.6999999881
46531  35.865  -34.955  12.395 0.5000000000
141159  35.005  -34.080  9.848 0.5000000000
47702  33.298  -33.423  8.513 0.5000000000
48814  32.796  -32.912  7.895 0.5000000000
49905  32.787  -31.631  6.860 0.6999999881
46530  36.432  -34.289  12.781 0.5000000000
47700  35.304  -33.265  8.719 0.5000000000
50927  34.208  -30.856  6.740 0.5000000000
140285  25.307  -52.186  8.037 0.6000000238
29542  24.495  -51.564  8.053 0.6000000238
31595  26.533  -50.440  6.605 0.5000000000
30574  24.008  -51.322  7.127 0.6000000238
127620  25.304  -50.490  7.537 0.6000000238
129353  27.772  -50.174  6.051 0.5000000000
32553  26.938  -49.578  6.556 0.5000000000
32554  26.227  -49.892  7.184 0.6000000238
29445  25.217  -52.875  14.923 0.5000000000
33419  26.440  -48.885  7.452 0.6000000238
126327  28.546  -48.825  5.975 0.5000000000
32552  27.668  -49.347  6.134 0.5000000000
29433  24.879  -52.163  15.274 0.4000000060
130547  23.849  -53.208  14.879 0.4000000060
30454  23.920  -51.918  15.295 0.4000000060
33442  29.304  -48.302  5.904 0.5000000000
33443  28.891  -48.013  6.013 0.5000000000
31464  23.617  -51.030  15.405 0.4000000060
35132  30.010  -46.656  5.500 0.5000000000
31481  22.906  -50.704  15.083 0.4000000060
34978  26.432  -46.313  17.270 0.4000000060
34123  25.858  -46.845  16.901 0.4000000060
128352  25.148  -46.905  16.172 0.4000000060
38874  29.648  -42.801  20.300 0.4000000060
131595  27.481  -45.171  18.253 0.4000000060
36009  26.887  -45.640  17.600 0.4000000060
39821  29.634  -41.580  20.210 0.4000000060
36981  27.607  -44.334  18.455 0.4000000060
36010  26.292  -45.726  17.090 0.4000000060
37975  27.163  -43.651  18.159 0.4000000060
36992  26.915  -44.595  17.699 0.4000000060
34988  25.985  -46.075  16.859 0.4000000060
34989  25.510  -46.095  16.418 0.4000000060
36968  28.699  -44.122  19.683 0.4000000060
37966  28.383  -43.525  19.459 0.4000000060
36980  28.194  -44.191  19.097 0.4000000060
39820  30.460  -41.255  20.298 0.4000000060
119728  28.662  -42.841  19.832 0.4000000060
38883  28.069  -42.938  19.209 0.4000000060
37974  27.827  -43.543  18.789 0.4000000060
38884  27.448  -42.695  18.613 0.4000000060
36993  26.320  -45.152  17.116 0.4000000060
38885  26.714  -42.046  18.229 0.4000000060
37982  26.028  -43.174  17.293 0.4000000060
36024  25.850  -45.540  16.687 0.4000000060
39818  32.650  -41.457  19.968 0.4000000060
40742  29.650  -40.731  20.006 0.4000000060
126342  28.710  -41.227  19.787 0.4000000060
39817  33.228  -41.061  19.401 0.5000000000
120495  32.091  -40.975  20.231 0.4000000060
40741  30.588  -40.420  20.087 0.4000000060
40743  28.836  -40.240  19.613 0.4000000060
40744  28.113  -40.600  19.439 0.4000000060
39822  27.875  -41.216  19.359 0.4000000060
39832  27.379  -41.626  18.809 0.4000000060
40758  27.342  -40.537  18.877 0.4000000060
41678  33.187  -40.162  19.259 0.5000000000
41679  32.393  -39.699  19.618 0.5000000000
40740  31.633  -40.194  20.052 0.4000000060
41681  30.706  -39.615  19.772 0.4000000060
41682  29.775  -39.789  19.685 0.4000000060
41701  33.058  -39.223  19.189 0.5000000000
41680  31.495  -39.279  19.632 0.4000000060
139059  30.178  -39.286  19.561 0.4000000060
42655  29.687  -38.940  19.373 0.4000000060
42670  31.859  -38.024  19.159 0.4000000060
42653  31.391  -38.562  19.366 0.4000000060
42654  30.593  -38.815  19.422 0.4000000060
124774  29.912  -38.170  19.070 0.4000000060
43658  32.421  -37.479  18.758 0.4000000060
44564  31.971  -36.745  18.417 0.4000000060
43659  31.448  -37.337  18.718 0.4000000060
44565  31.052  -36.667  18.383 0.4000000060
44578  30.622  -35.928  18.000 0.4000000060
41714  34.399  -39.030  18.180 0.5000000000
140913  33.948  -37.352  18.342 0.5000000000
44563  33.121  -36.824  18.375 0.4000000060
44577  31.492  -36.144  18.136 0.4000000060
122236  29.836  -35.404  17.648 0.3000000119
42683  35.342  -38.298  16.725 0.5000000000
42669  32.795  -38.290  19.102 0.5000000000
42671  30.841  -37.925  19.066 0.4000000060
127128  29.960  -37.173  18.524 0.4000000060
121493  30.605  -37.233  18.612 0.4000000060
43671  34.596  -37.495  17.887 0.5000000000
43672  34.231  -36.619  18.032 0.5000000000
44576  32.352  -36.032  18.071 0.4000000060
122242  30.606  -35.218  17.587 0.3000000119
44574  35.352  -36.728  17.029 0.5000000000
44575  33.491  -35.866  17.953 0.4000000060
45485  32.563  -35.296  17.607 0.4000000060
46464  31.924  -34.644  17.297 0.4000000060
121492  31.500  -35.423  17.702 0.3000000119
46466  30.096  -34.683  17.303 0.3000000119
125273  35.516  -35.781  16.693 0.5000000000
44590  35.580  -36.640  16.195 0.4000000060
136970  35.762  -35.955  15.871 0.5000000000
45483  34.224  -34.732  17.194 0.3000000119
45484  33.433  -35.057  17.461 0.4000000060
133420  32.733  -34.665  17.267 0.4000000060
46485  31.378  -33.922  16.868 0.3000000119
46465  30.986  -34.644  17.297 0.3000000119
46487  29.542  -34.145  16.828 0.3000000119
45501  35.009  -35.163  17.188 0.3000000119
45514  35.913  -35.224  15.924 0.4000000060
45513  36.125  -34.765  15.254 0.4000000060
133510  36.077  -35.083  14.027 0.4000000060
127031  36.154  -34.832  13.186 0.4000000060
46463  33.357  -34.367  17.027 0.3000000119
47605  30.776  -33.473  16.433 0.3000000119
46486  30.446  -34.054  16.869 0.3000000119
47607  28.997  -33.595  16.315 0.3000000119
47608  28.064  -33.698  16.262 0.3000000119
46483  34.904  -34.397  16.779 0.3000000119
47606  29.922  -33.533  16.359 0.3000000119
47631  28.452  -33.074  15.630 0.3000000119
45500  35.529  -34.810  16.517 0.3000000119
46505  35.942  -34.419  15.835 0.3000000119
46511  36.378  -34.293  14.633 0.3000000119
46542  36.197  -34.393  11.852 0.4000000060
47676  36.214  -33.830  10.422 0.4000000060
47701  34.266  -33.355  8.575 0.4000000060
47632  27.480  -33.257  15.704 0.3000000119
119116  34.659  -33.719  16.345 0.3000000119
46462  34.069  -34.066  16.734 0.3000000119
46482  35.435  -34.018  16.218 0.3000000119
47625  36.378  -33.578  14.948 0.3000000119
124600  36.477  -34.226  13.714 0.3000000119
47661  36.700  -33.666  12.285 0.4000000060
48775  36.926  -32.847  12.727 0.3000000119
132498  36.763  -33.200  10.785 0.4000000060
48800  36.180  -33.031  8.933 0.4000000060
48811  35.686  -32.589  8.199 0.4000000060
48812  34.746  -32.756  8.041 0.4000000060
48827  34.229  -32.225  7.452 0.4000000060
132492  36.934  -33.047  11.764 0.3000000119
48793  37.051  -32.389  11.251 0.3000000119
48799  36.785  -32.343  9.436 0.4000000060
48810  36.426  -32.167  8.530 0.4000000060
49902  35.471  -31.355  7.367 0.4000000060
134317  36.096  -30.023  7.253 0.4000000060
50926  35.057  -30.770  6.941 0.4000000060
50947  33.819  -30.179  6.430 0.4000000060
51916  32.628  -29.851  6.341 0.5000000000
48786  37.036  -32.259  12.199 0.3000000119
49876  37.190  -31.661  10.704 0.3000000119
128636  36.925  -31.647  8.952 0.4000000060
49901  36.654  -31.220  8.235 0.4000000060
135611  36.466  -30.497  7.673 0.4000000060
50925  35.813  -30.657  7.234 0.4000000060
51896  36.605  -29.641  7.680 0.3000000119
51897  35.976  -29.254  7.010 0.4000000060
136467  34.668  -28.824  6.483 0.3000000119
51915  33.322  -29.407  6.276 0.3000000119
52828  32.412  -29.049  6.248 0.4000000060
52826  34.690  -28.081  6.488 0.3000000119
49865  37.128  -30.800  11.337 0.3000000119
49875  37.347  -30.760  10.457 0.3000000119
50903  37.232  -30.906  8.996 0.3000000119
50912  37.097  -30.166  8.363 0.3000000119
51886  37.095  -29.290  8.208 0.3000000119
128930  36.663  -28.626  7.745 0.3000000119
52811  35.925  -28.357  7.147 0.3000000119
52825  35.334  -28.606  6.705 0.3000000119
53775  35.399  -27.662  6.831 0.3000000119
50885  37.210  -29.943  10.994 0.3000000119
50893  37.426  -30.031  10.119 0.3000000119
51885  37.431  -29.387  8.879 0.3000000119
52802  37.290  -28.607  8.591 0.3000000119
53761  37.104  -27.637  8.340 0.3000000119
53774  36.232  -27.606  7.526 0.3000000119
54673  35.670  -26.687  7.221 0.3000000119
54674  35.117  -26.898  6.583 0.3000000119
55571  35.683  -25.825  7.030 0.3000000119
55584  35.984  -25.054  6.647 0.3000000119
41700  33.866  -39.725  18.610 0.5000000000
29541  26.333  -52.377  8.362 0.6000000238
28594  25.280  -53.004  7.316 0.5000000000
29554  24.293  -52.053  7.227 0.5000000000
30593  25.733  -52.042  6.251 0.5000000000
30594  24.864  -51.909  6.476 0.5000000000
32563  28.391  -49.817  6.026 0.5000000000
126030  27.455  -50.954  6.144 0.5000000000
140821  26.889  -50.956  6.314 0.5000000000
27571  26.063  -54.065  14.187 0.6000000238
28508  25.629  -53.482  14.559 0.6000000238
27573  24.576  -54.274  14.320 0.5000000000
28510  23.858  -53.865  14.650 0.5000000000
29447  23.351  -52.543  15.030 0.4000000060
29448  22.403  -52.437  14.669 0.4000000060
30455  22.835  -51.570  15.022 0.4000000060
31482  22.220  -50.728  14.513 0.4000000060
34141  24.671  -47.304  15.681 0.3000000119
35006  25.024  -46.014  15.808 0.4000000060
140951  25.914  -43.861  17.064 0.4000000060
36999  25.776  -44.937  16.599 0.4000000060
38889  26.111  -42.343  17.586 0.4000000060
41683  28.850  -39.329  19.341 0.4000000060
39833  26.753  -41.135  18.365 0.4000000060
40770  26.309  -40.555  17.899 0.4000000060
41684  28.012  -39.817  19.282 0.4000000060
42672  28.927  -38.374  18.925 0.4000000060
41703  27.334  -39.488  18.643 0.4000000060
44566  30.224  -36.647  18.331 0.4000000060
44579  29.656  -36.130  18.025 0.4000000060
43660  29.381  -37.560  18.603 0.4000000060
44567  29.472  -36.825  18.297 0.4000000060
46467  29.195  -34.852  17.242 0.3000000119
46488  28.619  -34.265  16.761 0.3000000119
46468  28.241  -34.973  17.195 0.3000000119
32551  29.104  -49.103  5.983 0.5000000000
32446  23.184  -49.285  14.947 0.4000000060
38890  25.584  -42.585  16.965 0.4000000060
39843  25.630  -41.787  17.196 0.4000000060
41702  28.056  -38.935  18.863 0.4000000060
33431  26.708  -49.037  6.895 0.5000000000
38873  30.415  -42.141  20.427 0.4000000060
136634  34.887  -38.423  17.572 0.5000000000
45528  35.924  -35.642  14.976 0.5000000000
140342  31.166  -41.711  20.438 0.4000000060
43670  35.163  -37.551  17.252 0.5000000000
30572  25.012  -51.394  6.676 0.6000000238
31594  27.248  -50.201  6.238 0.5000000000
31608  28.004  -50.783  6.039 0.5000000000
37976  26.671  -42.950  17.905 0.4000000060
37981  26.502  -43.786  17.523 0.4000000060
40739  32.576  -40.590  19.803 0.5000000000
140354  26.774  -40.548  18.383 0.4000000060
39842  26.182  -41.467  17.779 0.4000000060
42652  32.187  -38.829  19.400 0.4000000060
42668  33.636  -38.708  18.691 0.5000000000
42684  34.203  -38.130  18.304 0.5000000000
43657  33.375  -37.778  18.673 0.5000000000
139461  34.854  -36.088  17.469 0.5000000000
119980  34.901  -36.893  17.576 0.5000000000
140670  34.254  -35.997  17.831 0.4000000060
134240  34.251  -35.477  17.558 0.4000000060
141888  36.130  -34.930  14.740 0.4000000060
47683  36.476  -33.199  9.840 0.4000000060
48720  35.945  -33.645  15.524 0.3000000119
48825  36.025  -31.848  7.785 0.4000000060
136723  36.941  -32.524  10.314 0.3000000119
50946  34.670  -30.139  6.574 0.4000000060
49884  37.224  -31.457  9.732 0.3000000119
51865  37.291  -29.344  10.458 0.3000000119
50911  37.451  -30.106  9.265 0.3000000119
52801  37.472  -28.722  9.424 0.3000000119
26671  25.475  -56.061  11.921 0.4000000060
26672  24.999  -56.013  11.908 0.4000000060
25674  24.708  -56.254  12.323 0.3000000119
135848  25.344  -55.709  12.348 0.4000000060
25658  24.512  -56.107  13.536 0.3000000119
26708  28.665  -55.166  7.059 0.5000000000
27586  25.155  -54.674  13.769 0.5000000000
26640  24.862  -55.352  13.575 0.3000000119
28608  26.589  -53.719  7.372 0.5000000000
26709  27.744  -55.013  6.704 0.5000000000
27572  25.372  -54.063  14.144 0.5000000000
28592  26.928  -53.068  7.966 0.5000000000
26710  26.800  -54.968  6.431 0.5000000000
27665  25.777  -54.323  6.339 0.3000000119
28593  25.971  -53.060  7.708 0.5000000000
27653  25.821  -53.716  7.034 0.4000000060
28609  25.499  -53.550  6.742 0.4000000060
26730  25.865  -54.780  5.470 0.3000000119
27672  25.640  -54.519  5.858 0.3000000119
27695  25.864  -54.498  5.197 0.3000000119
28630  25.605  -53.583  5.798 0.3000000119
29588  26.882  -52.686  5.539 0.3000000119
28643  26.019  -54.091  4.972 0.3000000119
29590  25.564  -52.845  6.101 0.4000000060
28617  25.373  -53.188  6.412 0.4000000060
30591  27.567  -51.816  5.847 0.4000000060
29589  26.172  -52.813  5.682 0.4000000060
129252  22.624  -49.986  14.722 0.3000000119
36025  25.325  -45.352  16.093 0.3000000119
37988  25.608  -44.291  16.605 0.3000000119
37000  25.345  -44.724  16.162 0.3000000119
37983  25.462  -43.452  16.610 0.3000000119
37989  25.127  -44.125  16.059 0.3000000119
38897  25.148  -42.666  16.333 0.3000000119
40771  25.696  -40.938  17.278 0.3000000119
40759  26.749  -40.005  18.327 0.3000000119
124553  26.726  -39.225  18.007 0.3000000119
41715  26.340  -39.782  17.756 0.3000000119
41716  25.836  -40.062  17.254 0.3000000119
41725  25.443  -39.548  16.634 0.3000000119
138777  28.647  -37.736  18.474 0.3000000119
43662  28.115  -38.159  18.423 0.3000000119
42673  27.316  -38.566  18.213 0.3000000119
42686  26.563  -38.413  17.662 0.3000000119
43661  28.677  -37.075  18.185 0.3000000119
133562  27.585  -37.767  17.996 0.3000000119
42685  26.961  -37.920  17.774 0.3000000119
44580  27.381  -36.469  17.628 0.3000000119
43674  27.072  -37.235  17.687 0.3000000119
44581  26.393  -36.583  17.502 0.3000000119
126296  28.971  -36.398  18.044 0.3000000119
117939  28.255  -36.394  17.832 0.3000000119
45488  26.872  -35.773  17.409 0.3000000119
26707  29.471  -55.369  7.409 0.5000000000
30592  26.751  -51.834  6.062 0.4000000060
30456  21.784  -51.554  14.248 0.3000000119
43673  27.855  -37.084  17.900 0.3000000119
26622  24.374  -55.074  14.203 0.3000000119
27574  23.807  -54.687  14.489 0.3000000119
131793  23.172  -54.194  14.574 0.3000000119
20794  26.419  -61.546  13.947 0.4000000060
20812  25.964  -61.020  12.395 0.4000000060
21810  26.053  -60.295  10.730 0.4000000060
22802  26.177  -59.537  10.359 0.3000000119
21794  26.300  -60.203  12.692 0.4000000060
22783  26.365  -59.398  11.909 0.4000000060
25731  31.339  -57.060  8.443 0.3000000119
22773  26.493  -59.450  13.006 0.4000000060
23769  26.127  -58.189  10.323 0.3000000119
24733  25.801  -57.415  10.740 0.3000000119
134165  26.503  -58.523  11.624 0.4000000060
25705  24.897  -56.899  11.074 0.3000000119
24734  25.092  -57.359  10.619 0.3000000119
24720  24.534  -57.235  11.171 0.3000000119
120203  26.530  -57.775  11.948 0.4000000060
25704  25.194  -56.919  11.042 0.3000000119
25688  25.040  -56.425  11.422 0.3000000119
20818  25.840  -60.955  11.244 0.4000000060
21803  26.108  -60.279  11.670 0.4000000060
24706  24.338  -56.844  12.027 0.3000000119
20771  27.072  -61.685  14.323 0.3000000119
23761  24.058  -58.330  11.355 0.3000000119
18797  27.976  -63.119  14.337 0.3000000119
19779  29.013  -62.094  14.223 0.4000000060
21777  31.714  -60.585  13.639 0.5000000000
22737  29.842  -59.140  15.379 0.6000000238
22793  26.272  -59.691  11.088 0.3000000119
22801  32.816  -59.524  10.618 0.4000000060
23750  33.237  -58.050  12.291 0.4000000060
24687  32.720  -57.445  13.748 0.6000000238
24719  26.316  -57.323  11.322 0.4000000060
24721  24.123  -57.570  11.880 0.3000000119
24735  24.852  -57.438  10.692 0.3000000119
25685  33.390  -56.574  11.899 0.6000000238
25687  25.781  -56.695  11.396 0.3000000119
25689  24.796  -56.508  11.548 0.4000000060
25703  32.785  -56.704  10.375 0.5000000000
26590  29.511  -55.539  16.627 0.6999999881
26620  26.761  -55.420  14.171 0.5000000000
26657  25.021  -55.703  12.636 0.3000000119
26699  31.420  -56.024  8.812 0.5000000000
26711  26.126  -54.890  6.210 0.3000000119
27541  27.600  -54.029  15.825 0.8000000119
27553  32.973  -54.358  15.321 1.0000000000
27663  27.195  -54.343  7.061 0.5000000000
27664  26.336  -54.342  6.713 0.5000000000
27666  25.565  -53.776  6.338 0.3000000119
27673  25.531  -54.018  5.821 0.3000000119
27681  25.705  -54.387  5.396 0.3000000119
27682  25.688  -54.084  5.231 0.3000000119
28482  27.910  -53.563  16.333 0.8999999762
28509  24.718  -53.475  14.589 0.5000000000
28511  22.928  -53.363  14.774 0.4000000060
28591  29.414  -53.505  8.487 0.6999999881
28595  24.682  -52.251  7.509 0.5000000000
28606  28.895  -53.919  8.000 0.6000000238
28610  24.990  -53.025  6.973 0.4000000060
28628  26.365  -53.480  5.171 0.3000000119
28629  25.832  -53.592  5.381 0.4000000060
29430  27.320  -52.941  16.117 0.6999999881
29446  24.347  -52.721  15.031 0.4000000060
29525  24.978  -51.360  8.444 0.6000000238
29543  23.848  -51.107  8.058 0.6000000238
29555  23.870  -51.278  7.472 0.6999999881
29569  24.586  -52.387  6.833 0.4000000060
29570  24.151  -51.706  7.061 0.6000000238
29591  25.078  -52.616  6.474 0.5000000000
29592  24.366  -51.854  6.783 0.6000000238
30415  27.111  -51.615  16.606 0.6999999881
30528  24.358  -50.982  8.362 0.6000000238
30529  23.935  -50.784  8.167 0.6000000238
30571  26.098  -51.254  6.473 0.5000000000
30573  24.336  -51.482  6.856 0.6000000238
31428  33.141  -50.294  17.503 0.8999999762
31518  31.045  -50.612  11.684 0.8999999762
31519  30.369  -50.349  11.407 0.8999999762
31547  25.483  -50.292  8.624 0.8000000119
31548  24.569  -50.711  8.304 0.6999999881
31562  24.025  -50.588  8.079 0.6999999881
31576  24.556  -50.588  7.857 0.6999999881
31577  23.884  -50.806  7.735 0.6999999881
31578  23.805  -50.978  7.462 0.6999999881
31596  24.433  -50.929  7.252 0.6000000238
32380  32.052  -49.797  19.032 0.8999999762
32423  33.110  -49.391  15.424 1.0000000000
33253  28.014  -48.383  18.407 0.6999999881
33266  27.247  -48.335  17.902 0.6000000238
33333  31.408  -48.204  13.389 1.0000000000
33344  31.021  -47.947  12.831 0.8999999762
33374  27.498  -48.686  10.207 0.8999999762
34112  26.522  -47.122  17.468 0.6000000238
34158  31.732  -47.715  14.030 1.0000000000
34267  29.684  -47.545  5.739 0.5000000000
34952  31.846  -46.386  20.197 0.8000000119
34965  27.652  -46.939  18.441 0.6000000238
35073  30.558  -46.543  11.526 1.0000000000
35123  27.575  -46.642  6.682 0.6000000238
35124  26.904  -46.616  6.857 0.8000000119
35973  29.160  -45.425  19.784 0.6000000238
36978  33.042  -44.602  19.222 0.6999999881
36991  33.479  -44.178  17.228 0.8000000119
37076  31.883  -44.624  12.251 1.0000000000
37094  31.301  -44.129  11.146 1.0000000000
37135  27.066  -44.487  7.241 0.6999999881
38006  32.803  -43.334  15.440 0.8000000119
38055  32.450  -43.246  13.291 1.0000000000
38056  32.041  -43.824  12.191 1.0000000000
38132  31.208  -43.761  5.553 0.6000000238
38133  30.385  -43.650  5.959 0.6000000238
38875  28.117  -42.097  19.435 0.4000000060
39006  27.336  -42.544  6.953 0.6999999881
39007  26.777  -42.482  7.191 0.6999999881
39017  29.932  -42.804  6.222 0.6000000238
39919  30.662  -41.407  9.832 1.0000000000
39929  28.314  -41.659  9.597 1.0000000000
39932  25.956  -40.746  8.123 0.8999999762
39956  27.145  -41.789  7.087 0.6999999881
39963  29.455  -42.033  6.377 0.6999999881
40756  34.322  -40.436  18.132 0.6999999881
40807  33.367  -40.478  14.585 0.8000000119
40854  29.575  -40.622  9.485 1.0000000000
40882  25.823  -40.082  7.902 0.8999999762
41782  30.978  -38.862  10.730 0.8999999762
41792  30.453  -39.903  9.633 0.8999999762
41795  26.664  -39.134  9.194 1.0000000000
41829  27.967  -39.504  6.790 0.6999999881
41832  25.814  -39.376  7.672 0.8000000119
42717  35.247  -37.967  15.036 0.6999999881
42734  32.851  -38.867  13.152 0.8000000119
42763  30.638  -37.657  11.252 0.8999999762
42831  28.576  -38.623  6.737 0.6999999881
43747  32.053  -37.592  12.476 0.8000000119
43771  28.002  -36.766  9.558 0.8999999762
43798  25.359  -36.540  8.281 0.8999999762
43814  28.652  -37.359  7.254 0.6999999881
43817  25.320  -37.018  7.927 0.8999999762
43832  26.876  -37.511  6.832 0.6999999881
43834  25.689  -37.707  7.599 0.8000000119
44639  34.953  -36.713  13.418 0.6000000238
44675  26.058  -35.884  8.974 0.8999999762
44687  25.523  -36.229  8.621 0.8999999762
44688  25.182  -35.984  8.634 0.8999999762
44698  25.238  -35.853  8.517 0.8999999762
44713  27.015  -36.389  7.185 0.8000000119
44714  26.343  -36.263  7.338 0.8000000119
44715  25.634  -36.161  7.695 0.8000000119
44732  26.087  -36.701  7.335 0.8000000119
44733  25.645  -36.905  7.625 0.8000000119
45576  32.491  -35.355  10.736 0.6999999881
45584  25.069  -35.120  8.899 0.8999999762
45598  25.059  -35.282  8.784 0.8000000119
45613  25.067  -34.841  8.008 0.8000000119
46504  36.256  -34.134  15.274 0.3000000119
46552  32.017  -34.889  10.200 0.6999999881
46553  31.028  -34.904  10.138 0.8000000119
46557  26.301  -34.831  9.218 0.8999999762
46558  25.257  -34.682  9.052 0.8999999762
46565  35.518  -34.182  10.324 0.5000000000
46576  25.141  -34.945  8.897 0.8000000119
46582  25.257  -34.613  8.639 0.8000000119
46589  26.813  -34.965  7.426 0.6999999881
46600  26.542  -34.010  7.499 0.8000000119
47643  36.744  -33.492  13.270 0.3000000119
47669  36.509  -33.809  11.320 0.4000000060
47691  28.230  -34.043  9.460 0.8999999762
47692  27.485  -33.894  9.192 0.8999999762
47693  26.693  -33.923  8.945 0.8999999762
47711  25.636  -33.868  8.189 0.8000000119
47720  26.403  -33.297  7.527 0.8000000119
47727  31.257  -33.374  5.383 0.6000000238
48802  27.208  -33.215  8.619 0.8999999762
48820  26.414  -32.505  7.959 0.8000000119
48821  26.036  -33.362  8.168 0.8999999762
48826  35.162  -32.095  7.607 0.4000000060
48831  26.521  -32.318  7.514 0.8000000119
48840  28.862  -32.659  6.158 0.6000000238
48856  28.306  -31.823  5.910 0.6000000238
49883  37.401  -30.665  9.705 0.3000000119
49893  28.259  -31.440  7.658 0.8000000119
49895  26.735  -31.337  7.386 0.8000000119
49903  34.636  -31.494  7.177 0.4000000060
49904  33.740  -31.598  6.977 0.5000000000
49909  26.612  -31.465  7.182 0.8000000119
49935  29.505  -31.192  5.005 0.6000000238
49937  27.698  -30.974  5.789 0.6000000238
50913  28.378  -30.765  7.313 0.8000000119
50933  27.195  -30.436  7.039 0.8000000119
50948  33.102  -30.220  6.384 0.5000000000
50949  27.247  -30.548  6.608 0.6999999881
50962  28.927  -30.395  4.982 0.6000000238
50964  27.536  -30.300  5.897 0.6999999881
50979  28.606  -29.620  5.037 0.6000000238
51903  27.727  -29.947  6.502 0.8000000119
51913  35.091  -29.401  6.610 0.4000000060
51914  34.255  -29.439  6.393 0.3000000119
51930  28.647  -28.998  5.254 0.6999999881
51958  34.360  -29.227  3.356 0.5000000000
52813  29.714  -28.861  6.303 0.6000000238
52814  28.905  -29.012  6.353 0.6999999881
52827  33.930  -28.519  6.256 0.3000000119
52844  28.825  -28.691  5.452 0.6000000238
53776  34.740  -27.334  6.424 0.3000000119
53804  30.937  -26.928  5.092 0.6000000238
53806  29.603  -27.672  5.062 0.6000000238
53820  30.398  -27.435  4.828 0.6000000238
53834  31.619  -27.416  4.347 0.6000000238
54709  32.555  -26.751  4.786 0.5000000000
54725  32.450  -26.874  4.384 0.6000000238
54726  31.867  -27.085  4.460 0.6000000238
118055  28.059  -41.896  6.900 0.6999999881
118069  26.067  -61.454  13.268 0.4000000060
119882  31.340  -41.042  20.290 0.4000000060
120019  29.019  -42.110  20.074 0.4000000060
120595  31.130  -49.948  19.237 0.8999999762
121702  28.724  -42.900  9.569 0.8999999762
121980  26.159  -44.463  17.113 0.4000000060
123127  26.509  -57.951  11.015 0.3000000119
124012  26.886  -32.384  8.198 0.8999999762
124088  25.586  -50.770  6.986 0.6000000238
124433  29.596  -36.842  10.411 0.8999999762
125107  30.554  -27.523  5.549 0.6000000238
125342  29.598  -46.089  20.015 0.6000000238
125646  30.013  -34.434  6.652 0.6000000238
125844  27.510  -37.744  6.780 0.6999999881
125896  28.224  -46.118  6.532 0.6999999881
126678  24.244  -51.670  7.650 0.5000000000
126880  26.869  -38.903  7.007 0.6999999881
127021  26.597  -45.139  8.024 0.8999999762
128011  31.548  -40.003  11.438 0.8999999762
128532  28.012  -61.113  14.646 0.4000000060
128987  27.276  -34.997  9.908 0.8999999762
129151  27.505  -46.030  18.292 0.5000000000
129414  23.384  -50.164  15.323 0.4000000060
130591  27.827  -53.104  8.172 0.6999999881
130923  35.501  -30.055  6.838 0.4000000060
130964  33.396  -54.626  13.807 0.8999999762
131371  28.057  -44.916  18.833 0.4000000060
131426  27.676  -36.483  7.285 0.6999999881
131490  28.449  -36.200  10.012 0.8999999762
132139  31.061  -37.962  11.835 0.8000000119
132147  31.237  -37.063  11.751 0.8000000119
132620  27.777  -35.343  10.172 0.8999999762
133834  30.131  -37.600  18.773 0.4000000060
135677  34.838  -34.419  10.252 0.5000000000
135873  32.302  -43.378  12.645 1.0000000000
136694  27.912  -47.097  6.583 0.6000000238
137314  31.126  -46.117  11.814 1.0000000000
137658  35.678  -27.497  3.752 0.4000000060
137734  32.142  -31.077  4.385 0.5000000000
137868  28.614  -53.267  8.365 0.6999999881
138579  31.325  -27.456  5.617 0.6000000238
138645  29.948  -27.511  4.940 0.6000000238
139048  37.113  -32.031  10.031 0.3000000119
139344  29.671  -42.138  20.298 0.4000000060
139424  30.930  -30.830  4.550 0.6000000238
139693  28.173  -37.559  18.192 0.3000000119
139971  33.172  -28.429  3.720 0.6000000238
140148  30.550  -57.367  15.746 0.6000000238
140350  30.880  -41.852  10.047 1.0000000000
140376  32.823  -50.139  18.094 0.8999999762
140528  32.494  -42.259  13.076 0.8999999762
140582  27.918  -50.439  17.638 0.6999999881
140846  30.209  -27.786  4.583 0.6000000238
141156  26.866  -46.063  7.214 0.8000000119
141347  32.996  -58.172  10.654 0.4000000060
141406  36.153  -31.184  7.579 0.4000000060
141632  25.620  -54.072  5.383 0.3000000119
141662  30.404  -30.966  6.823 0.8000000119
141860  26.182  -42.053  8.023 0.8999999762
