#!ascii label  , from subject sub-v1s8x0051335_ses-1 vox2ras=TkReg
1748
5215  25.437  -80.499  6.467 0.6999999881
5216  24.472  -80.771  6.559 0.8000000119
5204  24.786  -80.253  7.206 0.8000000119
121329  23.850  -80.501  7.258 0.6999999881
5237  25.771  -81.000  4.742 0.6000000238
5226  24.856  -81.011  5.827 0.6000000238
115923  23.629  -80.976  6.453 0.6000000238
121775  25.890  -81.015  4.009 0.6000000238
5869  24.963  -79.819  7.848 0.8000000119
115920  23.703  -80.127  8.160 0.6999999881
116951  23.774  -79.832  9.070 0.6999999881
132822  22.983  -80.279  8.920 0.6999999881
5224  26.318  -80.670  5.145 0.6000000238
5252  26.034  -80.974  3.241 0.6000000238
5263  26.291  -80.946  2.480 0.6000000238
4592  25.512  -81.163  2.594 0.6000000238
4619  25.437  -81.880  0.273 0.6000000238
122803  24.998  -81.697  0.925 0.6000000238
5849  25.313  -78.922  9.382 0.8000000119
5850  24.574  -78.967  10.123 0.8000000119
116937  23.884  -79.483  10.038 0.6999999881
115917  23.365  -78.957  12.108 0.6999999881
132824  22.635  -79.494  12.292 0.6999999881
122033  25.553  -79.540  7.986 0.8000000119
5861  24.524  -79.437  9.259 0.6999999881
116787  23.180  -79.663  11.000 0.6999999881
5868  25.666  -79.882  7.306 0.6999999881
5860  24.396  -79.778  8.413 0.8000000119
115918  23.268  -79.920  9.807 0.6999999881
5879  26.148  -80.021  6.637 0.6999999881
141605  26.305  -80.818  4.472 0.6999999881
122887  27.140  -80.634  2.398 0.6000000238
5251  26.636  -80.764  3.816 0.6000000238
5279  25.867  -81.398  1.064 0.6000000238
5272  25.839  -81.143  1.906 0.6000000238
4632  26.392  -81.920  -0.122 0.6000000238
137301  25.899  -83.177  -0.596 0.6999999881
4035  25.179  -82.803  -0.179 0.6000000238
2390  26.696  -84.900  -0.944 0.5000000000
2921  26.065  -83.869  -0.546 0.6000000238
2383  26.426  -84.884  -0.304 0.5000000000
6492  25.142  -78.456  10.277 0.8999999762
5839  23.969  -78.927  11.067 0.8000000119
117159  23.885  -78.361  11.954 0.6999999881
6502  25.802  -79.081  8.495 0.6999999881
134047  25.667  -78.238  9.770 0.8999999762
133107  22.722  -78.704  12.784 0.6999999881
5867  26.501  -79.539  7.108 0.8000000119
6511  26.146  -79.289  7.775 0.8000000119
5878  26.930  -79.840  6.356 0.8000000119
5894  27.750  -80.139  4.703 0.6999999881
5887  26.973  -80.264  5.440 0.6999999881
5250  27.325  -80.467  4.030 0.8000000119
5912  27.787  -80.131  2.813 0.8000000119
5270  27.382  -80.664  1.475 0.6999999881
5278  26.852  -81.110  0.912 0.6999999881
5289  26.462  -81.531  0.353 0.6000000238
4044  26.532  -82.964  -0.802 0.6999999881
2920  26.819  -84.323  -1.246 0.6999999881
7140  26.245  -77.548  9.701 0.8999999762
6474  24.342  -77.859  11.832 0.8000000119
132990  22.739  -77.870  12.706 0.6999999881
7159  27.200  -78.215  7.995 0.8000000119
7149  26.789  -77.899  8.777 0.8000000119
6509  27.521  -78.470  7.298 0.6999999881
6526  28.405  -79.399  5.094 0.6999999881
6522  28.236  -79.107  6.005 0.6000000238
5886  27.711  -79.771  5.711 0.8000000119
5903  28.370  -79.623  3.149 0.8000000119
123829  27.838  -80.157  1.989 0.8000000119
124952  27.679  -80.752  0.721 0.6999999881
5288  27.251  -81.469  -0.064 0.8000000119
138292  27.231  -81.209  0.368 0.6999999881
4644  27.819  -81.620  -0.745 0.8000000119
3457  27.706  -83.273  -1.891 0.6999999881
4043  27.313  -82.836  -1.252 0.6999999881
136011  27.345  -81.674  -0.335 0.6999999881
2927  27.537  -84.160  -1.851 0.6999999881
140219  27.095  -83.362  -1.429 0.6999999881
115950  19.979  -78.821  1.748 0.6000000238
132713  21.456  -79.380  1.103 0.6000000238
5291  19.885  -80.096  -0.599 0.6000000238
5964  19.271  -78.985  -1.441 0.6999999881
7129  25.306  -77.256  11.150 0.8999999762
6469  23.826  -77.797  12.215 0.6999999881
7172  28.112  -77.987  6.984 0.6000000238
6525  28.935  -78.653  5.466 0.6000000238
6516  28.550  -78.342  6.323 0.6000000238
6539  28.442  -79.551  4.094 0.6999999881
6550  28.857  -79.140  2.449 0.6999999881
8558  24.049  -76.311  9.167 0.6999999881
7822  22.945  -77.179  9.166 0.6999999881
5916  28.476  -79.699  1.734 0.8000000119
5911  28.269  -79.753  2.422 0.8000000119
7820  24.429  -76.455  8.430 0.6000000238
7821  23.639  -76.953  8.528 0.6000000238
7150  22.923  -77.319  8.194 0.6999999881
5917  28.035  -80.152  1.169 0.6999999881
7160  23.464  -77.271  7.673 0.5000000000
115929  21.956  -77.523  6.765 0.6999999881
5287  28.058  -81.121  -0.473 0.8000000119
5277  27.931  -80.931  0.065 0.8000000119
7831  24.157  -77.075  7.662 0.5000000000
7174  23.694  -77.423  6.781 0.5000000000
4042  28.100  -82.557  -1.584 0.6999999881
7173  24.369  -77.352  6.056 0.5000000000
7181  24.975  -77.156  5.512 0.6000000238
129545  24.371  -77.540  5.162 0.5000000000
7192  23.132  -77.868  4.882 0.6000000238
7193  22.254  -77.752  4.838 0.6999999881
115952  20.638  -77.968  3.103 0.6999999881
6528  23.662  -78.137  4.244 0.5000000000
6529  22.720  -78.068  4.163 0.6000000238
116353  21.424  -78.017  3.463 0.6000000238
115947  20.892  -78.989  1.582 0.6000000238
7191  24.874  -77.209  4.533 0.6000000238
6543  22.216  -78.236  3.346 0.6000000238
116391  22.168  -78.511  2.583 0.6000000238
7205  24.690  -77.566  3.677 0.5000000000
6542  23.188  -78.234  3.453 0.5000000000
5919  22.294  -79.066  1.151 0.6000000238
5290  20.796  -80.034  -0.688 0.6000000238
137304  20.927  -79.273  -1.362 0.6999999881
7946  19.406  -77.217  -1.276 0.6000000238
7947  18.740  -77.488  -0.926 0.6999999881
6553  23.514  -78.261  2.617 0.6000000238
137185  23.021  -78.773  1.115 0.6000000238
126855  21.928  -79.454  -0.243 0.6000000238
126310  21.532  -79.099  -1.317 0.6999999881
7265  20.395  -77.664  -1.602 0.5000000000
7117  24.886  -76.730  11.670 0.8999999762
7158  27.830  -77.734  7.644 0.6000000238
7148  27.520  -77.415  8.414 0.6999999881
7773  23.812  -76.645  12.104 0.8000000119
115916  22.125  -77.466  12.513 0.6999999881
130256  23.099  -76.354  11.411 0.6999999881
8516  24.259  -75.709  11.689 0.8000000119
119481  29.046  -78.845  4.452 0.6999999881
8543  23.975  -75.834  10.015 0.8000000119
7809  23.445  -76.578  9.622 0.6000000238
8557  24.686  -75.552  9.281 0.6999999881
8556  25.442  -75.323  8.563 0.6000000238
5933  28.497  -80.429  -0.418 0.8000000119
5932  28.972  -79.899  -0.254 0.8000000119
5302  28.972  -80.470  -1.043 0.8000000119
8569  25.577  -75.849  7.557 0.5000000000
5303  28.436  -81.019  -0.985 0.8000000119
7842  25.254  -76.584  6.811 0.5000000000
8576  26.425  -75.471  6.068 0.5000000000
7851  26.010  -76.169  5.582 0.6000000238
7852  25.477  -76.665  5.962 0.6000000238
7863  25.272  -76.597  4.259 0.6000000238
123480  24.884  -76.984  3.814 0.6000000238
8671  19.758  -75.783  -0.623 0.5000000000
6552  24.285  -77.951  2.384 0.5000000000
7923  19.781  -76.710  -1.271 0.5000000000
7924  19.066  -76.824  -0.949 0.6000000238
133737  24.356  -77.914  1.586 0.6000000238
5926  22.675  -79.065  0.322 0.6999999881
5947  22.108  -78.727  -1.108 0.6999999881
6605  20.787  -78.303  -1.686 0.6999999881
6551  24.612  -77.603  2.005 0.6000000238
6604  22.375  -77.959  -1.425 0.6000000238
6571  24.635  -77.460  0.369 0.6999999881
6581  23.706  -77.923  -0.338 0.6000000238
6603  23.007  -77.600  -0.996 0.5000000000
7139  27.076  -76.989  9.247 0.6999999881
7808  26.670  -76.561  10.127 0.6999999881
7796  25.547  -76.423  11.264 0.6999999881
7783  25.073  -75.989  11.653 0.8000000119
8514  25.510  -74.775  11.244 0.6999999881
9344  24.994  -74.691  10.041 0.6999999881
9330  24.854  -74.693  10.748 0.6999999881
8651  19.511  -75.316  0.469 0.5000000000
9429  26.659  -74.733  3.701 0.5000000000
8598  26.144  -75.465  4.066 0.6000000238
9493  19.305  -75.376  -0.061 0.5000000000
8612  26.316  -75.174  3.172 0.5000000000
117350  27.678  -74.171  2.887 0.5000000000
7873  25.773  -75.852  3.111 0.6000000238
7204  24.828  -77.158  3.156 0.6000000238
7264  21.676  -77.400  -1.827 0.5000000000
9446  27.497  -74.675  2.172 0.5000000000
8623  26.546  -75.400  2.322 0.6000000238
7214  25.195  -76.479  1.798 0.6000000238
8636  26.625  -75.686  1.658 0.6000000238
7807  27.459  -76.068  9.781 0.6999999881
7794  26.924  -75.587  10.542 0.6999999881
131338  26.379  -75.286  11.000 0.6999999881
7238  25.161  -76.689  -0.102 0.5000000000
9445  28.195  -74.066  2.031 0.5000000000
7249  23.901  -77.327  -0.855 0.5000000000
8635  27.165  -75.238  1.653 0.5000000000
7899  25.939  -75.930  0.654 0.5000000000
7231  25.292  -76.561  0.336 0.5000000000
6580  24.389  -77.594  -0.096 0.5000000000
118365  25.239  -76.151  -0.459 0.5000000000
138617  25.054  -75.229  -0.705 0.5000000000
8689  27.876  -74.661  -0.191 0.5000000000
136941  26.717  -75.144  -0.150 0.5000000000
7920  24.658  -76.535  -0.851 0.5000000000
8666  27.923  -74.734  0.057 0.5000000000
8690  27.146  -75.131  0.001 0.5000000000
7907  25.787  -76.060  0.212 0.5000000000
9459  27.808  -74.734  1.388 0.5000000000
8648  27.403  -75.124  0.495 0.5000000000
10357  27.358  -73.978  -0.515 0.5000000000
10313  18.657  -73.620  1.614 0.6000000238
10330  17.873  -73.471  1.130 0.6000000238
117757  19.061  -74.376  1.997 0.5000000000
11194  19.020  -72.405  1.795 0.6999999881
133770  18.285  -72.913  1.452 0.6000000238
118908  17.374  -72.730  1.513 0.6000000238
12032  16.537  -71.811  2.467 0.6999999881
11209  19.403  -71.343  1.536 0.6000000238
12051  18.282  -71.536  1.689 0.6999999881
12052  17.555  -71.831  1.836 0.6999999881
11214  16.368  -72.906  1.640 0.6999999881
124431  16.854  -71.064  2.745 0.8000000119
12016  19.826  -71.556  2.207 0.5000000000
11181  19.145  -72.532  2.382 0.5000000000
12857  17.857  -71.052  2.092 0.8000000119
12856  18.631  -70.677  1.669 0.6000000238
13593  16.085  -70.582  3.787 0.6999999881
12003  19.541  -71.836  3.959 0.5000000000
127971  19.031  -72.741  4.070 0.5000000000
13610  17.362  -70.583  2.626 0.6999999881
12819  15.713  -71.112  3.660 0.6999999881
12839  18.109  -70.588  2.183 0.6999999881
12031  20.035  -71.006  1.688 0.6999999881
13594  15.527  -69.881  4.294 0.6999999881
13592  17.551  -69.907  2.860 0.6999999881
12817  20.504  -70.684  2.155 0.6000000238
12837  19.311  -70.193  1.473 0.8000000119
18937  17.035  -63.695  5.511 0.6999999881
18003  16.468  -64.627  5.353 0.8000000119
12753  19.952  -70.197  6.852 0.4000000060
14364  14.681  -69.019  4.547 0.6999999881
12767  19.836  -70.525  5.958 0.5000000000
133424  16.436  -70.053  3.821 0.6999999881
12781  20.166  -70.909  4.359 0.6000000238
12800  20.897  -69.958  2.687 0.6000000238
13609  18.214  -70.133  2.338 0.6999999881
12836  20.383  -70.239  1.682 0.8000000119
13607  19.456  -69.693  1.544 0.8000000119
134004  12.272  -61.461  12.009 0.5000000000
20827  12.321  -61.714  10.497 0.5000000000
19852  12.599  -62.389  10.710 0.5000000000
19904  19.003  -62.041  7.129 0.5000000000
19913  18.957  -62.458  5.763 0.6000000238
20900  19.302  -62.046  6.066 0.6000000238
19892  19.182  -62.017  8.135 0.6000000238
18867  17.514  -62.961  11.036 0.6000000238
119501  18.035  -62.862  6.041 0.6999999881
20888  18.783  -62.348  6.238 0.6999999881
19914  16.848  -63.063  5.947 0.6999999881
19895  16.232  -62.987  6.545 0.6999999881
15231  17.257  -67.737  4.329 0.6999999881
16135  17.043  -66.849  4.722 0.6999999881
17070  16.862  -66.215  5.041 0.8000000119
13565  20.390  -69.668  5.954 0.5000000000
15257  17.189  -68.698  3.828 0.6999999881
13573  20.548  -70.094  4.967 0.6000000238
14383  17.723  -69.100  3.220 0.8000000119
12816  20.867  -69.775  1.987 0.6999999881
126831  18.350  -68.768  3.001 0.8000000119
13591  18.249  -69.428  2.638 0.8000000119
21786  13.023  -60.290  12.478 0.5000000000
21808  11.973  -61.043  11.744 0.6000000238
22809  13.219  -60.071  11.190 0.5000000000
129831  12.519  -61.184  10.382 0.6000000238
20842  13.350  -62.107  9.395 0.6000000238
19865  13.634  -62.619  9.383 0.6000000238
19880  13.801  -62.182  8.927 0.6000000238
129900  15.071  -62.586  9.199 0.5000000000
20886  19.808  -61.570  6.362 0.5000000000
20872  19.459  -61.349  7.832 0.5000000000
20915  19.460  -62.278  5.541 0.6000000238
20855  19.211  -61.567  8.660 0.6000000238
19877  19.141  -62.244  9.107 0.6999999881
140787  15.935  -62.671  10.028 0.6000000238
19922  19.771  -62.666  5.250 0.6000000238
19924  18.159  -63.186  5.591 0.6999999881
19894  17.349  -62.806  6.803 0.6999999881
19893  18.541  -62.495  7.407 0.6999999881
18899  19.048  -62.860  9.185 0.8000000119
20825  18.582  -61.894  10.090 0.6999999881
18934  19.372  -63.359  5.006 0.6999999881
18936  17.907  -63.791  5.407 0.6999999881
18954  19.077  -64.225  4.749 0.6999999881
18002  17.517  -64.534  5.131 0.8000000119
17068  18.595  -66.072  4.289 0.8000000119
17049  17.171  -65.443  5.060 0.8000000119
13572  21.239  -69.358  4.246 0.5000000000
14348  21.594  -67.974  4.073 0.6000000238
16134  17.985  -67.057  4.390 0.8000000119
13580  21.129  -69.312  3.242 0.6000000238
14361  21.387  -68.645  3.717 0.6999999881
140793  18.803  -67.843  3.460 0.8000000119
14380  20.904  -69.051  2.158 0.6999999881
14381  20.362  -68.615  2.593 0.6999999881
14397  19.680  -69.188  1.954 0.8000000119
22789  13.248  -59.462  12.892 0.4000000060
22799  13.019  -60.135  12.310 0.5000000000
22820  13.160  -60.573  10.290 0.4000000060
137804  13.869  -61.265  9.226 0.5000000000
20857  15.562  -61.293  8.658 0.5000000000
20899  19.994  -61.815  5.780 0.5000000000
21845  19.415  -60.569  7.829 0.6000000238
21818  18.627  -60.780  9.181 0.6000000238
122820  16.244  -61.913  9.471 0.6000000238
19921  20.669  -62.628  5.214 0.6000000238
20838  18.958  -61.498  9.379 0.6999999881
20826  17.647  -61.668  10.085 0.6999999881
19935  20.273  -63.227  5.024 0.6000000238
18026  18.810  -65.021  4.377 0.8000000119
15253  21.179  -67.658  3.519 0.6999999881
15255  19.910  -67.751  3.247 0.6999999881
16133  18.869  -67.178  3.898 0.8000000119
17084  19.228  -66.344  3.971 0.8000000119
120691  20.904  -68.407  2.991 0.6999999881
138913  13.320  -58.980  12.946 0.4000000060
23747  13.451  -58.707  13.311 0.4000000060
23731  13.558  -58.286  14.203 0.4000000060
23776  13.949  -59.196  10.969 0.5000000000
121962  13.194  -59.795  12.033 0.4000000060
24638  13.572  -57.789  16.099 0.5000000000
21833  15.236  -60.864  8.660 0.5000000000
21831  17.120  -60.243  8.436 0.5000000000
20856  16.525  -60.887  8.612 0.5000000000
22841  17.554  -59.354  8.147 0.5000000000
21819  17.831  -60.561  9.122 0.6999999881
18953  19.890  -64.005  4.735 0.6000000238
17067  19.272  -65.609  4.136 0.8000000119
15211  21.820  -67.245  4.273 0.6000000238
16145  21.615  -66.806  3.965 0.6000000238
126726  21.927  -65.839  4.233 0.6999999881
17081  20.929  -65.416  4.241 0.6999999881
16147  20.142  -66.749  3.726 0.6999999881
24639  12.861  -57.215  16.675 0.3000000119
136786  13.891  -58.709  11.584 0.4000000060
24725  13.593  -58.758  12.211 0.3000000119
24711  13.531  -58.418  12.927 0.4000000060
24696  13.582  -57.867  13.680 0.4000000060
24680  13.541  -57.673  15.137 0.4000000060
24660  13.198  -56.989  15.696 0.5000000000
23786  14.365  -59.476  10.193 0.4000000060
22831  14.439  -60.130  9.581 0.4000000060
22840  18.262  -59.199  7.810 0.5000000000
22829  15.888  -60.123  8.711 0.4000000060
22839  18.996  -59.137  7.390 0.6000000238
23796  14.953  -59.460  9.628 0.4000000060
132573  18.509  -58.580  7.528 0.4000000060
22828  16.818  -59.875  8.344 0.5000000000
18025  19.514  -64.793  4.363 0.6999999881
130546  20.645  -66.141  4.078 0.6999999881
23690  13.441  -58.059  17.112 0.4000000060
25632  12.954  -56.152  15.802 0.3000000119
24753  14.627  -58.682  10.579 0.3000000119
23794  16.425  -59.352  8.818 0.4000000060
23803  18.587  -57.957  7.638 0.4000000060
23793  17.502  -58.239  8.749 0.4000000060
24710  13.895  -57.782  12.529 0.3000000119
24695  13.781  -57.391  13.198 0.3000000119
24681  13.549  -57.363  14.644 0.4000000060
25648  13.437  -56.528  14.953 0.3000000119
24724  14.103  -58.044  11.868 0.3000000119
24752  15.295  -58.357  10.363 0.3000000119
24762  17.012  -57.762  9.356 0.3000000119
24763  16.256  -58.467  9.450 0.3000000119
24760  18.363  -57.076  8.700 0.3000000119
25665  13.710  -56.931  14.037 0.3000000119
26628  13.408  -55.730  15.122 0.3000000119
25678  14.170  -56.953  12.833 0.3000000119
25647  13.735  -56.078  14.290 0.3000000119
25722  16.311  -57.202  10.443 0.3000000119
25737  17.145  -56.920  9.633 0.3000000119
25736  17.758  -56.927  9.408 0.3000000119
25614  12.589  -56.466  16.537 0.3000000119
26660  14.409  -56.347  13.283 0.3000000119
127661  17.017  -56.618  10.239 0.3000000119
7175  22.750  -77.566  6.249 0.6000000238
7184  21.854  -77.589  5.686 0.6999999881
136983  20.901  -77.542  5.484 0.6999999881
115942  20.995  -77.695  3.989 0.6999999881
21832  16.151  -60.591  8.565 0.4000000060
21830  18.409  -60.285  8.660 0.6000000238
127221  24.152  -81.144  5.993 0.6999999881
132754  22.583  -80.121  10.090 0.6999999881
5236  26.880  -80.542  4.613 0.8000000119
4647  25.364  -82.379  -0.136 0.6000000238
4660  26.940  -82.545  -0.686 0.6999999881
5877  27.881  -78.752  6.695 0.6000000238
132665  22.835  -77.177  12.460 0.6999999881
5925  28.373  -80.206  0.323 0.8000000119
4659  27.603  -82.230  -0.977 0.6999999881
4658  28.345  -81.755  -1.265 0.8000000119
6606  19.792  -78.272  -1.428 0.6999999881
7183  23.561  -77.638  5.648 0.5000000000
132745  21.481  -78.309  2.763 0.6000000238
7925  18.083  -76.898  -0.610 0.6000000238
6573  23.957  -78.080  0.166 0.6999999881
7797  23.433  -76.106  10.680 0.8000000119
8568  26.270  -75.290  7.031 0.5000000000
8577  25.925  -76.075  6.519 0.6000000238
7883  25.193  -76.525  2.660 0.6000000238
15230  18.141  -68.099  3.687 0.8000000119
1381  29.250  -86.780  4.863 0.4000000060
1380  30.093  -86.743  5.207 0.4000000060
1394  28.881  -85.374  3.520 0.3000000119
1384  28.518  -86.578  4.517 0.4000000060
1073  28.796  -87.493  5.327 0.4000000060
1072  29.426  -87.282  5.707 0.4000000060
2364  30.459  -84.562  1.447 0.4000000060
2358  30.458  -85.104  2.406 0.5000000000
138653  30.781  -85.145  2.955 0.5000000000
2365  30.159  -85.166  1.750 0.3000000119
141106  30.039  -85.282  2.459 0.4000000060
1841  30.025  -85.732  4.214 0.4000000060
1850  29.512  -85.321  2.319 0.3000000119
1389  29.105  -85.690  4.178 0.3000000119
121024  28.781  -85.245  2.935 0.3000000119
2366  29.642  -85.239  1.364 0.4000000060
2372  29.950  -84.769  0.864 0.3000000119
1859  28.070  -85.285  1.715 0.4000000060
1858  28.951  -85.390  1.675 0.3000000119
1869  26.973  -85.066  0.361 0.4000000060
1860  27.191  -84.883  1.798 0.4000000060
1870  25.929  -84.519  0.697 0.4000000060
2905  30.306  -84.155  0.667 0.4000000060
2910  30.350  -83.759  -0.263 0.4000000060
2379  29.614  -84.578  0.117 0.4000000060
2911  29.880  -84.086  -0.488 0.4000000060
3448  30.800  -83.214  -1.904 0.5000000000
134374  29.164  -84.898  0.014 0.4000000060
140070  29.204  -84.126  -1.484 0.4000000060
1868  27.753  -85.357  0.688 0.4000000060
2381  27.834  -85.289  -0.167 0.5000000000
2389  28.708  -84.453  -1.245 0.4000000060
2382  27.122  -85.106  -0.666 0.4000000060
135058  25.419  -83.368  -0.297 0.6000000238
2391  26.199  -84.513  -0.450 0.4000000060
3452  31.332  -82.574  -2.453 0.6000000238
3459  30.948  -82.558  -2.780 0.6000000238
2924  29.414  -83.710  -1.943 0.6000000238
3461  29.519  -83.115  -2.583 0.6000000238
2925  29.088  -83.529  -2.303 0.6000000238
4050  29.259  -82.798  -2.521 0.6999999881
2918  28.082  -84.346  -1.711 0.5000000000
2926  28.360  -83.846  -2.139 0.6000000238
4041  29.079  -82.246  -1.824 0.6999999881
4664  31.707  -81.653  -3.003 0.6999999881
5329  30.969  -80.760  -2.344 0.6999999881
4047  31.341  -82.172  -2.945 0.6000000238
4666  30.313  -82.051  -2.888 0.6999999881
5960  29.554  -80.459  -1.381 0.6999999881
5944  29.020  -79.990  -0.773 0.6999999881
5924  28.697  -79.691  0.934 0.6999999881
123022  29.750  -82.202  -2.498 0.6999999881
5331  29.837  -80.947  -1.643 0.6999999881
6621  31.239  -79.301  -1.836 0.5000000000
120523  30.835  -79.012  -1.496 0.6000000238
5959  30.171  -80.409  -1.627 0.6999999881
141865  30.264  -79.379  -1.299 0.6000000238
127696  29.330  -79.497  -0.567 0.6999999881
7237  30.138  -78.241  -0.224 0.6999999881
4667  29.783  -81.587  -1.907 0.6999999881
6579  29.306  -79.312  -0.062 0.6999999881
6563  29.033  -79.114  1.470 0.6000000238
6588  30.378  -78.889  -1.132 0.6000000238
7236  30.697  -77.782  -0.656 0.6000000238
6569  29.708  -78.753  0.263 0.6000000238
7180  29.244  -77.830  5.846 0.5000000000
116370  21.764  -80.358  10.299 0.6000000238
133137  22.239  -80.470  8.273 0.6000000238
6562  29.583  -78.582  1.104 0.6000000238
6549  29.439  -78.473  2.001 0.6000000238
7202  29.748  -77.661  3.260 0.5000000000
7190  29.511  -77.948  4.785 0.5000000000
133240  21.239  -80.628  12.835 0.6000000238
133242  22.290  -80.097  11.311 0.6000000238
132708  21.578  -80.564  11.488 0.6000000238
7230  30.018  -78.006  0.638 0.6000000238
7212  29.829  -77.753  2.422 0.5000000000
7213  29.307  -78.324  2.896 0.5000000000
116536  19.768  -79.152  13.242 0.6000000238
133942  20.660  -78.018  13.059 0.6000000238
132664  20.513  -78.917  13.496 0.6000000238
132991  20.427  -80.085  13.346 0.6000000238
133200  21.952  -80.063  12.585 0.6000000238
116360  22.053  -78.287  13.037 0.6000000238
136556  22.122  -79.227  13.173 0.6000000238
7819  27.932  -76.490  8.874 0.6000000238
7224  29.928  -77.861  1.536 0.6000000238
132810  19.916  -78.197  12.395 0.6000000238
132678  20.592  -77.709  9.820 0.6000000238
115914  20.638  -77.656  12.025 0.6000000238
116561  22.006  -77.178  10.859 0.6000000238
116847  21.404  -77.367  11.592 0.6000000238
133032  22.235  -77.300  9.652 0.5000000000
140693  21.930  -77.164  11.748 0.6000000238
116993  22.716  -76.795  10.438 0.5000000000
132811  18.550  -79.587  12.307 0.6999999881
132871  18.522  -78.988  11.285 0.6000000238
133230  20.067  -77.708  11.296 0.6000000238
116405  20.907  -77.705  8.981 0.6000000238
132752  21.748  -77.498  8.900 0.6000000238
116650  17.156  -78.445  6.972 0.6000000238
133228  18.875  -78.479  10.597 0.6000000238
133231  19.373  -78.143  9.853 0.6000000238
116351  19.270  -78.250  8.979 0.6000000238
132691  18.927  -78.245  7.587 0.6000000238
115924  17.867  -78.372  7.259 0.6000000238
116921  17.309  -78.367  6.138 0.6000000238
133031  18.579  -78.444  9.422 0.6000000238
116415  21.256  -77.610  8.178 0.6000000238
132751  19.533  -78.184  8.204 0.6000000238
116376  20.428  -77.846  7.966 0.5000000000
115926  19.660  -77.756  6.227 0.6000000238
133023  18.774  -77.952  5.862 0.5000000000
116554  17.852  -78.166  5.429 0.5000000000
115935  21.112  -77.546  6.344 0.6000000238
141464  20.427  -77.586  6.057 0.6000000238
115949  19.391  -77.706  5.410 0.6000000238
115940  18.748  -77.790  4.831 0.6000000238
116534  18.702  -77.827  3.277 0.6999999881
117088  17.979  -77.980  2.723 0.6999999881
133079  17.256  -78.434  2.437 0.6999999881
132850  17.549  -80.144  1.124 0.6999999881
115943  19.684  -77.587  4.701 0.6000000238
115941  20.131  -77.627  3.906 0.6999999881
116774  19.061  -78.366  2.430 0.6999999881
132800  18.165  -79.591  1.572 0.6999999881
133051  18.734  -80.032  0.934 0.6000000238
117115  20.017  -78.208  2.455 0.6000000238
7850  29.622  -77.083  5.335 0.5000000000
7171  28.797  -77.592  6.639 0.5000000000
8575  29.774  -75.588  6.509 0.5000000000
7841  29.379  -77.037  6.183 0.5000000000
118617  29.050  -76.891  6.922 0.6000000238
118263  30.756  -74.286  6.801 0.6000000238
9396  30.292  -74.912  6.152 0.6000000238
7840  29.326  -76.110  7.197 0.6000000238
120176  28.516  -76.339  8.308 0.6000000238
7818  28.575  -75.717  8.901 0.6000000238
9368  30.526  -73.900  7.818 0.5000000000
8554  29.540  -74.765  8.339 0.6000000238
7806  28.067  -75.644  9.465 0.6000000238
10200  29.902  -73.267  8.920 0.6000000238
10185  28.611  -73.325  9.611 0.5000000000
9342  28.456  -74.071  9.807 0.6000000238
8541  27.671  -74.753  10.191 0.6000000238
11075  28.920  -72.401  8.991 0.5000000000
9327  27.649  -73.440  10.078 0.6000000238
9358  25.790  -74.502  8.893 0.5000000000
10202  26.793  -73.255  9.073 0.5000000000
9329  25.491  -74.173  10.585 0.6000000238
10172  26.723  -73.582  10.535 0.6000000238
2919  27.298  -84.671  -1.325 0.6000000238
135733  28.561  -83.008  -2.145 0.6999999881
7157  28.381  -77.291  7.285 0.5000000000
115925  20.397  -77.670  6.847 0.6000000238
115951  19.633  -77.860  3.142 0.6999999881
7829  28.118  -76.977  7.974 0.6000000238
9316  26.452  -74.051  10.952 0.6000000238
10188  25.922  -73.688  10.112 0.6000000238
1846  29.674  -85.320  3.276 0.3000000119
1845  30.273  -85.221  3.114 0.4000000060
2373  29.380  -85.126  0.681 0.4000000060
2374  28.596  -85.334  0.506 0.4000000060
2915  30.276  -83.622  -1.148 0.4000000060
2388  29.307  -84.410  -0.676 0.3000000119
3449  30.083  -83.482  -1.896 0.5000000000
3453  30.544  -83.046  -2.516 0.6000000238
2380  28.639  -84.878  -0.442 0.5000000000
2917  28.820  -84.081  -1.980 0.5000000000
123507  27.952  -84.784  -0.962 0.5000000000
4049  29.938  -82.636  -2.780 0.6000000238
6622  30.549  -79.735  -1.582 0.6999999881
132888  20.041  -78.053  9.128 0.6000000238
132938  17.127  -80.106  0.004 0.6000000238
9382  30.054  -74.700  7.049 0.6000000238
11090  30.970  -71.960  8.282 0.5000000000
8567  29.096  -75.720  8.134 0.6000000238
8555  29.064  -74.964  8.942 0.6000000238
10217  30.399  -73.300  8.496 0.5000000000
9355  29.472  -74.094  9.093 0.6000000238
11913  30.186  -71.994  8.565 0.5000000000
129028  28.284  -72.774  9.483 0.5000000000
10186  27.425  -72.968  9.522 0.5000000000
130195  27.228  -86.549  19.662 0.4000000060
1244  28.251  -86.806  20.354 0.4000000060
1260  27.512  -86.288  19.274 0.5000000000
1246  26.054  -87.152  19.693 0.5000000000
945  25.404  -88.055  20.180 0.5000000000
707  24.942  -89.285  21.078 0.5000000000
949  26.409  -87.317  19.217 0.5000000000
1245  27.108  -86.481  19.830 0.5000000000
1251  28.697  -86.772  20.171 0.4000000060
1250  29.509  -86.488  20.022 0.4000000060
1684  28.787  -85.920  19.313 0.5000000000
121685  28.790  -84.577  9.003 0.3000000119
1046  28.294  -84.944  9.858 0.3000000119
1058  27.565  -85.139  8.311 0.3000000119
1066  28.844  -86.254  6.892 0.3000000119
1675  26.592  -86.262  20.353 0.4000000060
1247  25.684  -86.801  20.297 0.5000000000
1235  25.089  -87.583  20.743 0.5000000000
1233  27.521  -86.429  20.940 0.4000000060
118174  27.977  -86.783  20.570 0.4000000060
124366  28.760  -87.084  20.768 0.3000000119
136055  28.477  -87.182  21.178 0.3000000119
1691  30.149  -85.729  18.119 0.4000000060
1243  29.153  -86.929  20.646 0.3000000119
1683  30.085  -85.973  19.147 0.5000000000
1242  29.895  -86.500  20.440 0.3000000119
1050  29.732  -84.573  9.369 0.3000000119
1045  29.196  -85.582  10.067 0.3000000119
1057  28.539  -84.923  7.999 0.3000000119
1376  30.045  -86.394  6.911 0.3000000119
1662  26.849  -86.091  21.175 0.3000000119
124902  26.097  -86.074  20.899 0.4000000060
1231  29.445  -86.894  21.072 0.3000000119
1249  30.690  -86.024  19.135 0.4000000060
1259  30.827  -86.146  18.381 0.4000000060
129470  30.241  -86.205  19.743 0.4000000060
118755  30.233  -86.368  21.821 0.3000000119
1362  31.279  -83.718  8.894 0.4000000060
1358  30.645  -84.508  9.490 0.4000000060
134046  30.906  -84.817  10.250 0.4000000060
1038  31.189  -85.529  10.210 0.4000000060
1028  32.330  -86.639  10.068 0.4000000060
120032  32.703  -87.439  10.311 0.5000000000
1364  30.118  -84.525  8.485 0.3000000119
1368  29.695  -85.055  7.825 0.3000000119
1377  29.984  -87.114  6.091 0.3000000119
1234  27.281  -86.664  22.049 0.3000000119
122724  31.219  -85.564  19.791 0.3000000119
1248  31.207  -85.908  18.929 0.3000000119
1269  31.602  -86.398  17.392 0.4000000060
117243  31.615  -86.954  16.627 0.4000000060
1201  30.430  -86.090  23.216 0.3000000119
1644  30.683  -85.516  20.966 0.3000000119
121966  30.356  -86.214  21.672 0.3000000119
121096  30.360  -86.153  20.495 0.3000000119
987  32.749  -87.535  13.814 0.5000000000
1303  32.465  -87.541  14.688 0.5000000000
1781  33.643  -83.170  9.671 0.3000000119
130225  32.901  -83.022  9.783 0.3000000119
1806  32.899  -84.010  8.739 0.3000000119
1356  31.859  -83.600  9.672 0.3000000119
1357  31.308  -84.181  10.004 0.4000000060
1327  33.432  -86.520  10.711 0.5000000000
1007  33.126  -87.424  11.861 0.5000000000
1807  32.075  -83.667  8.806 0.3000000119
1037  31.709  -84.952  10.571 0.4000000060
1337  32.838  -85.995  10.423 0.4000000060
121457  33.014  -86.887  10.338 0.5000000000
1018  33.170  -87.185  10.833 0.5000000000
1367  31.045  -85.594  7.451 0.3000000119
119707  30.559  -86.094  7.152 0.3000000119
1379  30.703  -86.726  5.663 0.3000000119
1836  30.802  -86.126  4.634 0.4000000060
1681  31.639  -85.668  19.203 0.3000000119
1690  31.979  -85.969  17.807 0.4000000060
1192  30.322  -86.022  24.075 0.3000000119
1645  30.555  -85.641  21.910 0.3000000119
2203  30.950  -85.246  20.590 0.3000000119
1268  32.008  -86.806  16.715 0.4000000060
124039  30.547  -85.783  22.839 0.3000000119
1282  32.190  -87.110  16.037 0.4000000060
1297  32.713  -87.205  15.291 0.5000000000
1726  33.122  -86.214  14.884 0.4000000060
1296  33.110  -86.802  15.088 0.5000000000
2827  35.949  -83.399  9.911 0.3000000119
1310  33.444  -87.154  13.335 0.5000000000
1302  33.247  -87.158  14.359 0.5000000000
140287  33.830  -82.956  10.264 0.3000000119
1309  33.935  -86.613  12.757 0.4000000060
121011  33.654  -86.700  13.543 0.5000000000
2291  34.406  -84.260  8.875 0.3000000119
1783  32.437  -83.511  10.302 0.4000000060
1345  32.606  -83.909  11.137 0.4000000060
1319  34.165  -86.467  11.897 0.5000000000
994  33.605  -87.041  12.347 0.5000000000
1808  31.876  -84.086  8.336 0.3000000119
1346  31.862  -83.963  10.765 0.4000000060
124476  32.288  -84.555  10.881 0.5000000000
1336  33.227  -85.316  10.942 0.5000000000
1817  31.993  -85.555  7.269 0.3000000119
1828  32.016  -86.078  6.166 0.4000000060
135466  32.103  -85.741  4.972 0.3000000119
1835  31.436  -86.189  5.273 0.4000000060
132913  21.925  -81.704  1.361 0.5000000000
1840  30.808  -85.421  3.726 0.3000000119
1609  30.247  -85.728  24.615 0.3000000119
2177  30.505  -85.593  23.321 0.3000000119
1689  32.447  -85.669  17.732 0.3000000119
1634  30.535  -85.839  23.721 0.3000000119
117505  32.878  -85.683  16.733 0.3000000119
1727  32.952  -86.426  15.687 0.5000000000
2246  33.041  -85.681  14.757 0.4000000060
1715  32.946  -85.827  15.890 0.3000000119
116988  36.741  -83.355  9.650 0.3000000119
1736  33.769  -85.763  13.842 0.5000000000
2285  34.409  -83.063  10.539 0.3000000119
1744  34.725  -85.697  12.600 0.4000000060
1735  34.587  -85.538  13.091 0.4000000060
1768  33.816  -83.223  10.902 0.4000000060
1758  34.361  -83.960  11.511 0.4000000060
122982  35.064  -85.222  11.845 0.4000000060
1752  34.956  -85.554  12.224 0.4000000060
1815  32.875  -84.605  8.079 0.3000000119
136279  33.763  -84.872  7.497 0.3000000119
1335  33.634  -84.465  11.278 0.4000000060
1326  34.100  -86.006  11.198 0.5000000000
2327  33.500  -85.218  5.694 0.3000000119
2339  33.328  -84.935  4.715 0.4000000060
2340  32.558  -85.247  4.369 0.4000000060
118343  22.903  -81.656  2.009 0.5000000000
1839  31.619  -85.542  4.210 0.4000000060
2350  32.226  -84.981  3.521 0.5000000000
132221  22.706  -81.977  0.703 0.5000000000
2686  30.373  -85.230  23.774 0.3000000119
133202  20.463  -81.226  12.937 0.5000000000
2783  33.653  -85.298  13.876 0.3000000119
120590  32.982  -85.325  14.626 0.3000000119
132659  20.918  -81.077  11.574 0.5000000000
133124  19.706  -81.682  13.186 0.6000000238
133152  37.245  -83.028  9.384 0.3000000119
2819  36.362  -83.174  10.524 0.3000000119
132952  36.780  -83.439  8.980 0.3000000119
2275  35.253  -83.119  10.769 0.3000000119
123402  35.214  -83.250  11.266 0.3000000119
2252  34.542  -85.087  13.304 0.4000000060
116438  23.030  -80.509  7.809 0.5000000000
4517  16.873  -81.778  11.912 0.5000000000
140186  35.131  -83.659  11.589 0.3000000119
1757  35.313  -84.530  11.845 0.3000000119
1751  35.409  -85.077  12.257 0.3000000119
125545  35.599  -84.258  12.981 0.3000000119
116706  22.940  -80.811  6.933 0.5000000000
2314  34.145  -84.777  6.776 0.3000000119
1826  33.500  -85.224  6.920 0.3000000119
5227  23.407  -81.267  5.627 0.5000000000
2338  33.940  -84.587  5.136 0.3000000119
4581  23.423  -81.410  3.464 0.5000000000
2348  33.818  -84.291  4.356 0.4000000060
4594  23.714  -81.494  2.584 0.6000000238
2881  33.634  -83.941  3.737 0.4000000060
2349  33.070  -84.533  3.821 0.5000000000
4606  23.588  -81.669  1.630 0.5000000000
2355  32.530  -84.405  3.160 0.4000000060
2351  31.408  -85.148  3.216 0.4000000060
4621  23.343  -81.979  0.687 0.6000000238
3993  31.107  -82.730  1.376 0.3000000119
2899  31.530  -84.007  2.157 0.4000000060
2357  31.002  -84.911  2.513 0.3000000119
4635  24.012  -82.219  0.605 0.6000000238
4636  23.117  -82.196  0.638 0.5000000000
4603  31.237  -82.050  1.019 0.3000000119
119316  30.831  -83.273  0.709 0.5000000000
4023  23.729  -82.552  0.508 0.6000000238
4007  31.842  -82.041  -0.164 0.3000000119
4008  31.209  -82.528  0.194 0.5000000000
125032  30.837  -83.193  -0.294 0.4000000060
3433  30.544  -83.670  0.398 0.4000000060
4022  31.835  -82.408  -0.730 0.4000000060
140600  31.241  -82.809  -0.527 0.5000000000
3443  30.873  -83.325  -1.099 0.5000000000
115913  19.649  -80.825  13.291 0.6000000238
115904  18.998  -81.580  13.400 0.6000000238
116515  37.395  -82.098  8.894 0.3000000119
117429  37.512  -82.740  10.021 0.3000000119
129373  37.472  -82.707  11.316 0.3000000119
2813  36.989  -83.092  11.088 0.3000000119
116904  18.811  -80.498  13.263 0.6000000238
116710  17.581  -81.262  12.473 0.6000000238
116731  36.885  -82.840  8.249 0.3000000119
3354  36.356  -82.980  12.194 0.3000000119
2793  35.849  -83.509  12.786 0.3000000119
115910  17.033  -80.888  11.470 0.6000000238
115880  35.568  -82.185  7.519 0.3000000119
2805  35.808  -83.440  12.369 0.3000000119
2794  35.672  -84.154  12.686 0.3000000119
5184  16.385  -80.557  10.571 0.6000000238
2326  34.113  -84.765  6.018 0.3000000119
5862  15.390  -79.393  8.517 0.6000000238
4530  15.046  -80.732  9.680 0.6000000238
5863  14.518  -79.933  8.412 0.6000000238
5206  13.743  -80.176  7.704 0.5000000000
3410  32.488  -83.812  2.871 0.4000000060
3422  31.094  -83.614  1.747 0.4000000060
4021  32.849  -82.153  -1.033 0.4000000060
3442  31.397  -82.905  -1.018 0.5000000000
132846  37.086  -80.656  9.467 0.3000000119
4523  37.741  -81.075  10.097 0.3000000119
4522  37.979  -81.896  10.125 0.3000000119
4516  38.071  -81.821  11.552 0.3000000119
3353  37.078  -82.389  12.155 0.3000000119
129234  36.825  -82.219  12.602 0.3000000119
128869  36.303  -82.697  12.990 0.3000000119
132926  19.419  -79.862  13.251 0.5000000000
133151  36.957  -82.246  8.373 0.3000000119
115878  36.396  -82.519  7.853 0.3000000119
132739  17.848  -79.409  11.250 0.5000000000
115908  17.835  -80.311  12.187 0.6000000238
132965  36.232  -81.790  8.119 0.3000000119
137680  35.539  -83.875  13.140 0.3000000119
132870  17.163  -80.014  10.927 0.6000000238
115884  35.372  -81.355  8.006 0.3000000119
133262  16.567  -79.794  10.006 0.6000000238
3403  32.802  -83.391  3.504 0.3000000119
3402  33.689  -83.607  3.980 0.3000000119
134769  14.950  -79.299  7.918 0.6000000238
5228  14.129  -79.731  5.326 0.6000000238
132809  17.356  -79.319  10.180 0.6000000238
133227  17.665  -78.828  9.378 0.5000000000
116467  17.151  -78.791  8.543 0.6000000238
116712  15.673  -78.855  7.681 0.6000000238
5870  14.855  -79.051  7.234 0.6000000238
128648  14.137  -79.535  7.010 0.6000000238
5888  14.929  -79.335  5.108 0.6000000238
115928  14.725  -79.086  6.429 0.6000000238
116892  15.048  -79.736  3.693 0.5000000000
116367  18.095  -78.830  10.353 0.5000000000
132750  17.972  -78.510  8.560 0.5000000000
132827  16.270  -78.518  7.064 0.5000000000
133561  15.530  -78.895  4.968 0.6000000238
132805  15.123  -80.520  1.020 0.5000000000
116672  16.118  -80.049  0.002 0.6000000238
5928  15.776  -79.780  0.935 0.6000000238
131238  14.423  -80.336  0.076 0.5000000000
4637  14.947  -80.252  -0.550 0.6000000238
4650  14.124  -80.354  -0.379 0.6000000238
132957  17.498  -78.504  7.819 0.5000000000
140934  16.516  -78.098  4.329 0.5000000000
133081  15.933  -78.629  3.059 0.5000000000
117016  15.266  -79.220  4.406 0.6000000238
116601  16.482  -78.370  2.740 0.6000000238
132705  15.981  -78.988  2.522 0.5000000000
116506  15.494  -79.568  2.368 0.5000000000
132949  16.589  -79.020  2.187 0.6000000238
116449  19.593  -79.598  1.165 0.6000000238
132692  16.617  -80.013  0.788 0.6000000238
5322  14.670  -79.834  -1.298 0.5000000000
14341  10.860  -68.869  5.501 0.5000000000
118871  18.231  -78.373  7.801 0.5000000000
115932  16.230  -78.497  5.226 0.5000000000
134156  17.011  -77.656  3.939 0.6000000238
14332  11.837  -68.136  7.200 0.5000000000
127988  12.195  -68.902  7.589 0.6000000238
15184  11.497  -68.075  6.091 0.6000000238
15215  11.837  -67.973  4.965 0.6000000238
14321  11.304  -68.883  7.167 0.5000000000
14351  11.543  -68.692  4.658 0.5000000000
14368  11.110  -69.421  4.372 0.5000000000
7254  14.245  -77.615  -0.480 0.5000000000
6611  14.878  -78.651  -1.116 0.5000000000
17050  16.286  -65.653  5.198 0.6000000238
17987  14.663  -64.595  5.904 0.6999999881
17052  14.498  -65.849  5.069 0.6000000238
17980  13.834  -65.005  6.347 0.6999999881
16074  14.257  -66.762  7.322 0.6000000238
14308  13.633  -68.462  7.960 0.6000000238
17053  13.673  -65.879  5.451 0.6000000238
16084  13.246  -66.141  6.213 0.6000000238
16115  16.071  -66.525  5.060 0.6000000238
16117  14.501  -66.689  4.847 0.6000000238
16085  12.449  -66.992  6.042 0.6000000238
15182  12.997  -66.878  6.749 0.5000000000
13543  13.086  -69.046  8.096 0.6000000238
15212  15.323  -67.201  4.881 0.6000000238
16118  13.237  -66.458  5.057 0.6000000238
15183  12.338  -67.450  7.002 0.5000000000
15171  12.677  -68.224  7.589 0.6000000238
132276  14.464  -67.383  4.702 0.6000000238
15195  12.067  -67.370  5.375 0.6000000238
15234  13.921  -67.965  4.440 0.6000000238
126063  13.205  -67.456  4.536 0.6000000238
15235  13.022  -68.107  4.275 0.6000000238
14366  12.792  -68.914  4.015 0.5000000000
13584  11.592  -70.025  3.840 0.5000000000
12822  12.690  -71.095  3.325 0.5000000000
137786  12.528  -71.772  3.135 0.5000000000
11198  12.372  -72.752  2.563 0.5000000000
17009  14.084  -65.713  7.046 0.6000000238
16061  14.952  -66.258  7.728 0.6999999881
15232  15.822  -68.048  4.980 0.5000000000
14365  13.696  -68.960  4.280 0.6000000238
13582  13.442  -69.730  4.038 0.6000000238
13583  12.552  -69.720  3.802 0.5000000000
12821  13.719  -71.070  3.623 0.6000000238
12844  13.313  -71.624  3.331 0.5000000000
12034  14.893  -72.105  3.367 0.6000000238
12035  13.834  -72.111  3.291 0.6000000238
18023  22.610  -64.445  4.197 0.4000000060
18911  15.809  -63.382  7.099 0.6999999881
16982  17.701  -65.294  9.738 0.5000000000
126501  17.232  -66.125  9.271 0.5000000000
17066  22.294  -65.094  4.129 0.6000000238
18042  21.347  -64.631  4.279 0.5000000000
16043  16.608  -65.961  8.751 0.6000000238
16042  16.898  -66.766  8.759 0.5000000000
16099  22.575  -65.324  4.416 0.5000000000
19907  16.032  -63.133  6.184 0.6000000238
17972  15.442  -64.467  7.778 0.8000000119
18927  15.268  -63.908  6.162 0.6999999881
17008  14.655  -65.153  7.369 0.8000000119
15158  15.771  -67.851  8.360 0.6999999881
131251  15.072  -70.586  4.120 0.6000000238
12820  14.694  -71.131  3.816 0.6000000238
16969  18.213  -65.186  10.806 0.5000000000
18969  21.736  -63.975  4.254 0.5000000000
18901  17.476  -63.492  8.227 0.6999999881
16028  17.663  -67.073  10.799 0.5000000000
17027  22.737  -65.263  5.324 0.4000000060
126753  22.964  -64.885  4.678 0.4000000060
16100  22.287  -66.306  5.792 0.4000000060
15193  21.906  -67.087  5.296 0.5000000000
14339  21.704  -67.888  4.944 0.4000000060
17949  18.516  -64.317  10.037 0.5000000000
119327  17.965  -66.100  11.385 0.5000000000
18949  23.011  -63.753  4.301 0.3000000119
19941  22.034  -63.345  4.307 0.3000000119
17964  18.196  -63.846  9.134 0.6000000238
16083  22.276  -66.422  6.861 0.4000000060
15180  22.031  -67.152  6.399 0.4000000060
14349  21.498  -68.630  4.622 0.4000000060
18884  18.848  -63.413  9.583 0.6000000238
18900  18.573  -63.181  8.781 0.6000000238
15194  21.718  -67.874  5.996 0.4000000060
17948  18.814  -63.530  10.349 0.5000000000
16957  18.260  -65.153  11.783 0.5000000000
127282  24.199  -63.605  6.020 0.3000000119
135420  23.238  -63.022  4.265 0.3000000119
120429  21.847  -62.331  4.735 0.3000000119
20914  21.071  -62.013  5.304 0.4000000060
14318  21.113  -68.397  7.571 0.3000000119
13554  20.866  -69.018  6.024 0.4000000060
13555  20.543  -69.327  6.732 0.4000000060
20913  21.747  -61.906  5.037 0.4000000060
18883  19.031  -62.856  9.752 0.6000000238
17921  18.302  -64.339  11.803 0.4000000060
21888  21.605  -61.136  5.400 0.4000000060
18916  25.153  -63.294  7.030 0.3000000119
19912  24.945  -62.569  5.881 0.3000000119
18866  18.219  -63.191  11.175 0.5000000000
21859  20.346  -60.992  6.344 0.4000000060
131922  20.010  -60.796  6.855 0.4000000060
130397  18.970  -59.875  8.055 0.5000000000
21858  20.839  -60.031  6.365 0.4000000060
21844  19.607  -60.057  7.319 0.4000000060
24779  21.908  -57.314  6.445 0.3000000119
24770  20.375  -56.870  7.286 0.3000000119
24780  20.938  -57.206  6.709 0.3000000119
129817  19.182  -57.505  7.348 0.3000000119
24772  18.862  -57.334  7.947 0.3000000119
130175  13.754  -59.060  14.423 0.4000000060
25733  21.190  -56.790  7.903 0.3000000119
3341  35.212  -83.895  13.293 0.3000000119
3409  33.209  -83.780  3.396 0.4000000060
22851  20.402  -58.972  6.543 0.3000000119
12033  15.950  -71.927  2.970 0.6000000238
23689  14.106  -58.589  16.736 0.4000000060
16114  22.110  -66.211  4.575 0.5000000000
23817  19.882  -58.217  6.691 0.3000000119
2363  30.955  -84.372  2.088 0.3000000119
2900  30.770  -83.891  1.343 0.4000000060
115921  15.556  -78.633  6.628 0.5000000000
940  25.052  -88.799  20.954 0.5000000000
1692  29.055  -85.275  18.181 0.5000000000
138277  28.959  -84.788  9.901 0.4000000060
130535  28.015  -87.125  21.573 0.4000000060
1271  30.682  -86.496  17.192 0.4000000060
1363  30.575  -84.185  8.846 0.4000000060
1039  30.769  -86.500  9.656 0.4000000060
1663  25.577  -85.799  21.434 0.3000000119
1215  29.886  -86.551  22.439 0.3000000119
1674  30.664  -85.886  20.201 0.3000000119
1258  31.097  -86.078  18.214 0.4000000060
1270  31.201  -86.597  17.320 0.4000000060
1366  31.275  -84.374  8.148 0.4000000060
1257  31.573  -85.904  18.360 0.4000000060
1017  33.665  -86.839  11.405 0.5000000000
138912  22.187  -81.413  3.040 0.5000000000
1375  31.075  -86.453  6.523 0.4000000060
2191  30.495  -85.457  22.200 0.3000000119
1703  32.289  -86.276  17.073 0.4000000060
141850  32.413  -86.691  16.410 0.4000000060
1281  32.778  -86.798  15.857 0.5000000000
1295  33.555  -86.433  14.034 0.5000000000
2276  34.558  -83.225  11.161 0.3000000119
119144  34.629  -84.734  8.062 0.3000000119
1816  32.437  -85.022  7.580 0.3000000119
1827  32.816  -85.656  6.514 0.3000000119
4607  22.757  -81.757  1.054 0.6000000238
1716  32.806  -86.261  16.425 0.4000000060
2261  35.187  -85.253  12.571 0.3000000119
4570  23.928  -81.402  4.131 0.5000000000
2784  32.884  -84.848  14.322 0.3000000119
2795  35.204  -84.459  13.156 0.3000000119
3411  31.454  -83.310  2.305 0.4000000060
3421  31.821  -83.866  2.394 0.4000000060
2356  31.763  -84.568  2.691 0.4000000060
4617  32.168  -81.266  0.760 0.3000000119
4510  37.753  -81.604  12.183 0.3000000119
132680  16.832  -79.207  9.301 0.6000000238
118450  37.217  -81.889  12.629 0.3000000119
120519  35.888  -81.696  13.257 0.3000000119
116683  34.012  -81.105  7.555 0.3000000119
132950  15.505  -79.217  3.012 0.5000000000
133080  15.929  -79.419  1.859 0.6000000238
17979  14.226  -64.650  6.487 0.6999999881
16060  15.930  -66.291  8.371 0.6999999881
18912  15.253  -63.902  7.058 0.6999999881
17965  16.540  -64.540  8.476 0.6000000238
17984  23.781  -63.694  5.216 0.3000000119
19931  23.653  -62.433  4.541 0.3000000119
4579  25.205  -81.199  3.483 0.5000000000
136967  24.691  -81.297  4.160 0.5000000000
131942  31.541  -80.622  -2.689 0.6000000238
117189  17.096  -78.149  4.787 0.4000000060
115937  17.812  -77.804  4.391 0.5000000000
5321  15.670  -79.935  -1.325 0.5000000000
133709  18.999  -80.167  -0.168 0.5000000000
141458  18.406  -80.319  -0.712 0.5000000000
5293  16.795  -80.433  -0.879 0.5000000000
5968  15.287  -79.295  -1.259 0.5000000000
5320  16.591  -79.806  -1.427 0.5000000000
132939  20.423  -79.877  0.054 0.5000000000
7269  15.345  -78.202  -0.655 0.4000000060
5306  18.850  -80.048  -1.153 0.5000000000
5318  18.031  -80.029  -1.318 0.5000000000
7268  16.299  -78.328  -0.553 0.5000000000
7928  14.828  -77.187  -0.238 0.5000000000
127797  18.469  -78.974  -1.428 0.6000000238
6608  17.702  -78.770  -1.112 0.5000000000
7252  15.831  -77.595  -0.438 0.5000000000
136558  13.803  -73.165  2.678 0.5000000000
127750  18.283  -78.173  -0.914 0.6000000238
8654  13.740  -75.552  0.971 0.5000000000
10334  13.841  -74.044  2.228 0.5000000000
135917  16.620  -77.688  -0.490 0.6000000238
8702  15.378  -76.704  -0.043 0.6000000238
8676  14.126  -76.273  0.492 0.5000000000
7267  19.028  -77.920  -1.250 0.6000000238
7251  17.249  -77.330  -0.531 0.6000000238
7926  16.380  -77.015  -0.388 0.6000000238
9478  14.477  -74.846  1.207 0.6000000238
134917  16.973  -76.158  -0.166 0.6000000238
10333  15.053  -73.911  1.735 0.5000000000
11197  14.333  -72.618  3.069 0.5000000000
8675  15.820  -76.055  0.207 0.6000000238
8653  15.252  -75.402  0.518 0.6000000238
14307  14.675  -68.919  8.380 0.5000000000
14306  15.824  -68.909  8.800 0.5000000000
118198  15.149  -68.210  8.148 0.5000000000
11196  15.319  -72.528  2.804 0.6000000238
122409  16.634  -75.853  0.102 0.6000000238
10315  15.558  -73.043  1.997 0.6000000238
8652  16.148  -75.214  0.391 0.6000000238
10332  16.024  -73.697  1.319 0.6000000238
9476  16.535  -74.370  0.687 0.6000000238
21872  21.543  -60.011  5.949 0.3000000119
139358  13.662  -59.727  14.007 0.3000000119
3447  31.428  -82.770  -1.714 0.4000000060
3458  31.511  -82.237  -2.835 0.5000000000
3451  24.768  -83.347  0.148 0.5000000000
4648  24.658  -82.451  0.280 0.5000000000
4046  31.959  -81.889  -2.925 0.4000000060
4634  24.913  -82.174  0.190 0.4000000060
5975  32.096  -80.082  -2.676 0.4000000060
4580  24.280  -81.376  3.419 0.4000000060
4604  25.067  -81.427  1.765 0.4000000060
4593  24.676  -81.363  2.650 0.4000000060
4605  24.304  -81.697  1.270 0.4000000060
4620  24.322  -81.966  0.596 0.4000000060
7279  32.723  -77.597  -2.074 0.4000000060
7260  32.080  -78.000  -1.890 0.4000000060
6601  31.483  -78.467  -1.697 0.4000000060
138840  24.322  -81.330  4.678 0.4000000060
7280  32.258  -78.351  -2.138 0.4000000060
6600  31.769  -78.583  -1.924 0.4000000060
7917  31.329  -77.357  -1.158 0.4000000060
7229  30.566  -77.520  0.190 0.5000000000
8673  18.190  -75.650  -0.171 0.5000000000
8672  18.993  -75.677  -0.416 0.5000000000
9495  17.824  -75.091  0.225 0.5000000000
9494  18.569  -75.223  0.134 0.5000000000
9473  18.797  -74.935  0.607 0.5000000000
9475  17.446  -74.317  0.606 0.5000000000
9462  19.050  -74.640  1.118 0.5000000000
15157  16.690  -68.225  8.763 0.4000000060
15142  17.529  -67.995  10.364 0.4000000060
9474  18.191  -74.499  0.618 0.5000000000
10331  16.974  -73.487  1.165 0.5000000000
5976  31.381  -80.015  -2.217 0.5000000000
125126  32.523  -79.127  -2.487 0.4000000060
7916  31.739  -77.807  -1.627 0.4000000060
129765  25.305  -89.070  20.360 0.4000000060
712  25.187  -89.288  20.452 0.4000000060
198  23.671  -89.979  16.429 0.4000000060
944  25.752  -88.379  19.599 0.4000000060
711  25.552  -89.042  19.700 0.4000000060
125038  24.662  -89.746  16.548 0.4000000060
503  25.321  -89.327  20.005 0.4000000060
338  26.291  -90.141  16.272 0.4000000060
130178  25.582  -90.029  16.719 0.4000000060
330  25.272  -90.129  17.671 0.4000000060
716  26.098  -88.496  19.049 0.5000000000
119466  26.075  -90.144  17.976 0.4000000060
1252  26.843  -86.987  19.201 0.5000000000
129314  26.845  -87.005  18.428 0.5000000000
948  26.520  -87.760  18.827 0.5000000000
128176  26.128  -89.031  18.764 0.4000000060
508  25.604  -89.252  19.365 0.4000000060
139705  27.007  -87.758  17.727 0.4000000060
125840  26.752  -88.221  18.202 0.4000000060
739  28.195  -89.020  16.250 0.4000000060
524  27.520  -89.539  16.759 0.4000000060
118154  27.060  -89.567  17.467 0.4000000060
319  26.594  -89.906  17.734 0.4000000060
320  26.129  -89.657  18.383 0.4000000060
328  26.982  -90.092  16.861 0.4000000060
329  26.197  -90.155  17.230 0.4000000060
963  27.583  -88.065  17.062 0.5000000000
723  27.291  -88.693  17.515 0.4000000060
724  26.846  -89.027  17.962 0.4000000060
517  26.503  -89.397  18.158 0.4000000060
973  28.233  -88.416  16.313 0.5000000000
730  27.875  -88.933  16.896 0.4000000060
731  27.446  -89.179  17.196 0.4000000060
744  29.024  -88.886  14.991 0.3000000119
134436  29.247  -89.127  14.271 0.3000000119
743  29.638  -88.259  14.410 0.4000000060
738  28.708  -88.617  15.628 0.3000000119
982  30.171  -87.523  14.671 0.4000000060
983  29.329  -87.932  14.907 0.4000000060
755  29.929  -89.003  13.565 0.3000000119
750  30.016  -88.331  13.978 0.4000000060
749  30.511  -88.323  13.635 0.4000000060
133662  30.387  -87.772  14.309 0.4000000060
981  31.249  -87.633  14.967 0.4000000060
1283  31.596  -87.338  15.872 0.3000000119
1298  30.802  -87.296  15.457 0.3000000119
1299  29.786  -87.143  15.231 0.4000000060
754  30.622  -88.593  12.978 0.4000000060
989  31.028  -87.847  14.163 0.4000000060
988  31.949  -87.829  14.087 0.4000000060
972  32.063  -87.537  15.339 0.4000000060
1285  28.860  -87.382  15.648 0.4000000060
542  29.920  -89.307  12.796 0.4000000060
126332  31.853  -88.045  12.296 0.4000000060
762  31.161  -88.447  12.217 0.4000000060
129185  32.471  -87.712  12.368 0.4000000060
996  32.083  -87.849  13.157 0.4000000060
997  31.249  -88.068  13.504 0.4000000060
1272  27.918  -87.093  16.436 0.4000000060
1286  28.305  -86.193  16.256 0.4000000060
1284  30.318  -86.764  15.994 0.3000000119
119323  29.337  -86.562  15.930 0.4000000060
126066  31.203  -87.100  16.487 0.3000000119
761  31.721  -88.192  11.386 0.4000000060
140037  32.113  -87.830  10.662 0.4000000060
1008  32.447  -87.729  11.424 0.4000000060
995  32.962  -87.497  12.854 0.4000000060
1261  27.167  -85.855  18.027 0.4000000060
1704  29.535  -85.626  17.290 0.3000000119
1273  27.194  -86.705  17.307 0.4000000060
1693  27.960  -85.421  18.324 0.4000000060
139017  27.349  -85.815  17.149 0.4000000060
2240  28.137  -85.574  16.697 0.4000000060
7223  30.382  -77.298  1.077 0.4000000060
1009  31.370  -88.195  12.863 0.4000000060
518  25.976  -89.298  18.717 0.4000000060
715  26.486  -88.625  18.573 0.4000000060
1214  30.437  -86.139  22.260 0.3000000119
1230  30.144  -86.423  21.111 0.3000000119
1241  30.496  -86.104  19.933 0.3000000119
1308  34.507  -86.102  12.356 0.4000000060
1318  34.600  -85.849  11.831 0.4000000060
1325  34.498  -85.259  11.535 0.4000000060
1621  30.365  -85.824  24.369 0.3000000119
1673  31.043  -85.389  20.252 0.3000000119
1682  31.041  -85.862  19.557 0.3000000119
1702  32.708  -85.849  17.091 0.4000000060
1717  28.911  -85.806  16.557 0.4000000060
1718  27.553  -86.075  16.610 0.4000000060
1745  34.229  -86.190  13.143 0.4000000060
1769  33.380  -83.661  11.143 0.4000000060
1782  33.154  -83.280  10.478 0.3000000119
1793  33.330  -83.718  9.157 0.3000000119
1794  32.533  -83.382  9.355 0.3000000119
1814  33.768  -84.590  8.306 0.3000000119
1834  32.772  -85.542  5.309 0.4000000060
2146  29.987  -85.666  25.172 0.3000000119
2159  30.456  -85.666  24.100 0.3000000119
2190  30.616  -85.413  21.337 0.3000000119
2223  28.585  -85.369  17.190 0.4000000060
2224  28.218  -85.299  17.611 0.4000000060
2225  27.721  -85.480  17.460 0.4000000060
2233  28.023  -85.323  17.087 0.4000000060
2234  27.710  -85.579  16.863 0.4000000060
2241  27.841  -85.747  16.603 0.4000000060
2260  35.568  -84.778  12.653 0.3000000119
2264  35.582  -84.238  12.235 0.3000000119
2270  35.716  -83.398  11.724 0.3000000119
2284  35.138  -83.356  10.081 0.3000000119
2313  34.402  -84.747  7.326 0.3000000119
2814  36.352  -83.072  11.794 0.3000000119
2820  35.898  -83.036  11.249 0.3000000119
2890  33.052  -83.987  3.128 0.4000000060
2891  32.349  -84.047  2.646 0.4000000060
2906  30.002  -84.270  0.189 0.4000000060
2916  29.689  -83.895  -1.265 0.4000000060
3339  36.314  -82.785  12.673 0.3000000119
3340  35.846  -83.411  13.054 0.3000000119
3360  37.048  -82.789  11.698 0.3000000119
3450  26.661  -83.610  -1.075 0.6999999881
3454  29.792  -83.318  -2.456 0.6000000238
3455  28.870  -83.315  -2.320 0.6000000238
3456  28.270  -83.478  -2.160 0.6999999881
3460  30.254  -82.913  -2.736 0.6000000238
3912  37.578  -81.828  12.392 0.3000000119
3913  37.402  -81.977  12.389 0.3000000119
3914  36.217  -82.365  13.122 0.3000000119
3925  37.740  -82.070  12.045 0.3000000119
3929  37.826  -82.347  11.380 0.3000000119
3932  37.628  -82.705  10.721 0.3000000119
4034  25.761  -82.686  -0.427 0.6000000238
4036  24.316  -82.938  0.290 0.6000000238
4048  30.671  -82.420  -2.865 0.6000000238
4506  37.324  -81.553  12.537 0.3000000119
4507  36.745  -81.689  12.909 0.3000000119
4569  25.326  -81.159  4.272 0.6000000238
4571  23.142  -81.444  4.221 0.5000000000
4582  22.621  -81.434  3.604 0.5000000000
4595  22.833  -81.430  2.834 0.5000000000
4618  31.630  -81.791  0.534 0.3000000119
4633  25.552  -82.159  -0.130 0.6000000238
4645  27.047  -82.084  -0.464 0.6999999881
4646  26.126  -82.376  -0.378 0.6999999881
4649  14.811  -80.308  -1.036 0.6000000238
4665  31.003  -81.884  -3.031 0.6999999881
5185  15.758  -80.267  9.834 0.6000000238
5194  15.180  -80.094  9.130 0.6000000238
5205  24.330  -80.056  7.748 0.6999999881
5214  26.252  -80.373  5.950 0.6999999881
5217  14.062  -79.689  6.182 0.6000000238
5225  25.651  -80.867  5.543 0.6000000238
5238  25.015  -81.214  4.950 0.6000000238
5239  23.657  -81.359  4.816 0.5000000000
5262  27.252  -80.495  3.294 0.8000000119
5271  26.566  -80.999  1.685 0.6000000238
5280  21.237  -79.722  0.153 0.6000000238
5292  17.692  -80.420  -0.795 0.5000000000
5294  15.822  -80.227  -0.792 0.6000000238
5304  20.412  -80.053  -1.009 0.6000000238
5305  19.708  -80.034  -1.077 0.6000000238
5307  17.442  -80.305  -1.127 0.5000000000
5308  16.480  -80.219  -1.178 0.5000000000
5309  15.548  -80.254  -1.068 0.6000000238
5310  13.976  -80.353  -0.909 0.6000000238
5317  29.130  -81.178  -1.435 0.6999999881
5319  17.265  -79.969  -1.458 0.5000000000
5328  31.958  -80.956  -3.052 0.6000000238
5330  30.376  -81.058  -1.951 0.6999999881
5847  37.411  -80.357  10.191 0.3000000119
5851  15.982  -79.593  9.229 0.6000000238
5859  25.106  -79.456  8.559 0.8000000119
5904  27.861  -80.119  3.681 0.8000000119
5918  23.471  -78.468  0.611 0.6999999881
5927  21.956  -79.418  0.500 0.6000000238
5934  23.209  -78.499  -0.090 0.6999999881
5935  22.414  -78.953  -0.496 0.6999999881
5936  21.723  -79.357  -0.880 0.6999999881
5945  28.583  -80.542  -0.755 0.8000000119
5946  22.832  -78.254  -0.616 0.6999999881
5948  21.073  -79.812  -1.082 0.6000000238
5949  20.351  -79.679  -1.176 0.6999999881
5950  19.530  -79.566  -1.253 0.6999999881
5951  18.649  -79.520  -1.346 0.6000000238
5961  21.921  -78.498  -1.511 0.6000000238
5962  21.271  -78.746  -1.591 0.6999999881
5963  20.301  -78.998  -1.519 0.6999999881
5965  17.894  -79.462  -1.442 0.5000000000
5966  17.208  -79.357  -1.382 0.5000000000
5967  16.247  -79.390  -1.157 0.5000000000
5977  30.785  -80.240  -1.832 0.5000000000
6481  24.859  -77.965  11.061 0.8000000119
6482  24.590  -78.549  10.781 0.8000000119
6491  26.064  -78.411  9.064 0.8000000119
6501  26.521  -78.692  8.282 0.8000000119
6510  26.865  -78.926  7.561 0.6999999881
6517  27.195  -79.139  6.905 0.8000000119
6527  24.353  -77.819  4.337 0.5000000000
6538  28.959  -78.967  3.468 0.6999999881
6540  24.700  -77.729  2.893 0.6000000238
6541  24.205  -78.041  3.414 0.5000000000
6564  24.560  -77.592  1.048 0.6999999881
6565  22.746  -78.587  1.967 0.6000000238
6570  29.194  -79.168  0.645 0.6000000238
6572  24.402  -77.791  0.431 0.6999999881
6578  29.755  -78.979  -0.437 0.6999999881
6589  29.710  -79.355  -0.928 0.6999999881
6590  24.105  -77.466  -0.552 0.5000000000
6591  23.404  -77.774  -0.623 0.6000000238
6592  22.500  -78.053  -1.102 0.6999999881
6602  29.391  -79.992  -1.074 0.6999999881
6607  18.970  -78.510  -1.349 0.6000000238
6609  16.810  -78.960  -0.921 0.5000000000
6610  15.781  -78.918  -0.806 0.5000000000
6612  14.037  -78.501  -1.192 0.5000000000
6620  32.976  -78.198  -2.388 0.4000000060
7118  24.192  -77.130  12.046 0.6999999881
7128  25.942  -76.956  10.605 0.8999999762
7141  25.537  -77.759  10.428 0.8999999762
7151  22.418  -77.367  8.748 0.6000000238
7161  22.812  -77.438  7.240 0.5000000000
7162  22.049  -77.472  7.883 0.6999999881
7182  24.976  -77.050  6.268 0.5000000000
7189  29.758  -77.614  3.991 0.5000000000
7203  29.370  -78.210  3.774 0.6999999881
7215  24.777  -77.171  2.357 0.6000000238
7225  25.242  -76.437  0.999 0.5000000000
7226  24.742  -77.057  1.478 0.6000000238
7232  24.826  -77.041  0.659 0.5000000000
7239  24.892  -77.162  0.046 0.5000000000
7247  30.191  -78.521  -0.835 0.6000000238
7248  24.615  -77.133  -0.411 0.5000000000
7250  17.969  -77.647  -0.698 0.6000000238
7253  14.994  -77.545  -0.479 0.4000000060
7261  24.152  -76.924  -1.062 0.5000000000
7262  23.446  -77.267  -1.130 0.5000000000
7266  19.718  -77.564  -1.409 0.6000000238
7270  14.498  -78.049  -0.803 0.5000000000
7782  25.676  -75.479  11.289 0.6999999881
7784  24.391  -76.203  11.828 0.8000000119
7785  22.490  -76.808  11.830 0.6000000238
7795  26.251  -76.080  10.876 0.6999999881
7828  28.788  -76.629  7.654 0.6000000238
7830  24.872  -76.574  7.620 0.5000000000
7843  24.571  -77.079  6.878 0.5000000000
7862  25.845  -76.126  4.701 0.6000000238
7874  25.181  -76.535  3.496 0.6000000238
7882  25.801  -75.908  2.121 0.6000000238
7891  26.841  -75.553  1.017 0.5000000000
7892  25.934  -75.924  1.328 0.6000000238
7897  30.890  -76.765  0.638 0.4000000060
7898  26.650  -75.525  0.422 0.5000000000
7906  26.426  -75.607  0.189 0.5000000000
7918  25.544  -76.233  -0.060 0.5000000000
7919  24.922  -76.689  -0.470 0.5000000000
7921  21.563  -76.778  -1.634 0.5000000000
7927  15.565  -77.014  -0.274 0.5000000000
7945  20.097  -77.088  -1.535 0.5000000000
8500  23.891  -76.141  11.951 0.8000000119
8515  24.907  -75.363  11.559 0.6999999881
8526  26.791  -74.686  10.832 0.6000000238
8527  26.106  -74.646  11.151 0.6000000238
8528  24.427  -75.184  11.219 0.6999999881
8529  23.763  -75.878  11.505 0.8000000119
8540  28.511  -74.945  9.495 0.6000000238
8542  24.414  -75.142  10.414 0.8000000119
8566  29.616  -75.247  7.490 0.6000000238
8570  25.057  -76.009  8.314 0.6000000238
8611  26.942  -74.729  2.801 0.5000000000
8647  27.969  -74.805  0.636 0.5000000000
8650  20.295  -75.619  0.671 0.5000000000
8667  27.312  -75.071  0.133 0.5000000000
8674  17.394  -75.692  -0.007 0.5000000000
8691  26.106  -75.707  -0.019 0.5000000000
8692  24.839  -75.900  -0.927 0.5000000000
8697  20.129  -76.292  -1.100 0.5000000000
8698  19.405  -76.242  -0.855 0.5000000000
8699  18.593  -76.232  -0.554 0.5000000000
8700  17.054  -76.600  -0.382 0.6000000238
8701  16.253  -76.501  -0.138 0.6000000238
8703  14.572  -76.867  0.105 0.5000000000
9317  25.882  -74.118  11.131 0.6000000238
9318  25.166  -74.634  11.182 0.6999999881
9328  27.078  -74.014  10.645 0.6000000238
9341  29.013  -73.835  9.528 0.5000000000
9343  25.552  -74.181  9.742 0.6999999881
9356  28.940  -74.391  9.408 0.6000000238
9359  25.304  -74.861  9.310 0.5000000000
9369  29.971  -73.966  8.449 0.6000000238
9371  26.060  -74.968  8.005 0.5000000000
9458  28.428  -74.335  1.012 0.5000000000
9477  15.567  -74.517  0.840 0.6000000238
9489  28.266  -74.352  -0.264 0.5000000000
9496  17.024  -75.100  0.281 0.6000000238
9507  27.629  -74.578  -0.347 0.5000000000
9508  25.647  -75.376  -0.329 0.5000000000
10164  26.283  -73.792  10.901 0.6000000238
10173  26.129  -73.674  10.638 0.6000000238
10184  29.276  -73.295  9.287 0.5000000000
10187  26.569  -73.325  9.989 0.6000000238
10199  30.353  -72.568  8.622 0.6000000238
10203  26.140  -73.724  9.426 0.6000000238
10216  30.937  -72.850  8.249 0.5000000000
10253  31.409  -73.880  6.460 0.6000000238
10314  18.577  -72.745  1.611 0.6999999881
10316  14.666  -73.194  2.499 0.5000000000
10329  18.448  -73.858  1.208 0.6000000238
11064  28.939  -72.826  9.298 0.5000000000
11074  29.616  -72.565  8.960 0.6000000238
11180  19.512  -71.680  1.795 0.6000000238
11195  16.070  -72.326  2.310 0.6000000238
11210  18.881  -71.943  1.519 0.6999999881
11211  18.519  -72.121  1.540 0.6999999881
11212  17.904  -72.447  1.544 0.6000000238
11213  16.825  -72.215  1.906 0.6999999881
12004  19.284  -72.338  3.187 0.5000000000
12017  11.728  -71.669  3.072 0.5000000000
12036  12.871  -72.159  3.018 0.6000000238
12050  18.886  -71.343  1.512 0.6999999881
12053  17.133  -71.443  2.296 0.6999999881
12780  20.868  -70.082  3.752 0.6000000238
12801  20.429  -70.814  3.216 0.6000000238
12802  10.888  -70.771  3.652 0.5000000000
12818  16.558  -70.889  3.166 0.6999999881
12823  11.754  -70.844  3.371 0.5000000000
12838  18.782  -70.104  1.733 0.8000000119
12840  17.386  -70.998  2.444 0.8000000119
12841  16.250  -71.404  3.141 0.6999999881
12842  15.338  -71.628  3.504 0.6000000238
12843  14.288  -71.628  3.553 0.5000000000
12854  19.786  -70.558  1.479 0.6999999881
12855  19.239  -70.760  1.451 0.6000000238
13564  21.087  -69.237  5.240 0.5000000000
13581  14.362  -69.829  4.288 0.6999999881
13590  20.981  -69.309  2.463 0.6000000238
13595  14.059  -70.483  4.005 0.6000000238
13596  13.174  -70.397  3.675 0.6000000238
13597  12.375  -70.380  3.524 0.5000000000
13606  20.472  -69.560  1.757 0.6999999881
13608  18.920  -69.646  2.012 0.8000000119
14320  14.277  -67.806  7.699 0.6000000238
14330  21.151  -68.559  6.611 0.3000000119
14331  20.753  -68.993  7.330 0.4000000060
14333  11.481  -68.280  6.711 0.6000000238
14340  21.366  -68.521  5.583 0.4000000060
14350  12.259  -68.338  4.463 0.6000000238
14360  21.416  -68.066  3.561 0.6000000238
14362  16.513  -68.390  4.518 0.6999999881
14363  15.682  -68.889  4.690 0.6999999881
14367  11.932  -69.088  4.091 0.5000000000
14379  21.069  -68.703  3.026 0.6999999881
14382  18.941  -68.952  2.521 0.8000000119
14384  16.430  -69.335  4.161 0.6999999881
14396  20.310  -69.138  1.930 0.8000000119
15143  17.270  -68.176  9.375 0.4000000060
15159  15.017  -67.347  7.871 0.5000000000
15170  13.227  -67.605  7.414 0.5000000000
15196  11.632  -67.943  5.507 0.6000000238
15197  11.319  -68.457  5.180 0.5000000000
15213  13.705  -66.999  4.726 0.6000000238
15214  12.521  -67.496  4.776 0.6000000238
15229  21.860  -66.990  4.012 0.6000000238
15233  14.966  -68.106  4.738 0.5000000000
15252  21.541  -67.603  3.775 0.6999999881
15254  20.558  -67.739  3.331 0.6999999881
15256  18.834  -68.295  3.051 0.8000000119
16015  17.899  -66.097  12.466 0.5000000000
16041  17.427  -67.142  9.558 0.4000000060
16059  16.293  -67.286  8.552 0.6999999881
16075  13.549  -66.272  6.782 0.6000000238
16086  11.855  -67.567  5.884 0.6000000238
16101  13.110  -66.248  5.686 0.6000000238
16116  15.162  -66.400  4.933 0.6000000238
16119  12.646  -66.824  5.238 0.6000000238
16132  21.923  -66.303  4.316 0.5000000000
16146  20.931  -66.854  3.727 0.6000000238
16148  19.524  -66.955  3.676 0.8000000119
16983  17.011  -65.334  8.901 0.6000000238
16997  16.089  -65.322  8.413 0.8000000119
16998  15.375  -65.482  7.945 0.8000000119
17017  14.026  -64.964  6.807 0.6000000238
17018  13.706  -65.495  6.470 0.6000000238
17028  15.693  -65.135  5.309 0.6000000238
17029  14.940  -65.132  5.360 0.6000000238
17030  14.135  -65.213  5.674 0.6999999881
17031  13.529  -65.376  6.027 0.6999999881
17047  22.722  -64.996  4.264 0.4000000060
17048  22.325  -65.615  4.267 0.5000000000
17051  15.419  -65.775  5.111 0.6000000238
17069  17.663  -66.169  4.720 0.8000000119
17080  21.641  -65.198  4.196 0.6000000238
17082  20.211  -65.783  4.212 0.6999999881
17083  19.632  -66.149  4.057 0.8000000119
17920  18.598  -63.643  11.128 0.5000000000
17937  18.610  -64.334  11.035 0.5000000000
17950  17.580  -64.586  9.153 0.5000000000
17973  14.689  -64.559  6.990 0.6999999881
17986  15.516  -64.519  5.695 0.6999999881
17988  13.977  -64.741  6.128 0.6999999881
18001  18.364  -64.422  4.922 0.8000000119
18024  20.312  -64.532  4.442 0.6000000238
18027  18.063  -65.293  4.753 0.8000000119
18041  21.808  -64.406  4.198 0.4000000060
18043  20.635  -64.979  4.348 0.6999999881
18044  19.869  -65.356  4.297 0.8000000119
18847  18.205  -63.817  11.684 0.4000000060
18902  16.271  -63.742  7.888 0.6999999881
18909  18.005  -62.989  7.765 0.6000000238
18910  16.734  -63.176  7.309 0.6999999881
18918  15.553  -63.502  6.513 0.6000000238
18919  14.929  -64.194  6.523 0.6999999881
18923  24.919  -63.240  6.326 0.3000000119
18924  24.359  -63.128  5.527 0.3000000119
18925  17.602  -63.256  5.739 0.6999999881
18926  16.096  -63.673  5.780 0.6999999881
18928  14.578  -64.460  6.265 0.6999999881
18932  23.718  -63.216  4.703 0.3000000119
18933  23.358  -63.912  4.653 0.3000000119
18935  18.593  -63.581  5.139 0.6999999881
18950  22.339  -63.855  4.179 0.3000000119
18951  21.465  -63.539  4.437 0.5000000000
18952  20.712  -63.749  4.589 0.6000000238
18970  21.130  -64.234  4.366 0.5000000000
19847  18.751  -62.796  10.453 0.6000000238
19848  18.048  -62.413  10.608 0.6000000238
19849  17.021  -62.398  10.453 0.6000000238
19851  13.153  -62.943  10.232 0.5000000000
19863  18.968  -62.273  9.807 0.6999999881
19864  14.334  -62.924  9.301 0.6000000238
19866  12.874  -62.289  9.911 0.6000000238
19878  18.913  -62.596  8.456 0.8000000119
19879  14.365  -62.411  8.882 0.6000000238
19905  18.102  -62.617  6.477 0.6999999881
19906  16.975  -62.902  6.258 0.6999999881
19923  18.816  -62.756  5.437 0.6000000238
19932  22.326  -62.552  4.435 0.3000000119
19933  21.678  -62.863  4.570 0.3000000119
19934  21.075  -63.080  4.854 0.6000000238
20820  12.119  -61.726  11.380 0.5000000000
20839  18.253  -61.161  9.608 0.6999999881
20840  17.073  -61.173  9.249 0.6000000238
20841  15.219  -61.969  8.752 0.5000000000
20843  12.902  -61.691  9.804 0.6000000238
20858  13.566  -61.733  9.226 0.5000000000
20871  19.752  -61.042  7.194 0.4000000060
20887  19.427  -61.732  6.770 0.5000000000
20912  22.321  -61.824  4.700 0.4000000060
20923  21.370  -62.504  5.007 0.3000000119
21799  12.536  -60.919  12.191 0.5000000000
21800  12.443  -60.652  12.017 0.6000000238
21813  12.438  -60.786  10.912 0.6000000238
21820  13.820  -60.706  9.614 0.5000000000
21821  13.191  -61.189  9.668 0.5000000000
21829  19.152  -60.773  8.649 0.6000000238
21834  14.473  -60.848  9.060 0.5000000000
21846  17.770  -59.684  8.191 0.5000000000
21873  20.777  -61.220  5.693 0.4000000060
22766  13.431  -59.116  13.603 0.4000000060
22780  13.314  -59.932  13.305 0.3000000119
22808  13.716  -59.869  10.518 0.4000000060
22819  13.935  -60.167  10.066 0.4000000060
22830  15.099  -60.169  9.105 0.4000000060
22838  19.630  -59.097  6.894 0.3000000119
23730  13.723  -58.329  15.125 0.4000000060
23756  13.318  -59.310  12.626 0.4000000060
23765  13.556  -59.326  11.641 0.4000000060
23785  14.926  -58.946  10.095 0.3000000119
23795  15.638  -59.400  9.204 0.4000000060
23802  19.156  -58.198  7.099 0.4000000060
23804  17.914  -58.618  8.027 0.5000000000
23805  17.181  -59.125  8.473 0.4000000060
24739  14.382  -58.351  11.218 0.3000000119
24750  16.587  -57.360  9.859 0.3000000119
24751  15.997  -58.022  10.158 0.3000000119
24761  17.698  -57.350  9.109 0.3000000119
24764  15.462  -58.762  9.776 0.4000000060
24769  21.134  -56.987  7.281 0.3000000119
24771  19.559  -57.037  7.537 0.3000000119
24773  18.173  -57.721  8.355 0.3000000119
24781  19.924  -57.385  6.920 0.3000000119
25664  13.963  -56.529  13.521 0.3000000119
25721  17.232  -56.692  9.854 0.3000000119
25735  18.539  -56.877  9.058 0.3000000119
25745  20.696  -56.755  7.768 0.3000000119
115879  37.796  -82.400  10.248 0.3000000119
115906  18.264  -81.022  13.059 0.6000000238
115911  18.762  -78.349  8.410 0.6000000238
115922  16.462  -78.445  6.229 0.6000000238
115927  21.186  -77.584  7.309 0.6000000238
115933  16.999  -78.351  5.547 0.5000000000
115934  20.538  -77.549  4.698 0.6999999881
115936  15.895  -78.574  4.359 0.5000000000
115938  17.809  -77.671  3.537 0.5000000000
115945  18.139  -78.772  2.122 0.6999999881
115955  20.763  -78.400  2.186 0.6000000238
116378  18.109  -80.241  0.075 0.5000000000
116434  19.182  -78.908  11.998 0.6000000238
116440  21.349  -79.707  13.392 0.6000000238
116448  36.866  -81.438  8.733 0.3000000119
116494  16.527  -79.564  1.475 0.6000000238
116514  23.414  -77.342  12.350 0.6999999881
116524  16.655  -78.656  7.773 0.5000000000
116566  36.291  -83.810  8.721 0.3000000119
116635  16.312  -78.121  3.569 0.5000000000
116654  15.344  -78.818  5.731 0.6000000238
116663  36.669  -83.346  8.356 0.3000000119
116690  37.625  -82.387  9.522 0.3000000119
116779  20.097  -77.562  5.424 0.6000000238
116781  20.507  -79.665  1.016 0.5000000000
116782  18.453  -77.662  4.014 0.6999999881
116836  23.333  -78.189  12.491 0.6999999881
116877  18.049  -78.264  6.513 0.6000000238
116938  18.967  -79.180  1.674 0.6000000238
117041  34.738  -81.648  7.531 0.3000000119
117089  23.311  -76.550  12.109 0.6999999881
117152  11.000  -68.712  6.294 0.5000000000
117216  37.195  -83.104  10.205 0.3000000119
117328  12.455  -60.707  11.695 0.6000000238
117330  23.859  -77.839  4.862 0.5000000000
117932  20.896  -77.165  -1.740 0.5000000000
118079  15.616  -78.844  3.658 0.6000000238
118568  25.440  -76.680  5.076 0.6000000238
119014  16.688  -71.409  2.660 0.8000000119
119342  15.578  -67.014  8.194 0.6999999881
119400  20.266  -62.127  5.439 0.6000000238
119759  30.646  -81.439  -2.648 0.6999999881
120153  17.316  -78.193  -0.651 0.6000000238
120275  13.873  -66.318  4.979 0.6000000238
120383  22.644  -63.184  4.221 0.3000000119
120391  12.974  -66.938  4.784 0.6000000238
120508  31.833  -79.185  -2.204 0.4000000060
120536  14.983  -76.204  0.302 0.6000000238
120578  19.475  -62.117  5.708 0.6000000238
120685  24.360  -78.367  11.390 0.8000000119
120747  19.609  -68.525  2.663 0.6999999881
120816  17.043  -69.610  3.466 0.8000000119
120900  19.912  -71.423  2.852 0.6000000238
120936  31.275  -82.044  1.689 0.3000000119
121684  29.752  -86.687  21.620 0.3000000119
121695  21.388  -77.626  4.784 0.6999999881
122001  19.264  -67.760  3.312 0.8000000119
122211  19.825  -70.928  5.291 0.5000000000
123229  11.863  -67.711  6.514 0.5000000000
123521  35.267  -84.925  12.948 0.3000000119
123802  17.107  -67.580  8.800 0.5000000000
123980  13.648  -67.063  7.191 0.6000000238
124533  35.730  -83.165  13.225 0.3000000119
124814  37.494  -82.446  11.706 0.3000000119
125526  12.033  -72.252  2.777 0.5000000000
125624  21.130  -77.747  -1.872 0.6999999881
125659  23.614  -81.823  0.954 0.4000000060
125774  21.722  -78.140  -1.856 0.6000000238
125791  31.304  -81.244  -2.908 0.6999999881
126052  16.843  -56.708  10.202 0.3000000119
126061  11.959  -61.158  11.100 0.6000000238
126282  14.617  -79.298  5.740 0.6000000238
126305  24.271  -81.532  1.989 0.4000000060
126719  13.312  -72.646  2.866 0.5000000000
128081  22.693  -77.681  5.457 0.6999999881
128168  20.173  -60.035  6.790 0.4000000060
128296  16.420  -67.411  4.854 0.6000000238
128613  29.904  -79.870  -1.327 0.6999999881
128677  29.919  -74.518  7.816 0.6000000238
128932  38.096  -82.168  10.811 0.3000000119
128943  28.950  -79.679  0.301 0.6999999881
128973  18.386  -78.549  -1.211 0.6000000238
129096  21.293  -66.039  4.155 0.6999999881
129141  29.464  -76.383  6.489 0.5000000000
129166  31.823  -87.750  14.738 0.4000000060
129190  19.953  -69.894  1.456 0.8000000119
129329  24.165  -78.072  0.871 0.6999999881
129466  16.903  -72.859  1.538 0.6999999881
129509  16.852  -70.322  3.243 0.6999999881
129638  15.255  -80.056  0.130 0.5000000000
129714  25.594  -76.105  3.950 0.6000000238
129792  23.944  -75.520  10.828 0.8000000119
129946  18.232  -80.306  -1.041 0.5000000000
130579  27.481  -75.136  0.992 0.5000000000
130622  17.711  -66.155  10.254 0.5000000000
130856  16.883  -58.653  9.005 0.4000000060
130860  14.472  -61.683  8.795 0.6000000238
131494  26.575  -74.620  -0.304 0.5000000000
131773  24.253  -81.261  5.323 0.4000000060
131995  17.972  -64.231  12.267 0.4000000060
132027  17.724  -76.194  -0.300 0.6000000238
132679  19.514  -78.105  11.002 0.6000000238
132693  19.692  -79.922  0.436 0.5000000000
132702  19.993  -77.775  10.291 0.6000000238
132712  21.825  -77.891  4.098 0.6000000238
132755  22.061  -80.379  9.244 0.6000000238
132765  19.645  -77.953  7.249 0.5000000000
132798  21.349  -78.592  13.398 0.6000000238
132889  16.263  -79.038  8.519 0.6000000238
132923  37.246  -82.640  8.825 0.3000000119
132935  17.371  -79.319  1.887 0.6999999881
132940  19.001  -80.229  -0.923 0.5000000000
132951  15.354  -79.959  1.661 0.5000000000
132966  37.563  -81.608  9.411 0.3000000119
132969  21.678  -78.718  1.885 0.6000000238
132988  19.236  -77.680  3.962 0.6999999881
133068  21.343  -77.776  12.829 0.6000000238
133082  17.099  -77.846  3.099 0.6999999881
133229  21.400  -77.510  10.059 0.6000000238
133232  20.669  -77.565  10.822 0.6000000238
133264  18.918  -78.087  6.761 0.6000000238
133367  16.030  -61.440  8.741 0.6000000238
133773  27.189  -83.801  -1.790 0.6999999881
134714  30.521  -85.927  20.874 0.3000000119
134882  37.010  -83.084  8.732 0.3000000119
135337  23.698  -78.307  1.592 0.6000000238
135464  14.525  -75.636  0.625 0.5000000000
135904  18.402  -78.281  7.180 0.6000000238
135932  11.268  -68.403  5.686 0.5000000000
136110  22.761  -78.409  2.816 0.6000000238
136251  21.359  -79.757  -0.646 0.6000000238
136315  30.141  -81.663  -2.400 0.6999999881
136484  36.343  -83.644  9.255 0.3000000119
137041  36.770  -82.109  12.955 0.3000000119
137174  29.737  -86.243  16.535 0.3000000119
137346  30.942  -78.239  -1.268 0.4000000060
137435  31.621  -88.132  10.207 0.4000000060
137611  27.598  -79.347  6.380 0.6000000238
137614  20.030  -68.876  2.182 0.8000000119
137727  24.460  -77.004  -0.748 0.5000000000
137877  21.256  -68.132  3.369 0.6999999881
137952  27.121  -74.248  3.407 0.5000000000
138096  30.009  -84.938  10.189 0.4000000060
138256  17.184  -64.022  8.580 0.6000000238
138288  14.407  -79.539  7.666 0.6000000238
138297  24.728  -77.399  11.599 0.8999999762
138353  17.898  -78.980  -1.376 0.6000000238
138381  26.673  -80.773  3.048 0.6000000238
138655  33.136  -77.546  -2.223 0.4000000060
138683  27.835  -89.190  16.656 0.4000000060
138708  15.869  -78.513  5.963 0.5000000000
138750  22.414  -81.667  1.626 0.5000000000
138799  27.040  -73.225  10.092 0.6000000238
138836  22.781  -77.546  -1.233 0.5000000000
138948  24.303  -77.233  -0.670 0.5000000000
138971  27.076  -75.050  2.216 0.5000000000
139610  28.503  -85.530  9.955 0.3000000119
139793  34.094  -86.018  13.530 0.4000000060
139933  20.013  -69.447  1.592 0.8000000119
140200  30.633  -84.896  1.992 0.5000000000
140755  30.595  -86.096  19.198 0.4000000060
140862  15.599  -63.786  7.494 0.6999999881
141130  21.647  -67.537  3.833 0.6000000238
141721  16.777  -56.660  10.469 0.3000000119
141797  27.785  -83.761  -2.036 0.6000000238
