#!ascii label  , from subject sub-v1s8x0051335_ses-1 vox2ras=TkReg
587
54638  23.794  -26.097  10.853 0.1428571492
54628  23.531  -26.780  11.232 0.1428571492
56432  23.722  -25.122  9.860 0.1428571492
54626  25.285  -26.456  11.286 0.1428571492
130692  24.910  -25.397  10.556 0.2857142985
55530  23.275  -25.718  10.180 0.1428571492
55515  25.591  -25.699  10.902 0.1428571492
56447  24.235  -24.611  9.439 0.5714285970
55528  25.455  -24.943  10.456 0.1428571492
57367  26.626  -23.647  10.284 0.2857142985
56429  26.970  -24.323  10.582 0.2857142985
58365  28.380  -22.865  10.366 0.1428571492
57366  27.595  -23.489  10.401 0.2857142985
59444  28.975  -21.049  8.939 0.2857142985
59435  28.016  -21.593  9.132 0.1428571492
61408  29.760  -19.928  7.455 0.2857142985
60436  29.488  -20.461  8.209 0.2857142985
61416  30.124  -19.240  6.982 0.2857142985
140299  31.070  -17.534  6.446 0.2857142985
65234  31.627  -15.513  5.137 0.8571428657
63314  31.068  -17.036  5.518 0.4285714328
62370  30.993  -18.105  6.835 0.2857142985
66134  31.860  -13.953  4.545 0.7142857313
66124  32.177  -14.139  5.154 0.7142857313
66125  31.767  -14.830  4.730 0.7142857313
64268  31.324  -16.300  4.679 0.7142857313
67955  32.148  -12.731  4.096 0.8571428657
67033  31.911  -13.239  4.258 0.5714285970
65245  31.323  -15.643  4.277 0.7142857313
68937  32.731  -11.355  3.147 0.4285714328
67046  31.969  -12.400  3.339 0.7142857313
70916  33.065  -9.444  2.398 0.2857142985
138298  32.475  -9.854  2.094 0.5714285970
68938  32.199  -11.812  2.827 0.8571428657
69917  32.394  -11.255  2.499 0.7142857313
71875  32.969  -8.579  1.390 0.1428571492
71862  33.358  -8.377  1.871 0.1428571492
69927  32.310  -10.779  2.171 0.5714285970
68949  32.073  -11.302  2.458 0.8571428657
71887  32.292  -8.227  0.879 0.1428571492
71886  32.791  -8.112  0.744 0.1428571492
71876  32.527  -8.813  1.679 0.1428571492
70928  32.190  -9.573  1.953 0.4285714328
136063  32.089  -10.937  2.121 0.8571428657
72815  32.069  -7.649  -0.366 0.1428571492
72802  32.315  -7.617  0.132 0.1428571492
72803  32.076  -7.780  0.450 0.1428571492
71877  32.114  -8.706  1.511 0.4285714328
70917  31.875  -9.970  2.253 0.7142857313
68924  31.154  -11.677  4.075 0.8571428657
72791  31.703  -7.485  1.039 0.1428571492
73702  31.293  -6.778  1.029 0.1428571492
72777  31.616  -8.051  1.733 0.5714285970
69918  31.888  -10.882  2.378 0.8571428657
70903  31.643  -10.167  2.867 0.8571428657
73710  30.995  -6.284  0.301 0.1428571492
73689  31.225  -7.002  1.735 0.1428571492
72760  31.389  -8.234  2.679 0.8571428657
71863  31.840  -8.991  2.116 0.7142857313
138456  31.296  -8.289  3.365 0.8571428657
74677  30.776  -5.447  0.937 0.1428571492
75695  30.071  -4.994  -0.086 0.1428571492
73703  30.987  -5.988  1.537 0.4285714328
73678  30.778  -6.646  3.378 0.8571428657
72761  31.053  -7.591  3.542 0.8571428657
72745  31.176  -8.283  4.155 0.8571428657
137861  30.558  -6.964  4.178 0.8571428657
72746  30.341  -7.308  4.917 0.8571428657
75685  30.475  -4.652  0.795 0.1428571492
75686  29.927  -4.140  0.224 0.2857142985
129883  30.721  -4.949  1.580 0.5714285970
75651  30.197  -4.781  3.221 0.8571428657
74655  30.642  -5.332  2.424 0.8571428657
74646  30.547  -5.708  3.309 0.8571428657
73668  30.300  -6.125  4.203 0.8571428657
73669  30.113  -6.709  4.907 0.8571428657
76704  30.297  -3.598  1.028 0.2857142985
76693  30.285  -3.680  1.794 0.7142857313
75676  30.460  -4.223  1.464 0.5714285970
75664  30.246  -4.347  2.319 0.8571428657
74633  30.292  -5.112  4.125 0.8571428657
75629  29.337  -5.143  5.314 0.8571428657
74634  29.911  -6.198  5.033 0.8571428657
76678  30.017  -3.444  2.473 0.8571428657
76667  29.863  -3.465  3.934 0.8571428657
75652  30.258  -4.190  4.132 0.8571428657
75638  29.216  -4.269  5.212 0.7142857313
122590  29.989  -4.599  4.811 0.7142857313
76679  29.777  -3.235  3.179 0.8571428657
77607  29.539  -2.709  3.577 0.8571428657
76655  29.756  -3.771  4.643 0.8571428657
77596  29.312  -3.029  4.264 0.8571428657
77597  29.068  -2.198  4.007 0.8571428657
76656  28.636  -3.371  4.906 0.7142857313
78551  29.878  -1.207  1.870 0.7142857313
119090  29.512  -1.764  3.288 0.8571428657
78545  29.690  -1.081  2.719 0.8571428657
78535  28.858  -1.313  3.894 0.8571428657
136134  29.031  -0.286  3.444 0.7142857313
80441  28.008  0.229  -1.736 0.1428571492
79526  29.531  -0.290  2.765 0.8571428657
80404  29.413  0.456  2.287 0.7142857313
141331  28.908  -0.760  3.668 0.8571428657
124251  27.859  1.043  -2.251 0.1428571492
80425  29.063  0.512  0.890 0.5714285970
121754  28.830  1.196  0.796 0.5714285970
81331  28.631  1.898  2.107 0.5714285970
81347  28.616  1.763  0.133 0.1428571492
82222  27.773  2.533  -2.372 0.1428571492
82184  28.505  2.753  1.675 0.5714285970
83108  27.882  3.365  -1.865 0.1428571492
125717  27.555  4.057  -2.350 0.1428571492
82202  28.464  2.700  -0.339 0.1428571492
84085  27.196  4.685  -2.903 0.1428571492
82194  28.593  2.752  0.692 0.5714285970
84072  27.932  4.189  -1.374 0.1428571492
84061  27.786  4.947  -0.996 0.1428571492
85032  27.230  5.484  -2.509 0.1428571492
135249  23.372  -27.350  11.574 0.1428571492
121698  26.361  -25.177  10.719 0.1428571492
56430  26.061  -24.272  10.422 0.2857142985
121895  28.783  -21.668  9.623 0.2857142985
58380  28.207  -22.190  9.920 0.1428571492
61423  30.417  -18.525  6.480 0.2857142985
64259  31.382  -16.197  5.920 0.4285714328
68923  32.547  -12.033  3.809 0.2857142985
64279  31.297  -16.472  3.588 0.7142857313
69916  32.847  -10.759  2.649 0.1428571492
67967  31.692  -12.484  3.637 0.8571428657
69928  32.150  -10.488  2.098 0.7142857313
73709  31.703  -7.145  0.334 0.1428571492
72778  31.147  -7.304  2.593 0.8571428657
71832  31.240  -9.146  4.372 0.8571428657
131296  30.795  -7.579  4.354 0.8571428657
77630  30.128  -2.868  1.772 0.8571428657
117424  29.779  -1.825  2.437 0.8571428657
133787  29.779  -0.693  2.314 0.8571428657
80417  29.440  0.341  1.550 0.7142857313
80431  28.784  0.721  0.018 0.2857142985
136256  26.450  5.224  -4.735 0.1428571492
54629  22.748  -27.126  11.153 0.1428571492
56431  25.221  -24.255  9.909 0.4285714328
58367  26.997  -22.982  10.039 0.2857142985
57368  25.916  -23.744  10.079 0.4285714328
57387  24.730  -23.990  9.052 0.2857142985
58366  27.683  -22.717  10.164 0.1428571492
60429  30.064  -20.637  9.106 0.2857142985
60435  30.281  -20.067  8.288 0.2857142985
60437  28.684  -20.759  8.063 0.2857142985
63325  31.243  -16.958  3.982 0.7142857313
140944  31.881  -7.677  -1.161 0.1428571492
139587  30.488  -5.454  0.318 0.1428571492
73690  30.949  -6.300  2.526 0.8571428657
70888  31.407  -9.841  3.711 0.8571428657
70889  31.085  -9.993  4.533 1.0000000000
76705  29.700  -3.305  0.337 0.2857142985
77638  29.934  -2.667  0.980 0.5714285970
119304  29.678  -1.897  0.849 0.5714285970
78558  29.947  -1.024  0.933 0.5714285970
79538  29.802  -0.324  1.797 0.7142857313
79553  28.834  -0.806  -0.334 0.2857142985
120750  28.704  -0.020  -0.389 0.2857142985
80440  28.485  0.478  -0.856 0.1428571492
121327  28.505  1.181  -0.592 0.1428571492
81356  28.328  1.850  -0.879 0.1428571492
83069  28.504  3.677  1.242 0.2857142985
81357  28.073  1.800  -1.854 0.1428571492
84060  28.258  4.372  -0.401 0.1428571492
84049  27.779  5.089  -0.086 0.1428571492
83120  27.351  3.302  -3.010 0.1428571492
85020  27.416  5.519  -1.570 0.1428571492
85011  27.358  5.646  -0.676 0.1428571492
85033  26.814  6.389  -3.230 0.1428571492
77647  29.452  -2.478  0.254 0.4285714328
77648  28.965  -2.329  -0.441 0.4285714328
78563  29.335  -1.548  0.140 0.4285714328
79552  29.397  -0.735  0.375 0.5714285970
79546  29.003  -0.098  0.251 0.5714285970
55516  24.688  -25.921  10.937 0.1428571492
55529  24.158  -25.491  10.459 0.1428571492
117676  24.610  -24.937  10.127 0.4285714328
66135  31.227  -14.810  4.305 0.7142857313
136015  31.724  -12.790  3.930 0.8571428657
69926  32.782  -10.213  2.359 0.5714285970
71888  31.948  -8.220  0.982 0.2857142985
131842  31.463  -9.141  3.086 0.8571428657
130401  29.979  -5.512  4.903 0.8571428657
76666  29.918  -3.951  3.179 0.8571428657
140763  29.887  -2.320  2.148 0.8571428657
81340  28.685  1.913  1.197 0.5714285970
82233  27.166  2.457  -3.308 0.1428571492
83096  28.304  3.515  -0.845 0.1428571492
131420  27.141  4.026  -3.194 0.1428571492
83130  26.766  3.698  -3.743 0.1428571492
82213  28.181  2.620  -1.354 0.1428571492
83081  28.561  3.661  0.177 0.1428571492
84073  27.580  4.809  -1.921 0.1428571492
59434  29.610  -21.449  9.685 0.1428571492
77631  29.809  -2.046  1.631 0.5714285970
57386  25.563  -23.615  9.458 0.4285714328
60445  29.022  -20.404  7.439 0.5714285970
84048  28.212  4.545  0.701 0.1428571492
60446  27.721  -20.839  7.012 0.5714285970
59470  26.963  -21.288  6.451 0.5714285970
58417  25.346  -22.445  5.985 0.2857142985
119768  28.433  -20.413  6.651 0.5714285970
59490  26.799  -21.055  5.624 0.5714285970
58403  25.333  -22.842  6.869 0.4285714328
60459  27.558  -20.728  6.114 0.5714285970
59473  24.896  -22.381  5.796 0.2857142985
59491  26.238  -21.272  5.274 0.4285714328
62371  29.746  -19.128  6.016 0.4285714328
61437  28.532  -19.852  5.024 0.5714285970
60476  27.789  -20.305  4.756 0.5714285970
60477  26.906  -20.679  5.038 0.4285714328
62382  29.522  -18.723  4.971 0.5714285970
61454  28.950  -19.247  4.464 0.5714285970
62398  29.452  -18.631  3.865 0.7142857313
62399  28.769  -18.934  3.533 0.4285714328
62381  30.172  -18.156  4.300 0.4285714328
59492  25.639  -21.621  5.333 0.2857142985
59493  24.892  -21.732  5.574 0.2857142985
60493  27.313  -20.226  4.632 0.4285714328
63339  30.696  -17.112  3.491 0.7142857313
63349  29.615  -17.553  2.030 0.4285714328
64293  29.908  -16.663  3.377 0.7142857313
65279  29.062  -16.543  2.714 0.5714285970
65259  29.488  -16.160  3.283 0.7142857313
65260  28.635  -15.668  3.024 0.2857142985
63338  31.254  -16.861  3.471 0.5714285970
64292  31.156  -16.537  3.390 0.5714285970
66136  30.744  -15.328  3.952 0.7142857313
66151  29.087  -15.388  3.893 0.7142857313
67036  29.768  -14.106  4.901 0.7142857313
66138  28.824  -14.427  4.470 0.7142857313
66152  28.208  -14.940  3.391 0.4285714328
67037  28.156  -13.561  4.403 0.4285714328
65246  30.618  -15.991  3.353 0.5714285970
126395  31.055  -14.417  4.282 0.5714285970
124032  30.489  -14.596  4.405 0.5714285970
125534  29.051  -13.393  5.233 0.7142857313
67946  29.633  -11.936  5.365 0.7142857313
67958  28.347  -12.880  4.910 0.5714285970
68926  28.793  -11.559  5.116 0.5714285970
67978  31.930  -11.994  2.932 0.7142857313
67956  30.762  -12.846  4.535 0.5714285970
67035  30.794  -13.673  4.449 0.5714285970
130614  30.725  -12.209  4.569 0.7142857313
133821  30.004  -13.243  5.200 0.7142857313
68914  30.410  -11.492  5.072 0.8571428657
68925  29.551  -11.025  5.250 0.7142857313
138095  28.698  -10.813  4.957 0.7142857313
69905  29.180  -10.193  5.127 0.7142857313
124524  27.909  -11.126  4.534 0.5714285970
68940  31.275  -12.368  3.887 0.5714285970
67945  30.206  -12.423  5.214 0.7142857313
69904  30.921  -10.843  4.576 0.8571428657
69893  30.305  -10.298  5.180 0.8571428657
70890  29.678  -9.390  5.326 0.7142857313
70891  28.642  -9.507  5.058 0.5714285970
71836  27.467  -8.728  4.569 0.2857142985
69903  31.484  -10.766  3.593 0.7142857313
70877  30.637  -9.284  5.114 0.7142857313
71835  28.224  -8.108  5.143 0.7142857313
73659  29.403  -6.663  5.365 0.8571428657
71820  30.041  -8.494  5.365 0.8571428657
72735  28.803  -7.292  5.414 0.8571428657
128882  27.793  -7.247  5.244 0.7142857313
72734  29.643  -7.252  5.326 0.8571428657
73660  28.552  -6.560  5.454 0.8571428657
74624  29.324  -5.962  5.357 0.8571428657
74625  28.444  -5.755  5.436 0.7142857313
134288  28.684  -2.593  4.479 0.7142857313
127199  27.602  -3.104  4.879 0.7142857313
77598  27.971  -2.570  4.688 0.5714285970
76658  26.716  -3.313  4.788 0.7142857313
77599  27.142  -2.517  4.850 0.7142857313
78523  28.286  -1.856  4.423 0.7142857313
141745  28.263  -1.229  4.292 0.8571428657
79506  27.364  -0.521  4.278 0.7142857313
77600  26.305  -2.496  4.559 0.7142857313
128824  25.746  -1.140  4.140 0.7142857313
79515  25.740  -0.349  3.995 0.7142857313
78538  24.796  -1.937  3.348 0.5714285970
79514  26.736  -0.079  4.132 0.7142857313
129155  25.094  -1.111  3.647 0.5714285970
80391  27.073  0.723  3.812 0.4285714328
80392  26.185  0.457  4.019 0.5714285970
79516  24.756  -0.344  3.407 0.5714285970
117718  27.696  0.092  3.842 0.5714285970
78546  24.245  -1.252  3.022 0.5714285970
123791  26.244  1.234  3.767 0.5714285970
80393  25.309  0.587  3.625 0.5714285970
78547  23.446  -1.705  2.556 0.5714285970
79529  23.388  -0.298  2.715 0.5714285970
127986  23.637  -0.916  2.803 0.5714285970
78539  22.518  -1.376  2.761 0.4285714328
76669  22.312  -3.209  3.274 0.4285714328
126051  23.114  -0.935  2.706 0.5714285970
79531  22.000  -0.383  2.978 0.4285714328
67968  31.344  -12.910  4.146 0.5714285970
80407  23.032  0.450  2.735 0.2857142985
129455  21.715  -1.018  3.249 0.4285714328
59457  26.480  -21.835  6.924 0.5714285970
58402  26.109  -22.392  7.472 0.5714285970
61424  29.570  -19.657  6.690 0.2857142985
133975  29.190  -20.089  6.856 0.4285714328
61425  28.955  -19.829  6.047 0.5714285970
61455  28.284  -19.572  4.222 0.4285714328
60479  25.226  -20.954  5.412 0.2857142985
60494  26.797  -20.287  4.786 0.2857142985
62406  29.671  -18.097  2.143 0.5714285970
67018  32.506  -13.549  6.021 0.2857142985
64307  28.611  -16.888  2.566 0.2857142985
71833  30.837  -8.594  4.908 0.8571428657
71834  29.027  -8.703  5.340 0.7142857313
123049  28.234  -4.163  5.268 0.7142857313
76657  27.514  -3.765  5.104 0.7142857313
75639  27.233  -4.662  5.222 0.7142857313
78526  26.026  -1.731  4.357 0.7142857313
77620  24.169  -2.274  2.680 0.5714285970
77610  22.374  -2.401  3.061 0.2857142985
79527  29.055  0.409  3.080 0.5714285970
80390  28.148  0.870  3.334 0.5714285970
81304  27.316  1.686  3.403 0.5714285970
80394  24.438  0.382  3.084 0.5714285970
131161  24.164  0.965  2.870 0.2857142985
61463  28.190  -19.302  3.341 0.4285714328
67034  31.476  -13.471  4.216 0.7142857313
65258  31.130  -15.877  3.602 0.5714285970
68939  31.688  -11.733  3.105 0.7142857313
138269  29.987  -7.764  5.304 0.7142857313
78536  28.298  -0.618  3.977 0.8571428657
63315  30.659  -17.542  4.857 0.5714285970
63326  30.748  -17.306  3.792 0.5714285970
74635  27.436  -5.563  5.329 0.7142857313
59456  27.278  -21.394  7.408 0.4285714328
59471  26.055  -21.894  5.763 0.5714285970
58416  25.826  -22.335  6.515 0.5714285970
59472  25.356  -22.128  5.545 0.4285714328
126280  27.420  -20.629  5.375 0.5714285970
60458  28.126  -20.349  5.600 0.5714285970
61436  29.127  -19.361  5.331 0.5714285970
121987  29.216  -18.301  2.842 0.5714285970
63327  29.772  -17.849  3.489 0.5714285970
63340  29.655  -17.332  3.137 0.7142857313
64294  29.417  -16.896  2.557 0.5714285970
64306  29.367  -17.117  2.149 0.4285714328
63350  28.862  -17.851  2.023 0.4285714328
62419  28.941  -18.431  2.022 0.4285714328
127180  29.992  -15.602  3.715 0.7142857313
66137  29.787  -14.928  4.284 0.7142857313
134677  29.563  -12.681  5.370 0.7142857313
67957  28.921  -12.438  5.282 0.7142857313
68941  27.370  -11.855  3.879 0.2857142985
70892  27.651  -9.588  4.506 0.5714285970
71821  29.278  -7.921  5.367 0.8571428657
126190  27.537  -1.982  4.692 0.7142857313
78525  26.834  -1.789  4.739 0.7142857313
79507  26.549  -0.964  4.409 0.8571428657
80406  23.788  0.389  2.718 0.5714285970
125937  26.297  -19.757  4.765 0.1428571492
61464  27.558  -19.318  3.587 0.4285714328
56448  23.269  -24.861  9.136 0.4285714328
62351  31.060  -18.908  8.111 0.1428571492
61407  30.477  -19.426  7.775 0.1428571492
128993  31.278  -16.893  6.638 0.1428571492
62360  31.176  -18.181  7.714 0.1428571492
65218  31.675  -16.177  6.956 0.1428571492
63301  31.313  -17.570  7.196 0.1428571492
63294  31.648  -17.604  7.986 0.1428571492
65226  31.774  -15.466  6.322 0.1428571492
67936  32.861  -12.740  5.872 0.2857142985
67944  32.675  -12.423  4.867 0.1428571492
75630  28.349  -4.914  5.382 0.5714285970
85945  26.566  7.268  -1.444 0.1428571492
141435  26.739  -6.177  5.155 0.4285714328
135749  25.771  8.116  -1.418 0.1428571492
85004  27.268  5.828  0.222 0.1428571492
75640  26.253  -4.720  4.735 0.4285714328
129152  26.715  -4.095  4.914 0.5714285970
130993  26.049  -4.001  4.468 0.4285714328
126058  25.065  4.329  2.422 0.2857142985
81318  25.348  2.182  2.892 0.2857142985
81305  26.289  2.039  3.326 0.2857142985
139058  26.878  3.300  3.148 0.2857142985
74657  23.421  -5.711  2.515 0.1428571492
76659  25.766  -3.234  4.312 0.5714285970
134861  24.635  2.300  2.687 0.2857142985
129348  24.365  -3.760  3.542 0.4285714328
77609  24.607  -2.789  3.175 0.5714285970
75666  23.015  -4.250  2.545 0.4285714328
76681  23.326  -3.423  2.897 0.2857142985
81320  23.634  1.283  2.707 0.1428571492
75667  22.540  -4.335  2.746 0.1428571492
77622  22.922  -2.923  3.048 0.4285714328
80408  22.219  0.425  2.850 0.1428571492
81321  22.657  1.302  2.835 0.1428571492
127347  23.414  2.082  2.754 0.1428571492
76683  22.226  -3.862  3.016 0.2857142985
79517  21.384  -0.282  3.495 0.2857142985
78515  20.932  -0.969  4.766 0.1428571492
80409  21.688  0.313  3.145 0.1428571492
80395  21.272  0.546  3.509 0.1428571492
81322  21.733  1.036  2.959 0.1428571492
57388  23.703  -24.349  8.520 0.4285714328
57399  22.931  -23.972  7.963 0.2857142985
129865  30.907  -19.595  8.495 0.1428571492
64253  31.651  -16.908  7.509 0.1428571492
65225  32.309  -14.819  6.700 0.1428571492
74636  26.476  -5.481  5.030 0.2857142985
80405  28.798  1.102  2.555 0.4285714328
124764  27.632  3.276  2.833 0.2857142985
82173  24.232  2.978  2.841 0.2857142985
128084  26.141  3.532  3.016 0.2857142985
82174  23.609  2.985  2.826 0.2857142985
57400  22.314  -23.714  8.353 0.2857142985
58379  29.152  -22.284  10.179 0.1428571492
60428  30.941  -20.503  9.458 0.1428571492
137164  30.707  -20.103  8.932 0.1428571492
67025  32.321  -13.281  4.873 0.1428571492
66117  31.933  -14.800  5.687 0.1428571492
129918  23.374  -4.876  2.542 0.2857142985
81317  28.195  1.787  2.862 0.4285714328
83058  24.499  3.708  2.723 0.2857142985
83057  26.066  4.242  2.735 0.2857142985
83055  27.774  4.108  2.475 0.2857142985
83056  27.027  4.106  2.918 0.2857142985
84985  26.549  5.256  2.123 0.2857142985
84995  26.190  5.800  1.574 0.1428571492
85919  25.718  6.500  1.173 0.1428571492
140992  22.930  2.098  3.084 0.2857142985
83059  23.580  3.673  2.487 0.2857142985
85918  26.576  6.285  1.148 0.1428571492
85930  26.793  6.492  0.474 0.1428571492
135060  27.587  5.234  0.644 0.1428571492
123586  27.144  5.830  1.002 0.1428571492
68922  33.166  -11.233  4.298 0.2857142985
83054  28.255  3.556  2.162 0.4285714328
84036  24.741  5.047  1.892 0.2857142985
84034  28.120  4.390  1.799 0.2857142985
84019  27.332  4.819  2.250 0.1428571492
82163  27.739  2.419  3.014 0.2857142985
75641  25.585  -4.663  4.145 0.4285714328
76668  25.070  -3.233  3.785 0.5714285970
78537  25.405  -1.672  3.879 0.5714285970
137560  27.083  2.608  3.252 0.2857142985
79530  22.685  -0.359  2.753 0.4285714328
78527  21.112  -1.190  3.883 0.2857142985
77608  25.384  -2.444  3.948 0.5714285970
81306  25.372  1.490  3.270 0.2857142985
62350  31.733  -18.384  8.479 0.1428571492
65217  32.257  -15.535  7.260 0.1428571492
74647  25.241  -5.256  3.832 0.2857142985
137065  25.392  3.762  2.825 0.2857142985
82172  25.164  3.031  3.068 0.2857142985
82171  26.189  2.755  3.118 0.2857142985
75654  24.074  -4.705  3.139 0.2857142985
117992  24.038  2.172  2.487 0.1428571492
75665  23.566  -4.006  3.083 0.4285714328
76680  24.012  -3.104  2.818 0.5714285970
76682  22.740  -3.696  2.922 0.4285714328
56457  22.594  -24.404  8.634 0.2857142985
129293  26.030  -6.244  4.622 0.2857142985
84020  26.615  4.700  2.550 0.2857142985
84994  26.939  5.537  1.630 0.2857142985
68927  28.162  -12.071  4.666 0.4285714328
84023  22.625  3.972  1.621 0.1428571492
84022  23.699  4.355  2.053 0.1428571492
84039  21.884  4.182  1.170 0.1428571492
81309  21.629  1.379  3.629 0.1428571492
84024  22.051  3.838  1.635 0.1428571492
82164  22.810  2.609  3.356 0.1428571492
82165  22.314  2.299  3.885 0.1428571492
83060  22.943  3.519  2.385 0.1428571492
132398  22.560  2.997  3.579 0.1428571492
141807  21.765  4.385  1.179 0.1428571492
82175  23.127  2.890  2.945 0.1428571492
83049  22.467  3.410  2.786 0.1428571492
84011  20.943  4.138  3.039 0.1428571492
122317  21.729  4.129  1.290 0.1428571492
69906  28.231  -10.259  4.728 0.2857142985
84025  21.347  4.468  2.303 0.1428571492
125293  21.825  4.736  1.414 0.1428571492
63306  30.757  -17.838  5.974 0.2857142985
84038  22.550  4.458  1.378 0.1428571492
84037  23.493  5.015  1.685 0.1428571492
83050  21.848  3.567  3.238 0.1428571492
83047  22.294  3.151  4.256 0.1428571492
127857  30.167  -18.262  5.484 0.4285714328
58391  26.531  -22.431  8.617 0.4285714328
58381  27.309  -22.312  9.499 0.1428571492
59446  26.865  -21.872  7.934 0.2857142985
59436  27.229  -21.853  8.752 0.1428571492
58383  25.995  -23.087  8.990 0.2857142985
77621  23.546  -2.601  2.673 0.4285714328
133678  28.369  -20.656  7.417 0.2857142985
58392  25.670  -22.916  8.027 0.4285714328
59445  28.267  -21.176  8.456 0.1428571492
127817  27.602  -21.458  8.274 0.1428571492
59455  27.967  -20.996  7.805 0.2857142985
125987  24.860  -4.630  3.660 0.2857142985
57398  24.400  -23.795  8.156 0.2857142985
126830  23.661  -23.859  7.866 0.2857142985
57397  25.218  -23.463  8.561 0.2857142985
57411  24.116  -23.510  7.437 0.2857142985
57410  24.911  -23.343  7.605 0.2857142985
61472  28.101  -18.757  2.814 0.2857142985
131760  28.387  -18.203  2.642 0.2857142985
66171  27.914  -15.156  2.876 0.1428571492
67047  27.931  -14.230  3.803 0.2857142985
67969  27.671  -12.726  4.064 0.1428571492
70904  26.792  -10.046  3.787 0.1428571492
70893  26.969  -9.249  4.125 0.1428571492
72747  27.169  -7.940  4.676 0.1428571492
71837  26.703  -8.590  4.090 0.1428571492
72748  26.376  -7.795  3.996 0.1428571492
73681  24.528  -6.229  2.969 0.1428571492
74656  23.972  -5.526  2.733 0.1428571492
74648  24.624  -5.430  3.362 0.1428571492
120871  22.950  -2.191  2.585 0.1428571492
77611  21.802  -2.780  3.615 0.1428571492
76670  21.770  -3.685  3.436 0.1428571492
128227  21.764  -1.848  3.403 0.1428571492
77601  21.208  -2.264  3.998 0.1428571492
123812  27.564  -6.410  5.332 0.2857142985
73679  25.926  -6.979  3.842 0.1428571492
121740  22.483  -24.892  9.148 0.2857142985
61456  27.716  -19.734  4.206 0.2857142985
66153  27.550  -14.419  3.062 0.1428571492
138900  26.123  -9.959  3.202 0.1428571492
70905  26.389  -9.282  3.577 0.1428571492
71850  26.067  -8.529  3.445 0.1428571492
75643  20.908  -3.959  4.451 0.1428571492
62408  27.129  -18.799  3.130 0.2857142985
75655  21.677  -4.408  3.459 0.1428571492
61457  27.112  -19.828  4.334 0.1428571492
122771  26.676  -7.024  4.855 0.1428571492
74637  25.758  -5.440  4.393 0.1428571492
62420  27.520  -18.206  2.847 0.1428571492
56449  21.861  -24.337  9.328 0.1428571492
57390  21.496  -23.426  9.420 0.1428571492
57389  21.945  -23.808  8.845 0.1428571492
127831  23.756  -23.035  6.974 0.1428571492
69892  33.723  -10.405  4.851 0.1428571492
55545  21.990  -25.144  9.514 0.1428571492
57413  22.399  -23.159  7.841 0.1428571492
58404  24.580  -23.136  6.841 0.1428571492
57412  23.301  -23.432  7.515 0.1428571492
76712  29.271  -3.127  -0.346 0.1428571492
77654  28.426  -2.159  -1.205 0.1428571492
129960  24.363  -21.959  6.016 0.1428571492
140597  29.519  -3.789  -0.242 0.1428571492
55544  22.827  -25.291  9.573 0.1428571492
69902  33.270  -10.549  3.733 0.1428571492
58418  24.908  -22.779  6.258 0.1428571492
60478  26.096  -20.785  5.070 0.1428571492
54639  22.773  -26.417  10.565 0.1428571492
62407  28.661  -18.504  2.615 0.4285714328
62418  29.397  -18.091  1.942 0.4285714328
63371  29.294  -17.532  1.972 0.4285714328
68913  33.074  -11.768  4.855 0.1428571492
70902  33.309  -9.740  3.222 0.1428571492
70927  32.861  -9.014  1.919 0.1428571492
72733  30.607  -7.957  4.934 0.8571428657
75653  25.267  -3.914  3.992 0.2857142985
77619  29.827  -2.582  2.704 0.8571428657
78524  27.581  -1.248  4.532 0.7142857313
78534  29.327  -0.881  3.330 0.8571428657
79513  28.498  0.115  3.542 0.7142857313
79528  24.066  -0.346  2.851 0.5714285970
79545  29.521  -0.197  0.941 0.7142857313
79559  28.444  -0.350  -1.048 0.2857142985
80418  29.042  1.086  1.658 0.4285714328
81307  24.704  1.057  3.197 0.2857142985
81319  24.514  1.682  2.704 0.1428571492
82170  28.198  2.637  2.476 0.2857142985
83061  21.610  3.830  2.259 0.1428571492
84021  25.838  4.855  2.324 0.2857142985
84035  27.563  5.046  1.370 0.1428571492
84095  26.655  4.437  -4.039 0.1428571492
85954  27.201  6.102  -2.155 0.1428571492
122732  21.375  -3.985  3.887 0.1428571492
123917  28.186  -8.924  4.961 0.7142857313
124464  28.270  1.088  -1.381 0.1428571492
138396  29.204  -18.320  1.959 0.4285714328
138884  29.840  -1.544  1.291 0.5714285970
