#!ascii label  , from subject sub-v1s8x0051347_ses-1 vox2ras=TkReg
1437
61967  -41.666  -22.975  59.399 0.0000000000
75645  -55.394  -8.958  49.845 0.0000000000
144721  -46.914  -15.003  54.900 0.0000000000
51440  -16.490  -33.204  86.873 0.0000000000
63875  -37.710  -20.730  64.217 0.0000000000
56774  -28.483  -27.807  79.812 0.0000000000
52631  -37.092  -31.762  75.684 0.0000000000
131148  -39.589  -26.451  70.161 0.0000000000
61852  -41.319  -22.523  68.883 0.0000000000
55739  -19.683  -27.910  76.942 0.0000000000
58818  -24.302  -26.071  81.477 0.0000000000
129634  -24.119  -26.907  76.059 0.0000000000
131587  -31.807  -29.561  72.829 0.0000000000
145392  -36.544  -29.376  71.737 0.0000000000
62844  -43.337  -22.630  65.281 0.0000000000
132538  -45.562  -21.374  61.933 0.0000000000
73868  -50.236  -10.458  52.526 0.0000000000
64996  -44.231  -19.452  56.583 0.0000000000
74845  -53.122  -9.540  44.155 0.0000000000
49334  -11.714  -35.076  88.615 0.0000000000
65876  -41.333  -20.045  67.530 0.0000000000
62875  -39.057  -22.555  62.151 0.0000000000
56829  -28.157  -27.748  74.549 0.0000000000
55743  -32.950  -29.215  78.095 0.0000000000
65921  -48.401  -17.582  60.859 0.0000000000
79448  -61.308  -4.787  39.029 0.0000000000
58015  -38.054  -26.708  68.491 0.0000000000
59009  -38.764  -25.637  67.256 0.0000000000
57878  -21.296  -26.907  76.287 0.0000000000
54816  -33.820  -29.137  69.191 0.0000000000
55825  -36.141  -28.416  69.426 0.0000000000
56886  -38.328  -27.660  70.901 0.0000000000
142324  -42.594  -23.793  62.237 0.0000000000
61916  -44.515  -23.531  63.316 0.0000000000
62883  -43.810  -21.993  60.982 0.0000000000
74781  -52.125  -9.303  51.774 0.0000000000
73850  -53.142  -9.949  54.185 0.0000000000
76522  -57.528  -7.653  48.354 0.0000000000
132935  -14.112  -35.039  84.988 0.0000000000
50389  -14.123  -33.970  87.777 0.0000000000
62815  -39.619  -21.824  66.499 0.0000000000
63824  -41.267  -20.713  68.272 0.0000000000
64893  -39.290  -19.882  65.491 0.0000000000
63877  -40.368  -20.472  64.732 0.0000000000
64919  -38.066  -20.304  63.135 0.0000000000
57801  -26.436  -27.016  80.580 0.0000000000
57785  -26.667  -26.635  83.373 0.0000000000
56739  -28.565  -27.458  82.375 0.0000000000
56751  -30.792  -27.965  81.454 0.0000000000
57948  -26.043  -26.751  72.574 0.0000000000
56874  -27.339  -27.684  71.370 0.0000000000
54732  -34.485  -30.309  74.428 0.0000000000
125353  -32.387  -29.631  74.999 0.0000000000
141757  -34.175  -30.521  76.953 0.0000000000
54674  -34.621  -30.728  79.418 0.0000000000
53606  -16.795  -30.687  81.239 0.0000000000
55674  -17.335  -27.957  83.381 0.0000000000
57741  -17.411  -26.510  86.368 0.0000000000
68164  -45.749  -16.760  55.392 0.0000000000
65952  -46.537  -18.041  58.784 0.0000000000
68139  -47.998  -15.835  57.930 0.0000000000
78599  -62.400  -5.251  37.152 0.0000000000
52465  -15.606  -31.252  90.758 0.0000000000
137635  -41.203  -25.043  72.536 0.0000000000
60872  -41.816  -23.648  71.946 0.0000000000
59943  -40.727  -24.668  69.139 0.0000000000
60919  -39.952  -23.831  66.926 0.0000000000
56773  -19.445  -27.355  79.499 0.0000000000
58814  -21.049  -25.874  81.209 0.0000000000
57814  -21.122  -26.301  79.143 0.0000000000
121551  -23.621  -26.890  78.172 0.0000000000
57828  -26.208  -27.620  78.329 0.0000000000
55812  -29.141  -28.881  70.925 0.0000000000
54786  -31.344  -29.496  70.506 0.0000000000
54760  -34.484  -29.776  72.311 0.0000000000
53715  -36.610  -30.759  73.552 0.0000000000
55790  -38.583  -28.690  73.165 0.0000000000
56866  -39.931  -26.876  72.557 0.0000000000
129243  -18.344  -29.650  77.618 0.0000000000
63836  -45.288  -20.321  67.426 0.0000000000
63840  -49.763  -20.282  67.885 0.0000000000
62833  -46.837  -22.088  65.733 0.0000000000
61904  -48.289  -21.982  64.754 0.0000000000
122828  -48.530  -12.964  53.402 0.0000000000
70093  -49.550  -14.341  56.576 0.0000000000
72841  -51.767  -12.093  55.039 0.0000000000
46361  -9.146  -36.904  93.734 0.0000000000
62917  -43.212  -21.182  57.434 0.0000000000
67076  -43.676  -17.830  54.082 0.0000000000
71069  -45.829  -13.198  52.035 0.0000000000
141560  -47.766  -12.032  51.201 0.0000000000
73886  -49.968  -10.684  50.470 0.0000000000
74814  -52.875  -10.040  48.462 0.0000000000
74824  -54.576  -9.349  47.440 0.0000000000
73936  -51.393  -10.653  45.870 0.0000000000
51414  -13.376  -31.940  90.811 0.0000000000
50347  -11.678  -33.222  92.145 0.0000000000
49292  -10.903  -34.402  93.682 0.0000000000
65831  -45.368  -18.338  71.806 0.0000000000
62775  -42.364  -21.179  71.354 0.0000000000
64839  -42.790  -19.716  69.441 0.0000000000
140931  -43.966  -19.481  68.924 0.0000000000
63851  -42.721  -20.881  66.757 0.0000000000
62851  -41.249  -22.131  64.013 0.0000000000
135192  -40.221  -23.940  61.167 0.0000000000
123864  -23.839  -24.953  84.157 0.0000000000
57884  -26.169  -26.835  75.257 0.0000000000
56793  -28.410  -27.791  77.002 0.0000000000
55789  -30.087  -29.053  73.880 0.0000000000
55754  -30.503  -28.769  76.362 0.0000000000
55718  -30.866  -28.483  78.972 0.0000000000
55709  -32.835  -28.830  80.349 0.0000000000
49368  -15.371  -34.488  84.150 0.0000000000
51462  -16.579  -32.278  82.519 0.0000000000
52491  -17.017  -31.887  85.520 0.0000000000
63930  -44.588  -20.267  59.360 0.0000000000
64932  -46.869  -19.341  61.660 0.0000000000
64922  -49.609  -19.675  62.593 0.0000000000
69113  -50.656  -15.425  59.625 0.0000000000
75686  -56.350  -7.668  45.707 0.0000000000
77475  -57.471  -6.337  44.424 0.0000000000
77489  -59.531  -5.000  42.863 0.0000000000
129788  -58.559  -6.469  40.114 0.0000000000
77500  -62.461  -5.251  41.085 0.0000000000
56920  -36.493  -27.267  67.568 0.0000000000
131819  -37.544  -26.436  67.121 0.0000000000
58047  -36.617  -26.620  66.466 0.0000000000
131154  -34.711  -28.489  68.467 0.0000000000
56906  -36.053  -27.818  68.052 0.0000000000
56893  -36.940  -27.757  69.118 0.0000000000
60988  -42.149  -23.573  60.830 0.0000000000
60974  -43.165  -23.434  61.763 0.0000000000
61953  -42.673  -22.865  60.282 0.0000000000
74783  -54.017  -9.159  50.953 0.0000000000
132225  -54.384  -8.547  52.363 0.0000000000
75630  -55.393  -8.296  51.964 0.0000000000
76502  -57.074  -7.962  50.437 0.0000000000
75659  -56.759  -8.265  49.495 0.0000000000
121964  -14.769  -34.901  85.579 0.0000000000
49350  -14.246  -34.871  86.483 0.0000000000
50390  -14.968  -33.754  87.574 0.0000000000
62827  -38.266  -21.021  64.826 0.0000000000
62814  -39.267  -20.981  66.062 0.0000000000
63865  -38.327  -20.324  64.830 0.0000000000
64904  -38.876  -19.848  64.445 0.0000000000
123962  -37.725  -20.360  63.751 0.0000000000
58785  -18.775  -25.819  84.240 0.0000000000
57802  -27.122  -27.533  80.146 0.0000000000
57792  -27.268  -27.035  82.017 0.0000000000
56749  -28.846  -27.693  81.443 0.0000000000
126938  -29.425  -27.729  82.249 0.0000000000
56761  -29.398  -27.841  80.761 0.0000000000
53694  -35.850  -31.193  74.898 0.0000000000
54720  -34.371  -30.430  75.256 0.0000000000
53683  -35.542  -31.221  76.010 0.0000000000
53668  -35.752  -31.636  77.891 0.0000000000
56758  -18.178  -28.080  81.169 0.0000000000
57782  -18.223  -27.018  83.256 0.0000000000
57765  -18.245  -26.303  84.284 0.0000000000
64832  -48.087  -18.619  70.489 0.0000000000
68176  -46.075  -16.042  54.955 0.0000000000
126293  -46.646  -16.400  56.463 0.0000000000
69156  -47.683  -15.403  56.323 0.0000000000
133751  -40.697  -25.549  71.257 0.0000000000
59922  -41.039  -24.850  70.885 0.0000000000
58977  -40.575  -25.228  69.726 0.0000000000
59984  -39.400  -24.824  66.915 0.0000000000
125883  -39.025  -24.173  65.786 0.0000000000
143973  -38.984  -23.469  65.595 0.0000000000
56783  -19.542  -27.519  78.697 0.0000000000
57812  -19.948  -26.903  79.072 0.0000000000
57837  -20.007  -26.983  78.242 0.0000000000
57858  -22.785  -26.835  76.859 0.0000000000
57840  -22.426  -26.752  77.631 0.0000000000
57842  -24.182  -27.012  77.561 0.0000000000
57827  -25.072  -26.974  78.847 0.0000000000
123395  -24.885  -27.170  77.268 0.0000000000
54799  -30.296  -29.424  69.520 0.0000000000
54790  -34.942  -29.474  70.804 0.0000000000
54789  -33.950  -29.583  70.584 0.0000000000
54776  -35.094  -29.670  71.651 0.0000000000
54761  -35.416  -29.952  72.494 0.0000000000
54747  -36.723  -30.202  72.832 0.0000000000
54734  -37.979  -30.269  73.920 0.0000000000
54778  -36.989  -29.116  71.906 0.0000000000
57985  -38.967  -27.065  70.441 0.0000000000
56877  -38.819  -27.750  71.846 0.0000000000
57986  -39.612  -26.737  70.978 0.0000000000
57957  -40.526  -26.225  72.715 0.0000000000
54689  -18.728  -29.288  77.077 0.0000000000
63871  -44.191  -21.607  66.513 0.0000000000
63854  -45.716  -20.888  66.916 0.0000000000
62831  -44.764  -22.287  65.889 0.0000000000
61933  -45.313  -22.872  62.790 0.0000000000
130466  -46.216  -22.709  63.931 0.0000000000
62865  -46.713  -21.899  63.007 0.0000000000
61919  -48.923  -21.983  64.240 0.0000000000
129379  -47.169  -21.322  62.726 0.0000000000
72858  -49.589  -11.745  53.217 0.0000000000
71943  -50.455  -12.401  54.455 0.0000000000
72860  -51.126  -11.063  53.724 0.0000000000
74745  -54.734  -9.099  55.036 0.0000000000
71971  -47.296  -12.510  51.506 0.0000000000
71981  -46.627  -12.259  50.293 0.0000000000
126886  -48.678  -11.599  49.667 0.0000000000
73914  -49.977  -11.208  48.524 0.0000000000
73903  -51.316  -10.328  49.587 0.0000000000
126007  -51.048  -11.133  47.595 0.0000000000
73928  -52.158  -10.555  47.222 0.0000000000
48308  -11.791  -35.594  86.966 0.0000000000
49322  -10.945  -35.453  89.350 0.0000000000
53521  -15.541  -30.842  92.037 0.0000000000
52464  -14.667  -31.254  91.097 0.0000000000
52441  -14.412  -31.109  92.343 0.0000000000
51387  -12.891  -32.371  92.555 0.0000000000
50342  -12.474  -33.603  92.747 0.0000000000
50343  -11.069  -33.935  93.042 0.0000000000
49294  -11.925  -34.289  93.588 0.0000000000
48260  -11.757  -35.286  94.365 0.0000000000
61844  -41.799  -22.603  70.415 0.0000000000
130719  -41.965  -22.009  71.182 0.0000000000
62790  -41.830  -21.807  69.855 0.0000000000
65867  -41.380  -20.116  67.878 0.0000000000
125781  -41.973  -20.248  68.942 0.0000000000
125064  -42.174  -19.943  68.545 0.0000000000
127506  -43.183  -19.585  69.061 0.0000000000
65869  -42.512  -19.863  68.443 0.0000000000
64886  -43.186  -20.409  67.371 0.0000000000
64885  -42.301  -20.340  67.198 0.0000000000
63884  -39.760  -21.328  63.451 0.0000000000
62842  -40.870  -21.222  64.292 0.0000000000
62863  -40.099  -22.278  63.177 0.0000000000
61928  -40.557  -23.263  62.815 0.0000000000
60970  -39.516  -23.461  61.788 0.0000000000
58816  -22.632  -25.770  81.446 0.0000000000
59801  -22.671  -25.290  82.769 0.0000000000
140803  -24.060  -25.716  82.676 0.0000000000
125324  -26.577  -26.915  73.125 0.0000000000
57907  -26.139  -26.717  74.360 0.0000000000
57908  -26.891  -26.891  74.721 0.0000000000
57885  -27.278  -27.242  75.987 0.0000000000
56803  -28.438  -27.799  76.175 0.0000000000
135739  -30.763  -29.391  71.921 0.0000000000
54755  -29.833  -29.053  72.710 0.0000000000
132485  -30.965  -29.470  73.119 0.0000000000
54703  -32.588  -29.476  76.488 0.0000000000
55769  -31.136  -29.156  75.848 0.0000000000
55755  -31.259  -28.936  76.666 0.0000000000
55740  -30.607  -28.625  77.226 0.0000000000
55730  -31.562  -28.680  78.376 0.0000000000
55719  -31.743  -28.610  79.230 0.0000000000
55732  -33.210  -29.093  78.908 0.0000000000
54722  -39.579  -29.265  75.481 0.0000000000
129173  -16.560  -32.001  81.748 0.0000000000
126969  -16.822  -31.028  83.862 0.0000000000
52496  -16.897  -31.822  84.526 0.0000000000
57727  -17.639  -26.038  88.404 0.0000000000
63951  -43.694  -20.570  57.340 0.0000000000
63929  -43.885  -20.737  58.918 0.0000000000
64983  -44.780  -19.543  57.909 0.0000000000
65937  -47.142  -17.884  59.514 0.0000000000
65936  -46.526  -18.398  59.467 0.0000000000
65920  -47.566  -18.001  60.510 0.0000000000
64933  -48.196  -18.855  62.257 0.0000000000
143046  -48.721  -18.431  62.133 0.0000000000
70095  -50.954  -13.814  57.113 0.0000000000
69143  -49.987  -14.810  58.074 0.0000000000
70064  -51.619  -14.382  58.664 0.0000000000
133770  -54.319  -9.346  46.125 0.0000000000
75680  -55.561  -8.522  46.662 0.0000000000
75693  -54.660  -8.932  44.811 0.0000000000
76556  -56.029  -7.382  43.500 0.0000000000
76557  -56.726  -6.817  43.184 0.0000000000
78503  -58.746  -5.401  43.380 0.0000000000
77487  -57.757  -6.159  42.272 0.0000000000
77541  -58.968  -6.303  38.251 0.0000000000
76616  -57.530  -7.224  38.921 0.0000000000
146311  -59.733  -5.475  39.902 0.0000000000
141183  -59.985  -5.148  40.585 0.0000000000
78562  -61.396  -4.709  39.833 0.0000000000
78564  -62.304  -5.153  39.324 0.0000000000
76648  -62.071  -7.651  36.896 0.0000000000
57998  -38.973  -26.778  69.627 0.0000000000
58992  -39.526  -25.749  68.630 0.0000000000
58034  -38.105  -26.313  67.581 0.0000000000
58049  -38.074  -25.959  66.763 0.0000000000
56802  -20.363  -27.406  76.376 0.0000000000
143462  -34.037  -28.788  68.690 0.0000000000
55824  -35.157  -28.693  69.277 0.0000000000
55814  -36.304  -28.659  70.412 0.0000000000
55806  -37.300  -28.550  71.456 0.0000000000
55826  -36.926  -28.152  69.945 0.0000000000
56895  -38.208  -27.338  69.903 0.0000000000
61914  -42.489  -23.331  63.702 0.0000000000
61900  -43.908  -23.314  64.481 0.0000000000
60951  -43.699  -23.615  63.009 0.0000000000
61932  -44.539  -23.045  62.361 0.0000000000
145838  -44.481  -21.812  61.257 0.0000000000
74772  -51.447  -9.648  52.417 0.0000000000
121574  -51.909  -9.911  53.402 0.0000000000
75618  -52.833  -9.121  53.078 0.0000000000
75613  -54.837  -8.364  54.190 0.0000000000
77452  -58.770  -6.836  47.831 0.0000000000
49349  -13.181  -35.096  86.585 0.0000000000
49335  -12.525  -34.608  88.320 0.0000000000
62805  -40.593  -22.007  67.594 0.0000000000
142026  -41.300  -21.206  68.489 0.0000000000
62804  -40.043  -21.346  67.247 0.0000000000
64866  -40.230  -20.021  67.057 0.0000000000
64883  -40.581  -19.959  66.784 0.0000000000
138946  -40.705  -20.051  66.263 0.0000000000
64905  -39.909  -19.875  65.116 0.0000000000
139804  -39.377  -20.501  63.745 0.0000000000
63894  -38.542  -20.962  62.792 0.0000000000
58833  -24.859  -26.524  80.787 0.0000000000
58806  -25.231  -26.118  82.537 0.0000000000
121657  -26.559  -26.794  82.467 0.0000000000
57786  -27.325  -26.899  82.901 0.0000000000
56733  -31.101  -28.261  83.101 0.0000000000
57949  -26.740  -27.106  72.493 0.0000000000
56847  -28.183  -27.869  73.066 0.0000000000
54745  -33.232  -29.769  73.883 0.0000000000
54744  -32.267  -29.627  73.698 0.0000000000
54731  -33.070  -29.814  74.756 0.0000000000
54705  -33.849  -30.215  76.224 0.0000000000
143803  -33.737  -30.016  77.040 0.0000000000
54680  -33.525  -29.584  78.356 0.0000000000
54692  -34.321  -30.640  77.721 0.0000000000
53633  -17.412  -30.632  79.172 0.0000000000
54657  -17.080  -30.065  80.721 0.0000000000
55673  -17.075  -28.658  83.470 0.0000000000
56702  -16.865  -27.988  85.633 0.0000000000
56715  -17.198  -27.431  85.052 0.0000000000
65977  -45.246  -18.077  56.290 0.0000000000
64984  -45.365  -18.818  57.681 0.0000000000
67057  -45.793  -17.647  56.733 0.0000000000
67047  -46.759  -16.999  57.778 0.0000000000
67037  -47.825  -16.791  58.955 0.0000000000
74852  -52.755  -9.356  43.365 0.0000000000
144603  -54.254  -9.035  44.069 0.0000000000
74862  -53.526  -9.005  42.931 0.0000000000
78586  -59.714  -5.712  37.925 0.0000000000
79472  -62.059  -4.790  38.373 0.0000000000
79470  -61.137  -4.705  37.374 0.0000000000
79498  -62.012  -4.682  36.554 0.0000000000
51430  -16.891  -32.136  88.025 0.0000000000
51429  -16.008  -32.610  88.447 0.0000000000
60862  -41.822  -23.826  73.026 0.0000000000
59912  -41.513  -24.408  72.233 0.0000000000
59933  -41.376  -24.187  70.516 0.0000000000
60905  -41.006  -23.615  68.764 0.0000000000
59954  -40.126  -25.035  68.444 0.0000000000
59955  -40.549  -24.345  68.335 0.0000000000
61873  -40.389  -22.914  67.290 0.0000000000
61883  -39.839  -22.851  66.609 0.0000000000
61890  -38.833  -22.177  65.440 0.0000000000
57798  -19.142  -26.958  81.071 0.0000000000
58801  -19.821  -25.957  81.898 0.0000000000
57799  -19.975  -26.506  80.453 0.0000000000
58829  -21.680  -25.955  80.525 0.0000000000
58830  -22.550  -26.024  80.339 0.0000000000
57839  -21.590  -26.725  77.755 0.0000000000
58860  -22.517  -26.573  79.015 0.0000000000
58848  -23.648  -26.568  79.738 0.0000000000
57815  -25.067  -26.785  79.768 0.0000000000
123135  -26.464  -27.338  79.810 0.0000000000
57817  -27.034  -27.689  79.331 0.0000000000
54785  -30.325  -29.420  70.493 0.0000000000
54773  -31.869  -29.527  71.196 0.0000000000
54801  -32.649  -29.462  69.783 0.0000000000
123348  -32.600  -29.535  71.074 0.0000000000
54759  -33.544  -29.633  72.147 0.0000000000
125911  -34.729  -29.980  73.148 0.0000000000
53714  -35.736  -30.864  73.861 0.0000000000
52644  -36.802  -31.481  74.876 0.0000000000
53695  -37.939  -31.448  75.929 0.0000000000
53707  -38.207  -30.588  74.592 0.0000000000
54735  -38.588  -29.844  74.219 0.0000000000
55780  -39.510  -28.578  74.743 0.0000000000
55798  -38.318  -28.380  72.383 0.0000000000
56852  -38.984  -27.996  72.822 0.0000000000
56834  -39.777  -27.778  74.426 0.0000000000
57916  -40.574  -26.472  74.223 0.0000000000
55716  -18.113  -29.156  79.430 0.0000000000
64851  -46.491  -19.015  68.554 0.0000000000
63838  -47.446  -20.064  67.447 0.0000000000
63856  -47.926  -20.825  67.015 0.0000000000
62819  -48.531  -21.352  66.392 0.0000000000
61891  -45.343  -22.748  65.094 0.0000000000
61893  -47.508  -22.186  65.161 0.0000000000
70132  -48.098  -14.011  54.482 0.0000000000
70109  -48.749  -14.332  55.561 0.0000000000
71037  -49.448  -13.561  55.079 0.0000000000
71025  -50.834  -13.174  55.565 0.0000000000
71012  -52.259  -13.165  56.830 0.0000000000
73840  -52.928  -10.867  54.686 0.0000000000
72828  -53.522  -12.101  56.485 0.0000000000
128952  -41.450  -22.447  57.899 0.0000000000
62904  -42.594  -21.952  58.606 0.0000000000
62916  -42.470  -21.663  57.241 0.0000000000
62932  -42.724  -21.155  56.606 0.0000000000
63963  -43.580  -19.939  56.125 0.0000000000
65987  -44.286  -18.524  55.490 0.0000000000
67069  -45.036  -17.343  55.052 0.0000000000
68175  -45.428  -16.511  54.616 0.0000000000
69197  -46.133  -15.009  53.882 0.0000000000
70130  -46.553  -14.277  53.703 0.0000000000
71055  -47.348  -13.112  53.040 0.0000000000
145771  -48.447  -12.192  52.338 0.0000000000
72867  -48.723  -11.603  52.104 0.0000000000
72889  -47.920  -11.607  49.950 0.0000000000
126604  -48.624  -11.414  50.612 0.0000000000
73877  -49.665  -10.746  51.394 0.0000000000
73888  -51.404  -9.929  50.390 0.0000000000
140619  -52.955  -9.690  50.103 0.0000000000
74806  -54.246  -9.524  49.453 0.0000000000
74817  -54.978  -9.266  48.298 0.0000000000
74823  -53.514  -9.937  47.905 0.0000000000
126030  -53.402  -10.006  46.964 0.0000000000
73943  -52.131  -10.243  45.544 0.0000000000
74843  -51.505  -9.832  44.138 0.0000000000
51428  -15.041  -32.798  88.729 0.0000000000
51420  -13.727  -32.470  89.831 0.0000000000
50374  -12.589  -33.529  89.681 0.0000000000
52440  -13.655  -31.634  92.496 0.0000000000
51398  -12.708  -32.055  92.238 0.0000000000
50373  -11.894  -33.916  90.098 0.0000000000
50360  -11.167  -33.898  91.682 0.0000000000
49299  -10.013  -34.923  92.247 0.0000000000
133557  -9.627  -35.374  93.062 0.0000000000
48258  -9.959  -35.839  94.299 0.0000000000
65838  -46.640  -17.963  70.791 0.0000000000
126463  -42.798  -20.581  71.923 0.0000000000
63816  -41.739  -20.733  68.910 0.0000000000
63810  -42.696  -20.120  70.175 0.0000000000
65843  -43.828  -19.003  70.294 0.0000000000
65844  -44.672  -18.600  70.176 0.0000000000
65852  -46.005  -18.612  69.282 0.0000000000
64871  -44.695  -19.839  67.849 0.0000000000
63852  -43.661  -20.921  66.931 0.0000000000
62829  -43.007  -21.897  65.748 0.0000000000
63868  -41.527  -20.751  65.698 0.0000000000
138486  -41.820  -21.295  65.267 0.0000000000
62852  -41.986  -22.627  64.366 0.0000000000
61913  -41.628  -23.087  63.640 0.0000000000
60961  -41.303  -23.931  62.181 0.0000000000
60986  -40.644  -23.863  60.302 0.0000000000
64911  -36.961  -20.143  63.295 0.0000000000
64918  -37.188  -20.111  62.948 0.0000000000
63893  -37.568  -20.713  62.470 0.0000000000
62874  -38.330  -22.227  61.867 0.0000000000
61951  -38.400  -23.510  60.968 0.0000000000
134607  -38.991  -23.993  60.204 0.0000000000
61003  -40.212  -23.817  59.618 0.0000000000
61018  -40.283  -23.469  58.722 0.0000000000
58795  -25.350  -25.906  83.414 0.0000000000
129650  -24.084  -26.787  74.616 0.0000000000
129649  -24.935  -26.689  74.706 0.0000000000
129633  -24.914  -26.946  76.045 0.0000000000
57862  -26.070  -27.303  76.801 0.0000000000
139592  -27.470  -27.763  78.052 0.0000000000
56784  -28.499  -27.831  78.720 0.0000000000
135707  -28.789  -28.594  71.560 0.0000000000
55787  -28.910  -28.475  72.956 0.0000000000
56848  -28.740  -28.214  73.845 0.0000000000
54728  -31.052  -29.433  74.348 0.0000000000
55778  -30.353  -29.109  74.593 0.0000000000
56817  -29.051  -28.124  75.701 0.0000000000
56804  -29.151  -28.004  76.539 0.0000000000
56794  -29.173  -27.947  77.435 0.0000000000
129813  -29.563  -27.959  79.146 0.0000000000
56777  -31.047  -28.343  79.846 0.0000000000
56764  -32.211  -28.522  80.967 0.0000000000
145534  -14.580  -34.791  83.938 0.0000000000
146634  -16.143  -33.807  85.696 0.0000000000
143528  -16.183  -33.150  80.597 0.0000000000
50438  -15.534  -33.864  81.360 0.0000000000
50420  -16.444  -33.330  83.671 0.0000000000
50412  -16.548  -33.373  84.507 0.0000000000
51441  -16.911  -32.697  86.409 0.0000000000
53551  -17.279  -31.078  86.966 0.0000000000
56682  -16.848  -27.764  87.305 0.0000000000
62892  -43.082  -21.843  59.288 0.0000000000
62893  -44.073  -20.957  59.770 0.0000000000
63920  -45.379  -20.228  60.773 0.0000000000
64970  -45.427  -19.120  58.505 0.0000000000
122346  -45.731  -19.505  60.341 0.0000000000
63909  -46.483  -20.165  61.918 0.0000000000
63896  -47.794  -20.141  62.483 0.0000000000
69157  -48.361  -15.089  56.683 0.0000000000
69126  -48.734  -15.584  58.233 0.0000000000
68111  -49.356  -16.262  59.779 0.0000000000
75673  -56.101  -8.376  47.515 0.0000000000
76530  -56.797  -7.796  47.170 0.0000000000
76539  -57.573  -6.914  46.202 0.0000000000
75694  -55.321  -8.226  44.604 0.0000000000
143728  -57.007  -6.784  44.887 0.0000000000
77471  -58.651  -6.017  45.541 0.0000000000
78497  -60.058  -5.172  44.553 0.0000000000
78505  -60.985  -5.105  43.979 0.0000000000
131983  -57.833  -7.026  40.499 0.0000000000
77514  -59.335  -5.426  41.184 0.0000000000
78530  -61.303  -4.717  41.924 0.0000000000
125304  -62.534  -6.539  38.099 0.0000000000
56930  -36.236  -27.095  66.813 0.0000000000
55859  -35.304  -28.088  67.835 0.0000000000
56919  -35.772  -27.587  67.310 0.0000000000
60987  -41.466  -23.560  60.176 0.0000000000
61952  -42.065  -23.048  60.033 0.0000000000
75644  -54.718  -9.025  50.483 0.0000000000
75637  -54.652  -8.783  51.360 0.0000000000
132459  -55.479  -8.706  50.832 0.0000000000
75638  -56.305  -8.197  51.172 0.0000000000
75646  -56.198  -8.519  50.199 0.0000000000
138959  -56.047  -8.654  49.424 0.0000000000
50397  -15.867  -33.840  86.439 0.0000000000
50403  -15.112  -34.496  86.409 0.0000000000
50391  -15.786  -33.546  87.286 0.0000000000
63866  -38.698  -20.510  65.448 0.0000000000
64903  -38.329  -20.140  64.343 0.0000000000
64902  -37.886  -20.503  64.126 0.0000000000
58791  -19.172  -25.785  83.334 0.0000000000
58800  -19.286  -25.993  82.501 0.0000000000
57803  -27.897  -27.704  80.381 0.0000000000
131987  -28.130  -27.630  81.044 0.0000000000
56760  -28.684  -27.765  80.553 0.0000000000
139793  -36.357  -31.536  75.531 0.0000000000
52616  -36.408  -31.784  76.323 0.0000000000
57775  -18.519  -26.359  83.641 0.0000000000
69172  -46.707  -15.591  55.257 0.0000000000
68166  -46.999  -15.767  56.004 0.0000000000
69173  -47.434  -15.074  55.473 0.0000000000
58954  -40.171  -26.048  70.734 0.0000000000
58967  -40.650  -25.389  70.412 0.0000000000
58976  -40.102  -25.758  69.939 0.0000000000
59990  -38.512  -24.897  65.581 0.0000000000
122603  -19.647  -27.724  77.860 0.0000000000
138918  -23.173  -26.848  75.985 0.0000000000
57859  -23.689  -26.908  76.794 0.0000000000
57860  -24.521  -26.997  76.740 0.0000000000
54791  -35.769  -29.195  70.928 0.0000000000
138542  -35.443  -29.481  71.268 0.0000000000
128862  -35.970  -29.625  71.693 0.0000000000
144988  -36.153  -29.995  72.446 0.0000000000
54762  -36.637  -29.682  72.189 0.0000000000
54763  -37.386  -29.555  72.614 0.0000000000
140397  -40.221  -26.331  71.717 0.0000000000
55738  -19.159  -28.454  77.460 0.0000000000
56791  -19.083  -28.204  78.332 0.0000000000
62830  -43.796  -22.131  65.873 0.0000000000
62816  -45.198  -21.647  66.510 0.0000000000
125591  -45.847  -22.049  62.532 0.0000000000
61934  -46.037  -22.490  63.351 0.0000000000
62876  -46.370  -21.175  62.246 0.0000000000
72869  -49.873  -10.996  52.823 0.0000000000
72859  -50.258  -11.331  53.464 0.0000000000
73857  -50.548  -10.566  53.090 0.0000000000
73842  -55.284  -9.733  55.729 0.0000000000
128185  -45.862  -12.465  50.433 0.0000000000
146902  -50.682  -11.012  48.252 0.0000000000
126963  -50.266  -11.285  47.658 0.0000000000
73926  -50.577  -11.325  46.847 0.0000000000
49341  -12.088  -35.146  87.705 0.0000000000
138743  -11.086  -35.625  88.665 0.0000000000
144264  -11.318  -35.252  89.050 0.0000000000
53512  -15.196  -30.993  92.285 0.0000000000
52442  -15.694  -31.255  92.310 0.0000000000
50341  -12.089  -33.958  92.944 0.0000000000
49291  -12.731  -34.899  93.957 0.0000000000
61853  -41.658  -22.324  69.553 0.0000000000
64848  -41.817  -19.971  68.248 0.0000000000
65868  -41.939  -19.925  67.976 0.0000000000
64868  -42.119  -20.042  67.666 0.0000000000
64884  -41.402  -20.068  66.874 0.0000000000
62862  -39.303  -21.804  62.803 0.0000000000
61927  -39.797  -22.871  62.495 0.0000000000
58817  -23.453  -25.892  81.307 0.0000000000
58803  -23.037  -25.615  82.068 0.0000000000
58804  -23.803  -25.794  82.084 0.0000000000
56828  -27.482  -27.230  74.222 0.0000000000
56815  -27.581  -27.283  75.176 0.0000000000
56816  -28.322  -27.808  75.390 0.0000000000
141410  -31.116  -29.461  72.480 0.0000000000
54690  -32.754  -29.350  77.288 0.0000000000
55756  -32.005  -29.140  76.981 0.0000000000
55741  -31.401  -28.782  77.523 0.0000000000
55742  -32.208  -28.939  77.804 0.0000000000
55731  -32.425  -28.818  78.630 0.0000000000
55770  -40.025  -28.384  75.663 0.0000000000
55645  -16.783  -28.886  85.388 0.0000000000
141437  -43.906  -20.077  56.934 0.0000000000
142735  -44.123  -20.102  57.655 0.0000000000
63952  -44.370  -19.661  57.231 0.0000000000
67024  -47.939  -17.266  59.806 0.0000000000
65906  -48.025  -18.275  61.569 0.0000000000
65907  -48.907  -17.873  61.768 0.0000000000
70078  -52.126  -13.902  58.155 0.0000000000
70077  -51.287  -14.148  57.842 0.0000000000
74837  -54.121  -9.494  45.375 0.0000000000
75684  -54.736  -8.946  45.739 0.0000000000
74846  -53.838  -9.418  44.518 0.0000000000
76566  -57.043  -6.922  42.311 0.0000000000
76558  -57.271  -6.297  42.878 0.0000000000
143718  -57.484  -6.723  41.857 0.0000000000
141478  -59.625  -5.752  38.662 0.0000000000
78575  -60.007  -5.389  39.293 0.0000000000
78561  -60.507  -5.041  39.954 0.0000000000
78563  -61.945  -4.767  39.742 0.0000000000
79449  -61.751  -4.696  39.299 0.0000000000
124462  -38.369  -26.910  69.212 0.0000000000
58016  -38.900  -26.423  68.887 0.0000000000
58048  -37.309  -26.267  66.398 0.0000000000
55840  -33.862  -28.555  68.063 0.0000000000
55841  -35.647  -28.290  68.612 0.0000000000
55813  -35.488  -29.006  70.092 0.0000000000
56908  -37.314  -27.183  68.603 0.0000000000
56894  -37.455  -27.653  69.709 0.0000000000
56909  -37.694  -27.235  69.186 0.0000000000
60950  -42.962  -23.620  62.976 0.0000000000
61915  -43.417  -23.513  63.684 0.0000000000
61943  -43.525  -22.774  61.339 0.0000000000
61931  -43.817  -23.143  62.052 0.0000000000
61944  -44.228  -22.505  61.628 0.0000000000
74773  -52.141  -9.370  52.737 0.0000000000
74774  -52.671  -9.048  52.374 0.0000000000
76477  -55.098  -8.019  53.803 0.0000000000
75614  -55.663  -7.985  54.633 0.0000000000
130085  -56.070  -7.503  54.584 0.0000000000
76523  -58.275  -7.195  48.536 0.0000000000
77444  -59.067  -6.639  48.684 0.0000000000
76532  -57.880  -7.190  47.704 0.0000000000
49342  -13.758  -34.641  87.288 0.0000000000
126296  -12.891  -34.842  87.514 0.0000000000
49336  -13.282  -34.205  87.999 0.0000000000
129099  -39.696  -20.926  66.785 0.0000000000
63849  -39.248  -20.219  65.866 0.0000000000
63850  -39.696  -20.345  66.577 0.0000000000
64882  -39.824  -19.955  66.263 0.0000000000
64894  -39.976  -19.851  65.789 0.0000000000
139332  -39.307  -19.710  65.053 0.0000000000
64912  -38.401  -20.225  63.795 0.0000000000
64913  -39.002  -19.963  63.912 0.0000000000
63883  -38.746  -20.374  63.437 0.0000000000
141241  -39.152  -20.920  63.210 0.0000000000
57800  -25.719  -26.709  81.170 0.0000000000
123615  -26.512  -26.910  81.556 0.0000000000
140067  -27.890  -27.111  82.454 0.0000000000
57778  -28.199  -27.158  83.309 0.0000000000
124150  -30.315  -27.880  82.211 0.0000000000
56741  -30.645  -27.963  82.857 0.0000000000
56742  -31.227  -28.067  82.329 0.0000000000
125628  -26.845  -27.292  71.869 0.0000000000
56863  -27.553  -27.649  72.275 0.0000000000
54746  -34.214  -29.995  73.848 0.0000000000
121606  -33.870  -30.024  74.608 0.0000000000
54706  -34.632  -30.717  76.111 0.0000000000
138935  -33.836  -30.101  77.706 0.0000000000
53667  -34.995  -31.169  77.760 0.0000000000
54658  -17.672  -29.489  80.201 0.0000000000
53618  -17.275  -30.341  79.878 0.0000000000
54646  -17.436  -29.342  81.135 0.0000000000
55687  -17.403  -28.278  82.772 0.0000000000
56726  -17.114  -27.909  84.155 0.0000000000
140993  -17.533  -27.262  84.330 0.0000000000
58784  -18.278  -25.955  84.829 0.0000000000
58777  -17.909  -25.993  85.667 0.0000000000
67070  -45.461  -17.463  55.890 0.0000000000
67071  -46.002  -16.864  56.225 0.0000000000
68151  -47.211  -15.981  56.782 0.0000000000
144629  -46.881  -16.546  57.108 0.0000000000
146965  -47.213  -16.671  58.058 0.0000000000
67048  -47.210  -17.010  58.512 0.0000000000
68127  -47.629  -16.450  58.286 0.0000000000
77558  -58.935  -6.186  37.364 0.0000000000
127642  -59.751  -5.583  37.073 0.0000000000
78587  -60.510  -5.138  37.668 0.0000000000
78598  -60.489  -4.989  36.807 0.0000000000
142551  -17.104  -31.529  88.644 0.0000000000
53514  -17.027  -30.565  92.238 0.0000000000
59901  -41.301  -25.036  73.335 0.0000000000
137945  -41.518  -24.568  72.938 0.0000000000
59932  -41.007  -24.763  70.034 0.0000000000
60891  -41.273  -24.019  69.676 0.0000000000
59010  -39.516  -25.347  67.805 0.0000000000
145033  -39.418  -24.239  66.376 0.0000000000
59972  -40.059  -24.537  67.680 0.0000000000
60920  -40.522  -23.698  67.812 0.0000000000
60935  -38.715  -22.919  65.148 0.0000000000
142880  -19.529  -26.753  80.758 0.0000000000
57811  -19.364  -27.102  80.316 0.0000000000
57822  -20.588  -26.654  78.742 0.0000000000
57813  -20.500  -26.473  79.624 0.0000000000
58845  -21.242  -26.133  79.774 0.0000000000
58846  -22.026  -26.240  79.676 0.0000000000
57856  -20.979  -26.916  77.121 0.0000000000
57857  -21.882  -26.790  76.982 0.0000000000
57825  -22.897  -26.761  78.288 0.0000000000
58861  -23.449  -26.748  78.979 0.0000000000
58832  -24.211  -26.534  80.160 0.0000000000
58849  -24.291  -26.768  79.337 0.0000000000
122203  -25.573  -27.371  78.191 0.0000000000
139440  -25.740  -27.301  78.907 0.0000000000
57816  -26.340  -27.536  79.099 0.0000000000
57829  -26.911  -27.785  78.536 0.0000000000
139533  -30.926  -29.479  69.912 0.0000000000
54772  -31.029  -29.460  71.241 0.0000000000
54802  -33.027  -29.285  69.128 0.0000000000
138922  -32.289  -29.427  69.110 0.0000000000
122205  -33.517  -29.401  69.830 0.0000000000
54775  -34.234  -29.673  71.442 0.0000000000
54774  -33.325  -29.588  71.272 0.0000000000
138679  -33.840  -29.798  73.036 0.0000000000
53723  -35.992  -30.477  73.048 0.0000000000
141656  -35.365  -30.341  73.250 0.0000000000
53706  -36.469  -31.148  74.242 0.0000000000
122787  -37.347  -30.911  74.193 0.0000000000
54748  -38.155  -29.554  73.385 0.0000000000
55779  -38.908  -29.071  73.951 0.0000000000
54736  -39.101  -29.357  74.673 0.0000000000
55816  -37.627  -28.077  71.033 0.0000000000
55807  -37.994  -28.176  71.627 0.0000000000
133830  -39.403  -27.463  72.440 0.0000000000
56853  -39.661  -27.450  73.375 0.0000000000
57915  -40.168  -27.069  74.309 0.0000000000
57934  -40.253  -26.698  73.442 0.0000000000
58939  -40.975  -25.613  72.978 0.0000000000
57935  -40.746  -26.070  73.589 0.0000000000
121706  -18.109  -29.566  78.479 0.0000000000
56772  -18.953  -27.813  79.968 0.0000000000
64872  -45.821  -19.703  67.955 0.0000000000
64873  -47.001  -19.386  67.875 0.0000000000
63837  -46.312  -20.212  67.417 0.0000000000
62817  -46.239  -21.571  66.406 0.0000000000
63855  -46.788  -20.843  66.924 0.0000000000
62818  -47.347  -21.470  66.371 0.0000000000
61901  -44.950  -23.186  64.330 0.0000000000
61903  -46.819  -22.473  64.485 0.0000000000
61894  -49.003  -21.921  65.484 0.0000000000
61920  -50.607  -22.330  64.722 0.0000000000
71045  -48.027  -13.496  53.845 0.0000000000
70121  -48.735  -13.986  54.971 0.0000000000
71036  -48.837  -13.375  54.257 0.0000000000
71934  -51.011  -12.597  54.999 0.0000000000
71038  -50.241  -13.010  55.056 0.0000000000
71935  -51.542  -12.796  55.526 0.0000000000
71026  -51.322  -13.234  55.983 0.0000000000
121856  -51.936  -12.949  56.125 0.0000000000
73859  -52.418  -9.895  53.710 0.0000000000
73849  -52.468  -10.442  54.116 0.0000000000
72843  -53.504  -11.412  55.524 0.0000000000
47316  -8.973  -36.578  93.605 0.0000000000
47322  -8.186  -36.522  93.316 0.0000000000
46365  -8.267  -37.065  93.524 0.0000000000
63962  -42.893  -20.506  56.012 0.0000000000
63977  -43.055  -20.021  55.534 0.0000000000
139567  -43.753  -18.902  55.240 0.0000000000
66000  -43.857  -18.316  54.779 0.0000000000
133333  -44.471  -17.962  55.122 0.0000000000
67077  -44.310  -17.592  54.546 0.0000000000
133565  -44.332  -16.498  53.626 0.0000000000
68183  -45.045  -16.141  53.905 0.0000000000
69185  -45.741  -15.738  54.221 0.0000000000
138069  -45.283  -15.259  53.462 0.0000000000
69196  -45.858  -14.429  53.361 0.0000000000
70129  -46.309  -13.848  53.263 0.0000000000
71043  -46.917  -13.655  53.407 0.0000000000
71054  -46.554  -13.250  52.761 0.0000000000
71957  -47.320  -12.733  52.314 0.0000000000
71972  -48.054  -12.276  51.858 0.0000000000
72878  -48.321  -11.649  51.329 0.0000000000
72890  -49.316  -11.191  50.065 0.0000000000
130855  -49.312  -11.049  50.832 0.0000000000
73878  -50.353  -10.329  51.256 0.0000000000
73887  -50.762  -10.245  50.425 0.0000000000
73904  -52.169  -10.237  49.008 0.0000000000
74803  -52.158  -9.831  50.010 0.0000000000
74804  -52.911  -9.878  49.373 0.0000000000
74805  -53.580  -9.668  49.767 0.0000000000
74815  -53.709  -9.815  48.848 0.0000000000
73937  -52.127  -10.517  46.400 0.0000000000
129615  -52.675  -10.316  46.859 0.0000000000
74829  -52.937  -10.332  46.118 0.0000000000
123677  -10.531  -36.085  88.943 0.0000000000
52473  -16.137  -31.694  89.804 0.0000000000
51422  -15.575  -32.239  89.241 0.0000000000
52463  -13.858  -31.332  91.453 0.0000000000
52471  -14.176  -31.797  90.429 0.0000000000
50375  -13.328  -33.204  89.318 0.0000000000
51419  -12.957  -32.696  90.202 0.0000000000
51389  -14.341  -31.766  92.533 0.0000000000
135499  -12.303  -32.776  92.486 0.0000000000
51412  -12.202  -32.717  91.769 0.0000000000
50362  -12.355  -33.124  90.683 0.0000000000
50361  -11.769  -33.543  91.167 0.0000000000
49309  -11.334  -34.389  90.654 0.0000000000
49300  -10.695  -34.195  92.337 0.0000000000
49296  -10.414  -34.557  93.051 0.0000000000
145450  -10.241  -34.942  93.605 0.0000000000
142640  -9.822  -35.556  93.791 0.0000000000
48264  -10.499  -35.093  94.188 0.0000000000
47320  -12.130  -36.242  94.329 0.0000000000
65832  -46.383  -18.312  71.523 0.0000000000
64831  -47.306  -18.344  71.188 0.0000000000
65837  -45.594  -18.100  70.818 0.0000000000
132303  -42.134  -22.805  72.688 0.0000000000
62765  -42.238  -21.982  72.012 0.0000000000
64829  -42.501  -19.987  69.428 0.0000000000
64830  -43.003  -19.657  70.021 0.0000000000
64822  -43.229  -19.763  70.868 0.0000000000
65835  -43.534  -19.315  70.603 0.0000000000
139789  -43.952  -18.834  71.106 0.0000000000
139262  -43.255  -19.516  70.080 0.0000000000
122433  -43.897  -19.200  69.605 0.0000000000
65851  -44.771  -18.940  69.318 0.0000000000
64850  -45.308  -19.237  68.570 0.0000000000
64849  -44.249  -19.523  68.565 0.0000000000
63870  -43.229  -21.496  66.374 0.0000000000
63869  -42.381  -21.214  65.887 0.0000000000
63867  -40.655  -20.277  65.548 0.0000000000
144746  -41.210  -20.320  66.161 0.0000000000
131193  -41.546  -21.748  64.716 0.0000000000
62843  -42.391  -22.085  65.165 0.0000000000
60971  -40.355  -23.732  62.035 0.0000000000
147010  -40.797  -23.951  61.613 0.0000000000
60972  -41.236  -23.931  61.134 0.0000000000
64917  -36.432  -20.075  62.804 0.0000000000
63892  -36.672  -20.278  62.329 0.0000000000
138925  -36.773  -21.345  61.345 0.0000000000
62873  -37.525  -21.637  61.705 0.0000000000
62882  -37.019  -22.135  60.972 0.0000000000
137546  -37.800  -23.451  60.732 0.0000000000
60984  -38.291  -23.837  60.402 0.0000000000
123726  -20.560  -25.842  81.726 0.0000000000
126971  -20.455  -25.667  82.289 0.0000000000
122956  -21.250  -25.617  82.083 0.0000000000
59791  -23.211  -25.036  83.434 0.0000000000
58807  -25.955  -26.359  82.923 0.0000000000
58796  -26.118  -26.079  83.847 0.0000000000
57906  -25.396  -26.611  74.111 0.0000000000
136013  -25.586  -26.697  74.762 0.0000000000
57883  -25.305  -26.807  75.363 0.0000000000
129632  -25.715  -26.960  76.055 0.0000000000
133408  -26.541  -27.041  76.068 0.0000000000
57864  -27.762  -27.562  76.533 0.0000000000
57863  -26.937  -27.393  76.789 0.0000000000
57846  -27.604  -27.676  77.337 0.0000000000
128023  -28.311  -27.786  77.964 0.0000000000
55796  -29.255  -28.783  72.256 0.0000000000
55788  -29.521  -28.847  73.406 0.0000000000
54729  -31.774  -29.544  74.507 0.0000000000
55768  -30.413  -28.932  75.512 0.0000000000
55767  -29.644  -28.646  75.181 0.0000000000
55753  -29.766  -28.481  76.042 0.0000000000
55729  -30.740  -28.499  78.098 0.0000000000
56795  -29.954  -28.205  77.792 0.0000000000
56786  -30.086  -28.179  78.658 0.0000000000
56785  -29.222  -27.925  78.420 0.0000000000
56776  -30.208  -28.091  79.507 0.0000000000
55708  -31.969  -28.556  80.106 0.0000000000
54673  -33.991  -30.115  79.327 0.0000000000
55733  -33.651  -29.524  79.155 0.0000000000
53696  -38.474  -30.803  75.404 0.0000000000
49358  -15.345  -34.635  85.004 0.0000000000
50411  -15.987  -34.030  84.924 0.0000000000
133716  -16.902  -30.933  80.360 0.0000000000
52541  -16.832  -31.859  79.905 0.0000000000
52531  -16.617  -31.669  80.914 0.0000000000
51473  -16.398  -32.625  81.103 0.0000000000
51461  -16.368  -32.883  81.850 0.0000000000
51472  -16.120  -33.420  81.185 0.0000000000
140068  -16.058  -33.664  81.834 0.0000000000
50427  -16.277  -33.297  82.676 0.0000000000
139008  -16.761  -32.639  84.121 0.0000000000
51451  -16.813  -32.656  84.951 0.0000000000
51446  -16.871  -32.735  85.725 0.0000000000
147152  -17.024  -32.313  86.037 0.0000000000
52482  -17.255  -31.796  87.315 0.0000000000
57740  -17.014  -27.235  85.985 0.0000000000
56689  -16.842  -27.831  86.438 0.0000000000
57731  -16.935  -27.032  86.909 0.0000000000
64855  -49.974  -19.640  68.686 0.0000000000
123955  -42.729  -21.626  57.931 0.0000000000
62905  -43.259  -21.335  58.493 0.0000000000
63919  -44.732  -20.621  60.278 0.0000000000
65951  -45.885  -18.405  58.265 0.0000000000
65935  -45.984  -18.694  59.047 0.0000000000
64943  -46.405  -19.045  60.766 0.0000000000
64955  -46.106  -18.864  59.885 0.0000000000
64931  -46.040  -19.745  61.234 0.0000000000
63910  -47.155  -19.906  62.147 0.0000000000
64921  -48.509  -19.616  62.556 0.0000000000
63897  -49.343  -20.506  62.713 0.0000000000
70092  -48.883  -14.575  56.254 0.0000000000
69158  -49.048  -14.822  57.011 0.0000000000
69128  -50.325  -15.157  58.797 0.0000000000
69127  -49.518  -15.374  58.515 0.0000000000
69112  -49.830  -15.680  59.283 0.0000000000
68129  -49.005  -15.894  58.990 0.0000000000
68112  -50.153  -15.905  60.151 0.0000000000
75666  -55.660  -8.823  48.166 0.0000000000
75672  -55.306  -8.931  47.439 0.0000000000
132581  -55.742  -8.192  45.896 0.0000000000
75681  -56.267  -8.051  46.529 0.0000000000
130340  -57.418  -7.246  47.004 0.0000000000
76538  -56.917  -7.510  46.340 0.0000000000
123457  -54.835  -8.662  43.946 0.0000000000
137344  -55.463  -8.115  43.744 0.0000000000
77474  -56.655  -6.863  44.142 0.0000000000
77470  -57.716  -6.494  45.347 0.0000000000
77476  -58.308  -5.922  44.745 0.0000000000
77477  -59.236  -5.553  45.025 0.0000000000
78504  -59.769  -5.040  43.712 0.0000000000
78515  -60.655  -4.866  43.141 0.0000000000
127345  -61.878  -5.037  43.243 0.0000000000
144997  -61.292  -4.844  42.568 0.0000000000
76602  -58.062  -6.929  39.512 0.0000000000
76590  -57.104  -7.682  40.542 0.0000000000
77497  -57.925  -6.545  41.439 0.0000000000
77513  -58.597  -6.224  40.892 0.0000000000
132068  -61.428  -4.713  41.299 0.0000000000
78546  -60.413  -4.835  41.453 0.0000000000
78531  -61.809  -4.817  41.525 0.0000000000
78517  -62.144  -5.243  41.871 0.0000000000
134304  -62.746  -5.866  41.856 0.0000000000
78588  -62.422  -5.148  38.044 0.0000000000
78577  -62.295  -5.042  38.713 0.0000000000
77542  -62.583  -5.941  37.678 0.0000000000
58033  -37.266  -26.827  67.846 0.0000000000
58032  -36.889  -26.717  67.059 0.0000000000
55858  -34.466  -28.250  67.568 0.0000000000
55842  -36.308  -27.990  68.695 0.0000000000
56907  -36.705  -27.456  68.328 0.0000000000
60973  -41.989  -23.905  61.701 0.0000000000
145139  -42.573  -23.639  61.524 0.0000000000
61942  -42.865  -23.098  61.077 0.0000000000
61954  -43.267  -22.465  60.595 0.0000000000
74782  -53.173  -9.158  51.523 0.0000000000
75636  -53.920  -8.858  51.723 0.0000000000
121411  -57.174  -7.552  51.495 0.0000000000
76503  -58.072  -7.129  50.862 0.0000000000
121692  -58.945  -6.680  50.892 0.0000000000
123555  -57.810  -7.628  49.466 0.0000000000
75660  -57.066  -8.065  48.801 0.0000000000
49357  -13.745  -35.141  85.675 0.0000000000
49343  -14.605  -34.360  87.109 0.0000000000
62828  -38.737  -21.383  65.435 0.0000000000
64892  -38.749  -19.972  65.368 0.0000000000
129510  -38.736  -19.768  64.981 0.0000000000
128897  -37.647  -20.245  63.373 0.0000000000
58786  -19.176  -25.268  84.828 0.0000000000
126927  -27.319  -27.333  81.071 0.0000000000
57793  -27.995  -27.365  81.734 0.0000000000
56750  -29.832  -27.862  81.427 0.0000000000
53705  -35.059  -30.670  74.590 0.0000000000
53693  -35.102  -30.817  75.376 0.0000000000
53682  -34.895  -30.929  76.903 0.0000000000
125465  -35.631  -31.480  76.999 0.0000000000
56747  -17.890  -27.954  82.073 0.0000000000
56737  -17.771  -27.621  82.916 0.0000000000
56727  -17.636  -27.437  83.665 0.0000000000
68165  -46.350  -16.225  55.720 0.0000000000
69140  -47.867  -15.674  57.118 0.0000000000
58955  -40.809  -25.631  72.139 0.0000000000
59911  -41.121  -24.965  71.726 0.0000000000
59025  -38.721  -25.364  66.361 0.0000000000
143527  -39.087  -24.742  66.155 0.0000000000
60928  -39.433  -23.559  66.189 0.0000000000
144555  -19.840  -26.852  79.787 0.0000000000
124478  -22.210  -26.822  76.203 0.0000000000
57841  -23.277  -26.869  77.548 0.0000000000
57826  -24.268  -26.936  78.479 0.0000000000
57843  -24.918  -27.229  77.974 0.0000000000
123394  -25.469  -27.349  77.408 0.0000000000
54803  -34.492  -29.250  69.827 0.0000000000
53716  -37.413  -30.287  73.364 0.0000000000
54764  -37.979  -28.955  72.745 0.0000000000
56887  -39.036  -27.252  71.178 0.0000000000
56878  -39.535  -27.105  71.755 0.0000000000
54679  -18.669  -28.974  77.972 0.0000000000
63853  -44.663  -20.860  67.019 0.0000000000
62832  -45.764  -22.241  65.799 0.0000000000
61917  -45.462  -22.992  63.645 0.0000000000
61918  -47.206  -22.267  63.892 0.0000000000
62853  -47.809  -21.749  63.356 0.0000000000
62866  -48.025  -21.055  62.847 0.0000000000
71948  -49.250  -12.549  53.683 0.0000000000
122052  -49.701  -12.846  54.409 0.0000000000
71949  -49.947  -12.075  53.915 0.0000000000
72852  -50.565  -11.732  54.033 0.0000000000
72853  -51.180  -11.903  54.413 0.0000000000
74744  -54.012  -9.515  54.540 0.0000000000
73841  -53.731  -10.416  54.981 0.0000000000
121525  -54.480  -9.959  55.299 0.0000000000
78493  -61.266  -5.462  45.653 0.0000000000
68182  -44.006  -17.130  53.941 0.0000000000
71070  -46.691  -12.854  51.949 0.0000000000
71970  -46.451  -12.633  51.166 0.0000000000
71982  -47.245  -12.224  50.792 0.0000000000
72908  -49.337  -11.491  49.156 0.0000000000
73901  -49.964  -10.960  49.507 0.0000000000
73902  -50.541  -10.569  49.803 0.0000000000
73915  -50.670  -10.818  49.030 0.0000000000
73916  -51.416  -10.728  48.453 0.0000000000
73917  -52.212  -10.483  48.070 0.0000000000
129351  -51.670  -10.809  47.625 0.0000000000
73927  -51.439  -10.986  46.802 0.0000000000
53531  -16.024  -30.846  91.441 0.0000000000
53530  -15.128  -30.899  91.700 0.0000000000
52454  -14.371  -30.872  91.995 0.0000000000
50346  -13.895  -32.664  92.489 0.0000000000
51385  -12.815  -32.854  92.616 0.0000000000
51386  -12.315  -33.169  92.691 0.0000000000
50344  -11.801  -33.535  92.770 0.0000000000
50340  -11.947  -33.880  93.017 0.0000000000
50339  -11.521  -34.040  93.270 0.0000000000
49293  -11.546  -34.293  93.706 0.0000000000
49288  -11.097  -34.606  94.158 0.0000000000
49289  -11.557  -34.580  94.149 0.0000000000
48261  -12.555  -35.454  94.187 0.0000000000
123065  -41.654  -23.523  70.994 0.0000000000
61834  -41.932  -22.789  71.530 0.0000000000
62781  -41.996  -21.541  70.501 0.0000000000
64847  -41.125  -20.413  67.961 0.0000000000
147039  -41.669  -20.531  68.702 0.0000000000
64837  -41.666  -20.242  68.487 0.0000000000
64838  -42.178  -19.962  68.868 0.0000000000
122677  -43.244  -19.511  69.572 0.0000000000
65850  -42.623  -19.774  69.009 0.0000000000
65870  -43.334  -19.714  68.519 0.0000000000
64870  -43.691  -19.903  67.905 0.0000000000
64869  -42.797  -19.948  67.861 0.0000000000
64895  -41.896  -20.563  66.427 0.0000000000
63885  -40.134  -20.750  63.991 0.0000000000
62850  -40.516  -21.693  63.715 0.0000000000
61912  -40.850  -22.663  63.463 0.0000000000
58815  -21.861  -25.785  81.387 0.0000000000
58802  -22.210  -25.539  82.095 0.0000000000
59802  -23.447  -25.510  82.726 0.0000000000
59792  -23.971  -25.399  83.303 0.0000000000
57776  -26.762  -26.475  84.366 0.0000000000
57927  -25.922  -26.674  73.441 0.0000000000
57928  -26.765  -26.878  73.853 0.0000000000
143108  -26.935  -26.955  75.452 0.0000000000
57886  -27.876  -27.535  75.861 0.0000000000
54784  -29.778  -29.249  71.119 0.0000000000
55805  -29.412  -28.944  71.549 0.0000000000
54770  -29.997  -29.194  71.926 0.0000000000
54756  -30.499  -29.322  72.571 0.0000000000
54741  -30.265  -29.233  73.256 0.0000000000
54718  -32.422  -29.563  75.717 0.0000000000
54717  -31.752  -29.460  75.379 0.0000000000
54702  -31.839  -29.354  76.181 0.0000000000
55720  -32.656  -28.774  79.480 0.0000000000
55721  -33.376  -29.126  79.722 0.0000000000
53595  -16.740  -30.501  82.140 0.0000000000
132869  -16.642  -31.222  81.687 0.0000000000
53582  -16.755  -30.781  82.965 0.0000000000
52519  -16.648  -31.383  82.371 0.0000000000
52507  -16.712  -31.633  83.137 0.0000000000
51456  -16.649  -32.522  83.313 0.0000000000
144008  -16.798  -31.925  83.790 0.0000000000
53557  -17.103  -30.962  86.015 0.0000000000
57732  -17.450  -26.262  87.387 0.0000000000
63941  -43.753  -20.686  58.040 0.0000000000
63942  -44.330  -20.157  58.453 0.0000000000
64969  -44.965  -19.736  58.814 0.0000000000
65919  -46.821  -18.473  60.193 0.0000000000
64944  -47.189  -18.654  61.101 0.0000000000
135911  -47.542  -18.859  61.834 0.0000000000
65891  -49.052  -18.879  62.505 0.0000000000
70094  -50.210  -14.050  56.876 0.0000000000
70075  -49.735  -14.539  57.330 0.0000000000
70076  -50.482  -14.327  57.592 0.0000000000
70063  -50.786  -14.614  58.342 0.0000000000
69129  -51.137  -14.897  59.143 0.0000000000
74831  -54.148  -9.527  46.779 0.0000000000
75679  -54.839  -9.023  46.600 0.0000000000
130622  -55.192  -8.578  46.053 0.0000000000
75685  -55.223  -8.402  45.386 0.0000000000
77482  -57.289  -6.276  43.564 0.0000000000
121460  -58.047  -5.820  43.892 0.0000000000
121442  -57.864  -5.839  43.062 0.0000000000
77488  -58.600  -5.522  42.537 0.0000000000
77540  -58.145  -6.679  37.754 0.0000000000
76603  -58.206  -6.828  38.618 0.0000000000
77524  -59.054  -6.173  39.319 0.0000000000
77525  -59.237  -5.851  40.348 0.0000000000
78547  -61.010  -4.753  40.659 0.0000000000
78548  -61.846  -4.706  40.655 0.0000000000
78549  -62.324  -5.162  40.135 0.0000000000
77559  -62.505  -6.262  36.685 0.0000000000
76631  -62.454  -6.893  37.306 0.0000000000
76649  -62.336  -7.217  36.417 0.0000000000
57999  -39.542  -26.101  69.396 0.0000000000
58991  -38.797  -26.027  68.114 0.0000000000
57879  -21.709  -26.911  75.530 0.0000000000
122204  -32.477  -29.234  68.307 0.0000000000
54815  -33.374  -28.979  68.516 0.0000000000
55823  -34.437  -28.854  69.115 0.0000000000
54777  -36.545  -28.950  71.274 0.0000000000
55815  -37.026  -28.332  70.762 0.0000000000
56885  -37.576  -27.843  70.381 0.0000000000
61899  -42.881  -23.007  64.525 0.0000000000
62845  -44.352  -22.790  65.198 0.0000000000
60962  -43.381  -23.549  62.466 0.0000000000
146967  -44.014  -23.454  62.659 0.0000000000
62864  -44.996  -22.117  61.960 0.0000000000
73869  -50.896  -10.001  52.806 0.0000000000
73858  -51.309  -10.219  53.264 0.0000000000
74762  -51.641  -9.728  53.056 0.0000000000
74763  -52.413  -9.546  53.314 0.0000000000
121837  -52.935  -9.544  53.646 0.0000000000
75628  -53.459  -8.820  52.618 0.0000000000
75612  -53.897  -8.786  53.843 0.0000000000
74752  -53.574  -9.223  53.942 0.0000000000
75604  -55.192  -8.508  54.683 0.0000000000
75605  -55.939  -8.209  55.028 0.0000000000
138920  -59.483  -6.671  50.318 0.0000000000
77453  -59.635  -6.253  48.103 0.0000000000
122039  -59.338  -6.254  47.270 0.0000000000
48317  -12.310  -35.452  86.337 0.0000000000
48309  -12.461  -35.237  87.037 0.0000000000
61863  -40.875  -22.773  68.074 0.0000000000
62798  -41.112  -21.800  68.314 0.0000000000
62797  -40.770  -21.074  67.851 0.0000000000
63835  -40.166  -20.509  67.316 0.0000000000
63823  -40.785  -20.469  67.777 0.0000000000
64846  -40.651  -20.220  67.531 0.0000000000
64867  -40.902  -20.038  67.494 0.0000000000
63876  -39.533  -19.968  64.425 0.0000000000
125596  -38.692  -21.798  62.355 0.0000000000
129609  -24.054  -26.195  80.822 0.0000000000
58819  -25.062  -26.362  81.714 0.0000000000
57791  -25.826  -26.571  82.054 0.0000000000
57777  -27.402  -26.835  83.874 0.0000000000
56740  -29.954  -27.818  82.973 0.0000000000
56846  -27.347  -27.286  73.259 0.0000000000
136652  -27.986  -27.645  73.786 0.0000000000
129702  -32.863  -29.636  72.916 0.0000000000
54730  -32.530  -29.670  74.357 0.0000000000
139078  -32.904  -29.740  75.351 0.0000000000
54719  -33.576  -29.969  75.371 0.0000000000
124335  -33.140  -29.735  75.985 0.0000000000
54704  -33.281  -29.698  76.765 0.0000000000
54691  -33.383  -29.644  77.553 0.0000000000
54681  -33.906  -30.111  78.497 0.0000000000
54682  -34.453  -30.695  78.562 0.0000000000
53653  -35.288  -31.253  78.669 0.0000000000
53632  -17.130  -31.164  79.494 0.0000000000
54645  -16.961  -29.872  81.577 0.0000000000
54622  -16.961  -29.473  83.897 0.0000000000
56714  -16.888  -28.163  84.916 0.0000000000
57753  -17.450  -26.776  85.566 0.0000000000
57764  -17.787  -26.656  84.804 0.0000000000
65976  -44.697  -18.705  56.265 0.0000000000
124876  -44.811  -19.123  57.086 0.0000000000
65964  -45.334  -18.455  56.901 0.0000000000
65965  -45.814  -18.093  57.504 0.0000000000
65966  -46.317  -17.742  58.027 0.0000000000
67058  -46.382  -16.991  56.956 0.0000000000
142776  -46.217  -17.496  57.400 0.0000000000
127508  -46.779  -17.480  58.389 0.0000000000
67036  -47.039  -17.568  58.854 0.0000000000
132132  -47.443  -17.317  59.118 0.0000000000
74853  -53.599  -9.214  43.731 0.0000000000
75702  -54.230  -8.872  43.358 0.0000000000
78576  -60.465  -5.195  38.595 0.0000000000
79461  -61.744  -4.711  38.691 0.0000000000
79460  -61.211  -4.832  38.221 0.0000000000
79471  -61.676  -4.694  37.904 0.0000000000
79486  -62.052  -4.773  37.553 0.0000000000
79485  -61.581  -4.623  37.012 0.0000000000
51436  -16.972  -32.502  87.147 0.0000000000
51435  -16.325  -32.916  87.653 0.0000000000
52479  -16.507  -31.985  88.923 0.0000000000
53522  -16.448  -30.645  91.921 0.0000000000
59923  -41.448  -24.282  71.371 0.0000000000
60882  -41.575  -23.523  70.214 0.0000000000
140191  -41.545  -23.143  69.548 0.0000000000
59942  -40.118  -25.436  69.203 0.0000000000
61872  -40.049  -22.184  67.082 0.0000000000
61882  -39.211  -22.670  65.924 0.0000000000
125766  -39.097  -21.812  65.906 0.0000000000
58813  -20.279  -26.092  81.141 0.0000000000
58828  -20.762  -26.101  80.430 0.0000000000
124870  -22.881  -25.912  80.880 0.0000000000
58831  -23.391  -26.203  80.425 0.0000000000
56792  -20.151  -27.166  77.395 0.0000000000
57838  -20.764  -26.831  77.952 0.0000000000
57823  -21.318  -26.572  78.485 0.0000000000
57824  -22.087  -26.611  78.360 0.0000000000
58859  -21.756  -26.411  79.008 0.0000000000
58847  -22.925  -26.428  79.711 0.0000000000
140795  -25.675  -26.840  80.330 0.0000000000
121587  -25.865  -27.032  79.595 0.0000000000
146752  -26.125  -26.994  80.071 0.0000000000
57818  -27.752  -27.779  79.614 0.0000000000
54798  -29.554  -29.232  69.758 0.0000000000
137763  -29.511  -29.181  70.469 0.0000000000
54771  -30.375  -29.373  71.345 0.0000000000
54757  -31.520  -29.487  71.937 0.0000000000
54800  -31.712  -29.493  69.681 0.0000000000
54787  -32.212  -29.516  70.461 0.0000000000
54788  -33.057  -29.517  70.497 0.0000000000
54758  -32.508  -29.536  71.915 0.0000000000
54733  -34.917  -30.352  73.852 0.0000000000
128623  -37.663  -31.309  75.053 0.0000000000
54721  -38.896  -30.027  75.019 0.0000000000
55797  -37.644  -28.768  72.123 0.0000000000
55791  -39.215  -28.247  73.742 0.0000000000
56818  -40.262  -27.388  75.204 0.0000000000
53645  -17.605  -30.529  78.403 0.0000000000
54669  -17.691  -29.937  79.275 0.0000000000
55728  -18.621  -28.742  78.855 0.0000000000
56748  -18.591  -27.406  81.572 0.0000000000
64852  -47.735  -18.844  68.597 0.0000000000
63839  -48.649  -20.052  67.593 0.0000000000
63857  -49.087  -20.908  67.131 0.0000000000
61902  -45.834  -22.825  64.369 0.0000000000
61892  -46.329  -22.548  65.069 0.0000000000
62834  -48.059  -21.788  65.736 0.0000000000
62835  -49.304  -21.769  65.960 0.0000000000
69187  -47.444  -14.543  54.725 0.0000000000
70108  -48.121  -14.473  55.172 0.0000000000
70122  -49.095  -14.013  55.342 0.0000000000
70110  -49.418  -14.078  55.799 0.0000000000
71009  -50.101  -13.559  55.675 0.0000000000
142433  -49.977  -13.901  56.253 0.0000000000
71010  -50.690  -13.585  56.295 0.0000000000
70996  -51.771  -13.642  57.351 0.0000000000
70997  -52.613  -13.389  57.640 0.0000000000
72854  -52.021  -11.233  54.368 0.0000000000
72842  -52.589  -11.689  55.160 0.0000000000
71916  -52.268  -12.420  55.625 0.0000000000
71917  -52.678  -12.631  56.299 0.0000000000
48269  -8.579  -36.416  92.096 0.0000000000
61979  -41.158  -22.923  58.668 0.0000000000
61980  -41.924  -22.468  58.635 0.0000000000
61995  -42.142  -22.014  57.914 0.0000000000
146484  -43.385  -20.650  56.711 0.0000000000
65011  -43.966  -19.144  55.874 0.0000000000
65010  -43.418  -19.485  55.382 0.0000000000
65988  -44.866  -18.016  55.690 0.0000000000
68174  -44.728  -16.894  54.266 0.0000000000
69186  -46.407  -15.366  54.561 0.0000000000
70120  -46.779  -14.682  54.305 0.0000000000
70131  -47.300  -13.978  54.040 0.0000000000
71044  -47.499  -13.488  53.530 0.0000000000
71056  -47.917  -13.179  53.291 0.0000000000
71958  -48.081  -12.662  52.703 0.0000000000
71959  -48.914  -12.231  52.797 0.0000000000
72868  -49.303  -11.424  52.607 0.0000000000
73867  -49.508  -10.927  52.181 0.0000000000
72888  -47.278  -11.903  50.073 0.0000000000
72877  -47.866  -11.714  50.652 0.0000000000
72879  -48.977  -11.185  51.473 0.0000000000
142920  -50.075  -10.497  51.952 0.0000000000
74771  -50.694  -9.987  52.057 0.0000000000
74780  -51.412  -9.673  51.670 0.0000000000
74788  -51.781  -9.623  50.930 0.0000000000
74789  -52.613  -9.502  50.792 0.0000000000
74790  -53.433  -9.473  50.550 0.0000000000
74791  -54.123  -9.393  50.182 0.0000000000
74792  -54.677  -9.250  49.836 0.0000000000
74807  -54.901  -9.280  49.198 0.0000000000
74816  -54.427  -9.541  48.791 0.0000000000
124555  -54.212  -9.634  48.124 0.0000000000
138341  -53.983  -9.708  47.444 0.0000000000
74822  -52.805  -10.204  47.582 0.0000000000
74830  -53.704  -9.856  46.057 0.0000000000
74836  -53.090  -9.968  45.057 0.0000000000
74835  -52.042  -9.935  44.808 0.0000000000
74844  -52.384  -9.726  44.142 0.0000000000
74851  -51.857  -9.453  43.497 0.0000000000
51434  -15.430  -33.144  87.970 0.0000000000
50383  -14.574  -33.402  88.278 0.0000000000
51421  -14.615  -32.365  89.541 0.0000000000
51427  -14.135  -32.951  88.995 0.0000000000
50382  -13.737  -33.639  88.552 0.0000000000
50381  -12.915  -33.894  88.810 0.0000000000
49324  -12.181  -34.314  89.170 0.0000000000
51390  -15.310  -31.740  92.324 0.0000000000
52453  -13.730  -31.214  92.233 0.0000000000
51388  -13.430  -32.257  92.610 0.0000000000
52452  -13.252  -31.673  92.381 0.0000000000
52462  -13.189  -31.573  91.854 0.0000000000
51413  -12.751  -32.273  91.289 0.0000000000
49323  -11.463  -34.795  89.571 0.0000000000
145631  -10.844  -35.111  90.168 0.0000000000
145071  -11.272  -33.692  92.465 0.0000000000
124276  -10.652  -34.820  91.279 0.0000000000
48267  -8.617  -36.067  92.954 0.0000000000
48263  -9.097  -36.050  93.379 0.0000000000
47317  -9.610  -36.493  94.071 0.0000000000
137281  -10.485  -35.629  94.437 0.0000000000
47318  -10.176  -36.335  94.409 0.0000000000
64826  -47.609  -18.981  71.277 0.0000000000
65839  -47.378  -18.111  70.539 0.0000000000
61807  -42.473  -22.305  73.701 0.0000000000
62789  -41.552  -21.562  69.112 0.0000000000
129873  -41.992  -21.107  69.697 0.0000000000
63809  -42.332  -20.746  70.386 0.0000000000
63817  -42.228  -20.446  69.535 0.0000000000
63804  -42.797  -20.365  71.099 0.0000000000
64811  -43.223  -19.828  72.002 0.0000000000
65836  -44.581  -18.517  71.036 0.0000000000
65845  -45.625  -18.211  69.979 0.0000000000
65846  -46.738  -18.007  70.053 0.0000000000
64887  -44.073  -20.329  67.396 0.0000000000
140877  -44.660  -20.318  67.415 0.0000000000
63878  -41.105  -20.992  65.054 0.0000000000
61930  -42.049  -23.784  62.877 0.0000000000
61929  -41.257  -23.485  63.055 0.0000000000
146288  -42.001  -23.968  62.249 0.0000000000
64901  -36.987  -20.379  63.688 0.0000000000
62861  -38.118  -21.466  62.258 0.0000000000
61940  -37.849  -22.744  61.223 0.0000000000
61941  -38.711  -23.082  61.524 0.0000000000
60985  -39.198  -23.768  60.954 0.0000000000
61001  -38.451  -23.949  59.617 0.0000000000
124285  -39.793  -23.950  60.260 0.0000000000
61004  -40.910  -23.514  59.468 0.0000000000
126991  -19.867  -25.621  82.743 0.0000000000
58793  -20.771  -25.297  83.010 0.0000000000
59800  -21.795  -25.164  82.817 0.0000000000
58805  -24.520  -25.950  82.238 0.0000000000
58794  -24.606  -25.807  83.021 0.0000000000
57880  -23.098  -26.838  74.966 0.0000000000
57881  -23.815  -26.870  75.408 0.0000000000
57861  -25.271  -27.118  76.716 0.0000000000
57844  -26.078  -27.531  77.585 0.0000000000
146769  -26.469  -27.514  77.193 0.0000000000
57845  -26.800  -27.675  77.670 0.0000000000
57830  -27.749  -27.793  78.773 0.0000000000
141756  -28.283  -27.825  79.226 0.0000000000
56875  -28.114  -28.035  71.519 0.0000000000
55795  -28.428  -28.272  72.280 0.0000000000
56830  -28.895  -28.233  74.838 0.0000000000
54743  -31.426  -29.521  73.724 0.0000000000
54742  -30.690  -29.359  73.826 0.0000000000
54716  -31.057  -29.366  75.045 0.0000000000
55777  -29.527  -28.730  74.301 0.0000000000
56805  -29.858  -28.344  76.905 0.0000000000
123190  -28.910  -27.840  79.206 0.0000000000
56775  -29.369  -27.867  79.920 0.0000000000
56762  -30.292  -27.968  80.509 0.0000000000
56763  -31.318  -28.261  80.744 0.0000000000
56752  -31.650  -28.272  81.571 0.0000000000
49367  -13.998  -34.973  84.291 0.0000000000
133621  -14.736  -34.859  84.661 0.0000000000
50404  -15.575  -34.358  85.687 0.0000000000
50426  -15.470  -34.153  82.258 0.0000000000
50419  -15.785  -34.014  83.325 0.0000000000
144546  -16.031  -33.845  84.119 0.0000000000
50405  -16.570  -33.370  85.316 0.0000000000
50398  -16.559  -33.329  86.094 0.0000000000
121557  -17.340  -31.192  87.951 0.0000000000
57726  -17.003  -26.880  88.046 0.0000000000
61968  -42.451  -22.488  59.435 0.0000000000
140396  -43.058  -22.322  59.892 0.0000000000
125668  -43.598  -21.745  60.053 0.0000000000
134382  -43.568  -21.306  59.303 0.0000000000
62884  -44.266  -21.336  60.605 0.0000000000
63907  -45.012  -21.127  61.209 0.0000000000
143239  -45.049  -19.837  59.362 0.0000000000
134550  -45.492  -19.393  59.397 0.0000000000
63931  -45.126  -19.939  59.928 0.0000000000
63908  -45.770  -20.591  61.579 0.0000000000
63895  -47.143  -20.658  62.346 0.0000000000
64920  -47.642  -19.401  62.226 0.0000000000
132014  -48.476  -20.487  62.692 0.0000000000
69174  -48.191  -14.799  55.917 0.0000000000
69142  -49.247  -15.061  57.778 0.0000000000
69141  -48.545  -15.352  57.453 0.0000000000
68128  -48.274  -16.177  58.631 0.0000000000
68110  -48.547  -16.574  59.380 0.0000000000
68096  -48.858  -16.909  60.284 0.0000000000
68097  -49.791  -16.581  60.761 0.0000000000
67011  -49.241  -17.240  61.248 0.0000000000
66997  -49.733  -17.607  62.032 0.0000000000
75658  -55.573  -8.960  48.931 0.0000000000
133515  -56.289  -8.464  48.627 0.0000000000
76521  -56.825  -7.988  48.020 0.0000000000
76531  -57.270  -7.567  47.644 0.0000000000
76540  -58.283  -6.681  46.923 0.0000000000
77461  -58.241  -6.433  46.073 0.0000000000
76545  -55.801  -7.838  45.147 0.0000000000
76551  -55.915  -7.549  44.381 0.0000000000
137875  -56.378  -7.226  44.972 0.0000000000
76546  -56.998  -7.140  45.547 0.0000000000
77462  -59.165  -6.079  46.360 0.0000000000
77472  -59.492  -5.709  45.690 0.0000000000
78492  -60.259  -5.408  45.339 0.0000000000
78498  -61.217  -5.218  44.888 0.0000000000
77483  -58.979  -5.444  44.224 0.0000000000
78506  -62.117  -5.387  44.342 0.0000000000
76575  -57.231  -7.270  41.353 0.0000000000
77498  -58.588  -5.816  41.719 0.0000000000
77499  -59.382  -5.069  42.002 0.0000000000
78529  -60.430  -4.788  42.339 0.0000000000
78516  -61.773  -5.016  42.265 0.0000000000
79462  -62.008  -4.774  39.068 0.0000000000
77533  -62.582  -5.712  38.627 0.0000000000
46362  -9.752  -36.963  94.124 0.0000000000
48257  -9.509  -36.128  93.870 0.0000000000
48259  -11.005  -35.074  94.453 0.0000000000
49290  -12.199  -34.691  94.073 0.0000000000
50396  -15.248  -33.979  86.954 0.0000000000
51384  -12.388  -33.269  92.716 0.0000000000
52487  -17.219  -31.925  86.489 0.0000000000
53511  -14.886  -30.872  92.135 0.0000000000
53513  -16.041  -30.958  92.147 0.0000000000
57774  -17.993  -26.848  83.991 0.0000000000
58778  -18.642  -25.548  85.356 0.0000000000
68138  -47.359  -16.305  57.582 0.0000000000
71011  -51.486  -13.403  56.605 0.0000000000
72827  -52.932  -12.067  55.795 0.0000000000
73848  -51.866  -10.407  53.724 0.0000000000
73879  -51.074  -9.971  51.127 0.0000000000
74746  -55.609  -8.876  55.243 0.0000000000
74753  -54.370  -8.825  54.314 0.0000000000
74764  -53.198  -9.231  53.528 0.0000000000
75619  -53.465  -8.901  53.406 0.0000000000
76471  -55.504  -7.866  54.356 0.0000000000
121578  -55.883  -10.108  56.412 0.0000000000
127767  -60.768  -4.971  39.358 0.0000000000
130563  -46.144  -17.980  70.404 0.0000000000
131786  -14.982  -31.297  92.418 0.0000000000
133508  -16.883  -28.767  84.421 0.0000000000
140342  -54.098  -11.467  56.291 0.0000000000
142214  -21.519  -26.266  79.398 0.0000000000
142230  -38.731  -23.840  60.638 0.0000000000
142631  -29.377  -28.825  72.836 0.0000000000
143243  -22.325  -25.886  80.920 0.0000000000
144297  -54.803  -10.260  55.831 0.0000000000
144516  -18.717  -25.673  84.803 0.0000000000
146286  -25.454  -26.982  79.277 0.0000000000
