#!ascii label  , from subject sub-v1s8x0051347_ses-1 vox2ras=TkReg
1864
61747  -36.595  -22.014  79.884 0.0000000000
135942  -52.219  -4.682  59.489 0.0000000000
69995  -42.867  -13.766  67.288 0.0000000000
53629  -6.836  -30.717  80.361 0.0000000000
63745  -22.265  -19.996  82.438 0.0000000000
64790  -9.829  -20.208  77.255 0.0000000000
65741  -6.107  -18.951  84.178 0.0000000000
70041  -48.098  -14.025  60.969 0.0000000000
65833  -4.787  -18.876  70.819 0.0000000000
54573  -3.744  -29.512  89.378 0.0000000000
61833  -36.421  -21.320  71.984 0.0000000000
58863  -32.372  -23.457  78.702 0.0000000000
59803  -29.827  -22.694  81.670 0.0000000000
81032  -54.620  -1.935  57.606 0.0000000000
68044  -45.017  -14.991  64.181 0.0000000000
60757  -16.504  -22.296  80.008 0.0000000000
69925  -7.127  -13.976  74.274 0.0000000000
58842  -8.678  -25.132  79.199 0.0000000000
58906  -7.751  -25.244  73.871 0.0000000000
52637  -9.150  -31.383  74.835 0.0000000000
59733  -9.439  -23.750  90.832 0.0000000000
60679  -6.526  -24.510  90.889 0.0000000000
70899  -40.401  -12.515  70.795 0.0000000000
62662  -27.124  -20.348  84.972 0.0000000000
61745  -25.310  -20.633  78.900 0.0000000000
64778  -7.798  -19.553  80.318 0.0000000000
59812  -5.844  -24.538  82.043 0.0000000000
73811  -50.651  -9.542  59.533 0.0000000000
60696  -11.873  -22.698  88.060 0.0000000000
60719  -13.345  -22.336  84.334 0.0000000000
64819  -8.836  -19.537  71.802 0.0000000000
135397  -4.262  -24.404  71.338 0.0000000000
65708  -5.720  -18.519  89.451 0.0000000000
132540  -5.561  -24.449  87.026 0.0000000000
127364  -4.249  -30.122  84.112 0.0000000000
63766  -37.563  -20.106  79.017 0.0000000000
139737  -35.666  -22.412  77.515 0.0000000000
137879  -36.416  -21.976  76.524 0.0000000000
58854  -34.071  -23.498  79.183 0.0000000000
132018  -33.843  -24.001  76.479 0.0000000000
58822  -33.153  -23.424  80.830 0.0000000000
80185  -54.151  -3.447  59.010 0.0000000000
144381  -49.304  -6.992  58.195 0.0000000000
80181  -49.709  -3.766  58.251 0.0000000000
81028  -50.700  -2.594  56.588 0.0000000000
134536  -44.206  -14.644  65.437 0.0000000000
143637  -39.729  -14.038  66.668 0.0000000000
69062  -40.757  -15.118  64.501 0.0000000000
68040  -41.945  -15.804  63.949 0.0000000000
56779  -7.859  -27.740  79.474 0.0000000000
55735  -9.194  -28.304  77.343 0.0000000000
138469  -8.652  -30.557  77.717 0.0000000000
51528  -7.099  -33.444  75.806 0.0000000000
50466  -7.871  -33.549  78.725 0.0000000000
57716  -8.869  -26.277  88.962 0.0000000000
56653  -7.806  -26.922  90.864 0.0000000000
69947  -39.034  -13.532  72.675 0.0000000000
64810  -36.854  -18.207  73.477 0.0000000000
63802  -35.856  -19.752  71.927 0.0000000000
128865  -37.340  -16.598  72.731 0.0000000000
68992  -37.245  -14.874  70.655 0.0000000000
63702  -29.117  -20.427  85.748 0.0000000000
60785  -28.403  -21.562  78.833 0.0000000000
60752  -27.370  -21.447  80.955 0.0000000000
80209  -52.843  -2.888  53.194 0.0000000000
80219  -54.478  -2.956  50.882 0.0000000000
65751  -6.519  -19.213  82.215 0.0000000000
62721  -6.579  -22.255  81.546 0.0000000000
62698  -5.836  -22.034  83.149 0.0000000000
71881  -49.450  -12.195  59.783 0.0000000000
68095  -44.115  -15.416  61.479 0.0000000000
70049  -46.156  -13.084  60.412 0.0000000000
145006  -47.872  -12.117  58.121 0.0000000000
62641  -13.298  -20.548  90.945 0.0000000000
62649  -14.307  -20.957  89.757 0.0000000000
66869  -12.131  -17.205  76.024 0.0000000000
67966  -10.889  -16.469  73.546 0.0000000000
137393  -10.465  -20.545  74.117 0.0000000000
56857  -7.594  -27.122  71.951 0.0000000000
126403  -5.576  -25.097  73.032 0.0000000000
56870  -4.875  -26.749  70.689 0.0000000000
66744  -6.285  -18.312  91.343 0.0000000000
56655  -5.497  -27.125  90.495 0.0000000000
60689  -5.688  -24.982  89.024 0.0000000000
57724  -5.025  -27.141  88.324 0.0000000000
57737  -4.826  -26.720  86.185 0.0000000000
54591  -2.817  -29.368  86.636 0.0000000000
62752  -36.806  -19.928  74.923 0.0000000000
61678  -30.004  -21.887  84.798 0.0000000000
59794  -31.582  -22.912  83.049 0.0000000000
58834  -31.396  -23.428  80.268 0.0000000000
81914  -55.259  -1.145  56.098 0.0000000000
81040  -52.061  -2.763  54.510 0.0000000000
69083  -47.113  -14.506  63.181 0.0000000000
66981  -43.329  -16.240  62.628 0.0000000000
61727  -20.993  -20.061  79.642 0.0000000000
62716  -18.695  -20.670  80.999 0.0000000000
67972  -6.217  -16.554  72.176 0.0000000000
142847  -8.919  -22.409  77.652 0.0000000000
61775  -9.610  -22.426  75.469 0.0000000000
58882  -9.316  -25.068  76.154 0.0000000000
56839  -9.939  -27.530  73.533 0.0000000000
53728  -7.530  -30.390  71.711 0.0000000000
146267  -9.802  -20.923  93.443 0.0000000000
62626  -7.750  -21.165  91.411 0.0000000000
59728  -7.984  -24.368  92.016 0.0000000000
56650  -6.751  -27.007  91.587 0.0000000000
69972  -41.235  -13.343  68.993 0.0000000000
69979  -38.463  -13.811  68.798 0.0000000000
62680  -24.292  -19.661  83.268 0.0000000000
127623  -28.456  -21.604  83.466 0.0000000000
121972  -26.462  -20.888  82.054 0.0000000000
61729  -23.561  -19.707  80.561 0.0000000000
66851  -10.680  -17.519  78.350 0.0000000000
66833  -9.248  -17.143  79.966 0.0000000000
64785  -8.629  -20.008  79.008 0.0000000000
61737  -7.799  -21.966  79.708 0.0000000000
59833  -7.264  -24.516  80.439 0.0000000000
135136  -5.902  -27.204  81.255 0.0000000000
133417  -51.316  -7.026  59.494 0.0000000000
144078  -48.029  -9.880  57.560 0.0000000000
62632  -11.907  -20.799  92.378 0.0000000000
59737  -10.856  -23.120  89.483 0.0000000000
57725  -9.867  -25.406  87.206 0.0000000000
63729  -17.478  -19.996  83.737 0.0000000000
63692  -16.436  -19.819  85.818 0.0000000000
62657  -14.963  -20.713  87.775 0.0000000000
61666  -13.212  -22.155  86.545 0.0000000000
128902  -10.787  -25.479  85.184 0.0000000000
69928  -9.142  -14.637  74.740 0.0000000000
136274  -7.991  -16.418  73.235 0.0000000000
64806  -6.178  -19.169  72.462 0.0000000000
61797  -8.498  -23.079  73.231 0.0000000000
61811  -5.930  -22.275  72.896 0.0000000000
62779  -4.483  -21.506  70.476 0.0000000000
135398  -5.571  -18.450  86.608 0.0000000000
63667  -5.982  -20.758  90.137 0.0000000000
62652  -5.584  -21.395  87.330 0.0000000000
63704  -5.403  -20.954  85.565 0.0000000000
60718  -5.494  -23.895  84.382 0.0000000000
130976  -4.915  -27.189  82.987 0.0000000000
53603  -4.675  -30.400  81.985 0.0000000000
51424  -3.064  -32.351  88.668 0.0000000000
51443  -3.561  -32.402  85.821 0.0000000000
50442  -6.456  -33.038  81.321 0.0000000000
61734  -36.930  -21.268  79.718 0.0000000000
62720  -36.850  -20.840  81.042 0.0000000000
127023  -35.967  -22.179  78.919 0.0000000000
61760  -36.591  -21.488  78.497 0.0000000000
59841  -35.290  -22.593  79.487 0.0000000000
58855  -34.992  -22.584  78.427 0.0000000000
146082  -35.998  -22.331  80.737 0.0000000000
59822  -35.284  -22.601  80.591 0.0000000000
80175  -52.708  -4.171  59.253 0.0000000000
77376  -50.454  -6.129  59.142 0.0000000000
125410  -48.951  -5.824  57.988 0.0000000000
79333  -50.843  -4.230  59.274 0.0000000000
127590  -51.327  -3.543  58.903 0.0000000000
69019  -43.208  -14.258  66.479 0.0000000000
69020  -44.526  -14.068  66.536 0.0000000000
69996  -43.851  -13.864  67.143 0.0000000000
143189  -39.866  -14.359  65.958 0.0000000000
125931  -41.723  -14.381  65.907 0.0000000000
125111  -42.167  -14.642  65.198 0.0000000000
142042  -7.222  -29.486  79.881 0.0000000000
53658  -8.316  -29.740  78.310 0.0000000000
52567  -7.738  -30.915  79.609 0.0000000000
51507  -8.447  -32.290  77.971 0.0000000000
52553  -7.753  -31.948  79.532 0.0000000000
56673  -8.905  -26.954  88.171 0.0000000000
55618  -8.377  -27.610  89.204 0.0000000000
66905  -38.403  -16.651  74.400 0.0000000000
136415  -37.312  -17.223  73.228 0.0000000000
67981  -37.731  -15.680  73.196 0.0000000000
68974  -37.877  -14.843  72.718 0.0000000000
134447  -54.264  -2.083  53.364 0.0000000000
81067  -53.893  -2.579  52.118 0.0000000000
122698  -55.424  -2.078  51.891 0.0000000000
65745  -6.201  -19.310  83.540 0.0000000000
63752  -6.149  -20.511  82.877 0.0000000000
64756  -5.808  -20.112  84.051 0.0000000000
71874  -49.040  -13.021  60.061 0.0000000000
71876  -50.480  -12.269  61.105 0.0000000000
70032  -46.563  -13.967  61.618 0.0000000000
70038  -45.315  -13.778  60.916 0.0000000000
70050  -47.013  -13.408  60.210 0.0000000000
70972  -47.518  -13.406  59.464 0.0000000000
63670  -14.958  -19.911  90.821 0.0000000000
139115  -15.132  -19.796  90.400 0.0000000000
63723  -22.817  -19.673  84.012 0.0000000000
63733  -21.221  -19.638  83.187 0.0000000000
67987  -5.238  -17.091  69.894 0.0000000000
65798  -11.163  -18.581  76.615 0.0000000000
65807  -11.694  -18.409  75.165 0.0000000000
63775  -10.802  -19.936  75.631 0.0000000000
55802  -6.365  -28.223  71.017 0.0000000000
56872  -6.179  -27.304  71.282 0.0000000000
55810  -5.150  -28.408  70.283 0.0000000000
67774  -6.976  -17.122  91.835 0.0000000000
66734  -7.240  -18.305  92.420 0.0000000000
56654  -4.925  -28.014  89.871 0.0000000000
57715  -5.149  -27.092  89.387 0.0000000000
56666  -4.564  -28.398  88.969 0.0000000000
55629  -4.032  -28.171  87.651 0.0000000000
55615  -3.256  -29.173  88.334 0.0000000000
62744  -37.153  -20.216  77.048 0.0000000000
62746  -36.616  -20.692  76.098 0.0000000000
64794  -38.337  -19.127  76.136 0.0000000000
64796  -38.469  -18.616  75.712 0.0000000000
58852  -32.709  -23.982  79.876 0.0000000000
58820  -31.973  -23.988  80.857 0.0000000000
58850  -31.611  -23.325  79.258 0.0000000000
59848  -30.160  -22.366  78.876 0.0000000000
81902  -54.821  -1.491  56.894 0.0000000000
81023  -53.216  -2.101  57.384 0.0000000000
125708  -51.810  -2.382  55.776 0.0000000000
81031  -53.776  -1.673  56.926 0.0000000000
81913  -54.212  -1.236  55.990 0.0000000000
68059  -45.803  -14.931  63.833 0.0000000000
69074  -47.681  -14.397  63.771 0.0000000000
68030  -46.858  -14.720  64.587 0.0000000000
68042  -43.667  -15.826  64.132 0.0000000000
66970  -42.988  -16.348  63.167 0.0000000000
66972  -44.114  -15.892  63.394 0.0000000000
68071  -44.657  -15.394  62.929 0.0000000000
69934  -6.897  -14.284  73.773 0.0000000000
68978  -6.404  -15.152  72.477 0.0000000000
68960  -6.886  -15.115  73.445 0.0000000000
60777  -8.885  -23.532  77.934 0.0000000000
124834  -9.201  -23.825  76.865 0.0000000000
58868  -9.296  -25.056  77.279 0.0000000000
146876  -9.711  -29.727  75.944 0.0000000000
55761  -10.195  -28.428  75.852 0.0000000000
54724  -10.145  -29.676  73.944 0.0000000000
53722  -9.304  -29.754  72.631 0.0000000000
53710  -8.129  -31.375  73.132 0.0000000000
52635  -7.880  -32.316  73.971 0.0000000000
61644  -9.728  -22.095  91.812 0.0000000000
61643  -9.090  -22.410  92.207 0.0000000000
59730  -9.032  -24.033  91.416 0.0000000000
55603  -7.522  -28.082  90.529 0.0000000000
56652  -7.584  -27.042  91.085 0.0000000000
55599  -6.744  -28.523  91.357 0.0000000000
55598  -6.102  -28.475  91.652 0.0000000000
70915  -40.688  -12.647  69.786 0.0000000000
132309  -38.740  -13.299  70.898 0.0000000000
69001  -37.587  -14.082  69.843 0.0000000000
144470  -39.265  -13.330  69.196 0.0000000000
69980  -39.649  -13.593  68.346 0.0000000000
63687  -26.171  -19.490  86.047 0.0000000000
63697  -25.087  -19.199  85.217 0.0000000000
62669  -25.989  -20.077  84.217 0.0000000000
60732  -30.134  -22.591  82.927 0.0000000000
61686  -29.564  -21.907  83.865 0.0000000000
60730  -28.825  -21.673  82.549 0.0000000000
60758  -26.541  -21.013  79.796 0.0000000000
147269  -27.037  -21.273  81.392 0.0000000000
61731  -25.980  -20.611  80.247 0.0000000000
61715  -25.131  -20.006  81.394 0.0000000000
131598  -24.182  -20.156  79.758 0.0000000000
123176  -23.550  -20.257  79.115 0.0000000000
66831  -8.090  -18.285  80.844 0.0000000000
65762  -8.248  -18.613  80.309 0.0000000000
65773  -9.213  -18.317  79.199 0.0000000000
138681  -8.448  -19.359  79.521 0.0000000000
63764  -8.276  -20.648  79.281 0.0000000000
63761  -7.729  -20.655  79.836 0.0000000000
61719  -6.180  -22.969  81.684 0.0000000000
61735  -7.146  -23.045  81.036 0.0000000000
59831  -6.317  -25.075  81.409 0.0000000000
57805  -6.784  -26.395  80.976 0.0000000000
58824  -5.811  -26.041  81.863 0.0000000000
75579  -51.054  -8.252  59.512 0.0000000000
76434  -52.345  -7.175  60.238 0.0000000000
75569  -52.133  -8.056  60.428 0.0000000000
72805  -48.915  -10.778  58.378 0.0000000000
72815  -48.013  -10.731  57.731 0.0000000000
73817  -49.319  -9.418  58.272 0.0000000000
144862  -49.961  -8.046  58.591 0.0000000000
64694  -12.770  -19.552  92.562 0.0000000000
143190  -13.096  -21.214  89.867 0.0000000000
61653  -12.122  -21.455  90.371 0.0000000000
60693  -11.709  -22.705  88.537 0.0000000000
58746  -10.568  -24.164  88.160 0.0000000000
58751  -10.922  -23.968  87.567 0.0000000000
62715  -17.753  -21.109  80.855 0.0000000000
63741  -18.708  -20.144  82.795 0.0000000000
62701  -17.348  -21.137  81.727 0.0000000000
60720  -14.422  -21.873  83.254 0.0000000000
135147  -15.857  -20.879  83.727 0.0000000000
62677  -14.959  -20.761  84.938 0.0000000000
62661  -15.682  -20.328  86.346 0.0000000000
61668  -14.387  -21.431  86.375 0.0000000000
61664  -14.169  -21.303  87.240 0.0000000000
60711  -13.052  -22.061  85.103 0.0000000000
57762  -11.231  -25.959  84.027 0.0000000000
69920  -9.802  -14.182  75.145 0.0000000000
66911  -10.133  -17.842  72.606 0.0000000000
66897  -9.598  -16.964  72.755 0.0000000000
65821  -8.776  -18.528  71.984 0.0000000000
126834  -7.285  -17.697  72.491 0.0000000000
64808  -7.463  -19.260  72.079 0.0000000000
59870  -8.878  -24.411  74.832 0.0000000000
125944  -9.026  -23.162  73.978 0.0000000000
59882  -8.058  -24.269  73.842 0.0000000000
141970  -4.748  -24.712  72.373 0.0000000000
61795  -5.662  -23.435  73.163 0.0000000000
61810  -4.882  -22.965  72.556 0.0000000000
127936  -5.049  -22.170  72.379 0.0000000000
132802  -4.191  -23.146  70.899 0.0000000000
61846  -4.612  -23.009  69.166 0.0000000000
65719  -5.546  -18.124  87.991 0.0000000000
61647  -7.593  -22.436  90.658 0.0000000000
63661  -6.874  -20.826  90.648 0.0000000000
62633  -7.417  -22.364  89.675 0.0000000000
138651  -5.267  -25.082  88.065 0.0000000000
62648  -5.948  -22.518  88.417 0.0000000000
129645  -5.516  -23.217  87.131 0.0000000000
63683  -5.454  -21.195  86.488 0.0000000000
61665  -5.476  -22.478  86.203 0.0000000000
136709  -5.539  -22.393  85.666 0.0000000000
59764  -5.464  -24.285  86.300 0.0000000000
143106  -4.169  -28.894  85.242 0.0000000000
57760  -4.744  -27.425  84.430 0.0000000000
55682  -4.492  -28.714  83.626 0.0000000000
135391  -4.671  -28.545  82.495 0.0000000000
54629  -4.481  -30.038  83.321 0.0000000000
130761  -3.758  -33.512  87.764 0.0000000000
51438  -3.013  -32.412  86.675 0.0000000000
63770  -38.091  -19.623  77.916 0.0000000000
58889  -35.386  -23.328  76.133 0.0000000000
134068  -36.129  -23.129  75.561 0.0000000000
60799  -36.061  -22.463  77.057 0.0000000000
62735  -37.058  -20.819  78.072 0.0000000000
122874  -33.172  -24.236  78.896 0.0000000000
58876  -34.082  -23.371  77.628 0.0000000000
144615  -34.360  -23.204  76.810 0.0000000000
128585  -33.546  -23.315  80.280 0.0000000000
81017  -54.547  -2.909  58.554 0.0000000000
78436  -48.318  -5.236  57.676 0.0000000000
80190  -48.478  -3.832  56.691 0.0000000000
80191  -49.193  -3.222  56.438 0.0000000000
124069  -50.107  -3.201  57.937 0.0000000000
81022  -52.146  -2.434  57.860 0.0000000000
68027  -44.672  -15.118  64.431 0.0000000000
69051  -46.168  -14.892  65.059 0.0000000000
141175  -45.408  -14.360  65.880 0.0000000000
69999  -45.820  -13.777  66.956 0.0000000000
69029  -38.204  -14.443  66.523 0.0000000000
69044  -38.483  -14.518  65.729 0.0000000000
69060  -38.760  -14.701  64.855 0.0000000000
69072  -39.492  -15.366  63.698 0.0000000000
68056  -40.774  -16.244  63.454 0.0000000000
69063  -41.504  -15.357  64.434 0.0000000000
68025  -43.317  -15.352  64.432 0.0000000000
57819  -8.337  -26.796  79.401 0.0000000000
56787  -9.280  -27.163  78.068 0.0000000000
55734  -8.742  -28.415  78.023 0.0000000000
54697  -8.776  -29.804  77.314 0.0000000000
52607  -9.208  -31.375  76.295 0.0000000000
52621  -8.100  -32.448  74.871 0.0000000000
51518  -8.513  -32.674  77.208 0.0000000000
50476  -7.808  -33.920  77.274 0.0000000000
58740  -9.151  -25.147  90.220 0.0000000000
57709  -8.607  -25.773  90.717 0.0000000000
56658  -8.397  -26.916  90.142 0.0000000000
69957  -39.677  -12.997  72.193 0.0000000000
63795  -36.383  -19.653  73.291 0.0000000000
62774  -36.158  -20.319  72.328 0.0000000000
64821  -36.396  -18.439  72.641 0.0000000000
131871  -36.144  -18.116  72.083 0.0000000000
65828  -36.365  -17.345  71.688 0.0000000000
66930  -37.178  -15.686  71.370 0.0000000000
69964  -38.150  -14.069  71.503 0.0000000000
63701  -28.419  -20.414  85.570 0.0000000000
137372  -29.341  -21.620  80.527 0.0000000000
60753  -28.210  -21.620  81.285 0.0000000000
59826  -28.420  -21.543  80.072 0.0000000000
143253  -27.010  -21.023  78.510 0.0000000000
80217  -52.638  -3.626  51.783 0.0000000000
124315  -52.625  -4.413  50.338 0.0000000000
79381  -53.528  -4.288  49.180 0.0000000000
79386  -54.106  -3.841  48.920 0.0000000000
64769  -6.870  -19.567  81.473 0.0000000000
126068  -6.936  -20.977  80.823 0.0000000000
63753  -6.401  -20.627  82.136 0.0000000000
62713  -6.180  -21.879  82.581 0.0000000000
61710  -5.662  -23.270  82.467 0.0000000000
139964  -50.226  -10.782  59.636 0.0000000000
72800  -51.071  -10.775  60.723 0.0000000000
69124  -43.631  -14.502  60.363 0.0000000000
70061  -45.062  -13.067  59.646 0.0000000000
70995  -46.322  -12.256  58.182 0.0000000000
70982  -46.562  -12.670  58.834 0.0000000000
71890  -48.351  -12.298  58.599 0.0000000000
63659  -13.908  -19.769  92.162 0.0000000000
63664  -14.102  -20.007  91.731 0.0000000000
62646  -14.203  -20.728  90.336 0.0000000000
61658  -12.798  -21.517  88.541 0.0000000000
59799  -14.005  -23.029  81.788 0.0000000000
59785  -12.440  -23.710  83.490 0.0000000000
68945  -11.944  -15.632  75.527 0.0000000000
68955  -11.799  -15.898  74.729 0.0000000000
67956  -11.928  -16.714  74.517 0.0000000000
65815  -10.892  -18.477  73.249 0.0000000000
63794  -10.093  -20.016  72.540 0.0000000000
57919  -7.399  -26.098  73.255 0.0000000000
58905  -6.906  -25.010  73.540 0.0000000000
57939  -6.095  -26.313  72.555 0.0000000000
57937  -4.785  -25.893  72.039 0.0000000000
58941  -4.520  -25.561  71.405 0.0000000000
67798  -7.433  -16.485  90.503 0.0000000000
123106  -6.152  -16.998  90.615 0.0000000000
66750  -6.065  -18.236  90.038 0.0000000000
136934  -5.961  -25.953  90.554 0.0000000000
60678  -6.482  -24.741  90.250 0.0000000000
138319  -5.342  -26.281  89.552 0.0000000000
58744  -5.041  -26.162  88.719 0.0000000000
138411  -5.261  -25.618  87.785 0.0000000000
58765  -5.402  -25.604  87.011 0.0000000000
57729  -4.847  -26.994  87.317 0.0000000000
56685  -3.966  -28.206  86.477 0.0000000000
54598  -2.981  -29.235  85.827 0.0000000000
60861  -36.305  -22.477  72.759 0.0000000000
60839  -36.396  -22.308  74.959 0.0000000000
61805  -36.452  -21.581  74.480 0.0000000000
62756  -36.542  -20.267  73.933 0.0000000000
63786  -37.398  -18.863  74.884 0.0000000000
65813  -38.513  -17.804  74.946 0.0000000000
59793  -30.757  -22.857  82.623 0.0000000000
135782  -32.358  -23.403  82.095 0.0000000000
59806  -31.644  -23.342  81.676 0.0000000000
59816  -30.374  -22.727  81.153 0.0000000000
128507  -30.031  -22.241  79.690 0.0000000000
80201  -50.535  -3.379  54.378 0.0000000000
81047  -52.514  -2.779  53.922 0.0000000000
81042  -53.890  -1.800  54.492 0.0000000000
69089  -46.904  -14.373  62.333 0.0000000000
70035  -49.110  -13.949  62.156 0.0000000000
69084  -47.892  -14.257  63.139 0.0000000000
66968  -40.857  -16.921  63.027 0.0000000000
68081  -43.917  -15.792  61.832 0.0000000000
69088  -45.812  -14.250  62.326 0.0000000000
62719  -21.806  -20.099  81.309 0.0000000000
62704  -21.090  -20.125  81.929 0.0000000000
62726  -20.358  -20.160  80.345 0.0000000000
62724  -18.501  -20.909  80.297 0.0000000000
67982  -5.860  -16.445  71.355 0.0000000000
66919  -5.318  -17.896  71.499 0.0000000000
62738  -9.413  -21.399  77.180 0.0000000000
132740  -9.751  -21.893  75.898 0.0000000000
61769  -9.315  -22.536  76.977 0.0000000000
136348  -9.340  -23.943  75.905 0.0000000000
58895  -8.926  -24.931  75.166 0.0000000000
57853  -9.784  -26.496  76.827 0.0000000000
57898  -9.678  -26.469  74.848 0.0000000000
56822  -9.326  -26.689  73.946 0.0000000000
56858  -8.705  -27.628  72.100 0.0000000000
64692  -7.664  -19.973  93.085 0.0000000000
63655  -8.323  -20.882  92.572 0.0000000000
61641  -8.056  -22.480  91.985 0.0000000000
60674  -6.947  -24.049  91.731 0.0000000000
137216  -8.133  -25.698  91.874 0.0000000000
57702  -7.354  -25.983  92.045 0.0000000000
57700  -6.454  -26.030  91.503 0.0000000000
57705  -5.672  -27.083  91.191 0.0000000000
55596  -5.091  -28.644  90.799 0.0000000000
54557  -4.361  -29.451  90.274 0.0000000000
69983  -42.503  -13.434  68.216 0.0000000000
145778  -43.522  -13.411  68.676 0.0000000000
70917  -42.583  -13.285  69.454 0.0000000000
62780  -35.478  -20.874  70.974 0.0000000000
69014  -37.300  -14.750  67.667 0.0000000000
69981  -40.121  -13.711  67.491 0.0000000000
129309  -24.374  -19.154  84.966 0.0000000000
63735  -23.453  -19.846  83.200 0.0000000000
62665  -29.605  -20.998  85.414 0.0000000000
62672  -28.447  -21.253  84.634 0.0000000000
61674  -27.497  -21.035  83.952 0.0000000000
61706  -27.972  -21.563  82.385 0.0000000000
61692  -26.979  -21.035  82.561 0.0000000000
62682  -26.256  -20.331  83.418 0.0000000000
137511  -25.791  -20.060  82.821 0.0000000000
62707  -24.277  -19.590  81.845 0.0000000000
140944  -22.492  -19.950  81.778 0.0000000000
62728  -22.362  -19.916  80.580 0.0000000000
80239  -54.590  -3.311  47.852 0.0000000000
129343  -54.428  -3.063  47.010 0.0000000000
81107  -54.767  -2.140  45.825 0.0000000000
66860  -11.760  -17.040  76.903 0.0000000000
65791  -10.576  -18.741  77.410 0.0000000000
66843  -10.231  -17.172  79.018 0.0000000000
65782  -9.537  -18.808  78.604 0.0000000000
64789  -9.370  -20.159  77.854 0.0000000000
62734  -8.771  -21.324  78.188 0.0000000000
61761  -8.548  -21.976  78.298 0.0000000000
59843  -8.184  -23.915  79.429 0.0000000000
136247  -7.408  -21.844  80.327 0.0000000000
60766  -7.503  -23.373  80.358 0.0000000000
132179  -7.770  -24.550  79.889 0.0000000000
57806  -7.254  -26.266  80.508 0.0000000000
56768  -7.008  -27.271  80.782 0.0000000000
121459  -6.207  -29.318  80.725 0.0000000000
77377  -51.417  -6.295  59.554 0.0000000000
71900  -46.140  -11.932  57.529 0.0000000000
72814  -47.477  -11.265  56.821 0.0000000000
73826  -47.133  -10.063  56.361 0.0000000000
75588  -48.528  -8.177  57.506 0.0000000000
140508  -49.939  -7.466  58.577 0.0000000000
63656  -10.887  -20.978  93.227 0.0000000000
61648  -10.509  -21.966  91.474 0.0000000000
62638  -12.797  -20.527  91.514 0.0000000000
60683  -11.322  -21.993  90.542 0.0000000000
60686  -10.699  -22.921  90.130 0.0000000000
57720  -9.458  -25.597  88.145 0.0000000000
63732  -20.369  -19.559  83.617 0.0000000000
138593  -19.038  -19.578  84.435 0.0000000000
63707  -18.398  -19.364  85.402 0.0000000000
62688  -16.295  -20.911  83.119 0.0000000000
63719  -17.077  -19.804  84.420 0.0000000000
63693  -17.477  -19.397  86.190 0.0000000000
63685  -17.243  -19.355  87.097 0.0000000000
124783  -16.555  -19.661  88.587 0.0000000000
63676  -15.881  -19.913  89.176 0.0000000000
62654  -14.953  -20.695  88.696 0.0000000000
133413  -13.604  -21.377  87.757 0.0000000000
136890  -12.575  -22.210  87.572 0.0000000000
59775  -12.128  -23.706  84.313 0.0000000000
59756  -11.812  -23.171  86.045 0.0000000000
59746  -11.144  -23.905  86.939 0.0000000000
57739  -10.696  -25.390  85.802 0.0000000000
69927  -8.117  -14.338  74.621 0.0000000000
68953  -9.726  -15.328  74.361 0.0000000000
68952  -8.585  -15.116  74.261 0.0000000000
68961  -7.283  -15.363  73.630 0.0000000000
67974  -6.972  -16.593  72.953 0.0000000000
66907  -6.237  -17.662  72.426 0.0000000000
64816  -5.035  -19.044  71.759 0.0000000000
62745  -9.881  -21.741  75.022 0.0000000000
62755  -9.591  -21.603  72.910 0.0000000000
62762  -8.482  -21.782  72.139 0.0000000000
60843  -6.259  -23.772  73.339 0.0000000000
61812  -6.822  -22.447  72.682 0.0000000000
62769  -7.276  -20.995  71.991 0.0000000000
137103  -5.851  -20.729  72.531 0.0000000000
63790  -5.074  -20.491  72.010 0.0000000000
63807  -4.624  -20.399  70.385 0.0000000000
63813  -4.632  -20.938  69.445 0.0000000000
64699  -6.576  -19.604  91.388 0.0000000000
143612  -6.147  -19.412  90.732 0.0000000000
64704  -5.264  -19.548  90.211 0.0000000000
61651  -6.826  -23.089  89.140 0.0000000000
129064  -6.290  -21.231  88.764 0.0000000000
64712  -5.707  -19.696  88.927 0.0000000000
145601  -5.576  -19.898  87.103 0.0000000000
64738  -5.465  -20.092  86.189 0.0000000000
64754  -5.582  -20.244  84.685 0.0000000000
124769  -5.511  -21.396  84.478 0.0000000000
61689  -5.413  -22.941  84.034 0.0000000000
59797  -5.506  -24.714  83.112 0.0000000000
58775  -5.218  -26.248  85.594 0.0000000000
58782  -5.390  -26.142  84.088 0.0000000000
134093  -5.582  -25.676  82.494 0.0000000000
56754  -5.175  -27.576  81.977 0.0000000000
55712  -5.304  -28.969  81.378 0.0000000000
52551  -5.409  -30.622  81.044 0.0000000000
124438  -3.813  -30.405  90.080 0.0000000000
51416  -3.424  -32.393  88.965 0.0000000000
121798  -2.932  -30.935  89.176 0.0000000000
53548  -2.713  -30.442  87.625 0.0000000000
121570  -2.858  -30.751  85.880 0.0000000000
127300  -3.651  -30.778  84.852 0.0000000000
51453  -4.195  -32.313  84.322 0.0000000000
52515  -4.367  -30.983  83.374 0.0000000000
130129  -4.608  -31.392  82.663 0.0000000000
144840  -4.993  -31.054  81.693 0.0000000000
146399  -6.295  -31.497  80.772 0.0000000000
50455  -7.030  -32.821  80.602 0.0000000000
48348  -7.382  -35.158  79.322 0.0000000000
62729  -37.153  -20.728  80.266 0.0000000000
61733  -36.695  -21.418  80.489 0.0000000000
60775  -36.187  -22.306  79.647 0.0000000000
61759  -36.404  -21.963  79.155 0.0000000000
60762  -35.895  -22.483  79.846 0.0000000000
141517  -35.830  -22.436  79.477 0.0000000000
143143  -36.323  -22.013  80.656 0.0000000000
131686  -35.738  -22.497  80.455 0.0000000000
61718  -36.383  -21.482  81.155 0.0000000000
80176  -53.553  -4.049  59.552 0.0000000000
78426  -51.175  -5.612  59.457 0.0000000000
140807  -50.391  -5.165  59.214 0.0000000000
79334  -51.445  -4.888  59.447 0.0000000000
80174  -51.835  -4.180  59.268 0.0000000000
69017  -41.363  -13.977  66.633 0.0000000000
69018  -42.282  -14.101  66.570 0.0000000000
69032  -42.642  -14.482  65.811 0.0000000000
54676  -7.412  -30.096  79.789 0.0000000000
129757  -6.949  -31.488  80.376 0.0000000000
54582  -8.657  -28.325  87.701 0.0000000000
66917  -37.725  -16.493  73.651 0.0000000000
64757  -6.034  -19.573  83.936 0.0000000000
64760  -6.080  -19.977  83.476 0.0000000000
70966  -48.612  -13.735  60.420 0.0000000000
70967  -49.384  -13.455  60.845 0.0000000000
70960  -48.954  -13.995  61.222 0.0000000000
70040  -47.235  -13.774  60.898 0.0000000000
70039  -46.296  -13.655  60.909 0.0000000000
70965  -47.823  -13.833  60.126 0.0000000000
63666  -15.996  -18.982  91.259 0.0000000000
124226  -15.559  -19.418  90.839 0.0000000000
63671  -16.312  -18.965  90.675 0.0000000000
63734  -22.621  -19.901  83.106 0.0000000000
125189  -21.957  -19.586  83.626 0.0000000000
133570  -21.922  -19.890  82.966 0.0000000000
66924  -4.941  -17.955  70.307 0.0000000000
134017  -4.802  -18.079  69.101 0.0000000000
64791  -10.446  -19.432  76.943 0.0000000000
64793  -10.955  -19.404  76.119 0.0000000000
63772  -10.338  -20.273  76.351 0.0000000000
54783  -5.742  -28.623  70.703 0.0000000000
66735  -7.713  -17.957  93.078 0.0000000000
144175  -4.261  -29.030  89.894 0.0000000000
55607  -4.559  -28.451  89.663 0.0000000000
135548  -4.178  -29.034  89.459 0.0000000000
55616  -3.963  -29.148  88.860 0.0000000000
54572  -3.298  -29.634  88.968 0.0000000000
145517  -38.244  -19.578  77.298 0.0000000000
63773  -37.989  -19.811  76.709 0.0000000000
137989  -38.535  -19.082  76.842 0.0000000000
65810  -38.766  -18.395  76.277 0.0000000000
58864  -32.716  -23.893  79.086 0.0000000000
58851  -32.214  -23.675  79.663 0.0000000000
81030  -52.597  -2.000  56.444 0.0000000000
68058  -45.222  -14.945  63.882 0.0000000000
68046  -46.420  -14.828  64.454 0.0000000000
68045  -45.833  -14.940  64.400 0.0000000000
68043  -44.351  -15.486  63.930 0.0000000000
66964  -43.945  -15.982  63.853 0.0000000000
68057  -44.570  -15.341  63.610 0.0000000000
70868  -7.297  -13.397  74.740 0.0000000000
69935  -7.188  -14.560  73.940 0.0000000000
59844  -8.689  -24.231  78.722 0.0000000000
59851  -9.048  -24.301  77.647 0.0000000000
58856  -9.040  -25.086  78.337 0.0000000000
53699  -9.600  -30.773  74.801 0.0000000000
126410  -10.031  -30.041  74.778 0.0000000000
132919  -9.686  -30.363  74.159 0.0000000000
53711  -9.472  -30.152  73.404 0.0000000000
140793  -8.892  -31.006  73.914 0.0000000000
52649  -8.177  -31.788  73.636 0.0000000000
52636  -8.520  -31.863  74.406 0.0000000000
60681  -9.575  -22.853  91.188 0.0000000000
60677  -9.042  -23.232  91.771 0.0000000000
55602  -7.166  -28.561  90.889 0.0000000000
70900  -41.279  -12.525  70.569 0.0000000000
60871  -36.468  -22.115  72.149 0.0000000000
127935  -38.497  -13.365  69.883 0.0000000000
69971  -40.201  -13.230  69.052 0.0000000000
63700  -27.503  -20.084  85.509 0.0000000000
63699  -26.611  -19.840  85.573 0.0000000000
63714  -25.791  -19.855  84.941 0.0000000000
62670  -26.498  -20.288  84.666 0.0000000000
60731  -29.722  -21.920  82.630 0.0000000000
60744  -29.540  -22.010  82.017 0.0000000000
61746  -25.901  -20.635  79.309 0.0000000000
61730  -25.203  -20.518  79.689 0.0000000000
145887  -25.450  -20.459  80.256 0.0000000000
61744  -24.613  -20.530  78.983 0.0000000000
65761  -7.795  -18.976  80.667 0.0000000000
65771  -8.147  -19.171  80.032 0.0000000000
64781  -8.069  -19.916  79.762 0.0000000000
63759  -7.550  -20.128  80.325 0.0000000000
60749  -5.977  -23.716  81.868 0.0000000000
130213  -6.178  -24.403  81.691 0.0000000000
59824  -5.981  -25.217  81.785 0.0000000000
74713  -50.582  -8.769  59.200 0.0000000000
75568  -51.612  -8.554  60.082 0.0000000000
74714  -51.158  -9.043  59.752 0.0000000000
73810  -50.189  -10.171  59.252 0.0000000000
73809  -49.527  -10.086  58.565 0.0000000000
74712  -50.021  -9.331  58.781 0.0000000000
60694  -12.240  -22.086  88.539 0.0000000000
60691  -12.129  -22.064  88.978 0.0000000000
59742  -11.308  -23.366  88.076 0.0000000000
136615  -11.504  -23.258  87.565 0.0000000000
61723  -17.136  -21.708  80.373 0.0000000000
61713  -16.892  -21.499  81.176 0.0000000000
61682  -14.092  -21.799  84.047 0.0000000000
61683  -15.026  -21.159  83.887 0.0000000000
135693  -14.409  -21.273  84.622 0.0000000000
62667  -15.042  -20.907  85.916 0.0000000000
61672  -13.730  -21.634  84.879 0.0000000000
61667  -13.640  -21.875  85.896 0.0000000000
68944  -10.989  -14.317  75.169 0.0000000000
64809  -9.770  -19.237  72.128 0.0000000000
65822  -9.674  -18.361  72.251 0.0000000000
65827  -8.130  -19.088  71.864 0.0000000000
64818  -7.977  -19.783  71.789 0.0000000000
58894  -8.346  -24.983  74.449 0.0000000000
141107  -7.805  -24.765  73.927 0.0000000000
135202  -4.524  -24.290  72.227 0.0000000000
60854  -4.835  -23.717  72.663 0.0000000000
60864  -4.339  -23.609  71.863 0.0000000000
60875  -4.125  -23.927  70.699 0.0000000000
125925  -4.253  -23.602  69.872 0.0000000000
145031  -4.186  -24.104  70.027 0.0000000000
66763  -5.564  -17.536  89.228 0.0000000000
65713  -5.607  -18.182  88.892 0.0000000000
60680  -6.872  -23.566  91.049 0.0000000000
134837  -7.632  -22.857  90.052 0.0000000000
61646  -6.769  -23.568  90.248 0.0000000000
132541  -5.397  -24.898  87.585 0.0000000000
60695  -5.435  -24.242  87.619 0.0000000000
60698  -5.562  -23.903  87.057 0.0000000000
61662  -5.511  -22.833  86.554 0.0000000000
129999  -5.535  -23.533  86.629 0.0000000000
60709  -5.514  -23.337  86.308 0.0000000000
130945  -5.528  -24.108  86.669 0.0000000000
55657  -4.203  -29.505  84.681 0.0000000000
55669  -4.383  -28.838  84.431 0.0000000000
134059  -4.403  -29.504  83.934 0.0000000000
147079  -4.471  -29.414  83.430 0.0000000000
130762  -4.060  -34.929  87.876 0.0000000000
146947  -3.649  -34.163  87.952 0.0000000000
49339  -4.171  -34.198  87.441 0.0000000000
63767  -37.902  -19.635  78.523 0.0000000000
59858  -35.651  -22.862  76.869 0.0000000000
59865  -35.926  -23.027  76.195 0.0000000000
62732  -37.084  -20.897  78.892 0.0000000000
61768  -36.646  -21.295  77.774 0.0000000000
62740  -37.613  -20.141  77.540 0.0000000000
58853  -33.569  -24.058  79.110 0.0000000000
58865  -33.992  -23.734  78.157 0.0000000000
59857  -35.270  -22.619  77.515 0.0000000000
58878  -34.655  -22.896  77.322 0.0000000000
58888  -34.685  -23.399  76.328 0.0000000000
59840  -34.768  -22.813  79.798 0.0000000000
59829  -34.775  -22.724  80.241 0.0000000000
58838  -34.135  -23.041  79.887 0.0000000000
122313  -33.585  -23.643  79.847 0.0000000000
81016  -53.718  -3.007  58.497 0.0000000000
81018  -55.025  -2.791  58.526 0.0000000000
80178  -54.861  -3.230  58.978 0.0000000000
76451  -48.252  -7.547  57.254 0.0000000000
76458  -47.432  -7.672  56.765 0.0000000000
141341  -48.627  -6.932  57.737 0.0000000000
143964  -49.573  -5.022  58.680 0.0000000000
78437  -49.036  -5.150  58.189 0.0000000000
79342  -48.743  -4.511  57.843 0.0000000000
79341  -48.299  -4.376  57.314 0.0000000000
140766  -49.105  -3.663  57.535 0.0000000000
80183  -52.285  -3.580  58.862 0.0000000000
81014  -51.718  -2.923  58.465 0.0000000000
81015  -52.724  -2.979  58.470 0.0000000000
143027  -53.114  -2.503  57.963 0.0000000000
69050  -44.510  -14.956  64.938 0.0000000000
68017  -45.091  -15.045  65.048 0.0000000000
69034  -44.838  -14.559  65.704 0.0000000000
69998  -45.333  -13.670  67.166 0.0000000000
69987  -45.523  -13.487  67.708 0.0000000000
69016  -38.677  -14.209  67.001 0.0000000000
69030  -39.076  -14.296  66.220 0.0000000000
69046  -40.337  -14.557  65.237 0.0000000000
69045  -39.406  -14.444  65.440 0.0000000000
69061  -39.762  -14.832  64.466 0.0000000000
68038  -40.338  -15.516  63.842 0.0000000000
69048  -42.967  -14.717  64.939 0.0000000000
68024  -42.313  -15.241  64.546 0.0000000000
69049  -43.813  -14.849  64.838 0.0000000000
68026  -44.046  -15.350  64.419 0.0000000000
55725  -8.658  -27.824  78.735 0.0000000000
55724  -7.963  -28.493  79.243 0.0000000000
53672  -9.042  -30.625  76.817 0.0000000000
52588  -8.876  -31.351  77.137 0.0000000000
126728  -8.807  -32.173  76.552 0.0000000000
136939  -8.714  -32.012  77.371 0.0000000000
51506  -8.126  -32.621  78.691 0.0000000000
50467  -8.273  -33.268  77.847 0.0000000000
49429  -7.935  -34.008  77.987 0.0000000000
49428  -7.419  -34.514  77.618 0.0000000000
49411  -7.672  -34.423  78.400 0.0000000000
57714  -9.230  -25.301  89.632 0.0000000000
57713  -8.711  -26.061  90.207 0.0000000000
127856  -8.801  -26.191  89.598 0.0000000000
124580  -36.491  -18.843  73.139 0.0000000000
144744  -36.522  -17.930  72.480 0.0000000000
65829  -36.789  -17.408  72.394 0.0000000000
66923  -36.968  -16.618  71.882 0.0000000000
66929  -36.440  -16.521  71.245 0.0000000000
146875  -38.509  -14.182  72.974 0.0000000000
68984  -38.352  -14.138  72.277 0.0000000000
63690  -28.591  -19.764  86.024 0.0000000000
60774  -29.088  -21.654  79.674 0.0000000000
60773  -28.041  -21.517  79.200 0.0000000000
80214  -52.322  -3.483  52.656 0.0000000000
79363  -51.715  -4.021  52.117 0.0000000000
80215  -53.190  -3.068  52.354 0.0000000000
80218  -53.658  -3.242  51.331 0.0000000000
79373  -53.449  -3.834  50.418 0.0000000000
124796  -53.327  -4.248  49.786 0.0000000000
79382  -54.019  -3.766  49.694 0.0000000000
63754  -6.663  -20.240  81.598 0.0000000000
64768  -6.417  -19.908  82.093 0.0000000000
62699  -5.958  -21.259  83.065 0.0000000000
140769  -6.225  -21.171  82.529 0.0000000000
62712  -5.842  -22.620  82.525 0.0000000000
72798  -49.897  -11.408  59.623 0.0000000000
136883  -50.480  -11.105  60.236 0.0000000000
69096  -43.750  -15.472  60.940 0.0000000000
69111  -44.483  -14.215  60.822 0.0000000000
70048  -45.248  -13.323  60.362 0.0000000000
70062  -45.974  -12.579  59.741 0.0000000000
71880  -48.768  -12.660  59.255 0.0000000000
71879  -47.993  -13.052  58.941 0.0000000000
72797  -49.062  -11.641  58.970 0.0000000000
64701  -14.884  -18.839  91.811 0.0000000000
62647  -14.705  -20.425  90.197 0.0000000000
62643  -14.520  -20.272  90.713 0.0000000000
61657  -13.672  -21.110  89.842 0.0000000000
61659  -13.531  -21.086  89.192 0.0000000000
59798  -13.273  -23.565  82.310 0.0000000000
58799  -12.739  -24.370  81.975 0.0000000000
67947  -12.160  -16.528  75.339 0.0000000000
66877  -12.067  -17.489  75.121 0.0000000000
64797  -11.164  -19.464  74.569 0.0000000000
65812  -11.386  -18.751  74.349 0.0000000000
133346  -10.913  -19.615  73.864 0.0000000000
64799  -10.474  -19.392  72.880 0.0000000000
63784  -10.339  -20.239  73.242 0.0000000000
57940  -6.954  -26.511  72.697 0.0000000000
56856  -6.631  -26.857  71.899 0.0000000000
56871  -5.431  -27.005  71.072 0.0000000000
57963  -5.794  -26.600  71.759 0.0000000000
57962  -5.019  -26.413  71.640 0.0000000000
134533  -4.543  -26.105  70.620 0.0000000000
57976  -4.546  -26.738  69.696 0.0000000000
67773  -6.358  -17.629  91.594 0.0000000000
67785  -6.376  -16.887  91.297 0.0000000000
66752  -6.074  -17.630  90.976 0.0000000000
67784  -6.152  -17.617  90.283 0.0000000000
66751  -6.116  -18.283  90.666 0.0000000000
57711  -5.698  -26.480  90.494 0.0000000000
58739  -5.637  -26.160  90.070 0.0000000000
57710  -5.433  -26.798  89.810 0.0000000000
141788  -4.923  -26.849  88.958 0.0000000000
58742  -5.101  -26.556  89.229 0.0000000000
59741  -5.210  -25.646  88.136 0.0000000000
58749  -5.146  -26.383  88.185 0.0000000000
58756  -5.240  -26.129  87.527 0.0000000000
137921  -5.148  -26.831  87.802 0.0000000000
55628  -3.310  -28.715  87.688 0.0000000000
56678  -3.513  -28.365  87.070 0.0000000000
55633  -3.148  -28.740  86.454 0.0000000000
55642  -3.597  -28.891  85.951 0.0000000000
60860  -36.107  -23.227  72.871 0.0000000000
142913  -36.226  -22.729  73.308 0.0000000000
60812  -36.255  -22.562  76.229 0.0000000000
60825  -36.324  -22.845  75.323 0.0000000000
60826  -36.417  -22.132  75.864 0.0000000000
62747  -36.880  -19.955  75.769 0.0000000000
132322  -36.630  -20.734  75.247 0.0000000000
132857  -36.572  -20.736  74.458 0.0000000000
63785  -36.798  -19.402  74.376 0.0000000000
146216  -37.090  -19.339  74.950 0.0000000000
64798  -38.173  -18.410  75.189 0.0000000000
57866  -33.414  -24.272  75.899 0.0000000000
60725  -31.405  -22.807  83.634 0.0000000000
60734  -31.132  -22.857  83.292 0.0000000000
132089  -31.161  -22.873  82.916 0.0000000000
59808  -33.117  -23.183  81.759 0.0000000000
58808  -32.561  -23.582  81.459 0.0000000000
59818  -31.623  -23.611  81.089 0.0000000000
59828  -31.041  -23.055  80.915 0.0000000000
59817  -31.082  -22.966  81.428 0.0000000000
59838  -30.014  -22.130  80.490 0.0000000000
122672  -30.525  -22.921  80.389 0.0000000000
124708  -55.810  -1.035  55.473 0.0000000000
80195  -49.414  -3.057  55.401 0.0000000000
80192  -50.025  -2.736  56.019 0.0000000000
81035  -52.322  -2.259  55.315 0.0000000000
81039  -51.571  -2.771  55.040 0.0000000000
80202  -51.293  -3.286  54.324 0.0000000000
80203  -51.836  -3.211  53.981 0.0000000000
133473  -53.787  -1.567  55.146 0.0000000000
81926  -54.807  -1.283  55.013 0.0000000000
70026  -47.723  -14.230  62.461 0.0000000000
126299  -47.894  -14.338  64.532 0.0000000000
70017  -48.203  -14.243  64.100 0.0000000000
69037  -46.519  -14.542  65.360 0.0000000000
69038  -47.210  -14.509  65.142 0.0000000000
147117  -41.387  -16.060  63.696 0.0000000000
66969  -41.596  -16.513  63.371 0.0000000000
65890  -42.786  -16.771  61.749 0.0000000000
66994  -43.290  -16.288  61.774 0.0000000000
68083  -45.284  -14.874  62.848 0.0000000000
121768  -46.296  -14.583  62.880 0.0000000000
62718  -20.764  -20.201  81.190 0.0000000000
61725  -18.929  -20.982  79.527 0.0000000000
69951  -6.405  -14.360  72.457 0.0000000000
68968  -6.556  -15.760  72.805 0.0000000000
68977  -6.239  -15.753  71.945 0.0000000000
125316  -5.723  -17.237  71.826 0.0000000000
62737  -8.972  -21.904  77.624 0.0000000000
62741  -9.320  -21.877  77.092 0.0000000000
126272  -9.227  -24.459  76.735 0.0000000000
59859  -9.261  -24.413  75.911 0.0000000000
145076  -9.126  -25.364  75.354 0.0000000000
56788  -9.541  -27.396  77.427 0.0000000000
57833  -9.563  -26.610  77.461 0.0000000000
55773  -10.320  -28.409  74.441 0.0000000000
56809  -10.238  -27.302  75.483 0.0000000000
56823  -10.090  -27.212  74.455 0.0000000000
56838  -8.962  -27.083  73.109 0.0000000000
56859  -9.522  -27.813  72.716 0.0000000000
54752  -8.208  -30.215  71.990 0.0000000000
54753  -8.793  -29.612  71.988 0.0000000000
51541  -7.631  -33.004  75.324 0.0000000000
63649  -8.748  -20.634  93.176 0.0000000000
62624  -9.359  -21.095  93.215 0.0000000000
127678  -8.479  -23.576  91.997 0.0000000000
125337  -8.693  -22.032  92.362 0.0000000000
132913  -7.850  -23.342  91.850 0.0000000000
130774  -7.560  -23.171  91.487 0.0000000000
60675  -7.334  -24.037  91.958 0.0000000000
58736  -8.572  -25.454  91.167 0.0000000000
57708  -8.185  -26.199  91.050 0.0000000000
56651  -7.266  -27.099  91.381 0.0000000000
56647  -7.603  -26.545  91.514 0.0000000000
56646  -7.062  -26.576  91.687 0.0000000000
58729  -6.825  -25.576  91.999 0.0000000000
57701  -6.770  -26.274  91.754 0.0000000000
122456  -6.028  -26.542  91.258 0.0000000000
57706  -6.195  -26.827  91.538 0.0000000000
54554  -5.666  -29.265  91.335 0.0000000000
55597  -5.470  -28.626  91.339 0.0000000000
54553  -5.211  -29.318  90.908 0.0000000000
54558  -4.813  -29.378  90.593 0.0000000000
69982  -41.610  -13.421  68.214 0.0000000000
69974  -42.945  -13.549  68.890 0.0000000000
69973  -42.180  -13.491  68.981 0.0000000000
62773  -35.998  -20.660  71.591 0.0000000000
63808  -35.511  -20.064  71.323 0.0000000000
69006  -37.425  -14.405  69.020 0.0000000000
69015  -37.988  -14.248  67.921 0.0000000000
142088  -40.665  -13.459  68.212 0.0000000000
123731  -41.027  -13.630  67.421 0.0000000000
63713  -25.195  -19.541  84.468 0.0000000000
63725  -24.375  -19.624  84.146 0.0000000000
63724  -23.666  -19.797  83.907 0.0000000000
61685  -28.965  -21.699  83.667 0.0000000000
61676  -28.951  -21.628  84.246 0.0000000000
61675  -28.265  -21.474  84.025 0.0000000000
61684  -27.866  -21.395  83.438 0.0000000000
60743  -28.553  -21.705  81.956 0.0000000000
60742  -27.679  -21.499  81.689 0.0000000000
61717  -26.528  -20.997  81.468 0.0000000000
61705  -27.175  -21.220  82.054 0.0000000000
62683  -27.089  -20.945  83.275 0.0000000000
61691  -26.413  -20.639  82.699 0.0000000000
61704  -25.756  -20.378  82.239 0.0000000000
61714  -24.515  -19.744  81.000 0.0000000000
139686  -23.397  -19.625  81.449 0.0000000000
146636  -22.653  -19.811  81.141 0.0000000000
61756  -22.717  -20.328  78.448 0.0000000000
61743  -22.581  -20.154  79.289 0.0000000000
80235  -54.661  -3.440  48.603 0.0000000000
79390  -54.147  -3.765  48.362 0.0000000000
81101  -55.074  -2.476  46.640 0.0000000000
67937  -11.334  -16.910  77.809 0.0000000000
66859  -11.123  -17.879  77.449 0.0000000000
65783  -10.314  -18.411  78.126 0.0000000000
138278  -9.846  -16.920  79.503 0.0000000000
64782  -8.878  -19.113  79.066 0.0000000000
64787  -9.874  -19.367  77.834 0.0000000000
64786  -9.175  -19.680  78.444 0.0000000000
63768  -8.997  -20.618  78.212 0.0000000000
62731  -7.996  -21.271  79.447 0.0000000000
62733  -8.447  -21.299  78.827 0.0000000000
61749  -8.207  -22.507  79.021 0.0000000000
60767  -7.983  -23.243  79.553 0.0000000000
62722  -6.791  -21.544  81.170 0.0000000000
62723  -7.138  -21.425  80.572 0.0000000000
61721  -7.036  -22.181  80.919 0.0000000000
60765  -7.003  -23.948  81.036 0.0000000000
143819  -7.703  -23.897  79.925 0.0000000000
132859  -7.446  -25.352  80.221 0.0000000000
58840  -6.971  -25.526  80.690 0.0000000000
145475  -6.416  -27.012  81.075 0.0000000000
56767  -6.295  -27.759  81.104 0.0000000000
55714  -6.747  -28.416  80.613 0.0000000000
55713  -5.934  -28.675  81.087 0.0000000000
129797  -52.201  -6.042  59.875 0.0000000000
77366  -51.992  -6.762  59.794 0.0000000000
70918  -43.855  -13.305  68.711 0.0000000000
71901  -46.742  -12.032  57.578 0.0000000000
73827  -47.536  -10.362  57.000 0.0000000000
72826  -47.322  -10.900  56.233 0.0000000000
74735  -47.638  -9.497  57.168 0.0000000000
74724  -48.669  -9.057  57.729 0.0000000000
76443  -50.817  -7.534  59.265 0.0000000000
130730  -50.602  -6.861  59.127 0.0000000000
63652  -11.161  -20.332  93.470 0.0000000000
62631  -11.224  -21.132  92.680 0.0000000000
61645  -10.588  -21.453  92.220 0.0000000000
62636  -11.396  -21.280  91.903 0.0000000000
63663  -13.424  -20.266  91.911 0.0000000000
60687  -11.503  -22.262  89.848 0.0000000000
59736  -10.230  -23.817  89.919 0.0000000000
59739  -10.299  -23.915  89.407 0.0000000000
58750  -10.159  -24.722  87.694 0.0000000000
58745  -9.879  -24.823  88.292 0.0000000000
56674  -9.388  -26.273  87.665 0.0000000000
56681  -9.859  -26.214  86.716 0.0000000000
62703  -20.111  -20.370  81.924 0.0000000000
63743  -20.463  -19.951  82.689 0.0000000000
63742  -19.563  -20.194  82.529 0.0000000000
133485  -17.920  -20.185  83.090 0.0000000000
63730  -18.468  -19.897  83.662 0.0000000000
63720  -17.955  -19.615  84.487 0.0000000000
61701  -15.898  -21.496  82.434 0.0000000000
62678  -15.740  -20.601  84.434 0.0000000000
62679  -16.512  -20.365  83.880 0.0000000000
63705  -16.408  -20.088  84.872 0.0000000000
63706  -17.268  -19.488  85.217 0.0000000000
123127  -17.999  -19.272  86.767 0.0000000000
63684  -16.431  -19.738  86.722 0.0000000000
62658  -15.672  -20.289  87.305 0.0000000000
63680  -16.440  -19.754  87.680 0.0000000000
62655  -15.704  -20.303  88.353 0.0000000000
62651  -15.342  -20.444  89.076 0.0000000000
61663  -13.324  -21.984  87.256 0.0000000000
61660  -12.955  -21.697  87.910 0.0000000000
60700  -12.366  -22.470  86.859 0.0000000000
58783  -11.918  -24.380  83.566 0.0000000000
58776  -11.221  -25.191  84.675 0.0000000000
59765  -11.610  -24.152  85.201 0.0000000000
58766  -11.023  -24.812  85.544 0.0000000000
59755  -11.403  -24.045  86.204 0.0000000000
132698  -10.836  -24.673  86.295 0.0000000000
70857  -9.256  -13.469  75.492 0.0000000000
69919  -8.639  -13.895  75.104 0.0000000000
69918  -7.794  -13.593  74.947 0.0000000000
67955  -11.370  -16.176  74.041 0.0000000000
68954  -10.941  -15.482  74.368 0.0000000000
67954  -10.359  -15.906  73.885 0.0000000000
67964  -8.884  -16.276  73.149 0.0000000000
68963  -9.220  -15.741  73.733 0.0000000000
68962  -8.086  -15.677  73.639 0.0000000000
67963  -7.342  -16.172  73.341 0.0000000000
66895  -7.524  -16.934  72.841 0.0000000000
65819  -6.598  -18.273  72.434 0.0000000000
65818  -5.825  -18.611  72.384 0.0000000000
64817  -5.397  -19.080  72.207 0.0000000000
61798  -9.162  -22.457  73.309 0.0000000000
61813  -8.226  -22.542  72.524 0.0000000000
58917  -6.222  -25.395  73.319 0.0000000000
59894  -7.010  -24.405  73.470 0.0000000000
134594  -6.057  -24.572  73.371 0.0000000000
142788  -5.672  -22.864  73.015 0.0000000000
137948  -6.069  -22.990  73.143 0.0000000000
62761  -7.647  -21.822  72.119 0.0000000000
62760  -6.148  -21.508  72.659 0.0000000000
63792  -6.420  -20.738  72.429 0.0000000000
144433  -5.773  -21.609  72.674 0.0000000000
62768  -4.773  -21.567  71.740 0.0000000000
136051  -5.414  -21.287  72.416 0.0000000000
143365  -4.738  -20.711  71.281 0.0000000000
129208  -4.808  -19.768  71.333 0.0000000000
65730  -5.632  -18.740  85.955 0.0000000000
64691  -7.251  -20.299  92.427 0.0000000000
147095  -7.132  -19.794  92.751 0.0000000000
64690  -6.714  -20.158  91.838 0.0000000000
63660  -6.787  -21.270  90.099 0.0000000000
64698  -6.456  -19.915  90.820 0.0000000000
63668  -6.290  -20.542  90.469 0.0000000000
64705  -5.810  -19.948  90.466 0.0000000000
63673  -5.459  -20.301  90.086 0.0000000000
60684  -6.186  -24.928  89.686 0.0000000000
60685  -6.429  -23.883  89.798 0.0000000000
127838  -6.120  -24.013  89.323 0.0000000000
135306  -5.743  -21.576  88.120 0.0000000000
63672  -5.738  -20.315  89.416 0.0000000000
63675  -5.756  -20.598  88.276 0.0000000000
64719  -5.547  -19.767  87.925 0.0000000000
63679  -5.628  -20.545  87.164 0.0000000000
139620  -5.383  -21.103  85.812 0.0000000000
63691  -5.363  -20.949  86.094 0.0000000000
124385  -5.392  -20.664  85.682 0.0000000000
122315  -5.446  -20.436  85.310 0.0000000000
63718  -5.498  -20.839  84.814 0.0000000000
133714  -5.503  -21.451  85.272 0.0000000000
61681  -5.654  -23.076  85.027 0.0000000000
60728  -5.453  -23.830  83.483 0.0000000000
59784  -5.526  -24.715  83.855 0.0000000000
133638  -5.301  -25.909  86.424 0.0000000000
57771  -4.948  -27.138  83.643 0.0000000000
127229  -5.146  -26.790  84.021 0.0000000000
128894  -5.287  -26.422  83.389 0.0000000000
133268  -5.489  -25.591  82.922 0.0000000000
58797  -5.364  -26.357  82.717 0.0000000000
58810  -5.540  -26.212  82.237 0.0000000000
57787  -5.186  -26.963  82.344 0.0000000000
55696  -4.643  -29.284  82.190 0.0000000000
130234  -4.890  -28.466  82.055 0.0000000000
55704  -4.899  -29.345  81.684 0.0000000000
139121  -5.019  -29.719  81.368 0.0000000000
54654  -4.862  -30.170  81.571 0.0000000000
52459  -3.953  -31.148  90.110 0.0000000000
140023  -3.402  -32.805  88.532 0.0000000000
52469  -3.145  -31.754  89.254 0.0000000000
52476  -2.853  -31.551  88.540 0.0000000000
53543  -2.775  -30.741  88.388 0.0000000000
122645  -2.734  -31.263  87.725 0.0000000000
52484  -2.899  -31.711  86.195 0.0000000000
126820  -3.476  -31.617  85.314 0.0000000000
52503  -4.250  -31.571  83.830 0.0000000000
51454  -4.338  -32.227  83.722 0.0000000000
52504  -4.431  -31.496  83.247 0.0000000000
51458  -4.508  -32.068  83.142 0.0000000000
51469  -5.108  -31.786  81.973 0.0000000000
51470  -5.629  -32.422  81.719 0.0000000000
51480  -5.460  -31.573  81.469 0.0000000000
51481  -6.125  -32.121  81.167 0.0000000000
51491  -6.544  -31.922  80.696 0.0000000000
135677  -37.262  -20.600  79.541 0.0000000000
59850  -35.496  -22.255  78.241 0.0000000000
123580  -35.842  -21.979  77.981 0.0000000000
60786  -36.208  -21.831  78.500 0.0000000000
61748  -36.686  -21.599  79.233 0.0000000000
135880  -34.531  -22.941  79.041 0.0000000000
59842  -35.553  -22.429  78.981 0.0000000000
60747  -35.705  -22.408  80.919 0.0000000000
59830  -35.345  -22.635  80.141 0.0000000000
80184  -53.255  -3.604  58.898 0.0000000000
76453  -49.841  -6.635  58.570 0.0000000000
77383  -49.149  -6.431  58.092 0.0000000000
78434  -49.606  -5.844  58.537 0.0000000000
79339  -49.961  -4.340  58.820 0.0000000000
80182  -50.429  -3.628  58.657 0.0000000000
69033  -43.509  -14.551  65.612 0.0000000000
137008  -44.053  -14.347  66.161 0.0000000000
69997  -44.695  -13.689  67.261 0.0000000000
69986  -44.945  -13.524  67.921 0.0000000000
69031  -40.699  -14.293  66.040 0.0000000000
69047  -41.343  -14.780  65.086 0.0000000000
55723  -7.317  -28.745  79.779 0.0000000000
141069  -7.850  -29.370  79.269 0.0000000000
125548  -7.958  -30.112  79.123 0.0000000000
53643  -8.295  -30.671  78.619 0.0000000000
52569  -8.572  -31.408  77.943 0.0000000000
52568  -8.234  -31.618  78.781 0.0000000000
51493  -7.765  -32.787  79.310 0.0000000000
56668  -9.046  -26.451  88.413 0.0000000000
56667  -8.646  -27.056  89.038 0.0000000000
124623  -8.591  -27.445  88.635 0.0000000000
55623  -8.379  -28.080  88.673 0.0000000000
65824  -37.341  -17.621  73.783 0.0000000000
127577  -37.694  -17.074  73.983 0.0000000000
67980  -37.450  -15.765  72.277 0.0000000000
68975  -38.422  -14.877  73.465 0.0000000000
64746  -29.179  -19.642  85.900 0.0000000000
60784  -27.760  -21.348  78.389 0.0000000000
81058  -53.688  -2.452  52.879 0.0000000000
81059  -54.630  -2.128  52.587 0.0000000000
81954  -56.409  -1.279  53.012 0.0000000000
65746  -6.346  -18.935  82.988 0.0000000000
144935  -6.297  -20.192  82.492 0.0000000000
64761  -6.281  -19.726  82.825 0.0000000000
63740  -5.830  -20.645  83.561 0.0000000000
72793  -50.157  -11.856  60.351 0.0000000000
71875  -49.797  -12.686  60.533 0.0000000000
69098  -45.428  -14.028  61.513 0.0000000000
69097  -44.488  -14.747  61.133 0.0000000000
70971  -46.809  -12.988  59.546 0.0000000000
70973  -48.299  -13.412  59.638 0.0000000000
63665  -15.182  -19.337  91.303 0.0000000000
63712  -23.338  -19.318  84.837 0.0000000000
67988  -5.523  -16.254  70.181 0.0000000000
67995  -5.218  -16.554  69.080 0.0000000000
65799  -11.840  -18.063  75.903 0.0000000000
65806  -11.451  -18.773  75.818 0.0000000000
64795  -11.266  -19.299  75.226 0.0000000000
63778  -10.856  -20.097  74.851 0.0000000000
56873  -7.009  -27.691  71.424 0.0000000000
55801  -5.664  -27.824  70.777 0.0000000000
56882  -5.115  -27.531  70.501 0.0000000000
66745  -7.464  -17.481  92.324 0.0000000000
130300  -6.967  -18.156  91.827 0.0000000000
124415  -5.251  -27.469  89.817 0.0000000000
56660  -4.973  -27.686  89.370 0.0000000000
135912  -4.867  -27.552  88.849 0.0000000000
56672  -4.574  -27.906  88.281 0.0000000000
55622  -4.034  -28.669  88.247 0.0000000000
138487  -2.818  -29.482  87.534 0.0000000000
62743  -36.714  -20.740  76.804 0.0000000000
61780  -36.518  -21.433  76.364 0.0000000000
137477  -37.001  -20.028  76.484 0.0000000000
63776  -37.642  -19.551  76.005 0.0000000000
130217  -37.978  -19.010  75.531 0.0000000000
57868  -34.218  -24.086  75.593 0.0000000000
58837  -33.011  -23.727  80.388 0.0000000000
58821  -32.440  -23.840  81.017 0.0000000000
58836  -32.576  -23.915  80.468 0.0000000000
58835  -31.983  -23.844  80.429 0.0000000000
59839  -30.686  -23.026  79.555 0.0000000000
127649  -55.564  -1.390  56.814 0.0000000000
81029  -51.696  -2.399  56.715 0.0000000000
81036  -53.183  -1.619  55.736 0.0000000000
69082  -46.149  -14.754  63.493 0.0000000000
69073  -46.824  -14.624  64.086 0.0000000000
69064  -47.460  -14.498  64.355 0.0000000000
69053  -47.332  -14.573  64.713 0.0000000000
66962  -42.539  -16.211  63.575 0.0000000000
66963  -43.355  -16.086  63.761 0.0000000000
66971  -43.671  -16.114  63.360 0.0000000000
126736  -43.820  -16.093  63.069 0.0000000000
66982  -43.788  -16.074  62.762 0.0000000000
66973  -44.314  -15.749  62.968 0.0000000000
68072  -45.297  -14.971  63.474 0.0000000000
61741  -20.688  -20.445  78.845 0.0000000000
69941  -6.624  -14.823  73.110 0.0000000000
61750  -8.679  -22.758  78.144 0.0000000000
60787  -9.091  -23.033  77.353 0.0000000000
123525  -9.751  -29.212  76.263 0.0000000000
55748  -9.725  -28.536  76.689 0.0000000000
54711  -10.071  -29.434  75.464 0.0000000000
134005  -10.274  -29.407  74.681 0.0000000000
54740  -10.266  -28.981  73.581 0.0000000000
55782  -10.068  -28.440  73.051 0.0000000000
54739  -9.881  -29.354  73.080 0.0000000000
53721  -8.662  -30.497  72.772 0.0000000000
53720  -7.912  -30.945  72.462 0.0000000000
52662  -7.644  -31.619  72.812 0.0000000000
52648  -7.763  -32.037  73.318 0.0000000000
62630  -9.909  -21.550  92.533 0.0000000000
62629  -9.372  -21.573  92.715 0.0000000000
59729  -8.496  -24.294  91.829 0.0000000000
56656  -7.682  -27.526  90.678 0.0000000000
55600  -7.372  -27.833  91.104 0.0000000000
140242  -6.787  -27.775  91.548 0.0000000000
129135  -6.181  -27.575  91.661 0.0000000000
54555  -6.204  -29.166  91.404 0.0000000000
70916  -41.742  -13.143  69.710 0.0000000000
64828  -35.767  -18.965  71.514 0.0000000000
129593  -37.850  -13.972  70.690 0.0000000000
63698  -25.742  -19.477  85.623 0.0000000000
62681  -25.314  -19.688  83.498 0.0000000000
60715  -30.179  -22.249  84.174 0.0000000000
61677  -29.507  -21.755  84.449 0.0000000000
60722  -29.678  -21.862  83.246 0.0000000000
61694  -28.974  -21.641  83.106 0.0000000000
60759  -27.116  -21.445  80.165 0.0000000000
61732  -26.637  -21.131  80.737 0.0000000000
129194  -26.111  -20.780  80.978 0.0000000000
61716  -25.828  -20.600  81.534 0.0000000000
122702  -25.477  -20.395  80.807 0.0000000000
131716  -24.785  -20.186  80.323 0.0000000000
121552  -23.034  -19.892  79.860 0.0000000000
78477  -51.866  -5.168  49.875 0.0000000000
66832  -8.592  -17.894  80.293 0.0000000000
66841  -9.016  -17.888  79.675 0.0000000000
65772  -8.618  -18.614  79.697 0.0000000000
62730  -7.513  -21.308  80.013 0.0000000000
61720  -6.711  -22.793  81.365 0.0000000000
60756  -6.529  -23.588  81.473 0.0000000000
60764  -6.531  -24.367  81.358 0.0000000000
59832  -6.687  -24.856  80.972 0.0000000000
58839  -6.558  -25.729  81.158 0.0000000000
57804  -6.292  -26.508  81.252 0.0000000000
57795  -5.815  -26.650  81.522 0.0000000000
76433  -51.631  -7.617  59.813 0.0000000000
71903  -48.363  -11.516  58.220 0.0000000000
71902  -47.690  -11.673  57.569 0.0000000000
73816  -48.740  -9.947  58.028 0.0000000000
74725  -49.505  -8.862  58.324 0.0000000000
75578  -50.427  -8.072  58.951 0.0000000000
130697  -12.334  -20.277  92.513 0.0000000000
61654  -12.883  -21.075  90.319 0.0000000000
60688  -12.325  -21.713  89.653 0.0000000000
60690  -11.595  -22.561  89.166 0.0000000000
139316  -10.791  -23.547  88.757 0.0000000000
58757  -10.528  -24.635  86.995 0.0000000000
62702  -18.976  -20.510  81.922 0.0000000000
131190  -18.129  -20.840  81.600 0.0000000000
62690  -17.867  -20.645  82.361 0.0000000000
62700  -16.853  -21.045  82.406 0.0000000000
61700  -14.831  -21.865  82.468 0.0000000000
61690  -15.140  -21.431  83.030 0.0000000000
62668  -15.692  -20.385  85.394 0.0000000000
62660  -14.989  -20.859  86.834 0.0000000000
129419  -13.829  -21.831  86.686 0.0000000000
60704  -12.585  -22.442  85.782 0.0000000000
57763  -11.559  -25.211  83.802 0.0000000000
57752  -10.835  -25.932  84.638 0.0000000000
56701  -10.706  -26.436  84.702 0.0000000000
66898  -10.744  -17.212  73.166 0.0000000000
67965  -9.950  -16.407  73.366 0.0000000000
66910  -9.171  -17.654  72.342 0.0000000000
66896  -8.534  -16.931  72.747 0.0000000000
66909  -8.121  -17.687  72.459 0.0000000000
65820  -7.556  -18.492  72.233 0.0000000000
140335  -6.461  -19.519  72.428 0.0000000000
60816  -9.342  -23.641  75.435 0.0000000000
61783  -9.383  -23.117  74.957 0.0000000000
60832  -8.907  -23.797  74.423 0.0000000000
60831  -8.297  -23.683  73.581 0.0000000000
58916  -5.112  -24.864  72.664 0.0000000000
140078  -5.669  -23.983  73.254 0.0000000000
60842  -5.295  -23.839  72.983 0.0000000000
60855  -5.322  -23.217  72.904 0.0000000000
62759  -5.473  -22.358  72.757 0.0000000000
61825  -4.529  -22.632  71.835 0.0000000000
139725  -4.341  -22.301  71.031 0.0000000000
61837  -4.317  -22.653  70.056 0.0000000000
144369  -7.698  -21.593  90.751 0.0000000000
62635  -7.380  -21.017  90.920 0.0000000000
62634  -7.616  -21.697  90.095 0.0000000000
62640  -6.681  -21.566  89.662 0.0000000000
60692  -5.412  -24.524  88.289 0.0000000000
130903  -5.799  -23.813  88.677 0.0000000000
129646  -5.460  -23.477  87.921 0.0000000000
133267  -5.472  -22.371  87.595 0.0000000000
133266  -5.408  -22.127  86.726 0.0000000000
62659  -5.400  -21.690  86.111 0.0000000000
62666  -5.419  -21.522  85.848 0.0000000000
142185  -5.534  -23.380  85.814 0.0000000000
126074  -5.526  -24.088  85.372 0.0000000000
56699  -4.507  -27.567  85.967 0.0000000000
57751  -4.768  -27.045  85.350 0.0000000000
56711  -4.425  -28.211  84.864 0.0000000000
56722  -4.529  -28.164  84.178 0.0000000000
56723  -4.667  -27.761  83.612 0.0000000000
56734  -4.616  -28.138  82.989 0.0000000000
55683  -4.512  -29.192  82.900 0.0000000000
54630  -4.560  -30.068  82.469 0.0000000000
131891  -3.587  -33.449  88.226 0.0000000000
50378  -3.075  -33.007  87.913 0.0000000000
123279  -2.894  -32.170  87.748 0.0000000000
50386  -3.325  -32.972  87.251 0.0000000000
50393  -3.736  -33.044  86.394 0.0000000000
50430  -4.600  -32.617  82.981 0.0000000000
58900  -34.974  -23.804  75.401 0.0000000000
58912  -35.299  -24.228  74.581 0.0000000000
58901  -35.730  -23.626  75.272 0.0000000000
60813  -36.318  -22.112  76.920 0.0000000000
60800  -36.276  -21.793  77.702 0.0000000000
61773  -36.536  -21.477  77.104 0.0000000000
62739  -36.876  -20.744  77.429 0.0000000000
58875  -33.163  -23.898  78.025 0.0000000000
57848  -33.692  -23.531  77.184 0.0000000000
58866  -34.136  -23.109  78.355 0.0000000000
58877  -34.101  -23.189  77.323 0.0000000000
57849  -34.179  -23.651  76.707 0.0000000000
57869  -34.376  -23.939  75.528 0.0000000000
59820  -33.887  -22.830  80.575 0.0000000000
59821  -34.668  -22.691  80.589 0.0000000000
58823  -34.072  -22.840  80.285 0.0000000000
139467  -33.497  -23.139  80.494 0.0000000000
141484  -33.082  -24.155  79.426 0.0000000000
81025  -54.882  -2.402  58.132 0.0000000000
81026  -55.385  -2.378  58.220 0.0000000000
77382  -48.403  -6.231  57.672 0.0000000000
77387  -47.230  -6.254  56.602 0.0000000000
78435  -47.644  -4.889  57.109 0.0000000000
80188  -49.945  -2.919  57.044 0.0000000000
81021  -50.983  -2.649  57.622 0.0000000000
140950  -50.874  -3.071  58.402 0.0000000000
81024  -54.035  -2.340  57.968 0.0000000000
68028  -45.584  -15.011  64.735 0.0000000000
69035  -45.527  -14.794  65.305 0.0000000000
69036  -45.899  -14.443  65.631 0.0000000000
69021  -45.101  -14.010  66.487 0.0000000000
69022  -45.631  -14.015  66.394 0.0000000000
68039  -41.134  -15.667  63.975 0.0000000000
68041  -42.912  -15.822  64.097 0.0000000000
129623  -44.115  -15.610  64.110 0.0000000000
57808  -8.430  -25.842  79.520 0.0000000000
57820  -8.859  -25.968  78.894 0.0000000000
133959  -8.950  -26.792  78.659 0.0000000000
140694  -9.070  -27.880  77.886 0.0000000000
54677  -8.379  -28.840  78.563 0.0000000000
54685  -8.647  -29.038  77.712 0.0000000000
54686  -9.142  -29.124  76.943 0.0000000000
54698  -9.334  -29.933  76.421 0.0000000000
53673  -9.444  -30.736  76.124 0.0000000000
52623  -9.428  -31.123  75.536 0.0000000000
52622  -8.897  -31.926  75.468 0.0000000000
51542  -8.368  -32.650  75.811 0.0000000000
51530  -8.408  -32.814  76.547 0.0000000000
50477  -8.201  -33.331  76.930 0.0000000000
50487  -7.462  -33.708  76.492 0.0000000000
58738  -9.600  -24.393  90.181 0.0000000000
58737  -9.180  -24.737  90.688 0.0000000000
57712  -8.203  -26.630  90.626 0.0000000000
56662  -8.531  -27.015  89.671 0.0000000000
56661  -8.074  -27.485  90.063 0.0000000000
56657  -7.947  -27.308  90.427 0.0000000000
55608  -7.537  -28.212  90.120 0.0000000000
70889  -39.583  -12.800  71.286 0.0000000000
70890  -40.183  -12.548  71.710 0.0000000000
62764  -36.348  -20.762  72.932 0.0000000000
63803  -36.100  -19.325  72.558 0.0000000000
64820  -35.904  -18.909  72.173 0.0000000000
65823  -36.867  -17.809  72.938 0.0000000000
140614  -36.005  -18.024  71.424 0.0000000000
65834  -35.943  -17.347  71.053 0.0000000000
68983  -37.717  -14.908  71.880 0.0000000000
126159  -37.584  -14.742  71.226 0.0000000000
63689  -27.825  -19.717  86.023 0.0000000000
59827  -29.777  -22.080  81.311 0.0000000000
60754  -28.901  -22.336  81.535 0.0000000000
60761  -28.863  -21.510  80.940 0.0000000000
60760  -27.857  -21.552  80.501 0.0000000000
128687  -27.587  -21.503  79.652 0.0000000000
60772  -27.047  -21.263  79.299 0.0000000000
60771  -26.499  -20.857  78.833 0.0000000000
60770  -25.739  -20.762  78.411 0.0000000000
79372  -51.738  -4.736  50.696 0.0000000000
79367  -52.903  -3.865  51.018 0.0000000000
79380  -52.830  -4.687  49.461 0.0000000000
141524  -53.070  -4.657  48.868 0.0000000000
81081  -55.203  -2.507  50.948 0.0000000000
65760  -7.330  -19.079  81.160 0.0000000000
64777  -7.429  -19.598  80.815 0.0000000000
63758  -7.083  -20.308  80.961 0.0000000000
63757  -6.707  -20.874  81.416 0.0000000000
62714  -6.477  -21.560  81.940 0.0000000000
129746  -6.163  -22.433  82.046 0.0000000000
61711  -5.786  -23.127  82.052 0.0000000000
60748  -5.722  -23.850  82.248 0.0000000000
145377  -51.110  -9.677  60.081 0.0000000000
72799  -50.715  -10.298  60.047 0.0000000000
72794  -50.831  -11.522  60.888 0.0000000000
69110  -43.796  -15.205  60.731 0.0000000000
70981  -45.744  -12.440  58.899 0.0000000000
71888  -47.001  -12.522  58.243 0.0000000000
70983  -47.260  -13.027  58.807 0.0000000000
71889  -47.657  -12.677  58.350 0.0000000000
72806  -49.742  -10.862  58.982 0.0000000000
64696  -14.230  -19.087  92.353 0.0000000000
63669  -14.592  -19.941  91.235 0.0000000000
62642  -14.013  -20.360  91.021 0.0000000000
61655  -13.597  -20.867  90.398 0.0000000000
61656  -12.749  -21.415  89.211 0.0000000000
59825  -15.633  -22.703  79.903 0.0000000000
60751  -15.683  -22.268  80.779 0.0000000000
59815  -14.940  -22.888  80.466 0.0000000000
60750  -14.724  -22.547  81.245 0.0000000000
60740  -14.550  -22.378  81.966 0.0000000000
60729  -13.939  -22.615  82.616 0.0000000000
125422  -13.619  -22.500  83.515 0.0000000000
59776  -12.852  -23.064  83.883 0.0000000000
59786  -13.051  -23.249  83.066 0.0000000000
58790  -12.427  -24.156  82.796 0.0000000000
124729  -11.571  -14.720  75.671 0.0000000000
141596  -11.393  -15.126  74.977 0.0000000000
66899  -11.468  -16.928  73.840 0.0000000000
131294  -11.714  -17.981  74.589 0.0000000000
65816  -11.418  -17.809  73.894 0.0000000000
136633  -10.265  -18.650  72.548 0.0000000000
132250  -9.516  -20.253  72.059 0.0000000000
57896  -7.976  -25.710  73.757 0.0000000000
58918  -7.058  -25.595  73.457 0.0000000000
57918  -6.463  -26.032  73.180 0.0000000000
58929  -5.747  -25.790  72.929 0.0000000000
57938  -5.348  -26.110  72.336 0.0000000000
58928  -5.198  -25.501  72.570 0.0000000000
58927  -4.737  -25.249  72.216 0.0000000000
59904  -4.469  -24.881  71.811 0.0000000000
59915  -4.323  -25.004  70.906 0.0000000000
133796  -4.306  -25.078  70.097 0.0000000000
67797  -6.667  -16.520  90.669 0.0000000000
136840  -6.267  -16.507  90.209 0.0000000000
67796  -5.928  -16.789  89.963 0.0000000000
67795  -5.922  -17.570  89.734 0.0000000000
66757  -5.879  -18.147  89.623 0.0000000000
59731  -6.361  -25.424  90.756 0.0000000000
59735  -6.072  -25.534  90.191 0.0000000000
59738  -5.644  -25.684  89.632 0.0000000000
135619  -5.189  -25.844  89.068 0.0000000000
140312  -5.401  -25.219  88.601 0.0000000000
59740  -5.206  -25.681  88.477 0.0000000000
59745  -5.419  -25.240  87.330 0.0000000000
59754  -5.521  -24.816  86.866 0.0000000000
134756  -5.092  -26.447  86.919 0.0000000000
56686  -4.561  -27.267  86.699 0.0000000000
56679  -4.207  -27.738  87.152 0.0000000000
56698  -4.253  -28.299  85.677 0.0000000000
129383  -3.647  -29.420  85.322 0.0000000000
54609  -3.916  -30.000  84.780 0.0000000000
60870  -36.173  -22.912  72.056 0.0000000000
61821  -36.452  -21.664  72.760 0.0000000000
59877  -36.165  -23.505  74.771 0.0000000000
60838  -36.342  -23.139  74.423 0.0000000000
61791  -36.494  -21.498  75.534 0.0000000000
134013  -36.367  -22.542  74.014 0.0000000000
60851  -36.399  -22.042  73.463 0.0000000000
136768  -36.433  -21.183  73.644 0.0000000000
64800  -36.782  -18.745  73.992 0.0000000000
64801  -37.545  -18.092  74.466 0.0000000000
65817  -38.036  -17.406  74.466 0.0000000000
60716  -31.028  -22.578  84.211 0.0000000000
59804  -30.135  -22.764  82.250 0.0000000000
144448  -32.025  -23.284  82.225 0.0000000000
143713  -32.177  -23.810  81.452 0.0000000000
59807  -32.028  -23.596  81.829 0.0000000000
122086  -31.593  -23.032  82.353 0.0000000000
59805  -30.964  -22.860  82.002 0.0000000000
138467  -30.413  -22.857  81.716 0.0000000000
59847  -29.248  -21.780  78.902 0.0000000000
81034  -50.996  -2.633  55.668 0.0000000000
80197  -50.978  -3.088  54.862 0.0000000000
79354  -49.973  -3.689  53.869 0.0000000000
80208  -52.048  -3.359  53.436 0.0000000000
81041  -53.018  -2.169  54.673 0.0000000000
126072  -53.513  -2.298  53.796 0.0000000000
81048  -54.433  -1.717  54.036 0.0000000000
81940  -55.234  -1.380  54.196 0.0000000000
70033  -47.523  -14.099  61.660 0.0000000000
70034  -48.330  -14.070  61.835 0.0000000000
70027  -48.463  -14.075  62.684 0.0000000000
70021  -48.420  -14.121  63.469 0.0000000000
69052  -46.959  -14.743  65.054 0.0000000000
66996  -44.206  -15.712  62.462 0.0000000000
143346  -44.443  -15.267  62.237 0.0000000000
68082  -44.725  -14.658  61.985 0.0000000000
62705  -21.840  -20.077  81.973 0.0000000000
63744  -21.476  -19.957  82.507 0.0000000000
62717  -19.723  -20.449  81.130 0.0000000000
61726  -19.944  -20.476  79.438 0.0000000000
62725  -19.347  -20.565  80.267 0.0000000000
61724  -17.977  -21.461  79.946 0.0000000000
60768  -16.113  -22.650  79.350 0.0000000000
66925  -5.402  -17.168  70.889 0.0000000000
66918  -5.051  -18.463  71.347 0.0000000000
63771  -9.749  -20.976  76.840 0.0000000000
62742  -9.610  -21.638  76.576 0.0000000000
61770  -9.551  -22.249  76.369 0.0000000000
61774  -9.523  -22.925  75.985 0.0000000000
60801  -9.376  -23.321  76.464 0.0000000000
58907  -8.551  -25.422  74.546 0.0000000000
57832  -9.349  -26.082  78.011 0.0000000000
57852  -9.474  -25.809  76.935 0.0000000000
56799  -10.042  -27.540  76.658 0.0000000000
57874  -9.975  -26.432  75.881 0.0000000000
57873  -9.524  -25.761  76.037 0.0000000000
133509  -9.241  -25.844  75.140 0.0000000000
57897  -8.764  -26.058  74.336 0.0000000000
57920  -8.396  -26.291  73.515 0.0000000000
56837  -8.062  -26.606  72.665 0.0000000000
54754  -9.487  -28.770  72.224 0.0000000000
55794  -8.662  -28.697  71.681 0.0000000000
55804  -7.921  -28.147  71.470 0.0000000000
55803  -7.160  -28.676  71.189 0.0000000000
63648  -8.032  -20.486  92.818 0.0000000000
63654  -7.792  -20.823  92.159 0.0000000000
62628  -8.765  -21.291  92.760 0.0000000000
62627  -8.208  -21.456  92.099 0.0000000000
61640  -7.874  -22.001  91.373 0.0000000000
138202  -6.649  -24.581  91.490 0.0000000000
58733  -9.003  -24.680  91.175 0.0000000000
58732  -8.477  -25.082  91.581 0.0000000000
58731  -7.969  -25.105  92.096 0.0000000000
57703  -7.937  -26.212  91.756 0.0000000000
128497  -7.820  -25.764  92.118 0.0000000000
59727  -7.416  -24.731  92.212 0.0000000000
59726  -6.894  -24.784  92.094 0.0000000000
58735  -6.667  -25.300  91.616 0.0000000000
59732  -6.571  -25.136  91.184 0.0000000000
138374  -6.424  -25.614  91.227 0.0000000000
146093  -5.767  -26.655  90.961 0.0000000000
146781  -5.407  -27.431  90.889 0.0000000000
56649  -5.782  -27.430  91.525 0.0000000000
56648  -5.407  -27.832  91.169 0.0000000000
129611  -5.193  -27.873  90.452 0.0000000000
55601  -4.673  -28.677  90.242 0.0000000000
54566  -3.933  -29.651  89.872 0.0000000000
69994  -41.937  -13.633  67.350 0.0000000000
69984  -43.342  -13.455  68.120 0.0000000000
124353  -36.009  -21.359  71.194 0.0000000000
63815  -34.930  -20.444  70.693 0.0000000000
124578  -37.922  -14.447  67.190 0.0000000000
69992  -39.105  -13.923  67.671 0.0000000000
69993  -40.583  -13.884  66.790 0.0000000000
64745  -24.837  -18.715  85.888 0.0000000000
137737  -24.389  -18.832  85.610 0.0000000000
63696  -23.619  -18.856  85.756 0.0000000000
61669  -28.992  -21.427  84.804 0.0000000000
62664  -29.028  -21.041  85.328 0.0000000000
137619  -28.596  -21.020  85.086 0.0000000000
62663  -28.006  -20.695  85.037 0.0000000000
130820  -27.143  -20.628  84.414 0.0000000000
61693  -28.260  -21.566  82.996 0.0000000000
128762  -27.579  -21.307  82.802 0.0000000000
121703  -26.746  -20.595  84.023 0.0000000000
61703  -25.130  -19.925  81.938 0.0000000000
62692  -25.010  -19.634  82.574 0.0000000000
62691  -24.060  -19.623  82.598 0.0000000000
62706  -23.201  -19.825  82.357 0.0000000000
62727  -21.384  -20.074  80.492 0.0000000000
61728  -21.972  -20.084  79.865 0.0000000000
136705  -53.184  -4.218  47.900 0.0000000000
79389  -53.799  -3.870  47.877 0.0000000000
80243  -53.636  -3.288  46.687 0.0000000000
66868  -11.649  -17.756  76.593 0.0000000000
66842  -9.555  -17.558  79.362 0.0000000000
66850  -9.921  -17.976  78.815 0.0000000000
63769  -9.368  -20.844  77.535 0.0000000000
135079  -9.125  -21.366  77.659 0.0000000000
63765  -8.644  -20.781  78.703 0.0000000000
60776  -8.438  -23.324  78.787 0.0000000000
59834  -8.331  -24.558  79.464 0.0000000000
63760  -7.282  -20.786  80.375 0.0000000000
61736  -7.474  -22.482  80.387 0.0000000000
145215  -7.827  -22.680  79.823 0.0000000000
58841  -8.096  -25.229  79.779 0.0000000000
57807  -7.826  -26.096  80.004 0.0000000000
56769  -7.567  -27.027  80.055 0.0000000000
56778  -7.334  -27.925  80.070 0.0000000000
54675  -6.788  -29.199  80.233 0.0000000000
54666  -6.645  -29.958  80.409 0.0000000000
78427  -52.065  -5.404  59.675 0.0000000000
79335  -52.816  -4.729  59.746 0.0000000000
78428  -52.738  -5.456  60.110 0.0000000000
70961  -49.594  -13.579  61.744 0.0000000000
69985  -44.110  -13.476  68.091 0.0000000000
70994  -45.439  -12.253  58.085 0.0000000000
71913  -45.584  -11.926  57.144 0.0000000000
71915  -47.119  -11.853  57.002 0.0000000000
71914  -46.394  -11.888  56.651 0.0000000000
72825  -46.932  -11.533  56.111 0.0000000000
123713  -46.886  -10.833  55.791 0.0000000000
74734  -47.214  -9.057  56.819 0.0000000000
136302  -47.918  -8.762  57.250 0.0000000000
76452  -48.977  -7.526  57.955 0.0000000000
75589  -49.368  -8.189  58.215 0.0000000000
62625  -10.067  -21.236  93.201 0.0000000000
145458  -10.590  -21.289  92.869 0.0000000000
60682  -10.376  -22.695  90.753 0.0000000000
63658  -13.138  -20.003  92.225 0.0000000000
63662  -12.644  -20.500  92.080 0.0000000000
62637  -12.148  -20.829  91.874 0.0000000000
61650  -12.597  -20.811  90.821 0.0000000000
61649  -11.887  -21.052  91.126 0.0000000000
138828  -11.159  -21.812  91.200 0.0000000000
59734  -9.919  -23.737  90.390 0.0000000000
58741  -9.729  -24.535  89.760 0.0000000000
57717  -9.438  -25.330  88.917 0.0000000000
142111  -10.118  -24.483  88.643 0.0000000000
56680  -9.320  -27.003  87.371 0.0000000000
63731  -19.479  -19.786  83.387 0.0000000000
135232  -19.622  -19.286  84.589 0.0000000000
63695  -18.962  -19.192  85.744 0.0000000000
61712  -16.197  -21.801  81.470 0.0000000000
62689  -17.067  -20.373  83.010 0.0000000000
143496  -15.658  -21.170  83.251 0.0000000000
63694  -18.452  -19.238  86.223 0.0000000000
63686  -18.043  -19.172  87.494 0.0000000000
63681  -17.251  -19.275  88.008 0.0000000000
122247  -16.626  -19.326  89.404 0.0000000000
132744  -15.701  -19.237  89.964 0.0000000000
138607  -15.190  -20.072  89.702 0.0000000000
62650  -14.829  -20.683  89.443 0.0000000000
62656  -14.201  -20.850  88.146 0.0000000000
62653  -14.268  -20.887  89.029 0.0000000000
61661  -13.500  -21.130  88.435 0.0000000000
60697  -12.350  -22.152  88.050 0.0000000000
60710  -12.663  -22.826  84.765 0.0000000000
140181  -11.652  -24.544  84.284 0.0000000000
59747  -11.621  -23.172  86.900 0.0000000000
57730  -10.395  -25.366  86.468 0.0000000000
57738  -10.616  -26.053  85.347 0.0000000000
138670  -10.519  -25.960  86.100 0.0000000000
69926  -7.454  -14.070  74.446 0.0000000000
69929  -10.387  -14.855  74.772 0.0000000000
68951  -7.703  -14.829  74.106 0.0000000000
67962  -6.841  -15.985  73.254 0.0000000000
67973  -6.576  -16.718  72.615 0.0000000000
66908  -6.836  -17.271  72.584 0.0000000000
128407  -6.100  -17.239  72.293 0.0000000000
66906  -5.693  -17.888  72.191 0.0000000000
65826  -5.337  -18.514  72.006 0.0000000000
63774  -10.081  -21.215  75.933 0.0000000000
63777  -10.307  -20.909  74.974 0.0000000000
137894  -10.094  -21.217  74.307 0.0000000000
61784  -9.481  -22.462  74.462 0.0000000000
62751  -9.750  -21.789  73.910 0.0000000000
63783  -10.058  -21.050  73.490 0.0000000000
63793  -9.866  -20.781  72.665 0.0000000000
63801  -8.632  -20.445  71.794 0.0000000000
60844  -7.288  -23.851  73.362 0.0000000000
61796  -6.781  -23.281  73.105 0.0000000000
124533  -7.652  -23.239  72.986 0.0000000000
62770  -8.219  -21.194  71.833 0.0000000000
63800  -7.828  -20.498  71.793 0.0000000000
64807  -6.975  -19.950  72.186 0.0000000000
135433  -6.123  -19.937  72.476 0.0000000000
63791  -5.523  -20.251  72.360 0.0000000000
64805  -5.684  -19.531  72.396 0.0000000000
64804  -5.223  -19.659  72.121 0.0000000000
64827  -4.641  -19.509  70.133 0.0000000000
135038  -4.644  -20.096  69.480 0.0000000000
132709  -4.861  -21.296  68.750 0.0000000000
62785  -4.591  -21.958  69.347 0.0000000000
131899  -4.994  -22.050  68.617 0.0000000000
65737  -5.858  -18.968  84.732 0.0000000000
65691  -7.216  -19.074  93.029 0.0000000000
65699  -6.989  -18.819  92.113 0.0000000000
65698  -6.640  -18.938  91.625 0.0000000000
131010  -6.850  -20.343  91.217 0.0000000000
128594  -6.276  -19.053  91.048 0.0000000000
65704  -5.846  -18.971  90.542 0.0000000000
65703  -5.631  -18.766  89.986 0.0000000000
123121  -5.338  -19.223  89.887 0.0000000000
61652  -7.115  -22.829  89.411 0.0000000000
139002  -6.690  -21.834  89.431 0.0000000000
138969  -6.355  -23.165  88.893 0.0000000000
62644  -6.455  -22.085  88.992 0.0000000000
62645  -6.309  -21.011  89.440 0.0000000000
64708  -5.116  -19.731  89.884 0.0000000000
64713  -5.654  -19.042  89.319 0.0000000000
65712  -5.615  -18.948  88.470 0.0000000000
65718  -5.515  -19.153  87.541 0.0000000000
138659  -5.526  -19.618  86.705 0.0000000000
64726  -5.492  -20.423  86.477 0.0000000000
130575  -5.512  -19.263  86.310 0.0000000000
64748  -5.497  -19.766  85.626 0.0000000000
122835  -5.593  -19.677  84.997 0.0000000000
65740  -5.832  -19.574  84.423 0.0000000000
63728  -5.594  -20.755  84.249 0.0000000000
122254  -5.624  -21.350  83.710 0.0000000000
62676  -5.563  -22.143  84.722 0.0000000000
62687  -5.460  -22.106  83.837 0.0000000000
61699  -5.585  -22.945  83.139 0.0000000000
60739  -5.545  -23.878  82.752 0.0000000000
132682  -5.636  -24.792  82.497 0.0000000000
141766  -5.433  -25.143  86.570 0.0000000000
127902  -5.404  -25.181  85.743 0.0000000000
59774  -5.521  -24.861  84.730 0.0000000000
57761  -5.160  -26.614  84.719 0.0000000000
133699  -5.468  -25.796  84.863 0.0000000000
140444  -5.513  -25.438  84.179 0.0000000000
133235  -5.485  -25.529  83.547 0.0000000000
59823  -5.738  -25.405  82.152 0.0000000000
57794  -5.457  -26.787  81.872 0.0000000000
56755  -5.529  -27.399  81.590 0.0000000000
56765  -5.259  -28.301  81.694 0.0000000000
56766  -5.698  -28.043  81.386 0.0000000000
54665  -5.436  -29.502  81.081 0.0000000000
53628  -5.728  -30.051  80.859 0.0000000000
138399  -6.085  -30.547  80.722 0.0000000000
146019  -4.175  -29.982  90.269 0.0000000000
51406  -3.953  -32.449  89.165 0.0000000000
52458  -3.687  -31.887  89.590 0.0000000000
53527  -3.405  -31.072  89.784 0.0000000000
53536  -3.352  -30.192  89.558 0.0000000000
130395  -2.916  -30.275  88.929 0.0000000000
54579  -2.851  -29.928  88.322 0.0000000000
123306  -2.762  -31.694  87.076 0.0000000000
122210  -2.690  -31.010  86.910 0.0000000000
53554  -2.711  -30.173  86.810 0.0000000000
141292  -2.807  -29.898  86.076 0.0000000000
129741  -3.209  -29.996  85.230 0.0000000000
53568  -4.062  -30.508  84.329 0.0000000000
50400  -4.076  -33.082  85.569 0.0000000000
51449  -4.021  -32.338  85.051 0.0000000000
52494  -4.031  -31.488  84.512 0.0000000000
129583  -4.159  -30.982  83.953 0.0000000000
53580  -4.327  -30.568  83.644 0.0000000000
53591  -4.515  -30.562  82.973 0.0000000000
53592  -4.600  -30.580  82.439 0.0000000000
52529  -4.669  -30.914  82.235 0.0000000000
51468  -4.767  -31.957  82.552 0.0000000000
122659  -4.813  -31.348  82.175 0.0000000000
53615  -4.845  -30.611  81.731 0.0000000000
140310  -5.350  -31.052  81.250 0.0000000000
52552  -6.022  -31.093  80.806 0.0000000000
51492  -7.313  -32.352  80.091 0.0000000000
48370  -7.473  -34.896  78.724 0.0000000000
51529  -7.921  -33.200  76.146 0.0000000000
52516  -4.520  -30.938  82.786 0.0000000000
53616  -5.027  -30.604  81.422 0.0000000000
53627  -5.128  -30.108  81.156 0.0000000000
53687  -9.712  -30.279  75.596 0.0000000000
54642  -4.660  -29.918  81.887 0.0000000000
54725  -10.388  -28.965  74.219 0.0000000000
55604  -7.727  -27.767  90.256 0.0000000000
55624  -8.780  -27.573  87.935 0.0000000000
55762  -10.341  -28.795  74.956 0.0000000000
55783  -10.296  -28.357  73.808 0.0000000000
56744  -4.868  -27.764  82.457 0.0000000000
56810  -10.264  -28.014  74.925 0.0000000000
56840  -10.247  -27.862  74.215 0.0000000000
57704  -8.239  -25.823  91.541 0.0000000000
57707  -7.773  -26.604  91.298 0.0000000000
57750  -4.527  -27.719  85.253 0.0000000000
57831  -33.715  -24.026  78.094 0.0000000000
57961  -4.712  -26.138  71.376 0.0000000000
58730  -7.494  -25.405  92.290 0.0000000000
58734  -6.109  -26.097  90.966 0.0000000000
58809  -33.232  -23.186  80.992 0.0000000000
58825  -6.178  -25.897  81.533 0.0000000000
58867  -34.304  -22.773  78.112 0.0000000000
58879  -35.199  -23.088  76.841 0.0000000000
58913  -35.956  -24.147  74.302 0.0000000000
59766  -12.133  -23.276  85.230 0.0000000000
59795  -32.102  -23.089  82.658 0.0000000000
59809  -33.653  -22.856  81.115 0.0000000000
59811  -35.066  -22.634  80.984 0.0000000000
59819  -31.970  -23.873  81.395 0.0000000000
59892  -4.980  -24.301  72.702 0.0000000000
59893  -5.419  -24.424  73.015 0.0000000000
60676  -7.862  -23.888  91.952 0.0000000000
60699  -11.980  -22.613  87.571 0.0000000000
60723  -30.186  -22.334  83.482 0.0000000000
60733  -30.675  -22.794  83.170 0.0000000000
60755  -36.057  -22.021  81.175 0.0000000000
60763  -36.154  -22.378  80.233 0.0000000000
61642  -8.360  -22.965  92.051 0.0000000000
61670  -29.480  -21.479  85.006 0.0000000000
61673  -14.382  -21.323  85.463 0.0000000000
61702  -16.670  -21.493  81.876 0.0000000000
61814  -8.995  -21.960  72.539 0.0000000000
62639  -13.580  -20.327  91.511 0.0000000000
62671  -27.766  -20.921  84.498 0.0000000000
62736  -37.566  -20.201  78.300 0.0000000000
62763  -9.167  -21.240  72.119 0.0000000000
63653  -7.288  -20.648  91.645 0.0000000000
63715  -26.327  -20.000  85.169 0.0000000000
63721  -20.299  -19.277  84.358 0.0000000000
63779  -37.297  -19.385  75.391 0.0000000000
64788  -38.379  -19.137  78.324 0.0000000000
65690  -6.771  -19.509  92.176 0.0000000000
66885  -11.788  -17.395  74.380 0.0000000000
66995  -43.873  -15.942  62.219 0.0000000000
68029  -46.342  -14.901  64.691 0.0000000000
70006  -46.144  -14.062  66.088 0.0000000000
74726  -50.016  -8.518  58.658 0.0000000000
78441  -47.677  -5.798  57.191 0.0000000000
79338  -49.261  -4.365  58.275 0.0000000000
79366  -52.123  -4.233  51.251 0.0000000000
124812  -14.643  -19.481  91.627 0.0000000000
125335  -33.074  -23.974  79.866 0.0000000000
128319  -4.658  -27.474  87.714 0.0000000000
130528  -19.747  -19.504  84.094 0.0000000000
130596  -52.583  -2.264  57.271 0.0000000000
131258  -6.814  -19.103  72.369 0.0000000000
132292  -2.961  -28.854  87.079 0.0000000000
132769  -4.232  -24.528  70.259 0.0000000000
132939  -44.744  -15.254  63.372 0.0000000000
134104  -8.211  -21.796  79.046 0.0000000000
135921  -5.742  -27.986  91.581 0.0000000000
136446  -47.321  -12.148  57.845 0.0000000000
142279  -10.486  -20.518  75.562 0.0000000000
142850  -5.898  -31.496  81.056 0.0000000000
143094  -7.597  -28.254  79.599 0.0000000000
143634  -24.570  -19.612  82.259 0.0000000000
143982  -5.763  -20.083  72.449 0.0000000000
144856  -4.034  -30.909  84.371 0.0000000000
145819  -3.747  -30.299  84.773 0.0000000000
146003  -34.342  -23.016  79.540 0.0000000000
146276  -7.099  -25.297  92.355 0.0000000000
146776  -6.781  -21.502  72.414 0.0000000000
146974  -6.165  -20.968  89.852 0.0000000000
