#!ascii label  , from subject sub-v1s8x0051347_ses-1 vox2ras=TkReg
1973
55829  -42.881  -28.127  69.327 0.0000000000
51502  -33.623  -32.982  79.439 0.0000000000
53864  -54.919  -31.225  60.688 0.0000000000
128775  -37.985  -33.571  56.352 0.0000000000
48534  -47.208  -35.628  63.067 0.0000000000
50519  -41.012  -34.069  73.477 0.0000000000
51648  -29.791  -32.294  65.944 0.0000000000
53856  -35.399  -29.811  60.001 0.0000000000
55692  -24.813  -29.222  82.969 0.0000000000
69160  -53.964  -15.624  56.472 0.0000000000
122033  -24.136  -32.945  71.428 0.0000000000
52792  -42.291  -31.855  61.753 0.0000000000
49673  -42.771  -35.845  59.108 0.0000000000
51650  -44.656  -33.299  66.375 0.0000000000
54780  -40.921  -29.468  71.447 0.0000000000
52723  -38.211  -31.139  67.087 0.0000000000
56956  -40.400  -27.806  63.470 0.0000000000
52846  -36.476  -32.947  57.889 0.0000000000
71973  -54.648  -12.798  51.776 0.0000000000
52523  -29.378  -31.276  82.661 0.0000000000
125427  -24.940  -30.291  77.957 0.0000000000
52630  -29.243  -31.661  75.703 0.0000000000
51712  -51.484  -32.733  62.192 0.0000000000
48384  -36.756  -35.275  76.929 0.0000000000
49481  -32.069  -34.464  73.084 0.0000000000
50575  -34.988  -33.329  70.932 0.0000000000
53810  -32.041  -30.910  62.966 0.0000000000
56716  -20.442  -27.384  84.684 0.0000000000
54860  -46.013  -29.657  65.300 0.0000000000
56989  -44.206  -27.614  60.480 0.0000000000
64945  -52.190  -19.536  61.105 0.0000000000
60060  -46.893  -24.980  55.923 0.0000000000
62986  -48.665  -21.709  52.148 0.0000000000
52558  -20.305  -30.516  79.651 0.0000000000
124313  -27.053  -33.330  68.770 0.0000000000
121596  -43.604  -29.945  65.001 0.0000000000
139745  -42.872  -32.910  63.085 0.0000000000
53766  -44.665  -30.466  67.384 0.0000000000
55827  -41.610  -28.635  69.699 0.0000000000
53765  -40.958  -29.782  67.617 0.0000000000
55888  -42.399  -28.629  65.861 0.0000000000
54895  -41.576  -29.276  62.439 0.0000000000
55995  -54.144  -28.768  57.422 0.0000000000
55970  -55.422  -28.448  60.382 0.0000000000
52538  -31.359  -31.655  81.529 0.0000000000
52561  -29.515  -31.055  79.395 0.0000000000
52601  -31.229  -31.894  77.872 0.0000000000
53934  -38.470  -30.410  55.772 0.0000000000
48570  -44.749  -36.055  60.832 0.0000000000
51773  -43.747  -32.259  58.215 0.0000000000
51723  -46.106  -32.865  60.352 0.0000000000
52823  -47.690  -30.976  59.548 0.0000000000
50651  -49.070  -34.021  62.532 0.0000000000
49464  -39.554  -34.927  75.363 0.0000000000
49486  -36.695  -34.352  73.789 0.0000000000
50530  -38.088  -33.669  72.387 0.0000000000
124281  -36.357  -29.271  63.449 0.0000000000
52741  -35.284  -31.119  65.350 0.0000000000
54908  -33.577  -29.858  61.256 0.0000000000
49682  -36.483  -35.216  57.002 0.0000000000
54885  -44.827  -28.810  63.153 0.0000000000
63943  -47.981  -20.826  57.851 0.0000000000
65978  -48.888  -18.751  56.117 0.0000000000
61075  -47.148  -22.989  53.605 0.0000000000
67087  -48.909  -17.057  53.894 0.0000000000
69230  -50.439  -15.417  48.298 0.0000000000
55662  -22.960  -27.375  83.859 0.0000000000
54636  -21.015  -28.999  81.615 0.0000000000
54649  -22.784  -28.943  81.216 0.0000000000
53702  -24.581  -30.599  74.521 0.0000000000
52625  -22.624  -31.253  75.264 0.0000000000
50513  -23.239  -33.325  73.221 0.0000000000
50587  -31.205  -33.527  69.898 0.0000000000
50546  -29.583  -33.438  71.433 0.0000000000
50600  -28.734  -33.215  68.003 0.0000000000
50720  -40.181  -34.222  58.592 0.0000000000
50759  -40.290  -34.306  56.797 0.0000000000
49653  -41.724  -35.728  59.547 0.0000000000
49616  -43.634  -35.957  61.804 0.0000000000
47558  -45.050  -36.227  64.104 0.0000000000
52668  -41.472  -31.788  72.852 0.0000000000
51605  -39.783  -33.119  70.325 0.0000000000
140234  -40.208  -31.363  68.865 0.0000000000
54856  -38.804  -29.733  65.311 0.0000000000
56974  -37.690  -27.826  61.271 0.0000000000
52818  -36.308  -31.093  58.723 0.0000000000
55980  -39.033  -28.505  59.691 0.0000000000
52836  -39.884  -31.740  58.569 0.0000000000
139274  -54.297  -13.713  54.164 0.0000000000
71945  -56.860  -11.876  54.570 0.0000000000
53585  -26.811  -30.487  83.286 0.0000000000
53609  -25.015  -29.937  81.012 0.0000000000
53640  -27.008  -30.669  79.957 0.0000000000
52611  -26.853  -30.832  76.393 0.0000000000
52654  -26.403  -31.170  73.342 0.0000000000
52848  -41.618  -31.565  56.917 0.0000000000
53895  -50.127  -29.916  59.036 0.0000000000
52796  -53.309  -31.806  61.709 0.0000000000
49419  -35.236  -34.330  78.216 0.0000000000
50491  -33.195  -33.597  76.349 0.0000000000
123898  -34.407  -34.596  75.278 0.0000000000
146313  -33.658  -34.119  71.784 0.0000000000
51630  -32.671  -32.461  68.520 0.0000000000
51620  -36.778  -32.337  69.423 0.0000000000
146480  -34.203  -31.811  67.278 0.0000000000
52737  -30.440  -31.885  64.503 0.0000000000
58002  -44.218  -25.837  69.352 0.0000000000
50451  -35.127  -33.480  81.162 0.0000000000
49439  -39.577  -34.589  77.466 0.0000000000
50493  -41.358  -33.347  76.028 0.0000000000
131085  -46.008  -29.538  69.934 0.0000000000
121283  -46.597  -33.128  70.158 0.0000000000
47512  -47.204  -36.115  68.377 0.0000000000
142241  -47.421  -29.610  67.241 0.0000000000
49573  -47.859  -34.892  66.011 0.0000000000
50634  -48.946  -33.268  64.319 0.0000000000
52780  -50.297  -31.042  63.272 0.0000000000
54918  -50.753  -29.013  62.084 0.0000000000
61955  -46.876  -22.892  60.184 0.0000000000
59088  -45.149  -25.849  57.897 0.0000000000
57014  -50.698  -27.319  59.809 0.0000000000
59090  -52.283  -25.756  58.243 0.0000000000
69213  -49.551  -15.252  51.299 0.0000000000
53583  -19.659  -30.659  83.247 0.0000000000
50469  -19.923  -33.517  78.498 0.0000000000
53647  -22.456  -30.058  78.419 0.0000000000
51520  -21.025  -32.048  77.036 0.0000000000
51556  -30.510  -32.631  74.460 0.0000000000
51576  -28.400  -32.515  72.440 0.0000000000
50567  -25.599  -33.493  69.859 0.0000000000
46583  -26.588  -36.873  68.989 0.0000000000
54847  -43.690  -29.343  66.826 0.0000000000
53791  -44.180  -30.308  65.744 0.0000000000
54836  -44.216  -29.691  67.633 0.0000000000
55828  -42.188  -28.257  69.405 0.0000000000
54818  -42.065  -28.954  68.161 0.0000000000
55860  -43.058  -28.979  67.091 0.0000000000
54873  -43.117  -29.017  65.281 0.0000000000
53896  -54.069  -30.776  59.321 0.0000000000
54960  -54.642  -30.762  58.674 0.0000000000
53897  -55.528  -31.024  58.631 0.0000000000
53880  -55.395  -31.083  59.913 0.0000000000
137424  -32.408  -32.094  80.154 0.0000000000
52563  -31.572  -31.695  79.638 0.0000000000
51513  -32.706  -32.462  78.498 0.0000000000
52873  -37.202  -31.519  55.919 0.0000000000
52874  -38.030  -31.397  56.091 0.0000000000
48551  -45.889  -35.879  61.944 0.0000000000
50682  -45.355  -33.812  60.542 0.0000000000
50667  -46.481  -34.007  61.451 0.0000000000
50668  -47.447  -33.570  61.622 0.0000000000
49603  -47.641  -34.921  62.662 0.0000000000
49490  -40.515  -34.365  74.033 0.0000000000
49488  -38.779  -34.290  73.952 0.0000000000
50532  -39.985  -33.991  72.494 0.0000000000
55934  -35.257  -28.433  61.308 0.0000000000
132213  -34.484  -29.234  62.496 0.0000000000
54909  -34.061  -29.326  61.030 0.0000000000
52790  -35.558  -31.846  60.641 0.0000000000
51789  -37.064  -33.887  56.355 0.0000000000
51804  -35.441  -32.795  56.254 0.0000000000
51806  -36.730  -32.650  56.159 0.0000000000
65968  -50.568  -17.893  57.342 0.0000000000
121975  -51.673  -16.545  56.303 0.0000000000
67072  -48.807  -17.965  54.971 0.0000000000
69175  -51.907  -15.719  55.139 0.0000000000
55678  -23.661  -28.118  83.532 0.0000000000
55690  -23.130  -28.276  82.640 0.0000000000
54637  -24.185  -29.306  82.183 0.0000000000
52652  -24.407  -30.992  72.872 0.0000000000
52651  -23.483  -31.354  73.269 0.0000000000
133160  -23.443  -33.129  72.481 0.0000000000
49480  -23.927  -35.026  73.095 0.0000000000
48436  -24.393  -35.145  72.301 0.0000000000
51629  -30.978  -32.899  68.658 0.0000000000
50594  -29.572  -33.270  68.557 0.0000000000
51640  -28.953  -32.791  67.159 0.0000000000
51735  -41.213  -33.400  59.453 0.0000000000
49671  -40.654  -35.425  58.536 0.0000000000
51722  -42.145  -33.365  60.702 0.0000000000
51661  -43.618  -32.978  64.515 0.0000000000
50648  -43.026  -34.237  62.278 0.0000000000
49571  -43.718  -34.565  64.475 0.0000000000
48531  -44.419  -36.317  62.707 0.0000000000
49572  -44.077  -35.190  65.036 0.0000000000
53724  -41.333  -30.822  72.629 0.0000000000
52678  -40.433  -32.143  70.267 0.0000000000
53733  -40.611  -31.198  69.994 0.0000000000
54858  -40.391  -29.241  65.942 0.0000000000
54844  -39.822  -29.970  66.304 0.0000000000
54871  -39.292  -28.945  64.943 0.0000000000
55908  -38.508  -28.726  63.862 0.0000000000
55921  -38.987  -27.999  62.736 0.0000000000
56986  -38.318  -27.812  60.741 0.0000000000
55936  -39.688  -27.664  61.290 0.0000000000
53841  -41.599  -30.453  61.387 0.0000000000
53857  -40.847  -30.133  59.960 0.0000000000
53873  -40.945  -31.209  59.585 0.0000000000
51748  -40.077  -32.850  58.618 0.0000000000
52521  -27.955  -31.113  82.304 0.0000000000
53625  -27.129  -30.792  80.904 0.0000000000
52534  -28.052  -31.082  81.275 0.0000000000
141477  -29.690  -31.451  77.377 0.0000000000
52579  -28.425  -30.965  78.127 0.0000000000
140341  -27.890  -31.172  75.832 0.0000000000
52627  -26.902  -30.993  75.013 0.0000000000
52642  -27.488  -31.316  74.404 0.0000000000
50748  -41.273  -34.926  57.473 0.0000000000
122501  -40.910  -32.472  56.803 0.0000000000
51771  -41.628  -32.616  57.296 0.0000000000
124471  -44.788  -31.178  57.883 0.0000000000
53921  -43.434  -30.659  56.876 0.0000000000
54984  -43.996  -29.562  56.229 0.0000000000
51726  -49.707  -31.938  61.177 0.0000000000
53875  -49.154  -30.636  59.749 0.0000000000
52807  -50.402  -31.296  60.740 0.0000000000
53861  -52.167  -30.949  60.499 0.0000000000
52794  -51.935  -32.009  61.563 0.0000000000
49451  -36.026  -35.019  77.141 0.0000000000
49450  -34.722  -34.427  76.527 0.0000000000
48393  -36.071  -35.045  76.301 0.0000000000
50528  -36.029  -33.737  72.180 0.0000000000
134730  -35.370  -34.210  72.807 0.0000000000
128558  -34.110  -33.831  71.493 0.0000000000
50589  -33.063  -33.217  70.140 0.0000000000
51599  -33.771  -32.907  69.828 0.0000000000
52690  -39.245  -32.289  68.891 0.0000000000
51621  -37.738  -32.420  69.441 0.0000000000
52705  -37.431  -31.699  68.016 0.0000000000
53799  -33.597  -30.742  64.249 0.0000000000
52732  -34.586  -31.505  66.070 0.0000000000
53786  -33.398  -31.308  65.169 0.0000000000
52730  -32.343  -31.704  66.153 0.0000000000
52832  -36.287  -31.764  58.360 0.0000000000
49440  -40.230  -34.189  77.055 0.0000000000
53708  -42.929  -30.816  74.752 0.0000000000
126378  -44.906  -26.669  69.230 0.0000000000
55818  -47.452  -29.498  70.382 0.0000000000
53742  -47.813  -31.059  70.255 0.0000000000
121061  -47.015  -34.544  69.919 0.0000000000
121072  -47.918  -31.634  69.852 0.0000000000
130734  -46.522  -29.900  66.209 0.0000000000
121069  -46.676  -32.143  66.694 0.0000000000
51657  -46.601  -32.819  65.347 0.0000000000
50616  -47.920  -34.126  65.043 0.0000000000
52753  -46.341  -31.846  64.305 0.0000000000
133582  -44.019  -27.837  62.234 0.0000000000
53828  -46.938  -30.879  62.231 0.0000000000
54915  -47.544  -29.679  61.374 0.0000000000
132703  -50.280  -30.148  62.655 0.0000000000
131861  -46.754  -28.564  60.442 0.0000000000
62895  -49.435  -21.067  60.004 0.0000000000
62933  -45.724  -21.984  56.639 0.0000000000
128159  -45.320  -22.685  57.582 0.0000000000
59113  -45.383  -25.069  56.784 0.0000000000
57012  -48.556  -27.190  58.859 0.0000000000
58140  -48.765  -26.368  57.838 0.0000000000
133153  -50.978  -26.506  58.596 0.0000000000
59104  -49.759  -25.623  57.263 0.0000000000
62055  -48.227  -22.186  52.620 0.0000000000
61053  -50.177  -23.800  55.228 0.0000000000
61067  -51.043  -23.379  54.986 0.0000000000
137747  -54.382  -13.317  53.023 0.0000000000
70143  -51.531  -14.276  52.581 0.0000000000
146761  -51.829  -13.937  51.243 0.0000000000
139172  -20.710  -29.551  80.958 0.0000000000
53608  -20.002  -30.145  81.276 0.0000000000
52543  -19.770  -31.092  80.227 0.0000000000
51499  -19.623  -32.968  79.793 0.0000000000
52575  -20.137  -31.623  78.645 0.0000000000
53650  -25.203  -30.189  78.709 0.0000000000
53637  -24.401  -29.827  79.281 0.0000000000
53649  -24.301  -29.964  78.278 0.0000000000
52624  -21.461  -31.879  76.194 0.0000000000
49446  -22.908  -35.187  76.460 0.0000000000
50498  -32.727  -34.004  75.007 0.0000000000
51548  -31.585  -32.784  75.491 0.0000000000
50507  -31.754  -33.681  74.113 0.0000000000
144196  -28.808  -33.361  70.601 0.0000000000
50523  -29.002  -32.976  71.864 0.0000000000
50544  -27.888  -33.049  71.028 0.0000000000
51584  -27.259  -32.432  71.297 0.0000000000
50582  -26.164  -33.599  69.409 0.0000000000
46560  -26.694  -37.726  70.236 0.0000000000
53813  -42.586  -30.605  63.198 0.0000000000
51692  -42.624  -32.297  62.560 0.0000000000
52762  -43.182  -31.239  63.782 0.0000000000
51662  -43.993  -32.056  64.958 0.0000000000
51656  -44.502  -32.308  65.921 0.0000000000
55808  -41.291  -28.544  71.208 0.0000000000
53734  -40.839  -30.244  69.702 0.0000000000
54817  -41.450  -29.466  68.489 0.0000000000
54846  -41.433  -29.244  67.171 0.0000000000
122243  -41.012  -28.229  64.871 0.0000000000
55922  -40.861  -27.916  62.572 0.0000000000
55911  -42.287  -28.630  63.957 0.0000000000
54884  -42.542  -29.490  63.567 0.0000000000
129283  -55.578  -28.114  59.579 0.0000000000
52537  -30.474  -31.458  81.682 0.0000000000
125163  -29.303  -31.105  80.250 0.0000000000
52546  -30.221  -31.202  79.974 0.0000000000
52581  -30.550  -31.457  78.461 0.0000000000
52615  -30.274  -31.815  76.770 0.0000000000
49654  -43.504  -36.042  59.795 0.0000000000
51772  -42.896  -33.005  58.244 0.0000000000
50722  -43.998  -33.456  59.222 0.0000000000
122396  -44.851  -32.801  59.394 0.0000000000
52838  -45.841  -31.386  58.485 0.0000000000
53891  -46.988  -30.531  58.144 0.0000000000
51724  -47.075  -32.282  60.555 0.0000000000
51725  -48.698  -32.318  61.261 0.0000000000
51694  -50.554  -33.332  62.430 0.0000000000
48403  -37.775  -35.260  75.940 0.0000000000
48410  -37.130  -35.074  75.461 0.0000000000
122240  -38.106  -34.554  74.534 0.0000000000
49506  -37.377  -34.008  73.066 0.0000000000
50552  -36.752  -33.396  71.487 0.0000000000
53788  -37.535  -30.484  65.522 0.0000000000
52721  -36.370  -31.314  66.615 0.0000000000
53801  -35.594  -30.553  64.578 0.0000000000
53800  -34.337  -30.298  63.906 0.0000000000
124686  -32.556  -30.524  62.273 0.0000000000
51703  -33.126  -31.873  61.544 0.0000000000
52788  -33.659  -31.278  61.069 0.0000000000
51768  -36.689  -34.457  57.515 0.0000000000
51787  -35.262  -33.915  56.680 0.0000000000
58060  -45.841  -26.608  65.433 0.0000000000
55913  -45.188  -28.953  63.946 0.0000000000
58069  -44.671  -26.697  64.190 0.0000000000
59052  -44.606  -25.871  63.155 0.0000000000
59063  -43.942  -25.367  61.609 0.0000000000
65939  -52.237  -18.266  59.895 0.0000000000
63932  -50.175  -20.119  59.476 0.0000000000
65953  -50.748  -18.613  58.660 0.0000000000
63966  -48.176  -19.957  56.873 0.0000000000
62950  -45.695  -21.479  54.985 0.0000000000
60086  -46.542  -24.016  54.778 0.0000000000
63997  -46.539  -20.240  54.361 0.0000000000
65039  -47.093  -19.013  53.010 0.0000000000
126212  -47.258  -19.098  51.670 0.0000000000
131765  -54.798  -12.160  50.120 0.0000000000
71080  -52.522  -13.648  50.338 0.0000000000
71094  -52.311  -13.659  48.559 0.0000000000
141824  -22.019  -27.037  83.915 0.0000000000
55675  -20.494  -28.146  83.351 0.0000000000
121654  -22.242  -28.070  82.652 0.0000000000
55699  -21.927  -28.777  81.537 0.0000000000
141962  -21.855  -29.367  80.192 0.0000000000
130401  -24.668  -30.511  75.919 0.0000000000
53663  -23.664  -30.380  76.822 0.0000000000
52626  -23.439  -30.791  75.351 0.0000000000
52638  -22.507  -31.696  74.430 0.0000000000
50504  -22.337  -33.526  74.398 0.0000000000
49459  -23.312  -35.105  75.481 0.0000000000
49471  -23.467  -34.861  74.481 0.0000000000
50548  -31.714  -34.214  71.468 0.0000000000
50525  -30.856  -33.861  72.340 0.0000000000
50572  -30.659  -33.767  70.506 0.0000000000
124090  -28.844  -33.311  69.031 0.0000000000
50593  -27.956  -33.302  68.486 0.0000000000
48601  -38.465  -35.485  57.112 0.0000000000
51790  -38.850  -33.250  56.413 0.0000000000
48608  -39.430  -35.402  57.404 0.0000000000
48604  -41.103  -36.173  57.950 0.0000000000
48587  -42.128  -36.458  58.821 0.0000000000
50680  -42.373  -34.333  60.859 0.0000000000
49633  -42.721  -35.559  60.869 0.0000000000
48588  -42.900  -36.536  59.729 0.0000000000
47620  -43.952  -36.974  60.830 0.0000000000
47606  -44.757  -36.629  61.711 0.0000000000
47591  -45.837  -36.371  63.064 0.0000000000
51579  -41.263  -33.384  73.099 0.0000000000
50556  -40.298  -33.599  71.958 0.0000000000
51587  -40.529  -33.085  71.546 0.0000000000
136535  -39.812  -32.264  69.304 0.0000000000
52707  -39.381  -31.593  68.337 0.0000000000
53750  -40.485  -30.749  68.523 0.0000000000
52724  -39.536  -30.854  67.657 0.0000000000
53777  -38.678  -30.693  66.437 0.0000000000
54869  -37.609  -29.533  64.347 0.0000000000
54881  -36.824  -28.596  62.921 0.0000000000
124001  -36.087  -28.084  60.860 0.0000000000
53869  -36.055  -30.200  59.599 0.0000000000
55978  -37.310  -28.571  59.574 0.0000000000
54940  -37.872  -29.122  59.190 0.0000000000
53888  -38.133  -30.541  58.329 0.0000000000
54910  -40.841  -28.921  61.128 0.0000000000
53871  -39.563  -29.895  59.055 0.0000000000
52835  -38.998  -31.361  58.179 0.0000000000
51769  -38.161  -33.689  57.665 0.0000000000
134712  -37.741  -35.721  57.071 0.0000000000
70112  -53.786  -14.675  54.927 0.0000000000
71028  -55.915  -13.419  55.695 0.0000000000
71951  -56.012  -12.782  54.419 0.0000000000
71961  -55.770  -12.444  52.701 0.0000000000
71975  -56.249  -11.740  51.484 0.0000000000
72909  -56.570  -11.699  49.670 0.0000000000
53584  -26.098  -30.161  82.956 0.0000000000
54638  -24.826  -29.627  82.220 0.0000000000
53598  -25.909  -30.291  82.071 0.0000000000
53624  -26.247  -30.516  80.528 0.0000000000
53651  -26.124  -30.356  78.613 0.0000000000
52560  -28.607  -30.941  79.637 0.0000000000
52577  -26.957  -30.637  78.141 0.0000000000
53666  -26.192  -30.539  77.673 0.0000000000
131928  -26.248  -30.764  75.769 0.0000000000
52640  -25.810  -30.783  73.899 0.0000000000
52665  -25.247  -31.303  72.271 0.0000000000
123762  -39.309  -32.208  56.362 0.0000000000
125987  -39.926  -31.175  56.276 0.0000000000
52849  -42.382  -31.748  57.373 0.0000000000
54945  -52.061  -30.033  59.309 0.0000000000
53863  -54.036  -31.250  60.584 0.0000000000
50470  -34.404  -33.488  79.354 0.0000000000
51524  -33.279  -32.889  78.055 0.0000000000
124612  -33.943  -33.802  76.852 0.0000000000
49449  -33.872  -34.266  75.960 0.0000000000
49473  -33.029  -34.428  74.358 0.0000000000
49475  -35.370  -34.732  74.600 0.0000000000
132489  -34.084  -34.670  73.517 0.0000000000
49502  -32.608  -34.530  72.560 0.0000000000
50549  -32.569  -33.804  70.865 0.0000000000
50588  -32.174  -33.299  69.898 0.0000000000
51642  -31.064  -32.382  67.680 0.0000000000
50578  -39.345  -33.448  70.959 0.0000000000
50576  -37.650  -33.017  70.768 0.0000000000
138898  -36.304  -32.591  69.977 0.0000000000
52720  -35.599  -31.603  67.246 0.0000000000
52704  -35.051  -31.952  68.000 0.0000000000
51632  -34.482  -32.297  68.756 0.0000000000
51644  -33.167  -32.148  67.796 0.0000000000
52716  -31.721  -31.897  66.930 0.0000000000
50695  -34.565  -32.838  58.979 0.0000000000
56896  -42.599  -27.439  69.787 0.0000000000
56897  -43.355  -27.396  69.560 0.0000000000
56705  -22.851  -26.589  85.273 0.0000000000
54615  -25.948  -29.372  84.503 0.0000000000
54616  -26.674  -29.755  84.591 0.0000000000
53573  -27.848  -30.482  84.323 0.0000000000
139848  -31.088  -31.575  82.500 0.0000000000
51476  -32.883  -32.130  81.895 0.0000000000
51477  -33.733  -32.522  81.789 0.0000000000
50460  -34.226  -33.229  80.422 0.0000000000
50461  -35.119  -33.791  80.174 0.0000000000
49420  -35.921  -34.511  78.957 0.0000000000
122469  -37.327  -35.030  78.408 0.0000000000
49423  -38.575  -34.580  78.603 0.0000000000
48386  -38.265  -35.343  77.303 0.0000000000
48396  -39.308  -35.159  76.131 0.0000000000
49466  -40.590  -34.409  75.459 0.0000000000
49467  -41.099  -34.080  75.021 0.0000000000
51558  -41.858  -33.073  74.785 0.0000000000
133707  -41.995  -32.247  73.954 0.0000000000
53717  -41.893  -31.139  73.486 0.0000000000
56888  -42.274  -27.255  70.451 0.0000000000
139683  -44.196  -28.916  69.359 0.0000000000
53767  -45.232  -31.071  68.139 0.0000000000
138126  -45.404  -31.987  68.032 0.0000000000
58004  -47.013  -26.446  69.133 0.0000000000
53740  -46.406  -30.867  70.171 0.0000000000
121071  -45.556  -33.822  68.365 0.0000000000
48472  -45.244  -35.813  67.302 0.0000000000
47533  -46.380  -36.555  66.692 0.0000000000
137125  -47.194  -36.580  66.275 0.0000000000
121426  -47.236  -32.443  67.739 0.0000000000
121361  -47.516  -35.217  67.724 0.0000000000
47545  -48.711  -36.322  65.692 0.0000000000
48515  -50.038  -35.700  64.817 0.0000000000
49591  -50.868  -35.127  64.635 0.0000000000
50620  -51.779  -33.811  64.572 0.0000000000
52776  -46.189  -31.199  62.840 0.0000000000
51693  -48.731  -31.986  63.135 0.0000000000
51668  -52.351  -32.472  64.345 0.0000000000
52768  -52.765  -31.638  64.054 0.0000000000
54887  -52.525  -29.661  63.799 0.0000000000
55926  -52.410  -28.554  62.787 0.0000000000
60992  -47.474  -23.259  61.036 0.0000000000
135515  -43.958  -24.712  60.203 0.0000000000
62894  -47.827  -21.797  59.045 0.0000000000
61005  -44.624  -23.958  58.772 0.0000000000
58104  -44.148  -26.604  59.290 0.0000000000
56993  -48.243  -27.986  59.881 0.0000000000
55968  -50.754  -28.181  60.989 0.0000000000
55948  -53.912  -28.172  62.319 0.0000000000
56998  -54.123  -27.084  61.277 0.0000000000
58096  -54.617  -26.629  60.775 0.0000000000
59079  -54.822  -25.731  59.645 0.0000000000
60063  -49.999  -24.838  56.340 0.0000000000
60064  -51.620  -25.027  56.903 0.0000000000
59093  -55.222  -24.988  59.016 0.0000000000
70123  -52.117  -14.807  54.072 0.0000000000
68191  -49.164  -16.125  52.648 0.0000000000
147200  -47.557  -18.322  50.846 0.0000000000
69219  -49.841  -14.970  49.856 0.0000000000
66035  -48.865  -17.466  49.606 0.0000000000
64013  -50.045  -21.045  51.727 0.0000000000
54634  -19.877  -29.900  82.701 0.0000000000
54662  -24.239  -29.658  80.830 0.0000000000
54672  -23.121  -29.490  79.907 0.0000000000
53635  -21.899  -29.732  79.119 0.0000000000
53662  -22.745  -30.586  77.012 0.0000000000
53646  -21.737  -30.632  77.938 0.0000000000
129061  -20.965  -31.142  78.271 0.0000000000
51519  -20.094  -32.899  77.869 0.0000000000
51523  -32.627  -32.615  77.644 0.0000000000
51534  -30.943  -32.222  76.130 0.0000000000
51546  -29.911  -32.062  75.075 0.0000000000
50515  -30.066  -33.002  72.810 0.0000000000
51566  -29.482  -32.493  73.427 0.0000000000
51554  -28.876  -32.009  74.046 0.0000000000
51564  -27.808  -32.007  73.041 0.0000000000
52673  -25.927  -31.741  71.801 0.0000000000
134325  -24.537  -33.160  70.952 0.0000000000
147031  -27.674  -34.263  66.638 0.0000000000
48456  -26.893  -35.396  67.239 0.0000000000
48452  -25.960  -35.764  68.373 0.0000000000
48448  -25.457  -35.341  69.501 0.0000000000
48445  -25.150  -35.292  70.272 0.0000000000
49518  -24.474  -34.575  71.400 0.0000000000
54835  -43.544  -29.272  67.575 0.0000000000
123954  -43.805  -29.291  68.323 0.0000000000
55844  -42.508  -28.632  68.748 0.0000000000
54819  -42.918  -29.050  68.032 0.0000000000
53879  -54.775  -31.375  59.974 0.0000000000
125223  -53.684  -30.229  58.609 0.0000000000
54933  -55.243  -30.353  60.962 0.0000000000
51489  -33.319  -32.651  80.229 0.0000000000
51501  -32.914  -32.459  79.342 0.0000000000
52860  -37.573  -32.555  56.225 0.0000000000
48533  -46.270  -35.996  62.650 0.0000000000
49618  -46.203  -35.020  61.710 0.0000000000
49602  -46.730  -35.374  62.299 0.0000000000
49619  -47.112  -34.517  61.964 0.0000000000
49509  -40.301  -34.200  73.263 0.0000000000
55957  -35.354  -28.486  60.621 0.0000000000
55956  -34.706  -28.816  60.786 0.0000000000
52872  -36.421  -31.579  55.820 0.0000000000
68154  -53.386  -16.162  56.884 0.0000000000
68140  -51.932  -16.829  57.065 0.0000000000
68153  -52.499  -16.336  56.589 0.0000000000
68169  -51.396  -16.261  55.559 0.0000000000
68170  -52.199  -16.018  55.857 0.0000000000
55679  -24.406  -28.691  83.573 0.0000000000
55691  -23.930  -28.751  82.812 0.0000000000
51573  -23.694  -32.514  71.987 0.0000000000
52663  -23.604  -31.718  72.549 0.0000000000
50522  -23.718  -33.437  71.945 0.0000000000
50514  -23.724  -33.895  72.807 0.0000000000
49500  -23.986  -34.322  72.154 0.0000000000
51641  -29.857  -32.459  67.092 0.0000000000
51628  -30.226  -32.912  68.118 0.0000000000
51647  -29.076  -32.628  66.323 0.0000000000
52804  -41.603  -31.821  60.239 0.0000000000
141247  -41.718  -33.081  60.045 0.0000000000
51707  -42.112  -32.365  60.871 0.0000000000
51655  -44.097  -33.275  65.381 0.0000000000
50614  -43.732  -33.773  64.749 0.0000000000
49559  -43.956  -34.366  65.262 0.0000000000
50607  -44.302  -34.197  66.028 0.0000000000
54765  -41.250  -29.776  72.439 0.0000000000
53730  -40.841  -30.517  71.683 0.0000000000
54779  -40.725  -30.313  70.685 0.0000000000
55899  -40.431  -28.141  64.501 0.0000000000
55885  -40.222  -28.638  65.168 0.0000000000
55898  -39.793  -28.337  64.457 0.0000000000
126177  -39.587  -28.135  63.872 0.0000000000
56955  -39.773  -27.774  63.260 0.0000000000
56963  -39.742  -27.623  62.362 0.0000000000
56964  -40.338  -27.674  62.839 0.0000000000
52791  -41.891  -31.341  61.111 0.0000000000
53858  -41.415  -30.765  60.479 0.0000000000
52820  -41.172  -32.408  59.525 0.0000000000
52535  -28.757  -31.225  82.000 0.0000000000
52614  -29.428  -31.539  76.572 0.0000000000
125483  -28.793  -31.170  77.298 0.0000000000
52613  -28.492  -31.246  76.333 0.0000000000
52628  -27.705  -31.240  75.184 0.0000000000
52629  -28.453  -31.436  75.425 0.0000000000
50749  -41.863  -34.894  57.973 0.0000000000
123008  -41.731  -33.761  57.586 0.0000000000
146506  -42.281  -33.733  58.033 0.0000000000
53907  -45.340  -30.651  57.590 0.0000000000
53906  -44.535  -30.730  57.359 0.0000000000
133072  -50.413  -32.544  61.772 0.0000000000
52825  -49.390  -31.196  60.451 0.0000000000
52793  -50.875  -31.926  61.437 0.0000000000
52808  -51.460  -31.319  61.002 0.0000000000
50551  -35.794  -33.476  71.451 0.0000000000
50527  -34.961  -33.915  71.956 0.0000000000
50574  -33.765  -33.426  70.690 0.0000000000
51600  -34.561  -32.929  70.082 0.0000000000
123652  -38.191  -31.569  67.823 0.0000000000
139922  -38.029  -31.922  68.323 0.0000000000
52722  -37.579  -31.467  67.419 0.0000000000
53798  -32.593  -30.789  63.778 0.0000000000
52751  -32.677  -31.127  64.512 0.0000000000
52739  -32.529  -31.453  65.282 0.0000000000
52750  -31.913  -31.088  63.858 0.0000000000
52833  -37.096  -31.587  58.053 0.0000000000
51766  -35.380  -33.925  57.528 0.0000000000
55890  -46.283  -28.153  66.040 0.0000000000
54861  -46.367  -29.047  66.058 0.0000000000
53793  -46.314  -30.598  65.689 0.0000000000
52746  -46.280  -31.457  65.136 0.0000000000
139379  -46.419  -32.242  65.044 0.0000000000
53792  -46.017  -30.553  64.778 0.0000000000
123429  -44.031  -27.798  61.181 0.0000000000
54913  -45.501  -29.459  61.539 0.0000000000
54932  -45.777  -29.161  61.033 0.0000000000
55942  -47.203  -29.044  60.888 0.0000000000
55964  -45.671  -28.631  60.585 0.0000000000
63934  -51.725  -20.098  60.981 0.0000000000
63921  -51.309  -20.727  60.992 0.0000000000
63933  -51.034  -20.076  60.294 0.0000000000
61050  -45.202  -23.404  55.667 0.0000000000
60058  -44.989  -24.358  56.455 0.0000000000
60059  -45.818  -24.767  56.110 0.0000000000
59101  -47.135  -25.975  57.134 0.0000000000
59115  -47.594  -25.449  56.553 0.0000000000
59103  -49.091  -25.812  57.211 0.0000000000
62056  -49.173  -22.237  52.647 0.0000000000
62034  -50.074  -23.077  53.955 0.0000000000
130009  -49.615  -22.650  53.316 0.0000000000
62977  -50.081  -22.119  52.804 0.0000000000
71059  -54.513  -13.080  52.424 0.0000000000
71058  -53.701  -13.438  52.486 0.0000000000
71073  -53.368  -13.374  51.628 0.0000000000
55661  -20.145  -28.138  84.282 0.0000000000
53620  -20.836  -29.951  79.871 0.0000000000
53619  -20.229  -30.162  80.430 0.0000000000
52557  -19.880  -31.344  79.419 0.0000000000
53664  -24.352  -30.229  77.438 0.0000000000
50508  -32.373  -34.071  74.276 0.0000000000
50518  -32.073  -34.166  73.696 0.0000000000
50584  -28.022  -33.250  69.430 0.0000000000
50570  -28.110  -33.276  70.383 0.0000000000
50583  -27.055  -33.097  69.602 0.0000000000
50569  -27.196  -32.865  70.470 0.0000000000
145493  -26.671  -33.374  69.171 0.0000000000
132842  -43.155  -30.046  64.084 0.0000000000
53804  -43.516  -30.719  64.429 0.0000000000
53780  -44.535  -30.782  66.470 0.0000000000
52743  -43.953  -30.939  64.993 0.0000000000
52744  -44.385  -31.302  65.695 0.0000000000
121317  -44.674  -31.616  66.414 0.0000000000
143802  -41.475  -28.386  70.412 0.0000000000
54804  -41.331  -29.449  69.324 0.0000000000
54834  -42.250  -28.913  67.339 0.0000000000
54833  -41.509  -29.360  67.785 0.0000000000
55872  -41.960  -28.718  66.602 0.0000000000
142876  -41.668  -28.562  66.005 0.0000000000
55887  -41.690  -28.466  65.294 0.0000000000
55900  -41.655  -28.299  64.441 0.0000000000
55901  -42.357  -28.624  64.868 0.0000000000
143575  -43.226  -29.484  64.662 0.0000000000
54872  -42.868  -29.118  64.363 0.0000000000
54946  -55.833  -30.734  59.259 0.0000000000
55981  -55.835  -29.480  59.493 0.0000000000
52547  -30.748  -31.431  80.779 0.0000000000
52582  -31.392  -31.759  78.747 0.0000000000
52562  -30.820  -31.436  79.325 0.0000000000
52600  -30.470  -31.646  77.573 0.0000000000
49634  -44.098  -36.074  60.239 0.0000000000
50698  -43.640  -34.704  59.531 0.0000000000
132692  -44.180  -34.972  59.990 0.0000000000
140055  -46.037  -33.623  60.918 0.0000000000
50700  -45.206  -33.228  59.970 0.0000000000
51736  -45.750  -32.411  59.566 0.0000000000
51751  -45.369  -32.010  58.944 0.0000000000
51737  -46.588  -32.001  59.802 0.0000000000
50650  -48.046  -34.104  62.274 0.0000000000
51709  -47.725  -32.659  61.214 0.0000000000
51710  -48.570  -33.256  61.814 0.0000000000
51711  -49.558  -32.791  61.765 0.0000000000
50669  -49.544  -33.456  62.275 0.0000000000
48404  -38.701  -35.184  75.642 0.0000000000
48411  -37.958  -34.925  75.216 0.0000000000
49477  -39.019  -34.785  74.756 0.0000000000
49507  -38.443  -34.007  73.152 0.0000000000
50529  -37.047  -33.671  72.292 0.0000000000
50553  -37.795  -33.391  71.621 0.0000000000
53803  -37.186  -30.147  64.817 0.0000000000
53787  -36.719  -30.680  65.294 0.0000000000
54867  -35.943  -29.954  63.957 0.0000000000
54893  -33.752  -29.512  61.838 0.0000000000
54879  -34.457  -29.725  63.312 0.0000000000
54878  -33.889  -29.646  62.697 0.0000000000
53812  -33.726  -30.118  63.322 0.0000000000
53824  -33.103  -30.147  61.752 0.0000000000
53823  -32.629  -30.680  61.711 0.0000000000
53840  -33.328  -30.518  61.221 0.0000000000
136237  -36.653  -35.314  57.075 0.0000000000
49681  -35.865  -34.680  56.934 0.0000000000
59035  -45.896  -25.741  65.054 0.0000000000
58070  -45.254  -26.279  64.671 0.0000000000
60013  -46.761  -24.361  62.652 0.0000000000
132048  -45.689  -24.817  62.769 0.0000000000
59057  -44.253  -25.614  62.400 0.0000000000
60018  -45.867  -24.361  62.004 0.0000000000
68131  -53.906  -16.822  59.088 0.0000000000
68113  -54.348  -16.628  59.668 0.0000000000
67026  -53.725  -17.042  59.809 0.0000000000
124245  -52.329  -17.712  59.199 0.0000000000
65954  -51.566  -18.263  59.116 0.0000000000
67038  -51.796  -17.607  58.428 0.0000000000
65979  -49.659  -18.245  56.426 0.0000000000
65967  -49.866  -18.488  57.346 0.0000000000
64998  -48.526  -19.373  56.529 0.0000000000
63965  -47.219  -20.242  55.958 0.0000000000
65012  -47.493  -19.679  55.479 0.0000000000
63978  -46.108  -20.773  54.669 0.0000000000
65989  -47.781  -19.054  55.023 0.0000000000
67078  -48.517  -17.770  54.166 0.0000000000
66001  -47.426  -19.053  54.056 0.0000000000
66008  -47.772  -18.311  53.524 0.0000000000
65045  -47.019  -19.259  52.280 0.0000000000
67086  -47.657  -17.977  52.696 0.0000000000
71995  -54.277  -12.561  49.407 0.0000000000
71994  -53.632  -12.924  49.504 0.0000000000
144020  -22.648  -26.883  84.447 0.0000000000
56730  -22.096  -27.574  83.283 0.0000000000
55701  -23.393  -28.850  82.030 0.0000000000
55700  -22.515  -28.536  82.021 0.0000000000
54648  -21.740  -29.180  80.867 0.0000000000
54660  -22.552  -29.253  80.399 0.0000000000
53691  -24.262  -30.595  75.297 0.0000000000
53701  -23.762  -30.795  74.626 0.0000000000
51563  -22.879  -32.428  73.333 0.0000000000
52650  -22.812  -31.773  73.589 0.0000000000
51562  -22.523  -32.437  73.989 0.0000000000
50512  -22.840  -33.110  73.796 0.0000000000
50505  -23.040  -33.960  73.975 0.0000000000
48424  -24.594  -35.565  73.784 0.0000000000
50573  -31.520  -33.825  70.656 0.0000000000
123155  -30.896  -34.002  71.256 0.0000000000
50585  -29.683  -33.506  69.446 0.0000000000
135188  -27.922  -33.422  67.726 0.0000000000
48602  -39.131  -35.416  57.401 0.0000000000
49694  -38.943  -35.325  56.890 0.0000000000
48596  -39.823  -35.610  57.710 0.0000000000
49652  -41.236  -35.531  58.995 0.0000000000
48585  -41.114  -36.110  58.390 0.0000000000
48586  -41.678  -36.380  58.795 0.0000000000
48605  -41.552  -36.190  58.260 0.0000000000
48566  -42.186  -36.472  59.341 0.0000000000
51676  -42.978  -32.184  63.409 0.0000000000
51708  -42.441  -33.059  61.543 0.0000000000
122323  -42.775  -33.375  62.392 0.0000000000
49601  -43.373  -34.908  62.569 0.0000000000
49615  -43.161  -35.194  61.654 0.0000000000
48567  -42.777  -36.580  59.986 0.0000000000
48547  -43.268  -36.454  60.874 0.0000000000
48568  -43.540  -36.663  60.407 0.0000000000
48548  -43.800  -36.894  61.090 0.0000000000
48511  -44.433  -36.025  63.608 0.0000000000
47589  -44.630  -36.585  62.113 0.0000000000
47573  -44.871  -36.473  63.074 0.0000000000
47590  -45.148  -36.578  62.560 0.0000000000
47574  -45.494  -36.423  63.567 0.0000000000
127889  -41.578  -32.505  73.294 0.0000000000
51588  -41.044  -32.636  72.287 0.0000000000
123250  -40.269  -31.840  69.418 0.0000000000
125360  -39.826  -31.796  68.857 0.0000000000
53739  -40.946  -30.194  68.863 0.0000000000
53764  -40.382  -30.446  67.785 0.0000000000
53779  -40.004  -30.204  67.067 0.0000000000
53778  -39.342  -30.464  66.779 0.0000000000
53763  -38.913  -30.839  67.195 0.0000000000
53790  -39.184  -30.297  65.933 0.0000000000
53789  -38.378  -30.402  65.717 0.0000000000
55907  -37.995  -28.426  63.155 0.0000000000
55920  -37.285  -28.142  62.174 0.0000000000
55919  -36.187  -28.329  61.968 0.0000000000
55935  -36.813  -27.964  61.399 0.0000000000
55958  -36.679  -28.177  60.110 0.0000000000
56985  -36.945  -27.866  60.748 0.0000000000
55960  -38.611  -28.027  60.168 0.0000000000
55979  -38.193  -28.466  59.613 0.0000000000
54941  -38.636  -29.043  59.254 0.0000000000
54953  -38.370  -29.666  58.830 0.0000000000
54954  -38.983  -29.538  58.968 0.0000000000
55923  -41.387  -28.396  62.806 0.0000000000
55938  -41.064  -28.498  61.971 0.0000000000
143472  -40.317  -31.186  58.978 0.0000000000
53872  -40.287  -30.416  59.274 0.0000000000
53890  -39.715  -30.744  58.699 0.0000000000
51746  -38.542  -32.628  57.822 0.0000000000
51747  -39.371  -32.620  58.198 0.0000000000
50719  -39.417  -34.659  58.123 0.0000000000
135816  -39.582  -33.626  58.332 0.0000000000
49684  -38.614  -35.330  57.307 0.0000000000
71041  -56.163  -12.743  55.065 0.0000000000
71944  -56.447  -12.365  54.477 0.0000000000
71950  -56.100  -12.563  53.644 0.0000000000
71952  -56.794  -12.007  53.789 0.0000000000
72880  -56.984  -11.484  52.248 0.0000000000
72891  -57.112  -11.364  51.265 0.0000000000
137694  -56.376  -11.666  50.555 0.0000000000
72892  -58.017  -11.354  50.988 0.0000000000
53599  -26.613  -30.625  82.401 0.0000000000
53639  -26.191  -30.377  79.572 0.0000000000
53652  -26.944  -30.615  79.042 0.0000000000
126097  -28.985  -30.974  78.778 0.0000000000
52598  -27.727  -30.843  77.779 0.0000000000
52597  -27.063  -30.785  77.187 0.0000000000
53681  -26.164  -30.681  76.772 0.0000000000
52641  -26.666  -31.037  74.167 0.0000000000
53704  -26.031  -30.782  74.773 0.0000000000
52653  -25.488  -30.902  73.059 0.0000000000
52666  -26.152  -31.402  72.539 0.0000000000
50758  -39.374  -34.271  56.597 0.0000000000
51791  -39.596  -33.041  56.420 0.0000000000
52862  -40.827  -31.441  56.543 0.0000000000
53919  -40.723  -30.628  56.322 0.0000000000
51749  -43.480  -33.255  58.692 0.0000000000
122472  -43.080  -31.990  57.819 0.0000000000
54983  -43.284  -30.107  56.489 0.0000000000
53892  -47.510  -30.658  58.769 0.0000000000
53894  -49.146  -30.168  58.917 0.0000000000
54957  -50.585  -29.466  58.512 0.0000000000
53877  -51.781  -30.434  59.843 0.0000000000
146617  -52.516  -30.784  60.064 0.0000000000
53862  -53.085  -31.133  60.270 0.0000000000
140094  -53.705  -31.408  61.280 0.0000000000
122920  -34.528  -33.741  78.412 0.0000000000
50481  -34.626  -34.037  77.481 0.0000000000
143561  -34.549  -34.555  75.880 0.0000000000
49461  -33.487  -34.352  75.107 0.0000000000
141702  -33.928  -34.629  74.387 0.0000000000
125384  -36.149  -34.675  74.432 0.0000000000
49463  -36.095  -34.988  75.318 0.0000000000
49485  -35.627  -34.456  73.714 0.0000000000
49504  -34.442  -34.412  72.767 0.0000000000
124830  -34.841  -34.479  73.377 0.0000000000
49503  -33.449  -34.625  72.853 0.0000000000
49521  -33.234  -34.337  72.097 0.0000000000
49520  -32.519  -34.315  71.775 0.0000000000
50550  -33.303  -34.010  71.440 0.0000000000
51617  -33.046  -32.757  69.343 0.0000000000
143554  -32.247  -32.827  69.111 0.0000000000
137354  -31.781  -32.598  68.517 0.0000000000
51586  -40.058  -33.449  71.107 0.0000000000
50555  -39.678  -33.705  71.728 0.0000000000
51603  -38.055  -32.627  70.068 0.0000000000
51602  -37.139  -32.623  70.089 0.0000000000
52742  -36.172  -31.172  65.721 0.0000000000
52733  -35.496  -31.444  66.278 0.0000000000
52719  -34.323  -31.701  66.820 0.0000000000
137509  -34.714  -31.806  67.316 0.0000000000
51633  -35.448  -32.157  68.762 0.0000000000
52703  -34.119  -31.985  67.843 0.0000000000
52738  -31.445  -31.583  65.200 0.0000000000
52717  -32.714  -31.891  67.058 0.0000000000
52729  -31.366  -31.836  66.087 0.0000000000
52728  -30.551  -31.956  65.530 0.0000000000
53870  -36.444  -30.408  58.989 0.0000000000
52817  -36.019  -31.092  59.497 0.0000000000
57755  -22.067  -26.094  85.544 0.0000000000
52524  -30.553  -31.417  83.064 0.0000000000
49421  -36.631  -34.860  78.690 0.0000000000
142006  -37.231  -34.757  79.122 0.0000000000
49424  -39.335  -34.360  78.257 0.0000000000
49438  -38.822  -34.893  77.820 0.0000000000
49437  -38.070  -35.078  78.156 0.0000000000
48387  -39.078  -35.185  76.989 0.0000000000
50492  -40.800  -33.792  76.557 0.0000000000
49453  -40.460  -34.360  76.226 0.0000000000
49454  -40.997  -33.952  75.755 0.0000000000
51569  -42.216  -32.293  74.561 0.0000000000
53718  -42.523  -30.574  74.091 0.0000000000
54749  -41.822  -30.155  73.354 0.0000000000
57987  -42.733  -26.769  70.105 0.0000000000
124131  -43.852  -26.630  69.480 0.0000000000
122359  -43.708  -28.230  69.434 0.0000000000
56898  -44.234  -27.515  69.442 0.0000000000
56899  -45.312  -27.808  69.394 0.0000000000
54805  -45.098  -29.279  69.439 0.0000000000
54821  -45.531  -30.088  69.532 0.0000000000
121338  -45.682  -30.902  69.143 0.0000000000
53735  -47.336  -30.874  70.712 0.0000000000
53741  -46.868  -30.546  70.666 0.0000000000
138127  -46.446  -32.259  70.010 0.0000000000
121269  -45.977  -32.592  69.121 0.0000000000
138101  -46.098  -33.555  69.256 0.0000000000
121063  -45.288  -34.507  67.864 0.0000000000
121062  -45.981  -34.612  69.078 0.0000000000
121056  -47.016  -35.891  69.078 0.0000000000
137352  -45.882  -36.225  68.016 0.0000000000
47526  -46.498  -36.485  67.634 0.0000000000
47543  -46.287  -36.598  65.784 0.0000000000
47534  -47.025  -36.630  67.201 0.0000000000
55876  -47.568  -28.151  67.144 0.0000000000
53769  -47.728  -31.048  68.538 0.0000000000
53768  -47.249  -30.837  67.361 0.0000000000
121360  -47.049  -34.063  66.200 0.0000000000
121066  -46.934  -34.029  67.069 0.0000000000
121743  -47.433  -34.776  66.821 0.0000000000
48486  -48.221  -36.103  66.543 0.0000000000
48487  -49.154  -36.094  65.911 0.0000000000
48496  -49.341  -36.107  65.332 0.0000000000
49562  -49.668  -35.633  65.594 0.0000000000
50617  -48.945  -34.187  64.994 0.0000000000
49575  -50.102  -34.843  65.533 0.0000000000
50618  -49.961  -33.847  65.070 0.0000000000
49577  -51.348  -34.493  64.622 0.0000000000
51665  -50.741  -33.539  64.977 0.0000000000
55912  -44.799  -28.138  63.755 0.0000000000
53814  -45.557  -30.395  63.456 0.0000000000
54897  -45.394  -30.093  62.807 0.0000000000
53829  -47.926  -30.876  61.998 0.0000000000
143066  -47.602  -31.333  62.454 0.0000000000
52779  -49.278  -31.307  62.821 0.0000000000
51680  -50.745  -32.636  64.466 0.0000000000
127719  -50.776  -31.800  64.012 0.0000000000
129183  -52.048  -31.617  64.433 0.0000000000
52767  -51.396  -31.135  63.967 0.0000000000
54917  -49.933  -29.144  61.668 0.0000000000
54899  -51.051  -29.511  62.866 0.0000000000
54900  -51.929  -29.041  63.251 0.0000000000
54901  -52.875  -29.133  63.391 0.0000000000
55925  -51.822  -28.567  62.578 0.0000000000
61956  -47.801  -22.650  60.452 0.0000000000
146515  -48.346  -22.970  61.115 0.0000000000
60991  -46.445  -23.437  60.665 0.0000000000
60024  -44.946  -24.286  60.657 0.0000000000
60990  -45.509  -23.744  60.292 0.0000000000
63944  -48.705  -20.396  58.240 0.0000000000
62909  -49.230  -20.679  59.101 0.0000000000
62907  -47.485  -21.443  58.236 0.0000000000
60047  -44.406  -24.437  57.613 0.0000000000
61020  -44.905  -23.275  58.069 0.0000000000
60038  -44.154  -24.665  58.415 0.0000000000
60037  -43.769  -25.036  59.031 0.0000000000
58120  -44.473  -26.120  58.554 0.0000000000
57010  -46.551  -27.619  59.400 0.0000000000
58106  -45.936  -27.102  58.861 0.0000000000
58107  -49.324  -27.097  58.932 0.0000000000
133168  -48.894  -27.490  59.484 0.0000000000
132267  -51.005  -27.672  60.501 0.0000000000
56996  -51.676  -27.833  61.170 0.0000000000
128764  -52.344  -27.417  60.868 0.0000000000
56978  -53.519  -27.625  61.716 0.0000000000
56997  -53.164  -27.261  61.066 0.0000000000
58127  -51.773  -26.336  58.763 0.0000000000
133955  -53.284  -26.622  59.757 0.0000000000
58128  -52.775  -26.202  58.994 0.0000000000
58111  -54.308  -26.360  60.094 0.0000000000
58129  -53.893  -26.076  59.256 0.0000000000
60087  -47.463  -23.975  54.584 0.0000000000
60076  -48.221  -24.276  55.146 0.0000000000
61052  -49.156  -23.968  55.166 0.0000000000
60079  -51.355  -24.209  55.945 0.0000000000
60078  -50.520  -24.343  55.858 0.0000000000
60049  -52.350  -24.759  57.073 0.0000000000
59092  -54.496  -25.339  58.838 0.0000000000
70125  -54.470  -14.063  54.786 0.0000000000
70111  -52.954  -14.660  54.458 0.0000000000
129381  -51.026  -14.471  51.972 0.0000000000
139483  -50.927  -14.785  52.878 0.0000000000
68195  -48.956  -15.897  51.703 0.0000000000
68194  -48.370  -16.594  51.974 0.0000000000
137241  -48.388  -16.275  51.182 0.0000000000
70159  -51.249  -14.245  49.324 0.0000000000
70156  -51.184  -14.222  50.182 0.0000000000
69222  -50.007  -15.106  49.009 0.0000000000
66036  -49.889  -17.983  49.337 0.0000000000
144579  -49.224  -19.678  50.624 0.0000000000
55688  -20.711  -28.540  82.434 0.0000000000
54624  -20.045  -28.982  82.921 0.0000000000
54635  -20.279  -29.289  82.154 0.0000000000
52533  -19.711  -30.915  81.058 0.0000000000
53607  -19.753  -30.808  81.808 0.0000000000
51486  -19.611  -32.715  80.687 0.0000000000
50468  -19.694  -32.968  79.037 0.0000000000
50459  -19.770  -33.609  79.338 0.0000000000
126300  -20.038  -34.343  79.076 0.0000000000
49412  -20.326  -34.426  78.279 0.0000000000
54651  -24.536  -29.667  81.581 0.0000000000
53636  -23.491  -29.811  78.717 0.0000000000
141164  -23.569  -29.662  79.442 0.0000000000
130618  -22.813  -29.694  79.225 0.0000000000
53678  -22.948  -30.808  76.113 0.0000000000
125476  -21.517  -31.414  76.892 0.0000000000
52595  -21.257  -31.331  77.528 0.0000000000
52594  -20.518  -32.042  77.839 0.0000000000
51531  -20.445  -32.844  77.231 0.0000000000
49460  -24.286  -35.299  75.346 0.0000000000
49447  -24.080  -35.186  76.628 0.0000000000
50479  -33.268  -33.168  77.207 0.0000000000
51536  -32.581  -32.863  76.733 0.0000000000
51557  -31.304  -33.035  74.672 0.0000000000
51547  -30.739  -32.405  75.286 0.0000000000
50547  -30.407  -33.759  71.793 0.0000000000
50516  -30.842  -33.515  72.971 0.0000000000
137602  -30.404  -33.523  72.388 0.0000000000
51577  -29.247  -32.726  72.633 0.0000000000
51565  -28.651  -32.233  73.236 0.0000000000
52656  -28.055  -31.767  73.840 0.0000000000
51598  -26.377  -32.506  70.699 0.0000000000
51583  -26.455  -32.099  71.358 0.0000000000
51582  -25.659  -32.241  71.144 0.0000000000
51597  -25.251  -32.957  70.419 0.0000000000
47516  -28.766  -36.011  66.829 0.0000000000
49543  -27.185  -34.451  67.104 0.0000000000
48457  -27.674  -35.727  66.897 0.0000000000
141858  -27.255  -36.978  68.707 0.0000000000
47514  -26.451  -35.960  67.880 0.0000000000
47499  -26.072  -36.298  68.575 0.0000000000
48449  -25.750  -35.413  68.863 0.0000000000
47492  -25.585  -36.026  69.030 0.0000000000
47489  -25.967  -37.047  70.388 0.0000000000
47488  -25.365  -36.181  69.980 0.0000000000
137772  -25.213  -35.834  70.752 0.0000000000
49519  -24.883  -35.249  71.025 0.0000000000
48442  -25.178  -35.844  71.501 0.0000000000
54859  -43.773  -29.449  65.927 0.0000000000
54848  -44.233  -29.940  66.620 0.0000000000
55817  -41.885  -27.879  70.023 0.0000000000
55843  -41.862  -28.875  68.921 0.0000000000
55873  -42.615  -28.787  66.616 0.0000000000
55874  -43.151  -28.942  66.259 0.0000000000
54959  -52.808  -30.021  58.911 0.0000000000
54972  -52.924  -29.462  58.259 0.0000000000
54973  -54.056  -29.852  58.058 0.0000000000
54974  -54.743  -29.829  57.526 0.0000000000
137293  -55.135  -30.699  58.124 0.0000000000
53881  -55.607  -31.006  59.026 0.0000000000
54934  -55.599  -30.087  60.184 0.0000000000
51487  -32.205  -32.016  81.267 0.0000000000
142578  -31.560  -31.681  80.566 0.0000000000
126271  -32.179  -32.051  79.079 0.0000000000
51512  -32.007  -32.154  78.177 0.0000000000
52875  -38.917  -31.288  56.187 0.0000000000
50681  -44.751  -34.958  60.462 0.0000000000
49635  -45.502  -34.647  61.129 0.0000000000
50683  -46.788  -33.095  61.056 0.0000000000
49604  -48.642  -34.721  62.951 0.0000000000
126441  -39.975  -34.660  74.655 0.0000000000
49489  -39.736  -34.440  73.955 0.0000000000
49508  -39.453  -34.147  73.187 0.0000000000
50531  -39.101  -33.818  72.429 0.0000000000
55906  -35.986  -28.847  62.775 0.0000000000
54880  -35.346  -29.347  63.220 0.0000000000
54894  -35.245  -28.764  62.237 0.0000000000
55918  -34.500  -28.916  61.568 0.0000000000
54927  -33.981  -29.984  60.728 0.0000000000
52802  -34.231  -30.717  60.692 0.0000000000
52803  -35.234  -31.099  60.513 0.0000000000
50755  -36.627  -34.954  56.725 0.0000000000
51788  -36.075  -33.837  56.445 0.0000000000
51805  -36.063  -32.487  56.144 0.0000000000
68130  -53.145  -16.825  58.318 0.0000000000
67050  -52.214  -17.069  57.887 0.0000000000
67060  -51.180  -17.093  56.730 0.0000000000
67073  -49.845  -17.688  55.738 0.0000000000
65990  -48.503  -18.579  55.373 0.0000000000
68168  -50.356  -17.191  55.676 0.0000000000
122890  -50.616  -16.606  55.175 0.0000000000
68177  -50.520  -16.236  54.444 0.0000000000
55677  -22.843  -27.804  83.131 0.0000000000
53712  -24.047  -30.820  73.807 0.0000000000
144982  -23.080  -31.877  73.009 0.0000000000
49479  -23.580  -34.379  73.621 0.0000000000
139582  -24.524  -35.575  72.985 0.0000000000
50596  -30.898  -33.326  69.312 0.0000000000
50586  -30.438  -33.582  69.748 0.0000000000
50595  -30.316  -33.353  68.962 0.0000000000
51627  -29.484  -32.951  67.769 0.0000000000
49670  -39.900  -35.465  58.142 0.0000000000
50696  -40.925  -34.316  59.033 0.0000000000
50697  -41.445  -34.371  59.576 0.0000000000
50679  -41.941  -34.387  60.181 0.0000000000
130039  -43.242  -32.945  63.733 0.0000000000
50649  -43.129  -33.814  63.123 0.0000000000
50632  -43.475  -33.771  64.037 0.0000000000
49587  -43.520  -34.716  63.562 0.0000000000
48510  -43.885  -35.733  62.927 0.0000000000
48493  -43.904  -35.401  64.095 0.0000000000
48494  -44.497  -35.792  64.617 0.0000000000
52675  -40.947  -31.596  71.926 0.0000000000
53729  -40.635  -31.355  70.948 0.0000000000
54845  -40.702  -29.765  67.138 0.0000000000
141583  -40.396  -29.672  66.595 0.0000000000
54857  -39.624  -29.515  65.598 0.0000000000
54870  -38.460  -29.230  64.526 0.0000000000
55897  -39.111  -28.642  64.184 0.0000000000
136595  -39.025  -28.329  63.483 0.0000000000
56961  -38.268  -27.963  62.146 0.0000000000
56975  -38.674  -27.756  61.361 0.0000000000
56987  -38.962  -27.814  60.756 0.0000000000
55961  -39.402  -28.103  60.359 0.0000000000
53825  -41.732  -30.178  62.166 0.0000000000
54911  -41.339  -29.561  61.669 0.0000000000
52819  -40.567  -32.052  59.001 0.0000000000
51734  -40.702  -33.161  59.041 0.0000000000
53600  -27.317  -30.886  82.754 0.0000000000
53612  -27.217  -30.950  81.859 0.0000000000
52544  -27.850  -30.871  80.278 0.0000000000
52599  -29.266  -31.161  78.033 0.0000000000
131510  -27.989  -30.974  77.097 0.0000000000
52612  -27.581  -31.000  76.438 0.0000000000
137394  -27.200  -30.985  75.775 0.0000000000
50747  -40.687  -34.829  57.190 0.0000000000
51792  -40.257  -33.344  56.584 0.0000000000
51793  -40.966  -33.756  57.064 0.0000000000
51774  -44.405  -31.731  58.172 0.0000000000
52850  -43.978  -31.428  57.658 0.0000000000
53905  -43.876  -30.855  57.169 0.0000000000
53922  -44.162  -30.257  56.780 0.0000000000
52824  -48.347  -31.095  60.166 0.0000000000
53874  -48.334  -30.580  59.307 0.0000000000
53859  -50.053  -30.739  60.066 0.0000000000
132410  -49.803  -30.340  59.476 0.0000000000
53876  -50.635  -30.319  59.663 0.0000000000
53860  -51.059  -30.747  60.358 0.0000000000
52795  -52.746  -31.952  61.600 0.0000000000
49435  -35.929  -34.842  78.023 0.0000000000
122057  -35.348  -34.581  77.301 0.0000000000
131601  -35.491  -34.794  76.584 0.0000000000
122050  -35.204  -34.824  75.826 0.0000000000
49505  -36.343  -34.092  72.955 0.0000000000
51623  -39.471  -32.709  69.640 0.0000000000
51622  -38.681  -32.625  69.475 0.0000000000
51635  -37.342  -32.063  68.729 0.0000000000
52740  -34.270  -31.163  65.219 0.0000000000
121478  -33.880  -31.470  65.752 0.0000000000
52731  -33.818  -31.642  66.368 0.0000000000
142963  -33.173  -31.766  66.510 0.0000000000
121941  -33.225  -31.637  65.870 0.0000000000
53886  -36.703  -30.832  58.505 0.0000000000
50452  -35.883  -33.927  80.815 0.0000000000
50453  -36.532  -33.648  80.797 0.0000000000
50482  -40.068  -34.050  77.904 0.0000000000
52645  -42.679  -31.594  74.957 0.0000000000
146071  -45.030  -25.728  69.044 0.0000000000
124604  -46.146  -27.129  69.218 0.0000000000
54794  -47.882  -30.151  70.346 0.0000000000
138113  -47.172  -32.362  70.617 0.0000000000
138119  -46.727  -34.070  70.049 0.0000000000
121300  -47.095  -33.278  70.453 0.0000000000
138112  -47.404  -33.720  70.016 0.0000000000
121380  -47.505  -34.267  69.168 0.0000000000
58050  -46.935  -26.880  66.520 0.0000000000
55875  -46.912  -28.568  66.597 0.0000000000
54849  -46.952  -29.358  66.676 0.0000000000
121301  -46.903  -31.498  67.039 0.0000000000
53781  -46.705  -30.707  66.551 0.0000000000
121076  -46.500  -32.335  65.852 0.0000000000
50615  -46.999  -33.616  65.305 0.0000000000
49574  -49.056  -35.112  65.696 0.0000000000
51664  -47.271  -33.164  64.439 0.0000000000
141805  -47.472  -32.765  63.854 0.0000000000
55924  -44.515  -28.618  62.400 0.0000000000
142451  -44.997  -29.342  62.641 0.0000000000
54912  -44.831  -29.142  61.941 0.0000000000
53844  -46.691  -30.156  61.730 0.0000000000
53846  -48.278  -30.208  61.682 0.0000000000
121823  -49.603  -30.590  62.562 0.0000000000
54916  -48.489  -29.576  61.436 0.0000000000
55943  -48.174  -29.096  60.985 0.0000000000
137013  -49.061  -29.100  61.350 0.0000000000
62886  -50.984  -21.409  61.179 0.0000000000
121822  -50.055  -21.593  60.705 0.0000000000
61971  -48.188  -22.052  59.970 0.0000000000
62919  -47.103  -21.137  57.395 0.0000000000
62906  -46.755  -21.676  57.906 0.0000000000
61996  -45.150  -22.602  56.812 0.0000000000
60057  -44.510  -23.886  56.913 0.0000000000
138551  -44.997  -25.338  57.352 0.0000000000
58122  -46.396  -26.697  58.340 0.0000000000
58138  -46.755  -26.350  57.773 0.0000000000
146849  -48.878  -26.800  58.465 0.0000000000
58108  -50.271  -26.890  58.950 0.0000000000
58109  -51.258  -26.833  59.315 0.0000000000
58126  -50.334  -26.301  58.182 0.0000000000
58142  -50.369  -25.772  57.548 0.0000000000
62048  -47.725  -22.587  53.130 0.0000000000
60088  -48.479  -23.658  54.439 0.0000000000
61077  -49.120  -23.179  53.839 0.0000000000
140346  -50.390  -23.324  54.603 0.0000000000
61055  -51.690  -23.581  55.486 0.0000000000
71047  -53.776  -13.655  53.472 0.0000000000
70135  -52.736  -14.102  53.665 0.0000000000
71046  -53.005  -13.685  52.933 0.0000000000
70144  -51.832  -13.961  51.885 0.0000000000
70151  -50.380  -14.686  51.271 0.0000000000
68206  -50.846  -16.745  48.094 0.0000000000
67115  -50.162  -16.773  48.588 0.0000000000
54623  -19.744  -29.778  83.519 0.0000000000
54647  -20.329  -29.567  81.550 0.0000000000
52542  -19.605  -31.807  80.887 0.0000000000
52556  -19.591  -31.996  80.019 0.0000000000
51500  -19.698  -32.223  79.205 0.0000000000
51511  -19.904  -32.517  78.468 0.0000000000
53638  -25.396  -30.112  79.631 0.0000000000
53622  -24.771  -29.857  80.207 0.0000000000
53648  -23.361  -30.130  77.749 0.0000000000
51544  -21.856  -31.972  75.223 0.0000000000
138312  -22.127  -31.337  75.820 0.0000000000
51543  -21.384  -32.842  75.768 0.0000000000
50488  -20.541  -33.701  76.868 0.0000000000
48389  -21.860  -35.290  77.528 0.0000000000
49432  -22.610  -35.282  77.428 0.0000000000
49433  -23.509  -35.194  77.575 0.0000000000
122803  -24.331  -35.084  77.848 0.0000000000
50499  -33.124  -33.962  75.646 0.0000000000
50490  -32.458  -33.320  75.765 0.0000000000
50497  -32.044  -33.507  74.876 0.0000000000
50506  -31.072  -33.270  73.850 0.0000000000
50571  -29.357  -33.492  70.764 0.0000000000
50545  -28.709  -33.212  71.115 0.0000000000
51585  -28.129  -32.831  71.672 0.0000000000
51575  -27.582  -32.196  72.185 0.0000000000
50568  -26.241  -32.936  69.947 0.0000000000
46571  -27.265  -37.618  69.412 0.0000000000
46570  -26.440  -37.217  69.656 0.0000000000
52775  -42.409  -31.305  62.513 0.0000000000
52761  -42.717  -31.541  63.108 0.0000000000
52752  -43.604  -31.434  64.442 0.0000000000
121449  -43.424  -32.142  64.133 0.0000000000
54792  -41.069  -29.250  70.353 0.0000000000
53751  -40.916  -30.011  68.164 0.0000000000
55871  -41.104  -29.040  66.465 0.0000000000
55886  -41.029  -28.580  65.658 0.0000000000
56948  -40.897  -27.961  64.028 0.0000000000
56957  -40.920  -27.884  63.232 0.0000000000
55910  -41.586  -28.233  63.593 0.0000000000
54883  -41.969  -28.930  63.172 0.0000000000
54896  -42.072  -29.882  62.834 0.0000000000
53826  -42.174  -30.600  62.518 0.0000000000
123126  -55.848  -31.181  58.068 0.0000000000
52536  -29.612  -31.317  81.811 0.0000000000
52545  -29.022  -31.193  81.117 0.0000000000
132327  -29.895  -31.276  80.923 0.0000000000
138426  -30.183  -31.205  79.148 0.0000000000
138515  -30.988  -31.447  80.046 0.0000000000
52580  -29.746  -31.169  78.630 0.0000000000
145670  -29.945  -31.364  78.009 0.0000000000
50721  -42.608  -34.468  58.533 0.0000000000
146153  -43.222  -34.307  59.100 0.0000000000
128049  -44.740  -34.061  60.192 0.0000000000
51750  -44.434  -32.393  58.703 0.0000000000
52837  -45.044  -31.590  58.402 0.0000000000
52851  -45.438  -31.084  58.078 0.0000000000
52852  -46.165  -30.709  57.948 0.0000000000
52839  -46.628  -31.061  58.604 0.0000000000
52822  -46.994  -31.319  59.289 0.0000000000
51738  -47.416  -31.538  60.041 0.0000000000
52805  -47.970  -31.844  60.728 0.0000000000
52806  -48.804  -31.658  60.753 0.0000000000
48394  -37.593  -35.403  76.720 0.0000000000
48402  -36.881  -35.217  76.115 0.0000000000
49476  -37.097  -34.749  74.660 0.0000000000
49487  -37.732  -34.249  73.897 0.0000000000
53776  -37.853  -30.799  66.266 0.0000000000
52734  -37.277  -31.211  66.817 0.0000000000
53775  -36.971  -30.871  66.085 0.0000000000
123979  -36.068  -30.927  65.047 0.0000000000
54866  -35.065  -30.056  63.969 0.0000000000
123240  -34.705  -30.645  64.588 0.0000000000
135284  -32.927  -30.494  63.165 0.0000000000
135691  -32.014  -31.179  62.066 0.0000000000
52787  -32.722  -31.202  61.562 0.0000000000
51704  -34.370  -32.012  61.370 0.0000000000
51691  -36.020  -32.811  61.942 0.0000000000
52789  -34.857  -31.559  60.862 0.0000000000
52847  -37.505  -33.030  57.767 0.0000000000
51767  -36.057  -33.893  57.643 0.0000000000
50743  -36.051  -34.773  57.169 0.0000000000
134525  -35.230  -34.265  56.941 0.0000000000
51786  -34.637  -32.716  56.346 0.0000000000
56941  -45.728  -27.653  65.415 0.0000000000
123755  -45.577  -29.052  64.679 0.0000000000
55902  -45.298  -28.149  64.591 0.0000000000
56949  -44.803  -27.474  64.229 0.0000000000
56958  -44.536  -27.364  63.573 0.0000000000
59053  -45.301  -25.310  63.634 0.0000000000
58077  -44.443  -26.612  63.379 0.0000000000
56966  -44.203  -27.219  62.758 0.0000000000
58080  -44.067  -26.421  62.608 0.0000000000
56965  -43.609  -26.994  61.970 0.0000000000
58086  -43.481  -26.461  61.346 0.0000000000
64957  -52.197  -18.901  60.490 0.0000000000
140290  -50.850  -19.521  59.721 0.0000000000
64972  -51.144  -18.942  59.468 0.0000000000
64971  -50.427  -19.324  58.975 0.0000000000
63955  -48.901  -19.802  57.856 0.0000000000
138841  -50.435  -18.375  57.941 0.0000000000
135753  -49.366  -19.255  57.659 0.0000000000
63954  -48.375  -20.182  57.537 0.0000000000
62935  -47.078  -20.693  56.581 0.0000000000
126151  -45.785  -21.709  55.870 0.0000000000
61051  -45.764  -23.779  55.135 0.0000000000
60074  -46.215  -24.439  55.417 0.0000000000
146618  -46.084  -23.441  54.586 0.0000000000
62033  -46.044  -22.822  54.108 0.0000000000
62046  -46.471  -22.547  53.554 0.0000000000
66002  -48.141  -18.440  54.541 0.0000000000
65028  -46.702  -19.846  53.622 0.0000000000
62053  -46.478  -21.941  53.139 0.0000000000
62054  -47.227  -21.927  52.656 0.0000000000
136176  -47.280  -21.172  52.201 0.0000000000
62992  -48.054  -21.145  51.806 0.0000000000
71983  -54.726  -12.485  51.010 0.0000000000
131333  -53.241  -13.287  50.779 0.0000000000
136506  -53.954  -12.757  50.287 0.0000000000
71085  -52.467  -13.615  49.500 0.0000000000
70167  -51.462  -14.279  48.426 0.0000000000
56728  -20.685  -27.632  84.015 0.0000000000
56729  -21.262  -27.481  83.548 0.0000000000
55676  -21.324  -27.938  82.825 0.0000000000
55689  -21.589  -28.435  82.146 0.0000000000
54659  -21.132  -29.569  80.304 0.0000000000
54670  -21.510  -29.616  79.735 0.0000000000
53665  -25.293  -30.482  77.270 0.0000000000
53679  -24.549  -30.429  76.632 0.0000000000
142144  -23.926  -30.526  76.026 0.0000000000
123929  -23.244  -31.220  74.053 0.0000000000
52639  -23.099  -31.115  74.744 0.0000000000
137687  -22.206  -32.479  74.623 0.0000000000
49470  -22.720  -34.526  74.657 0.0000000000
49472  -24.043  -35.207  74.175 0.0000000000
48399  -24.884  -35.473  74.708 0.0000000000
49501  -31.865  -34.414  72.261 0.0000000000
50526  -31.393  -34.125  72.656 0.0000000000
123894  -31.155  -34.180  71.973 0.0000000000
125250  -30.123  -33.756  71.024 0.0000000000
125801  -29.870  -33.661  70.276 0.0000000000
126407  -28.971  -33.447  70.027 0.0000000000
50757  -38.452  -34.972  56.664 0.0000000000
145536  -38.454  -34.242  56.481 0.0000000000
49686  -40.065  -35.139  57.168 0.0000000000
48597  -40.619  -36.087  58.051 0.0000000000
48603  -40.332  -35.731  57.714 0.0000000000
49687  -40.853  -35.625  57.547 0.0000000000
49688  -41.440  -35.896  57.887 0.0000000000
49672  -42.067  -35.926  58.344 0.0000000000
50666  -42.738  -34.239  61.610 0.0000000000
49632  -42.256  -35.704  60.136 0.0000000000
140626  -42.459  -36.457  59.454 0.0000000000
48589  -43.568  -36.561  60.163 0.0000000000
48569  -44.009  -36.747  60.507 0.0000000000
48530  -44.123  -36.435  61.924 0.0000000000
47588  -44.243  -36.837  61.299 0.0000000000
48549  -44.403  -36.815  61.036 0.0000000000
48550  -45.124  -36.286  61.507 0.0000000000
48512  -46.709  -36.116  63.551 0.0000000000
50533  -40.668  -33.828  72.723 0.0000000000
51578  -40.775  -33.322  72.305 0.0000000000
51606  -40.275  -32.888  70.649 0.0000000000
52674  -40.599  -32.328  71.240 0.0000000000
52706  -38.737  -31.882  68.309 0.0000000000
123480  -38.841  -31.287  67.778 0.0000000000
53738  -40.577  -30.997  69.182 0.0000000000
52708  -39.984  -31.209  68.344 0.0000000000
54868  -36.783  -29.739  64.142 0.0000000000
54882  -37.948  -28.959  63.941 0.0000000000
123978  -37.252  -29.067  63.670 0.0000000000
54938  -35.895  -29.290  59.729 0.0000000000
55976  -35.880  -28.538  60.096 0.0000000000
55977  -36.533  -28.849  59.599 0.0000000000
128018  -37.115  -29.315  59.182 0.0000000000
55959  -37.657  -27.957  60.246 0.0000000000
54951  -36.928  -30.055  58.796 0.0000000000
54952  -37.591  -29.838  58.756 0.0000000000
53887  -37.311  -30.575  58.387 0.0000000000
132315  -37.636  -30.998  58.102 0.0000000000
55937  -40.414  -27.731  62.048 0.0000000000
145027  -40.509  -28.090  61.370 0.0000000000
54929  -39.793  -28.763  59.937 0.0000000000
54930  -40.523  -29.260  60.339 0.0000000000
54943  -40.103  -29.576  59.611 0.0000000000
54942  -39.349  -29.180  59.376 0.0000000000
53889  -38.983  -30.224  58.591 0.0000000000
52834  -38.010  -31.609  57.908 0.0000000000
123118  -37.527  -34.320  57.568 0.0000000000
50744  -37.228  -35.262  57.210 0.0000000000
51770  -38.935  -33.814  57.783 0.0000000000
50745  -38.160  -34.746  57.458 0.0000000000
49683  -37.183  -35.500  56.981 0.0000000000
50756  -37.623  -34.890  56.598 0.0000000000
69177  -53.711  -15.239  55.640 0.0000000000
70113  -54.644  -14.397  55.686 0.0000000000
71027  -55.270  -13.703  55.322 0.0000000000
71040  -55.747  -13.198  54.927 0.0000000000
71039  -55.013  -13.509  54.488 0.0000000000
71049  -55.495  -13.070  54.033 0.0000000000
71060  -55.171  -12.944  53.113 0.0000000000
71960  -55.110  -12.702  52.356 0.0000000000
72861  -57.286  -11.499  53.872 0.0000000000
72870  -57.212  -11.579  53.094 0.0000000000
131003  -56.178  -11.939  52.266 0.0000000000
71974  -55.437  -12.318  51.777 0.0000000000
71984  -55.530  -12.027  50.814 0.0000000000
71985  -55.671  -11.879  49.903 0.0000000000
71996  -55.021  -12.160  49.222 0.0000000000
71997  -55.860  -11.822  49.011 0.0000000000
54625  -25.593  -29.646  83.513 0.0000000000
54639  -25.400  -29.844  82.589 0.0000000000
54652  -25.236  -29.956  81.781 0.0000000000
53610  -25.721  -30.307  81.220 0.0000000000
53611  -26.448  -30.645  81.500 0.0000000000
53623  -25.513  -30.182  80.443 0.0000000000
144445  -25.741  -30.193  79.131 0.0000000000
134998  -25.549  -30.358  78.046 0.0000000000
139132  -28.563  -31.051  80.504 0.0000000000
52559  -27.729  -30.790  79.394 0.0000000000
134999  -28.287  -30.879  78.895 0.0000000000
52578  -27.677  -30.790  78.561 0.0000000000
53680  -25.357  -30.573  76.289 0.0000000000
53692  -25.215  -30.581  75.296 0.0000000000
53703  -25.317  -30.613  74.432 0.0000000000
53713  -24.926  -30.608  73.709 0.0000000000
52664  -24.364  -31.667  72.053 0.0000000000
128122  -24.404  -32.289  71.611 0.0000000000
51653  -29.169  -32.816  65.341 0.0000000000
52861  -38.439  -32.354  56.310 0.0000000000
124479  -40.171  -32.269  56.459 0.0000000000
53935  -39.362  -30.299  55.932 0.0000000000
53936  -40.222  -30.084  56.080 0.0000000000
136468  -42.340  -32.750  57.730 0.0000000000
52864  -43.224  -31.223  57.281 0.0000000000
52863  -42.565  -30.818  56.799 0.0000000000
53920  -41.575  -30.582  56.441 0.0000000000
53893  -48.295  -30.259  58.579 0.0000000000
54944  -51.124  -29.882  59.210 0.0000000000
54958  -51.682  -29.511  58.692 0.0000000000
125730  -53.840  -31.104  59.918 0.0000000000
53848  -54.279  -31.203  61.325 0.0000000000
142648  -33.257  -32.774  78.770 0.0000000000
51514  -33.826  -33.194  78.609 0.0000000000
50480  -33.915  -33.443  77.746 0.0000000000
49482  -32.580  -34.443  73.698 0.0000000000
49462  -35.135  -34.850  75.148 0.0000000000
49474  -34.695  -34.701  74.708 0.0000000000
49484  -34.731  -34.635  74.059 0.0000000000
49483  -33.263  -34.652  73.662 0.0000000000
146976  -32.739  -34.647  73.199 0.0000000000
51616  -31.552  -33.088  69.240 0.0000000000
50554  -38.775  -33.559  71.681 0.0000000000
51604  -38.864  -33.043  70.269 0.0000000000
50577  -38.511  -33.295  71.044 0.0000000000
126819  -36.287  -33.049  70.687 0.0000000000
51601  -35.494  -32.779  70.107 0.0000000000
135708  -36.698  -31.531  67.504 0.0000000000
147083  -36.737  -31.777  68.254 0.0000000000
140947  -35.955  -31.742  68.132 0.0000000000
51634  -36.344  -32.050  68.803 0.0000000000
51619  -35.027  -32.525  69.439 0.0000000000
51618  -34.334  -32.621  69.473 0.0000000000
128944  -33.840  -32.557  69.205 0.0000000000
51643  -32.196  -32.222  67.750 0.0000000000
51649  -30.707  -32.071  66.563 0.0000000000
50741  -34.855  -33.953  57.236 0.0000000000
55845  -43.453  -28.751  68.891 0.0000000000
58000  -43.180  -26.683  69.750 0.0000000000
58001  -43.566  -25.947  69.693 0.0000000000
57766  -21.957  -26.540  84.646 0.0000000000
139214  -23.439  -27.152  84.850 0.0000000000
55663  -23.807  -27.724  84.411 0.0000000000
55664  -24.563  -28.230  84.430 0.0000000000
54614  -25.119  -28.979  84.038 0.0000000000
55665  -25.487  -28.483  85.030 0.0000000000
54626  -26.326  -30.016  83.869 0.0000000000
53572  -27.071  -30.295  84.119 0.0000000000
53586  -27.539  -30.742  83.569 0.0000000000
53601  -27.932  -31.033  83.067 0.0000000000
52522  -28.595  -31.140  82.876 0.0000000000
135904  -29.941  -31.277  83.238 0.0000000000
130497  -30.177  -31.420  82.524 0.0000000000
51488  -33.047  -32.394  81.083 0.0000000000
137801  -33.743  -32.799  81.026 0.0000000000
50471  -35.169  -34.042  79.172 0.0000000000
50462  -35.893  -34.230  79.921 0.0000000000
49436  -36.668  -35.106  77.791 0.0000000000
48385  -37.447  -35.294  77.559 0.0000000000
48395  -38.461  -35.360  76.460 0.0000000000
49452  -39.798  -34.740  76.613 0.0000000000
49465  -40.015  -34.780  75.821 0.0000000000
137284  -40.614  -34.422  74.762 0.0000000000
50509  -41.104  -34.130  74.287 0.0000000000
50500  -41.492  -33.537  75.300 0.0000000000
50510  -41.433  -33.723  74.666 0.0000000000
50520  -41.444  -33.625  74.021 0.0000000000
51568  -41.732  -32.889  73.974 0.0000000000
52657  -41.875  -31.868  73.592 0.0000000000
52658  -42.370  -31.541  74.227 0.0000000000
55792  -42.693  -28.657  73.681 0.0000000000
54766  -41.823  -29.144  73.152 0.0000000000
55799  -41.361  -28.763  72.196 0.0000000000
56867  -41.683  -27.871  71.855 0.0000000000
144396  -44.368  -29.616  68.404 0.0000000000
54820  -44.470  -29.444  69.010 0.0000000000
55830  -44.645  -28.485  69.451 0.0000000000
53752  -44.937  -30.142  68.436 0.0000000000
52725  -44.914  -31.363  67.190 0.0000000000
121344  -45.069  -32.410  66.966 0.0000000000
56900  -46.436  -28.126  69.597 0.0000000000
129729  -47.403  -28.417  69.936 0.0000000000
55832  -46.732  -29.005  70.139 0.0000000000
127445  -46.314  -30.165  70.226 0.0000000000
121073  -45.831  -31.698  68.982 0.0000000000
138100  -45.521  -32.957  68.150 0.0000000000
121372  -45.194  -33.517  67.352 0.0000000000
141148  -44.488  -34.868  66.492 0.0000000000
128633  -44.675  -35.465  66.530 0.0000000000
135078  -45.039  -36.011  66.537 0.0000000000
121053  -45.590  -35.537  68.283 0.0000000000
48473  -45.735  -36.256  67.057 0.0000000000
48485  -45.479  -36.367  65.962 0.0000000000
47559  -45.757  -36.483  64.800 0.0000000000
47560  -46.750  -36.581  65.155 0.0000000000
47576  -47.255  -36.345  64.531 0.0000000000
129030  -48.076  -30.298  68.526 0.0000000000
121065  -47.666  -32.106  68.987 0.0000000000
121057  -47.410  -35.133  68.671 0.0000000000
121068  -47.347  -33.579  67.978 0.0000000000
138350  -47.365  -35.765  68.319 0.0000000000
47535  -47.568  -36.436  67.013 0.0000000000
47561  -47.801  -36.469  65.504 0.0000000000
48513  -47.763  -35.939  63.983 0.0000000000
49588  -48.245  -35.412  63.437 0.0000000000
49589  -49.297  -35.291  63.814 0.0000000000
48516  -50.481  -35.468  65.170 0.0000000000
49606  -50.653  -34.713  63.688 0.0000000000
50652  -51.131  -34.174  63.230 0.0000000000
51695  -51.688  -33.651  62.932 0.0000000000
53805  -45.775  -30.655  64.058 0.0000000000
52763  -45.963  -31.147  63.563 0.0000000000
52765  -47.248  -32.214  63.368 0.0000000000
53827  -45.924  -30.469  62.304 0.0000000000
52778  -47.808  -31.912  62.885 0.0000000000
51679  -49.083  -32.606  63.730 0.0000000000
51667  -51.992  -33.073  64.578 0.0000000000
51696  -52.392  -33.234  62.803 0.0000000000
50654  -52.588  -33.202  63.376 0.0000000000
51697  -52.982  -32.701  62.834 0.0000000000
52781  -53.353  -32.018  62.467 0.0000000000
53831  -50.945  -30.339  63.340 0.0000000000
53816  -52.733  -30.516  64.092 0.0000000000
123942  -53.654  -31.542  62.888 0.0000000000
53832  -54.021  -30.728  62.972 0.0000000000
147223  -54.316  -30.899  62.061 0.0000000000
53833  -54.404  -30.090  62.423 0.0000000000
60017  -45.217  -24.428  61.415 0.0000000000
60016  -44.415  -24.815  61.129 0.0000000000
58093  -43.478  -26.302  60.636 0.0000000000
145423  -49.746  -20.612  59.741 0.0000000000
62908  -48.655  -21.425  59.506 0.0000000000
61970  -47.296  -22.332  59.608 0.0000000000
61983  -46.757  -22.024  58.666 0.0000000000
61969  -46.317  -22.659  59.324 0.0000000000
61007  -45.949  -23.217  59.864 0.0000000000
60989  -44.662  -24.151  59.752 0.0000000000
58103  -43.621  -26.157  59.753 0.0000000000
58094  -43.830  -26.860  60.154 0.0000000000
56991  -46.147  -28.037  60.027 0.0000000000
56992  -47.177  -28.133  59.874 0.0000000000
55966  -48.851  -28.512  60.703 0.0000000000
145585  -48.203  -27.529  59.262 0.0000000000
56994  -49.296  -27.904  60.146 0.0000000000
55946  -51.292  -28.462  61.860 0.0000000000
125924  -52.097  -28.205  62.058 0.0000000000
55947  -52.918  -28.148  62.194 0.0000000000
54920  -54.787  -29.657  61.844 0.0000000000
55949  -54.657  -28.570  61.944 0.0000000000
55969  -55.091  -28.101  61.329 0.0000000000
57016  -52.736  -27.089  60.307 0.0000000000
58095  -53.736  -26.806  60.605 0.0000000000
57000  -55.252  -27.322  60.870 0.0000000000
58097  -55.152  -26.679  60.669 0.0000000000
57017  -55.522  -27.032  60.239 0.0000000000
60061  -48.095  -24.857  55.907 0.0000000000
60062  -49.138  -24.913  56.152 0.0000000000
59119  -51.056  -25.406  57.200 0.0000000000
60077  -49.648  -24.390  55.739 0.0000000000
126310  -50.955  -24.847  56.487 0.0000000000
59105  -51.890  -25.373  57.488 0.0000000000
59091  -53.376  -25.589  58.490 0.0000000000
59080  -55.154  -25.704  59.543 0.0000000000
69176  -52.735  -15.535  55.402 0.0000000000
69189  -51.639  -15.428  54.424 0.0000000000
68185  -50.270  -16.028  53.792 0.0000000000
70133  -51.768  -14.439  53.315 0.0000000000
69199  -50.600  -15.443  53.405 0.0000000000
68190  -48.637  -16.750  53.037 0.0000000000
67092  -48.012  -17.298  52.432 0.0000000000
66017  -47.425  -18.401  51.401 0.0000000000
64021  -48.278  -20.469  51.326 0.0000000000
71071  -51.844  -13.931  50.676 0.0000000000
70155  -50.478  -14.566  50.456 0.0000000000
70150  -49.849  -14.896  50.645 0.0000000000
67114  -49.594  -16.275  48.804 0.0000000000
68202  -49.004  -16.498  49.359 0.0000000000
68201  -48.440  -16.690  49.846 0.0000000000
66025  -48.297  -18.184  50.073 0.0000000000
65053  -48.452  -19.779  50.834 0.0000000000
64022  -49.023  -21.143  51.628 0.0000000000
53597  -19.923  -30.051  81.974 0.0000000000
49398  -20.105  -34.895  80.216 0.0000000000
145302  -19.709  -33.610  79.851 0.0000000000
49401  -19.857  -34.214  79.854 0.0000000000
54650  -23.765  -29.322  81.410 0.0000000000
54661  -23.418  -29.351  80.621 0.0000000000
53621  -23.936  -29.621  80.051 0.0000000000
54671  -22.298  -29.489  79.745 0.0000000000
53634  -21.054  -30.052  79.278 0.0000000000
134473  -22.454  -30.426  77.670 0.0000000000
52610  -22.062  -31.076  76.511 0.0000000000
52596  -21.939  -30.874  77.248 0.0000000000
122436  -21.428  -30.320  78.620 0.0000000000
52576  -20.613  -30.816  78.961 0.0000000000
50478  -20.228  -33.682  77.646 0.0000000000
51522  -31.892  -32.337  77.289 0.0000000000
51535  -31.790  -32.547  76.375 0.0000000000
51521  -31.110  -32.042  76.990 0.0000000000
51533  -30.087  -31.941  75.928 0.0000000000
50517  -31.553  -33.917  73.373 0.0000000000
51567  -30.303  -32.839  73.615 0.0000000000
50524  -29.785  -33.292  72.139 0.0000000000
51555  -29.687  -32.304  74.260 0.0000000000
51545  -29.083  -31.808  74.857 0.0000000000
52643  -28.274  -31.598  74.635 0.0000000000
52655  -27.253  -31.449  73.596 0.0000000000
51574  -26.768  -31.867  71.972 0.0000000000
52672  -25.081  -31.903  71.635 0.0000000000
51639  -28.541  -32.968  66.579 0.0000000000
50602  -28.097  -33.645  66.391 0.0000000000
49544  -28.113  -34.487  66.275 0.0000000000
50598  -27.653  -33.735  67.094 0.0000000000
50592  -27.214  -33.753  67.839 0.0000000000
146111  -26.647  -34.020  68.330 0.0000000000
47515  -27.105  -36.149  67.490 0.0000000000
48455  -26.398  -35.386  67.882 0.0000000000
49536  -26.216  -34.840  68.455 0.0000000000
49537  -26.439  -33.930  68.894 0.0000000000
49533  -25.872  -34.593  69.137 0.0000000000
49532  -25.419  -34.394  69.811 0.0000000000
47493  -25.895  -36.603  69.382 0.0000000000
135869  -25.110  -33.845  70.235 0.0000000000
49528  -24.901  -34.536  70.563 0.0000000000
49527  -24.626  -33.784  70.739 0.0000000000
50543  -24.205  -33.693  71.406 0.0000000000
48437  -25.054  -35.809  72.399 0.0000000000
46562  -27.825  -38.315  69.828 0.0000000000
46584  -27.937  -37.303  68.702 0.0000000000
47484  -25.494  -36.453  71.009 0.0000000000
47511  -47.015  -36.160  68.718 0.0000000000
47527  -47.082  -36.412  67.926 0.0000000000
47542  -45.051  -36.175  65.040 0.0000000000
47544  -48.215  -36.367  66.215 0.0000000000
47575  -46.270  -36.462  64.086 0.0000000000
48465  -27.554  -34.958  66.666 0.0000000000
48474  -47.502  -36.101  67.590 0.0000000000
48484  -44.594  -35.789  65.693 0.0000000000
48488  -50.309  -35.407  65.386 0.0000000000
48495  -48.362  -36.285  64.944 0.0000000000
48497  -49.921  -35.772  65.400 0.0000000000
48514  -48.888  -35.843  64.427 0.0000000000
48532  -45.459  -36.405  62.195 0.0000000000
48598  -41.410  -36.204  58.335 0.0000000000
48600  -37.785  -35.589  57.093 0.0000000000
49522  -33.975  -34.229  72.154 0.0000000000
49540  -26.647  -34.621  67.721 0.0000000000
49547  -44.919  -35.144  67.234 0.0000000000
49560  -44.210  -35.033  65.868 0.0000000000
49561  -47.956  -35.737  66.927 0.0000000000
49576  -50.931  -34.975  65.287 0.0000000000
49590  -50.186  -35.170  64.091 0.0000000000
49605  -49.644  -34.649  63.290 0.0000000000
49617  -45.455  -35.599  61.453 0.0000000000
49685  -39.298  -35.285  57.664 0.0000000000
49693  -37.993  -35.404  57.124 0.0000000000
50599  -28.268  -33.190  67.169 0.0000000000
50603  -44.774  -34.263  66.856 0.0000000000
50619  -51.242  -34.122  65.068 0.0000000000
50621  -52.328  -33.393  64.047 0.0000000000
50633  -48.026  -33.374  64.282 0.0000000000
50635  -49.907  -32.995  64.383 0.0000000000
50636  -51.454  -34.565  64.059 0.0000000000
50637  -51.902  -34.085  64.128 0.0000000000
50653  -52.205  -33.681  63.517 0.0000000000
50699  -44.429  -33.790  59.738 0.0000000000
50746  -38.914  -34.863  57.651 0.0000000000
51572  -23.245  -32.477  72.710 0.0000000000
51581  -24.806  -32.563  71.153 0.0000000000
51624  -40.096  -32.609  69.839 0.0000000000
51631  -33.560  -32.342  68.580 0.0000000000
51636  -38.325  -32.280  68.816 0.0000000000
51663  -46.674  -32.686  64.707 0.0000000000
51666  -51.380  -33.267  64.717 0.0000000000
51677  -46.814  -32.445  63.973 0.0000000000
51678  -48.131  -32.624  63.562 0.0000000000
51681  -51.573  -32.254  64.473 0.0000000000
51682  -52.744  -32.671  63.608 0.0000000000
51683  -53.243  -32.040  63.235 0.0000000000
51713  -52.498  -32.533  62.203 0.0000000000
51714  -53.034  -32.267  62.163 0.0000000000
52667  -27.014  -31.642  72.778 0.0000000000
52679  -47.268  -31.597  70.716 0.0000000000
52691  -46.876  -31.810  70.630 0.0000000000
52692  -47.545  -31.914  70.379 0.0000000000
52718  -33.651  -31.817  67.110 0.0000000000
52745  -46.057  -31.145  64.338 0.0000000000
52760  -31.468  -31.303  63.317 0.0000000000
52764  -46.496  -31.769  63.471 0.0000000000
52766  -49.838  -32.070  63.630 0.0000000000
52777  -46.981  -31.592  62.842 0.0000000000
52797  -53.861  -31.476  62.059 0.0000000000
52809  -52.388  -31.448  61.063 0.0000000000
52810  -53.153  -31.434  60.985 0.0000000000
52821  -46.213  -31.705  59.088 0.0000000000
53802  -36.390  -30.384  64.610 0.0000000000
53811  -33.267  -30.018  62.481 0.0000000000
53815  -51.805  -30.105  63.719 0.0000000000
53817  -53.413  -31.115  63.618 0.0000000000
53830  -48.795  -30.672  62.245 0.0000000000
53842  -42.028  -30.953  61.919 0.0000000000
53843  -45.940  -29.917  61.740 0.0000000000
53845  -47.487  -30.374  61.733 0.0000000000
53847  -49.359  -29.843  61.945 0.0000000000
53849  -54.695  -30.663  61.517 0.0000000000
53878  -52.915  -30.625  59.667 0.0000000000
54793  -47.252  -30.222  70.625 0.0000000000
54795  -48.113  -29.396  70.170 0.0000000000
54806  -46.759  -29.832  70.445 0.0000000000
54850  -47.514  -28.957  67.197 0.0000000000
54855  -38.026  -30.012  64.983 0.0000000000
54874  -45.585  -29.858  64.218 0.0000000000
54886  -45.214  -29.605  63.355 0.0000000000
54888  -53.349  -30.049  63.738 0.0000000000
54898  -50.298  -29.514  62.219 0.0000000000
54902  -53.823  -29.565  63.129 0.0000000000
54914  -46.445  -29.484  61.278 0.0000000000
54919  -51.401  -28.874  62.545 0.0000000000
54928  -35.195  -28.990  60.191 0.0000000000
54931  -41.168  -29.842  60.808 0.0000000000
54939  -36.525  -29.659  59.312 0.0000000000
54956  -49.626  -29.634  58.322 0.0000000000
55831  -45.712  -28.758  69.628 0.0000000000
55833  -47.942  -28.843  70.144 0.0000000000
55889  -45.827  -28.623  65.385 0.0000000000
55909  -40.152  -27.922  63.944 0.0000000000
55927  -53.320  -28.722  62.758 0.0000000000
55928  -54.245  -29.053  62.546 0.0000000000
55939  -44.302  -28.367  61.654 0.0000000000
55940  -44.989  -28.969  61.204 0.0000000000
55941  -46.396  -28.971  60.831 0.0000000000
55944  -49.599  -28.716  61.215 0.0000000000
55945  -50.367  -28.634  61.445 0.0000000000
55962  -40.195  -28.282  60.645 0.0000000000
55963  -44.632  -28.314  60.827 0.0000000000
55965  -47.753  -28.565  60.446 0.0000000000
55967  -49.850  -28.322  60.791 0.0000000000
56931  -46.912  -27.725  66.562 0.0000000000
56950  -45.218  -27.137  64.779 0.0000000000
56962  -39.068  -27.752  61.984 0.0000000000
56976  -43.817  -27.603  61.659 0.0000000000
56977  -52.593  -27.733  61.516 0.0000000000
56979  -54.427  -27.698  61.703 0.0000000000
56988  -43.537  -27.122  61.095 0.0000000000
56990  -45.022  -28.097  60.024 0.0000000000
56995  -50.234  -27.835  60.285 0.0000000000
56999  -54.894  -27.156  61.191 0.0000000000
57008  -44.548  -27.337  59.660 0.0000000000
57009  -45.503  -27.546  59.456 0.0000000000
57011  -47.493  -27.656  59.316 0.0000000000
57013  -49.785  -27.442  59.589 0.0000000000
57015  -51.677  -27.223  60.247 0.0000000000
57023  -46.925  -27.244  58.793 0.0000000000
57024  -47.794  -27.244  58.786 0.0000000000
58105  -44.893  -26.982  58.900 0.0000000000
58110  -52.207  -26.677  59.583 0.0000000000
58112  -54.973  -26.146  60.300 0.0000000000
58113  -55.263  -26.317  60.198 0.0000000000
58119  -43.844  -26.055  59.036 0.0000000000
58121  -45.424  -26.495  58.384 0.0000000000
58123  -47.315  -26.830  58.270 0.0000000000
58124  -48.190  -26.817  58.320 0.0000000000
58125  -49.529  -26.561  58.365 0.0000000000
58137  -45.945  -26.200  57.965 0.0000000000
58139  -47.746  -26.426  57.721 0.0000000000
58141  -49.640  -26.079  57.725 0.0000000000
59044  -44.665  -25.975  64.059 0.0000000000
59056  -43.636  -26.101  61.879 0.0000000000
59058  -44.934  -25.266  62.822 0.0000000000
59062  -43.498  -25.809  61.108 0.0000000000
59071  -43.561  -25.513  60.220 0.0000000000
59072  -43.755  -25.223  60.853 0.0000000000
59078  -43.672  -25.543  59.372 0.0000000000
59086  -43.990  -25.472  58.674 0.0000000000
59087  -44.466  -25.211  57.917 0.0000000000
59089  -51.250  -26.004  57.937 0.0000000000
59100  -45.962  -25.750  57.352 0.0000000000
59102  -48.189  -25.953  57.149 0.0000000000
59106  -52.870  -25.138  57.728 0.0000000000
59114  -46.453  -25.387  56.608 0.0000000000
59116  -48.623  -25.398  56.621 0.0000000000
59117  -49.484  -25.325  56.751 0.0000000000
59118  -50.261  -25.297  56.937 0.0000000000
60012  -44.818  -24.847  62.083 0.0000000000
60031  -43.693  -25.042  59.593 0.0000000000
60032  -44.030  -24.590  59.253 0.0000000000
60048  -44.687  -24.690  57.143 0.0000000000
60073  -45.387  -24.106  55.779 0.0000000000
60075  -47.226  -24.496  55.242 0.0000000000
60975  -45.958  -23.958  61.195 0.0000000000
61006  -45.438  -23.221  59.001 0.0000000000
61019  -44.429  -23.905  57.759 0.0000000000
61030  -44.706  -23.248  57.192 0.0000000000
61038  -44.838  -23.127  56.339 0.0000000000
61039  -44.895  -23.754  56.220 0.0000000000
61040  -52.164  -23.898  56.054 0.0000000000
61049  -45.170  -22.797  55.653 0.0000000000
61054  -50.959  -23.886  55.476 0.0000000000
61063  -45.542  -22.962  54.945 0.0000000000
61064  -46.742  -23.436  54.167 0.0000000000
61065  -47.597  -23.478  54.067 0.0000000000
61066  -49.571  -23.495  54.565 0.0000000000
61076  -48.139  -23.132  53.697 0.0000000000
61981  -45.764  -22.632  58.433 0.0000000000
61982  -46.107  -22.162  57.857 0.0000000000
61997  -45.685  -22.214  57.237 0.0000000000
62012  -45.282  -22.414  56.075 0.0000000000
62045  -45.949  -22.050  53.702 0.0000000000
62047  -46.953  -22.429  53.159 0.0000000000
62049  -50.520  -22.480  53.467 0.0000000000
62885  -49.069  -21.781  60.353 0.0000000000
62896  -50.343  -20.754  60.350 0.0000000000
62918  -46.277  -21.714  57.293 0.0000000000
62934  -46.371  -21.316  56.597 0.0000000000
62949  -45.460  -22.242  55.309 0.0000000000
62965  -45.672  -22.162  54.481 0.0000000000
62966  -45.853  -21.405  54.128 0.0000000000
62984  -46.639  -21.251  52.724 0.0000000000
62985  -47.875  -21.644  52.255 0.0000000000
62987  -49.613  -21.648  52.200 0.0000000000
63945  -49.547  -19.799  58.475 0.0000000000
63953  -47.757  -20.520  57.134 0.0000000000
63964  -46.366  -20.872  55.696 0.0000000000
63979  -46.749  -20.212  55.134 0.0000000000
63996  -46.230  -20.692  53.843 0.0000000000
64006  -46.448  -20.547  53.060 0.0000000000
64012  -46.815  -20.514  52.317 0.0000000000
64020  -47.433  -20.480  51.749 0.0000000000
64956  -51.621  -19.418  60.254 0.0000000000
64985  -48.742  -19.575  57.235 0.0000000000
64986  -50.026  -18.937  58.191 0.0000000000
64997  -47.898  -19.783  56.220 0.0000000000
64999  -49.198  -18.971  56.868 0.0000000000
65013  -48.202  -19.206  55.806 0.0000000000
65029  -47.095  -19.661  54.621 0.0000000000
65038  -46.725  -19.802  52.661 0.0000000000
65052  -47.517  -18.895  51.013 0.0000000000
65063  -47.879  -18.617  50.546 0.0000000000
65064  -48.617  -19.042  50.358 0.0000000000
65938  -51.755  -18.746  59.876 0.0000000000
65969  -51.042  -17.997  58.182 0.0000000000
65991  -49.221  -18.178  55.632 0.0000000000
66012  -47.287  -18.570  52.234 0.0000000000
66026  -49.217  -18.466  49.826 0.0000000000
67049  -51.358  -17.425  57.512 0.0000000000
67059  -50.428  -17.553  56.473 0.0000000000
67079  -49.198  -17.407  54.627 0.0000000000
67091  -47.537  -17.858  51.857 0.0000000000
67095  -47.580  -17.706  51.008 0.0000000000
67096  -47.941  -16.879  51.049 0.0000000000
67101  -47.739  -18.033  50.471 0.0000000000
67102  -47.995  -17.317  50.239 0.0000000000
67107  -49.648  -17.106  49.025 0.0000000000
68114  -54.800  -16.225  59.994 0.0000000000
68152  -50.924  -16.852  55.995 0.0000000000
68167  -49.894  -17.164  55.060 0.0000000000
68178  -51.142  -15.958  54.825 0.0000000000
68184  -49.516  -16.428  53.580 0.0000000000
68199  -48.312  -16.461  50.469 0.0000000000
68205  -50.216  -16.142  48.356 0.0000000000
69159  -53.066  -15.813  56.133 0.0000000000
69188  -50.893  -15.669  54.122 0.0000000000
69190  -52.416  -15.230  54.736 0.0000000000
69198  -49.917  -15.791  53.106 0.0000000000
69200  -51.314  -15.091  53.713 0.0000000000
69208  -49.715  -15.567  52.279 0.0000000000
69209  -50.330  -15.023  52.079 0.0000000000
69212  -48.731  -15.783  50.780 0.0000000000
69217  -48.667  -15.969  49.930 0.0000000000
69218  -49.237  -15.341  50.280 0.0000000000
69221  -49.320  -15.623  49.326 0.0000000000
69229  -49.847  -15.695  48.714 0.0000000000
70124  -53.640  -14.104  54.273 0.0000000000
70134  -52.216  -13.916  52.791 0.0000000000
70152  -51.197  -14.200  51.116 0.0000000000
70158  -50.545  -14.609  49.583 0.0000000000
70166  -50.703  -14.707  48.732 0.0000000000
71048  -54.703  -13.376  53.706 0.0000000000
71057  -52.749  -13.644  52.161 0.0000000000
71072  -52.478  -13.677  51.248 0.0000000000
71074  -53.987  -12.961  51.234 0.0000000000
71081  -53.141  -13.241  49.926 0.0000000000
71084  -51.865  -13.941  49.871 0.0000000000
71086  -53.054  -13.233  49.098 0.0000000000
71093  -51.839  -13.883  49.138 0.0000000000
71962  -56.550  -12.016  52.993 0.0000000000
72004  -55.171  -12.050  48.356 0.0000000000
121052  -46.722  -35.975  69.008 0.0000000000
121054  -46.980  -35.287  69.421 0.0000000000
121055  -46.582  -36.293  68.426 0.0000000000
121058  -46.354  -35.492  69.121 0.0000000000
121059  -47.634  -33.184  69.172 0.0000000000
121060  -47.561  -32.659  70.139 0.0000000000
121064  -47.210  -34.499  69.779 0.0000000000
121067  -46.679  -33.010  66.835 0.0000000000
121070  -46.691  -34.808  69.598 0.0000000000
121074  -46.711  -33.276  66.053 0.0000000000
121075  -47.402  -31.569  67.875 0.0000000000
121295  -46.274  -31.501  69.770 0.0000000000
121305  -47.215  -35.744  68.949 0.0000000000
121365  -46.492  -31.439  66.154 0.0000000000
121495  -44.506  -27.997  62.939 0.0000000000
121577  -55.156  -31.192  59.294 0.0000000000
121628  -50.047  -16.469  54.142 0.0000000000
121643  -47.291  -35.013  69.306 0.0000000000
122394  -46.849  -23.665  61.320 0.0000000000
122613  -45.372  -29.744  62.187 0.0000000000
123519  -45.218  -23.647  59.530 0.0000000000
124422  -47.304  -27.478  69.556 0.0000000000
124805  -45.705  -30.753  62.932 0.0000000000
125455  -34.949  -31.661  66.739 0.0000000000
126137  -50.116  -34.100  62.830 0.0000000000
126267  -52.156  -30.936  64.248 0.0000000000
126313  -48.683  -22.706  53.184 0.0000000000
126833  -49.625  -16.859  54.335 0.0000000000
129502  -46.957  -31.197  70.798 0.0000000000
130011  -51.838  -24.503  56.494 0.0000000000
130144  -47.605  -19.687  51.263 0.0000000000
130165  -54.048  -13.162  51.897 0.0000000000
130223  -47.439  -34.459  68.138 0.0000000000
130579  -48.861  -35.820  66.192 0.0000000000
130841  -26.796  -36.494  68.253 0.0000000000
130940  -48.359  -31.368  62.521 0.0000000000
131051  -46.988  -19.814  51.900 0.0000000000
131062  -35.884  -32.391  69.432 0.0000000000
131957  -46.177  -21.314  53.393 0.0000000000
132131  -49.388  -20.365  51.144 0.0000000000
132171  -55.071  -29.159  61.443 0.0000000000
132452  -50.698  -34.309  65.287 0.0000000000
134070  -55.304  -29.228  60.888 0.0000000000
135240  -48.343  -21.159  58.612 0.0000000000
135264  -47.952  -19.226  50.740 0.0000000000
135434  -48.252  -17.514  53.311 0.0000000000
135916  -48.862  -24.483  55.629 0.0000000000
138121  -47.092  -34.036  70.152 0.0000000000
140314  -53.130  -15.112  55.003 0.0000000000
140418  -46.166  -36.045  68.693 0.0000000000
140663  -47.077  -30.093  66.905 0.0000000000
141748  -46.902  -32.633  70.577 0.0000000000
141894  -56.050  -13.112  55.393 0.0000000000
142489  -47.395  -28.944  70.242 0.0000000000
142545  -47.819  -17.250  51.639 0.0000000000
142914  -40.168  -34.685  75.200 0.0000000000
143652  -50.864  -17.477  57.015 0.0000000000
143989  -52.328  -29.482  58.527 0.0000000000
144034  -25.841  -30.303  80.052 0.0000000000
144594  -46.562  -22.982  53.816 0.0000000000
144919  -28.234  -30.990  77.574 0.0000000000
145068  -47.400  -18.452  52.850 0.0000000000
145485  -49.404  -17.679  55.218 0.0000000000
146279  -50.108  -18.024  56.895 0.0000000000
146308  -47.657  -20.247  56.563 0.0000000000
146367  -52.733  -31.248  60.663 0.0000000000
146410  -50.303  -15.323  52.761 0.0000000000
146772  -50.152  -16.673  54.626 0.0000000000
146878  -51.760  -34.100  63.609 0.0000000000
