#!ascii label  , from subject sub-v1s8x0051347_ses-1 vox2ras=TkReg
1651
128627  -23.259  -57.834  8.484 0.5000000000
29170  -23.768  -57.087  8.522 0.4000000060
28184  -24.367  -57.949  8.585 0.6000000238
31138  -22.441  -55.062  8.348 0.6000000238
131163  -23.238  -56.193  8.540 0.5000000000
32112  -22.355  -54.480  8.375 0.6000000238
30166  -24.333  -56.368  8.570 0.6999999881
29171  -24.831  -57.200  8.632 0.6999999881
31140  -23.832  -55.497  8.600 0.6999999881
31139  -22.850  -55.263  8.515 0.6999999881
32087  -22.527  -54.426  8.612 0.6999999881
136221  -22.229  -53.995  8.439 0.5000000000
33046  -22.195  -53.632  8.744 0.6999999881
31159  -22.211  -55.379  8.154 0.5000000000
25219  -24.194  -60.983  15.656 0.5000000000
128856  -24.857  -55.657  8.624 0.6999999881
145850  -24.035  -54.383  8.825 0.6999999881
33047  -22.691  -53.821  9.061 0.6999999881
32088  -23.342  -54.589  8.749 0.6999999881
130167  -23.706  -53.939  9.017 0.6999999881
133981  -22.066  -53.321  8.600 0.6000000238
29156  -28.646  -57.380  10.287 0.6999999881
30169  -28.131  -56.941  9.867 0.6999999881
126197  -25.306  -56.497  8.654 0.6999999881
127052  -25.882  -55.785  8.642 0.6999999881
26135  -24.398  -60.285  15.578 0.6000000238
25234  -22.277  -61.460  14.558 0.4000000060
134256  -21.980  -52.760  8.883 0.6999999881
33996  -21.981  -52.141  9.095 0.6999999881
128029  -22.423  -51.784  8.291 0.6000000238
29149  -29.711  -57.726  11.142 0.6999999881
143043  -29.100  -57.764  10.609 0.6999999881
30168  -27.432  -56.605  9.446 0.6999999881
30153  -28.790  -56.556  10.217 0.6999999881
29157  -29.299  -57.085  10.626 0.6999999881
27133  -25.438  -59.268  16.094 0.6000000238
127411  -27.299  -55.744  9.171 0.6999999881
133269  -26.188  -54.949  8.652 0.6999999881
31141  -28.182  -55.967  9.700 0.6999999881
31127  -28.991  -55.715  10.211 0.6999999881
26153  -22.490  -60.480  14.528 0.5000000000
25235  -23.182  -61.070  14.719 0.5000000000
33048  -24.338  -53.521  9.075 0.6999999881
32089  -24.669  -54.175  8.766 0.6999999881
31142  -28.606  -55.075  9.805 0.6999999881
26152  -21.592  -60.687  14.467 0.4000000060
33030  -22.274  -52.986  9.136 0.6999999881
32090  -25.663  -54.205  8.680 0.6999999881
133273  -27.018  -54.976  8.815 0.6999999881
127118  -27.780  -55.054  9.393 0.6999999881
26151  -20.695  -60.825  14.492 0.4000000060
32092  -27.389  -54.278  9.062 0.6999999881
33052  -27.788  -53.538  9.192 0.6999999881
33031  -23.430  -53.100  9.306 0.6999999881
34880  -25.836  -51.747  9.392 0.6999999881
133233  -26.500  -52.938  9.049 0.6999999881
34009  -21.883  -51.970  8.930 0.6999999881
33980  -24.977  -52.010  9.399 0.6999999881
34892  -22.038  -51.203  8.894 0.6999999881
35696  -22.251  -50.759  9.223 0.6999999881
37299  -24.525  -49.006  8.240 0.5000000000
136192  -24.972  -49.702  8.025 0.5000000000
34902  -26.067  -50.642  7.272 0.4000000060
35731  -25.511  -50.110  7.558 0.5000000000
30155  -30.122  -55.964  11.161 0.6999999881
28090  -25.798  -57.989  15.995 0.6000000238
138950  -26.638  -55.548  8.763 0.6999999881
27155  -23.994  -59.823  14.930 0.5000000000
142980  -29.203  -55.007  10.274 0.6999999881
33979  -23.958  -52.175  9.480 0.6999999881
33049  -25.183  -53.477  8.901 0.6999999881
33978  -22.814  -52.228  9.385 0.6999999881
34867  -24.393  -51.348  9.566 0.6999999881
37280  -23.430  -48.654  8.629 0.6999999881
34898  -22.573  -50.928  8.376 0.6999999881
36495  -23.163  -49.753  8.403 0.6999999881
35728  -22.675  -50.178  8.519 0.6999999881
139876  -29.828  -57.189  15.623 0.6999999881
131141  -30.588  -56.945  14.856 0.6999999881
30119  -31.055  -56.149  13.609 0.8000000119
124839  -29.143  -57.319  16.003 0.6000000238
30097  -29.387  -56.566  15.907 0.6000000238
30098  -30.259  -56.558  15.359 0.6000000238
30143  -31.187  -56.353  12.585 0.8000000119
30096  -28.533  -56.720  16.202 0.6000000238
122028  -27.873  -56.167  16.197 0.6000000238
31129  -30.309  -55.113  11.202 0.6999999881
29052  -27.018  -57.544  16.260 0.6000000238
30082  -27.651  -56.970  16.227 0.6000000238
28088  -24.497  -58.527  15.161 0.6000000238
29072  -25.401  -57.561  15.533 0.6000000238
31128  -29.630  -55.418  10.701 0.6999999881
27154  -23.412  -59.340  14.640 0.5000000000
145855  -23.491  -58.613  14.616 0.6000000238
32093  -28.242  -54.307  9.478 0.6999999881
34866  -23.379  -51.422  9.531 0.6999999881
33997  -24.615  -52.826  9.263 0.6999999881
133252  -27.287  -52.774  9.156 0.6999999881
36482  -22.564  -49.285  9.241 0.8000000119
136131  -22.172  -49.973  9.100 0.6999999881
33999  -26.555  -52.250  9.258 0.6999999881
126533  -22.823  -48.370  9.278 0.8000000119
35697  -22.880  -50.546  9.539 0.6999999881
134206  -23.821  -50.757  9.641 0.6999999881
130160  -25.410  -49.162  7.929 0.5000000000
35732  -26.186  -49.826  7.379 0.5000000000
37301  -26.207  -48.741  7.582 0.5000000000
35733  -26.911  -49.881  7.343 0.4000000060
31078  -29.623  -55.664  15.830 0.6000000238
125094  -30.752  -56.260  14.658 0.6999999881
31095  -31.062  -55.446  14.430 0.8000000119
31104  -31.400  -55.285  13.532 0.8999999762
31077  -28.694  -55.951  16.210 0.6000000238
31115  -31.510  -55.176  12.699 0.8000000119
129992  -31.369  -55.785  12.236 0.8000000119
31124  -31.404  -55.106  11.987 0.8000000119
30095  -27.098  -56.335  15.928 0.6000000238
30094  -26.336  -56.506  15.644 0.6000000238
135505  -30.997  -54.927  11.562 0.8000000119
28111  -22.841  -58.772  14.506 0.6000000238
29071  -24.691  -57.815  15.172 0.6000000238
29101  -24.951  -57.050  15.072 0.6000000238
33033  -30.125  -53.596  10.767 0.6999999881
27152  -21.853  -59.820  14.450 0.5000000000
136400  -29.282  -53.055  9.856 0.6999999881
33981  -29.773  -52.978  10.338 0.6999999881
27151  -20.992  -59.968  14.495 0.5000000000
132550  -22.085  -58.992  14.458 0.5000000000
33053  -28.706  -53.481  9.600 0.6999999881
37269  -22.739  -48.593  9.452 0.8000000119
36465  -22.380  -49.937  9.333 0.8000000119
35699  -24.763  -50.382  9.655 0.6999999881
34869  -25.849  -50.859  9.490 0.6999999881
133313  -25.653  -49.571  7.642 0.5000000000
32037  -30.124  -54.838  15.678 0.6999999881
32038  -30.892  -54.771  15.070 0.8000000119
135792  -31.392  -54.522  14.223 0.8000000119
126250  -31.767  -53.794  13.689 0.8000000119
146108  -27.325  -55.734  15.898 0.6000000238
32069  -31.593  -54.478  12.427 0.8000000119
31075  -26.588  -55.754  15.580 0.6000000238
33026  -31.314  -53.652  11.572 0.6999999881
28112  -23.982  -58.068  14.744 0.6000000238
29100  -24.286  -57.244  14.772 0.6000000238
33982  -30.524  -52.738  10.773 0.8000000119
33968  -31.302  -52.894  11.339 0.6999999881
28110  -22.267  -58.171  14.447 0.6000000238
136976  -20.416  -59.147  14.519 0.4000000060
130458  -27.365  -51.990  9.326 0.6999999881
144450  -27.774  -52.367  9.309 0.6999999881
34001  -29.465  -52.462  9.899 0.6999999881
27149  -18.639  -59.759  14.445 0.4000000060
34882  -27.556  -51.257  9.418 0.6999999881
34000  -28.850  -52.619  9.566 0.6999999881
37255  -22.809  -49.022  9.576 0.8000000119
35698  -23.678  -50.114  9.712 0.8000000119
34881  -26.706  -51.348  9.381 0.6999999881
38182  -23.200  -47.822  9.101 0.8000000119
37281  -24.235  -48.183  8.474 0.6999999881
37300  -25.201  -48.588  8.192 0.5000000000
37302  -26.834  -48.721  7.443 0.5000000000
135321  -25.741  -48.798  7.806 0.5000000000
36499  -27.238  -49.349  7.379 0.4000000060
124643  -29.687  -54.112  16.109 0.6000000238
139178  -30.561  -53.980  15.592 0.6999999881
32039  -31.172  -54.078  14.945 0.8000000119
32994  -31.554  -53.626  14.484 0.8000000119
31076  -27.976  -55.325  16.195 0.6999999881
122927  -27.061  -55.061  15.709 0.6999999881
33006  -31.898  -53.851  12.854 0.8000000119
31074  -25.694  -55.925  15.230 0.6000000238
33007  -32.277  -53.215  13.291 0.8000000119
31094  -24.949  -55.836  14.728 0.6000000238
33020  -32.243  -53.205  12.422 0.8000000119
33027  -31.953  -53.100  11.756 0.8000000119
141464  -23.658  -57.346  14.598 0.6000000238
122606  -23.832  -56.636  14.558 0.6000000238
133377  -29.987  -52.347  10.288 0.8999999762
33983  -31.218  -52.064  11.067 0.8000000119
135797  -29.029  -51.311  9.710 0.8000000119
34870  -29.701  -51.742  9.998 0.8000000119
28109  -21.568  -58.415  14.463 0.5000000000
36470  -27.787  -48.967  9.641 0.8000000119
35717  -28.293  -50.870  9.540 0.6999999881
28108  -20.413  -58.171  14.479 0.4000000060
38170  -22.692  -47.626  9.876 0.8000000119
36466  -23.048  -49.583  9.717 0.8000000119
36461  -23.274  -48.690  10.078 0.8000000119
132930  -25.140  -49.399  9.826 0.8000000119
35715  -26.687  -50.411  9.487 0.6999999881
36467  -24.050  -49.373  9.944 0.8000000119
35700  -25.839  -49.961  9.607 0.6999999881
145559  -24.011  -48.765  10.207 0.8000000119
37247  -24.002  -48.207  10.386 0.8000000119
38184  -25.497  -47.502  8.275 0.6000000238
37282  -24.997  -47.839  8.364 0.6000000238
38207  -26.479  -48.118  7.633 0.5000000000
125964  -28.734  -54.128  16.194 0.6000000238
32984  -31.183  -53.367  15.206 0.6999999881
32035  -27.725  -54.335  15.948 0.6000000238
32995  -32.130  -53.121  14.070 0.6999999881
32981  -28.058  -53.387  16.019 0.6000000238
32034  -26.699  -54.219  15.478 0.6000000238
33965  -32.541  -52.530  12.847 0.8000000119
31093  -24.115  -55.757  14.487 0.6000000238
32033  -26.070  -54.959  15.247 0.6000000238
33955  -32.464  -52.517  13.661 0.6999999881
123756  -23.096  -56.877  14.435 0.5000000000
130805  -31.995  -52.325  11.510 0.8000000119
29098  -21.349  -57.110  14.396 0.3000000119
126663  -30.378  -50.907  10.435 0.8000000119
34872  -31.115  -51.170  10.867 0.8000000119
35703  -29.051  -50.387  9.816 0.8000000119
133984  -29.691  -50.934  10.061 0.8000000119
37260  -27.350  -48.234  10.006 0.8000000119
37246  -23.170  -47.706  10.367 0.8000000119
35701  -27.276  -49.707  9.548 0.8000000119
35716  -27.530  -50.489  9.475 0.6999999881
37257  -24.760  -48.734  10.164 0.8000000119
38183  -23.978  -47.138  8.736 0.6999999881
38185  -26.105  -47.421  8.034 0.6000000238
38209  -28.104  -48.031  7.805 0.3000000119
32982  -29.130  -53.246  16.254 0.6000000238
129239  -30.583  -53.069  15.765 0.6999999881
33933  -31.159  -52.449  15.449 0.6999999881
33934  -31.732  -51.930  14.862 0.6999999881
136327  -22.016  -51.319  14.119 0.5000000000
33946  -32.224  -52.342  14.283 0.6999999881
132182  -24.021  -54.940  14.417 0.5000000000
130122  -25.271  -54.386  14.704 0.5000000000
32980  -27.142  -53.433  15.621 0.6000000238
143485  -32.603  -51.894  13.936 0.6999999881
31090  -21.951  -55.271  14.341 0.3000000119
30116  -23.281  -56.022  14.373 0.5000000000
34841  -32.759  -51.839  13.323 0.8000000119
35685  -32.981  -51.003  12.114 0.8000000119
34855  -32.498  -51.674  11.792 0.8000000119
127452  -29.117  -49.497  10.017 0.8999999762
35705  -30.949  -50.210  10.720 0.8999999762
35689  -31.762  -50.602  11.143 0.8000000119
35690  -32.485  -50.836  11.571 0.8000000119
134245  -21.102  -57.883  14.453 0.4000000060
137459  -28.527  -49.022  9.807 0.8999999762
35704  -29.926  -50.066  10.304 0.8999999762
128622  -22.583  -46.550  10.275 0.8000000119
138800  -22.786  -47.264  10.245 0.8000000119
37258  -25.612  -48.497  10.175 0.8000000119
131058  -26.531  -49.626  9.605 0.8000000119
124696  -22.933  -46.834  9.598 0.8000000119
39121  -24.477  -46.276  8.590 0.6999999881
39122  -25.469  -46.598  8.331 0.6000000238
39124  -27.087  -46.490  8.039 0.6000000238
38186  -26.800  -47.313  7.747 0.6000000238
33921  -29.043  -52.209  16.318 0.6000000238
33922  -29.905  -52.641  16.238 0.6000000238
33932  -30.544  -52.389  15.946 0.6999999881
132710  -28.303  -52.536  16.074 0.6000000238
34824  -31.330  -51.521  15.546 0.6999999881
33930  -27.485  -52.572  15.644 0.6000000238
34825  -31.942  -51.081  15.041 0.8000000119
32991  -24.695  -53.385  14.494 0.6000000238
32992  -25.570  -53.397  14.725 0.5000000000
33929  -26.706  -52.621  15.208 0.6000000238
34835  -33.071  -51.191  13.907 0.8000000119
32048  -22.595  -54.374  14.306 0.4000000060
34842  -33.187  -51.134  12.947 0.6999999881
30115  -22.499  -56.182  14.343 0.4000000060
37263  -30.593  -48.765  10.642 0.8000000119
127291  -32.383  -50.032  11.337 0.8000000119
36472  -29.831  -49.141  10.449 0.8000000119
131180  -31.703  -49.893  10.989 0.8000000119
37261  -28.304  -48.350  9.982 0.8000000119
38147  -23.948  -47.216  10.699 0.8000000119
38148  -25.305  -47.150  10.682 0.8000000119
37259  -26.438  -48.417  10.086 0.6999999881
39079  -22.610  -46.187  10.897 0.8000000119
38159  -25.964  -47.865  10.427 0.8000000119
37248  -24.972  -47.966  10.461 0.8000000119
39120  -23.436  -46.039  9.195 0.8000000119
39080  -23.107  -46.268  11.119 0.8000000119
39958  -25.722  -45.667  8.268 0.6999999881
39123  -26.304  -46.551  8.125 0.6999999881
133250  -26.950  -44.844  8.664 0.6000000238
40848  -27.789  -44.953  8.775 0.6000000238
140469  -28.328  -45.557  8.726 0.6000000238
33931  -27.819  -51.611  15.765 0.6000000238
34812  -30.797  -51.067  16.137 0.8000000119
34831  -22.875  -49.931  14.622 0.5000000000
146449  -26.410  -52.063  14.954 0.5000000000
35677  -32.687  -50.744  14.635 0.8000000119
34834  -32.408  -51.535  14.436 0.6999999881
131028  -24.013  -52.183  14.428 0.5000000000
35672  -32.328  -50.258  15.377 0.8000000119
35673  -33.024  -50.088  14.843 0.8000000119
131029  -23.010  -51.789  14.322 0.5000000000
35681  -33.433  -50.434  13.444 0.8000000119
36453  -33.622  -49.836  13.848 0.8000000119
35686  -33.334  -50.321  12.546 0.8000000119
135039  -33.045  -50.195  11.810 0.8000000119
36456  -33.584  -49.643  13.105 0.8000000119
36474  -31.240  -49.345  10.787 0.8000000119
38152  -28.955  -47.792  10.438 0.8000000119
36462  -32.064  -49.271  11.152 0.8000000119
39081  -24.419  -46.321  11.101 0.8000000119
38161  -27.241  -47.609  10.365 0.8000000119
38149  -26.517  -47.173  10.561 0.8999999762
39106  -22.609  -45.770  10.088 0.8000000119
39906  -22.566  -45.583  11.140 0.8000000119
39957  -24.933  -45.497  8.357 0.6999999881
39956  -23.955  -45.197  8.871 0.6999999881
39959  -26.525  -45.680  8.361 0.6999999881
131814  -24.423  -44.438  8.562 0.6999999881
141204  -25.200  -44.869  8.223 0.6999999881
133251  -25.900  -44.694  8.401 0.6999999881
40847  -26.486  -43.993  8.636 0.6999999881
141036  -28.928  -49.455  16.712 0.8000000119
34810  -29.359  -51.317  16.383 0.6000000238
35661  -29.503  -50.272  16.490 0.6000000238
35662  -30.365  -50.227  16.453 0.8000000119
32973  -24.024  -53.145  16.506 0.6000000238
34806  -23.994  -49.714  16.034 0.5000000000
34822  -27.831  -50.313  15.923 0.6000000238
32019  -22.868  -54.651  17.032 0.6000000238
33920  -24.891  -51.213  16.622 0.6000000238
36441  -24.439  -48.564  15.839 0.5000000000
34820  -26.136  -50.372  15.344 0.5000000000
33889  -21.680  -52.955  18.969 0.5000000000
32959  -22.538  -53.858  18.398 0.5000000000
32961  -24.283  -53.442  17.902 0.6000000238
33913  -24.835  -52.717  16.833 0.6000000238
34832  -23.533  -49.952  14.718 0.5000000000
35669  -25.481  -49.050  15.672 0.5000000000
33900  -22.739  -53.134  18.943 0.5000000000
34833  -25.957  -51.387  14.983 0.5000000000
33887  -19.857  -52.506  19.057 0.4000000060
33943  -24.967  -52.402  14.592 0.5000000000
36451  -33.570  -49.511  14.555 0.6999999881
37252  -32.489  -48.550  11.485 0.8000000119
36459  -33.392  -49.470  12.247 0.8000000119
37244  -33.754  -48.704  12.877 0.6999999881
38151  -28.408  -47.051  10.539 0.8000000119
37262  -29.823  -48.291  10.533 0.8000000119
37253  -33.299  -48.614  12.000 0.8000000119
37251  -31.518  -48.434  10.959 0.8000000119
38154  -31.397  -47.483  11.124 0.8000000119
40824  -22.679  -44.304  10.387 0.8999999762
39907  -23.515  -45.432  11.442 0.8999999762
39082  -25.764  -46.309  10.849 0.8000000119
38150  -27.514  -47.039  10.551 0.8000000119
39083  -26.916  -46.326  10.721 0.8000000119
39955  -22.990  -44.976  9.465 0.8000000119
128064  -27.948  -48.694  16.848 0.8000000119
124563  -29.753  -49.436  16.724 0.8000000119
36446  -30.781  -49.399  16.724 0.8000000119
32962  -25.046  -53.098  17.582 0.6000000238
36444  -26.928  -48.209  16.702 0.6000000238
139992  -27.663  -49.175  16.320 0.6000000238
32960  -23.364  -53.635  18.195 0.5000000000
32968  -24.418  -53.494  17.100 0.6000000238
34807  -25.688  -50.854  16.901 0.6000000238
36443  -26.064  -48.611  16.309 0.6000000238
35663  -31.238  -50.218  16.314 0.8000000119
36448  -32.353  -49.556  15.974 0.8000000119
37235  -32.820  -48.856  15.840 0.6999999881
33901  -23.813  -53.072  18.777 0.5000000000
35653  -26.301  -48.576  17.104 0.6000000238
35670  -26.969  -49.118  15.981 0.6000000238
33888  -20.708  -52.671  18.949 0.4000000060
127317  -22.263  -52.210  19.347 0.4000000060
33890  -23.244  -52.361  19.375 0.4000000060
33891  -24.238  -52.446  19.285 0.4000000060
37236  -33.553  -48.794  15.221 0.6999999881
140991  -21.933  -51.392  19.548 0.4000000060
34777  -22.730  -51.504  19.684 0.4000000060
34790  -26.638  -51.215  18.278 0.4000000060
131378  -33.866  -49.155  13.754 0.6999999881
35626  -23.166  -50.857  20.091 0.4000000060
34759  -24.962  -51.175  20.265 0.5000000000
38143  -33.541  -47.835  12.495 0.6999999881
35625  -22.182  -50.551  19.785 0.3000000119
35608  -24.471  -50.384  20.732 0.5000000000
34780  -25.490  -51.689  19.543 0.5000000000
140731  -29.185  -47.040  10.593 0.8000000119
37249  -29.847  -47.431  10.631 0.8000000119
122670  -32.117  -47.845  11.397 0.8000000119
38155  -32.866  -47.802  11.857 0.8000000119
40803  -22.822  -44.556  11.168 0.8000000119
39909  -26.264  -45.544  11.051 0.8000000119
137440  -28.829  -46.374  10.668 0.8000000119
39085  -29.817  -46.505  10.793 0.8000000119
126398  -24.119  -44.568  11.466 1.0000000000
39911  -28.353  -45.647  10.760 0.8000000119
40834  -22.768  -44.258  9.687 0.8000000119
129485  -25.570  -44.748  11.363 0.8000000119
39910  -27.372  -45.600  10.803 0.8000000119
40845  -23.175  -43.937  9.054 0.8999999762
40846  -24.938  -44.027  8.262 0.6999999881
145943  -25.549  -43.763  8.446 0.6999999881
136235  -27.527  -44.185  8.874 0.6999999881
136301  -28.657  -44.522  8.964 0.6000000238
42489  -27.514  -42.798  8.346 0.6999999881
42488  -25.952  -42.572  8.304 0.6999999881
41683  -29.395  -43.674  8.580 0.6000000238
41682  -28.153  -43.568  8.764 0.6000000238
36445  -28.913  -48.954  17.048 0.8000000119
36437  -29.925  -48.850  17.136 0.8000000119
33914  -25.484  -52.263  17.290 0.5000000000
132751  -27.537  -48.609  17.493 0.8000000119
138708  -28.129  -48.798  17.822 0.8000000119
36436  -28.092  -48.655  17.352 0.8000000119
37230  -30.819  -48.808  17.147 0.8000000119
33902  -24.821  -53.009  18.488 0.5000000000
34801  -26.125  -51.790  17.724 0.6000000238
36435  -27.142  -48.049  17.146 0.8000000119
36447  -31.733  -49.548  16.473 0.6999999881
34778  -23.653  -51.700  19.819 0.4000000060
33893  -25.923  -51.928  18.649 0.5000000000
35640  -27.676  -49.555  18.194 0.6999999881
35654  -26.927  -48.331  17.368 0.6999999881
37231  -31.542  -48.928  16.925 0.6999999881
138398  -32.340  -48.893  16.549 0.6999999881
146072  -32.789  -48.501  16.273 0.6999999881
126480  -33.920  -48.013  15.052 0.6999999881
38139  -33.958  -47.163  13.793 0.6999999881
35606  -22.897  -49.860  20.232 0.4000000060
36385  -24.494  -49.496  21.207 0.4000000060
39087  -31.308  -46.689  11.343 0.8000000119
122561  -33.683  -47.067  12.951 0.6999999881
38153  -30.615  -47.052  10.877 0.8000000119
39914  -31.067  -45.154  11.738 0.6999999881
129629  -26.811  -44.892  11.036 0.8000000119
39912  -29.283  -45.692  10.875 0.8000000119
40825  -22.930  -43.583  10.346 0.8999999762
40835  -22.841  -43.446  9.585 0.8999999762
40804  -23.610  -43.780  11.052 0.8999999762
41640  -24.413  -43.333  10.741 0.8000000119
40805  -24.886  -43.967  11.327 0.8000000119
40807  -27.400  -44.336  10.957 0.8000000119
41678  -22.722  -42.678  8.957 0.8999999762
41668  -22.823  -42.691  9.418 0.8000000119
121809  -23.732  -43.187  8.662 0.8999999762
134113  -29.295  -45.456  8.899 0.4000000060
131606  -24.624  -43.055  8.472 0.8000000119
41680  -25.608  -43.119  8.450 0.6999999881
41681  -26.928  -43.409  8.576 0.6999999881
43393  -28.953  -41.657  7.200 0.5000000000
37220  -28.775  -48.642  18.009 0.6999999881
128674  -29.055  -48.709  17.439 0.8000000119
36404  -28.205  -49.009  19.257 0.6999999881
37222  -30.503  -48.487  17.628 0.6999999881
34758  -24.052  -51.086  20.280 0.4000000060
35610  -27.091  -50.341  20.277 0.6000000238
37200  -29.452  -48.400  18.605 0.6999999881
37224  -32.147  -48.430  17.271 0.6999999881
38129  -32.836  -48.138  16.865 0.6999999881
37232  -33.274  -48.094  15.895 0.6999999881
35588  -25.892  -50.177  21.275 0.5000000000
38133  -33.791  -47.249  15.625 0.6999999881
38135  -34.045  -47.231  14.728 0.6999999881
37136  -23.719  -48.106  21.382 0.3000000119
37167  -23.801  -48.887  21.119 0.3000000119
36360  -26.272  -49.440  21.641 0.5000000000
39086  -30.626  -46.368  11.146 0.6999999881
38142  -33.059  -47.021  12.325 0.6999999881
39068  -33.903  -46.577  14.315 0.6999999881
37138  -25.758  -48.738  22.034 0.4000000060
140735  -31.807  -46.270  11.742 0.6999999881
39076  -32.483  -46.125  12.241 0.6999999881
39913  -30.270  -45.616  11.231 0.6999999881
40806  -26.242  -44.206  11.127 0.8000000119
129628  -27.872  -44.960  10.877 0.8000000119
129627  -28.821  -45.010  10.935 0.8000000119
42471  -22.678  -42.083  8.987 0.8000000119
42456  -22.969  -42.286  9.487 0.8000000119
41639  -23.343  -43.020  10.162 0.8999999762
138315  -22.833  -42.229  8.780 0.8999999762
124983  -24.155  -42.236  8.542 0.8000000119
42496  -25.017  -41.907  8.048 0.8000000119
42498  -28.277  -42.207  7.827 0.6999999881
42490  -28.748  -42.931  8.294 0.6000000238
42497  -26.836  -42.042  7.881 0.6999999881
129916  -25.069  -41.044  7.712 0.6999999881
37221  -29.652  -48.519  17.808 0.6999999881
36388  -28.157  -49.061  20.492 0.6000000238
36405  -28.580  -48.637  19.720 0.6000000238
37187  -29.244  -48.269  19.552 0.6999999881
38098  -30.818  -47.887  18.881 0.6999999881
37202  -31.054  -48.099  18.110 0.6999999881
37223  -31.332  -48.462  17.493 0.6999999881
35589  -26.701  -50.004  21.110 0.5000000000
143081  -27.680  -49.603  19.932 0.6000000238
38099  -31.587  -47.577  18.578 0.6999999881
38119  -31.843  -47.953  17.878 0.6999999881
36384  -23.131  -49.026  20.560 0.3000000119
36387  -27.451  -49.642  20.883 0.5000000000
37168  -28.730  -48.346  20.425 0.6000000238
38130  -33.348  -47.330  16.534 0.6999999881
37127  -26.215  -48.066  22.374 0.4000000060
37139  -26.715  -48.718  22.071 0.5000000000
132799  -27.640  -48.479  21.919 0.6000000238
39072  -33.662  -46.389  13.532 0.6999999881
39066  -33.970  -46.342  15.221 0.6999999881
39077  -33.271  -46.249  12.784 0.6999999881
38970  -25.506  -46.562  22.593 0.3000000119
39902  -32.280  -45.270  12.374 0.6999999881
40808  -28.414  -44.365  11.001 0.8000000119
40809  -29.347  -44.425  11.175 0.8000000119
40810  -30.301  -44.598  11.476 0.6999999881
41642  -26.924  -43.724  10.832 0.8000000119
41644  -28.978  -43.742  11.073 0.8000000119
41660  -23.928  -42.715  10.063 0.8000000119
41641  -25.681  -43.587  10.866 0.8000000119
42473  -23.308  -41.667  9.209 0.8000000119
43368  -26.736  -41.499  9.310 0.8000000119
42459  -26.976  -42.536  10.246 0.8000000119
43354  -27.532  -42.047  9.778 0.8000000119
44291  -28.045  -41.386  9.468 0.8000000119
43392  -27.854  -41.423  7.519 0.6999999881
43391  -25.113  -41.539  7.861 0.8000000119
136952  -26.477  -41.372  7.659 0.6000000238
44334  -23.336  -40.637  7.693 0.6999999881
45311  -24.701  -39.587  7.068 0.6000000238
43401  -26.341  -40.814  7.501 0.6000000238
38084  -29.897  -47.917  19.816 0.6000000238
37141  -28.325  -48.521  21.330 0.6000000238
38120  -32.451  -47.830  17.537 0.6999999881
37169  -29.387  -47.853  20.381 0.6000000238
38100  -32.365  -47.233  18.142 0.6999999881
38121  -32.927  -47.308  17.377 0.6999999881
141907  -26.619  -47.413  22.538 0.4000000060
38042  -27.087  -47.962  22.394 0.4000000060
39002  -29.560  -47.271  21.019 0.5000000000
39039  -31.981  -46.885  18.987 0.6999999881
38044  -28.367  -47.860  22.021 0.5000000000
38981  -28.916  -47.073  21.696 0.5000000000
39063  -33.712  -46.507  16.223 0.6999999881
38033  -25.840  -47.341  22.505 0.3000000119
38971  -26.506  -46.497  22.679 0.3000000119
38034  -27.382  -47.173  22.609 0.4000000060
39901  -31.769  -45.594  11.974 0.6999999881
39894  -33.850  -45.383  15.234 0.6999999881
144807  -25.876  -46.070  22.661 0.3000000119
39806  -26.186  -45.561  22.668 0.3000000119
39897  -33.397  -45.556  13.343 0.6999999881
139749  -33.717  -45.733  14.310 0.6999999881
40797  -32.466  -44.408  12.648 0.6999999881
135790  -33.525  -44.914  13.926 0.6999999881
41643  -27.996  -43.734  10.947 0.8000000119
138131  -31.184  -44.353  11.863 0.6999999881
40796  -31.758  -44.820  12.165 0.6999999881
40791  -33.461  -44.166  13.793 0.6999999881
145806  -31.790  -44.149  12.221 0.6999999881
41633  -32.664  -43.554  12.804 0.6999999881
42437  -26.384  -43.083  10.512 0.8000000119
42438  -27.549  -43.104  10.683 0.8000000119
132300  -30.711  -43.770  11.621 0.6999999881
41632  -32.116  -43.557  12.383 0.6999999881
124947  -32.577  -42.925  12.552 0.6999999881
42436  -25.058  -42.921  10.320 0.8000000119
42439  -28.581  -43.095  10.839 0.8000000119
42440  -29.620  -42.993  11.132 0.8000000119
42442  -31.337  -42.358  11.418 0.8000000119
42431  -32.590  -42.237  12.181 0.6999999881
128267  -24.658  -41.840  9.479 0.8000000119
42460  -28.105  -42.502  10.425 0.8000000119
42461  -29.097  -42.379  10.619 0.8000000119
42462  -30.025  -42.207  10.745 0.8000000119
42457  -23.888  -42.218  9.662 0.8000000119
43367  -24.767  -41.446  9.217 0.8000000119
136612  -28.583  -41.837  10.116 0.8000000119
43356  -30.399  -41.484  10.400 0.8000000119
44328  -23.945  -41.447  9.124 0.8000000119
137666  -26.027  -41.076  8.945 0.8000000119
43369  -29.044  -41.189  9.698 0.8000000119
43370  -29.940  -41.012  9.847 0.8000000119
123277  -28.006  -40.052  8.757 0.8000000119
44327  -23.216  -41.280  8.524 0.8000000119
43403  -28.459  -41.023  6.863 0.5000000000
43402  -27.512  -40.800  7.282 0.6000000238
44305  -22.807  -40.956  8.652 0.8000000119
44326  -22.767  -40.988  7.979 0.8000000119
45314  -27.861  -39.789  6.180 0.6000000238
45312  -26.023  -39.745  6.863 0.6000000238
142905  -26.908  -39.885  6.669 0.6000000238
38085  -30.506  -47.606  19.597 0.6999999881
38066  -28.868  -47.821  21.172 0.6000000238
39025  -31.550  -46.391  19.747 0.6999999881
39040  -32.582  -46.420  18.600 0.6999999881
39053  -32.994  -46.585  17.889 0.6999999881
39003  -30.249  -46.743  20.809 0.5000000000
39026  -32.227  -46.209  19.229 0.6999999881
38972  -27.645  -46.283  22.650 0.4000000060
132108  -28.770  -45.288  22.401 0.4000000060
124229  -29.035  -46.132  22.089 0.5000000000
39883  -33.577  -45.812  16.795 0.6999999881
39891  -33.873  -45.691  15.987 0.6999999881
40698  -27.361  -44.669  22.612 0.3000000119
40699  -28.306  -44.492  22.490 0.3000000119
39819  -30.140  -45.303  21.565 0.5000000000
135196  -33.683  -45.060  16.521 0.6999999881
134918  -33.829  -45.000  15.846 0.6999999881
40685  -25.811  -44.768  22.540 0.3000000119
41525  -28.648  -43.507  21.940 0.3000000119
40786  -33.817  -44.500  15.293 0.6999999881
41524  -27.694  -43.178  21.794 0.3000000119
41626  -33.757  -43.620  14.261 0.6999999881
140493  -30.360  -43.236  11.423 0.8000000119
41646  -31.449  -43.611  11.950 0.6999999881
124953  -33.205  -43.068  13.190 0.6999999881
127316  -31.041  -43.059  11.617 0.6999999881
41647  -31.862  -42.807  11.993 0.6999999881
147135  -33.083  -41.804  12.412 0.6999999881
42441  -30.540  -42.638  11.228 0.6999999881
42443  -32.088  -42.009  11.618 0.8000000119
42458  -25.623  -42.493  9.904 0.8000000119
43339  -31.619  -41.660  11.117 0.8000000119
43355  -29.520  -41.656  10.294 0.8000000119
44292  -30.789  -40.810  9.982 0.8000000119
124743  -25.059  -40.939  8.927 0.8000000119
145788  -24.890  -41.261  9.161 0.8000000119
44308  -28.520  -40.645  9.194 0.8000000119
45264  -28.980  -39.955  8.839 0.8000000119
44310  -30.327  -40.330  9.450 0.8000000119
45260  -23.244  -40.609  8.859 0.8000000119
45261  -24.594  -40.425  8.761 0.8000000119
44307  -27.404  -40.808  9.043 0.8000000119
45263  -27.650  -39.378  8.527 0.8000000119
45266  -30.676  -39.644  9.112 0.8000000119
39004  -30.893  -46.194  20.552 0.6000000238
39807  -27.073  -45.549  22.709 0.3000000119
38980  -28.287  -46.983  22.442 0.5000000000
39838  -30.821  -45.421  21.008 0.5000000000
39852  -32.051  -45.597  19.649 0.6999999881
39853  -32.652  -45.547  18.910 0.6999999881
39867  -33.181  -45.248  18.156 0.6999999881
40718  -31.314  -44.688  20.705 0.6000000238
40740  -32.335  -44.830  19.505 0.6999999881
136255  -33.460  -45.133  17.329 0.6999999881
40697  -26.476  -44.028  22.413 0.3000000119
40700  -29.188  -44.483  22.222 0.3000000119
40755  -32.769  -44.483  18.711 0.6999999881
41522  -25.917  -43.369  21.664 0.3000000119
42347  -29.345  -42.401  20.799 0.3000000119
40768  -33.564  -44.365  16.997 0.6999999881
40783  -33.787  -44.368  16.183 0.6999999881
43253  -26.453  -41.413  19.425 0.3000000119
43226  -26.954  -41.701  19.961 0.3000000119
43227  -27.997  -41.568  19.962 0.3000000119
42376  -28.997  -41.723  20.206 0.3000000119
44192  -26.414  -40.985  18.927 0.3000000119
138770  -33.495  -43.534  13.687 0.6999999881
42427  -33.682  -42.327  13.367 0.6999999881
43340  -32.225  -41.397  11.318 0.8000000119
43357  -31.225  -41.256  10.554 0.8000000119
44311  -31.165  -40.111  9.577 0.8000000119
45262  -25.738  -39.895  8.593 0.8000000119
125243  -26.728  -40.206  8.682 0.8000000119
135595  -25.984  -39.066  8.476 0.8000000119
46274  -26.773  -39.245  8.501 0.8000000119
142431  -28.154  -38.849  8.346 0.8000000119
45288  -28.530  -39.352  8.539 0.8000000119
45289  -29.380  -39.256  8.600 0.8000000119
45259  -22.286  -39.932  8.404 0.8000000119
46297  -27.475  -38.680  8.308 0.8000000119
45286  -21.852  -39.843  8.062 0.8000000119
45301  -21.928  -39.410  7.641 0.6999999881
45310  -22.965  -39.763  7.326 0.6000000238
39839  -31.454  -45.560  20.313 0.6000000238
135285  -32.393  -44.109  19.410 0.6000000238
40767  -33.239  -44.422  17.813 0.6999999881
42348  -30.213  -42.732  20.787 0.4000000060
41569  -32.202  -43.484  19.711 0.6000000238
41594  -32.929  -43.670  18.220 0.6999999881
42379  -32.333  -42.724  19.280 0.4000000060
41595  -33.332  -43.619  17.444 0.6999999881
41612  -33.648  -43.589  16.606 0.6999999881
41617  -33.839  -43.690  15.735 0.6999999881
43286  -29.927  -40.923  19.136 0.3000000119
43258  -32.075  -41.899  19.089 0.4000000060
42401  -33.486  -42.706  17.133 0.6000000238
42420  -33.797  -42.767  16.063 0.6999999881
41618  -33.980  -43.162  15.319 0.6999999881
41627  -33.876  -42.904  13.915 0.6999999881
43321  -34.385  -41.738  14.941 0.6999999881
43329  -34.072  -41.658  13.575 0.6999999881
44275  -33.842  -40.997  13.158 0.6999999881
42463  -30.863  -41.950  10.904 0.8000000119
43358  -31.994  -40.996  10.787 0.8000000119
45265  -29.852  -39.821  8.970 0.8000000119
44312  -31.962  -39.764  9.756 0.8000000119
45290  -30.210  -39.135  8.737 0.8000000119
47216  -23.851  -38.423  8.477 0.8000000119
46296  -26.633  -38.493  8.274 0.8000000119
126773  -28.128  -38.258  8.038 0.8000000119
46298  -28.892  -38.603  8.257 0.8000000119
127569  -27.316  -37.975  7.937 0.8000000119
130447  -25.284  -38.666  6.450 0.6000000238
46294  -21.564  -39.051  8.150 0.8000000119
47274  -23.822  -38.024  6.547 0.6000000238
46320  -21.860  -38.085  7.371 0.6999999881
47272  -22.377  -36.974  6.917 0.6999999881
40739  -31.926  -44.222  20.051 0.6000000238
41582  -32.596  -43.562  19.003 0.6000000238
42378  -30.955  -42.318  20.062 0.3000000119
43256  -30.410  -41.576  19.560 0.3000000119
42394  -32.626  -42.250  18.443 0.5000000000
43289  -32.279  -41.545  18.522 0.3000000119
134384  -33.758  -42.030  16.646 0.6999999881
45161  -29.040  -39.825  18.370 0.3000000119
44230  -30.369  -40.462  18.676 0.3000000119
43309  -33.785  -41.223  16.711 0.4000000060
42421  -34.171  -42.486  15.229 0.6999999881
45186  -28.529  -39.281  17.896 0.3000000119
44270  -34.407  -40.937  13.933 0.6000000238
44281  -33.206  -40.682  11.853 0.8000000119
44274  -33.672  -40.377  12.557 0.6999999881
122284  -34.173  -40.145  13.377 0.6000000238
44280  -32.619  -40.787  11.276 0.8000000119
126414  -33.522  -40.056  11.885 0.6999999881
144226  -33.939  -39.860  12.833 0.6999999881
44293  -31.611  -40.527  10.183 0.8000000119
44294  -32.458  -40.111  10.555 0.8000000119
45245  -33.209  -39.357  10.698 0.6999999881
45239  -33.648  -39.330  11.579 0.6999999881
45234  -33.828  -39.662  12.340 0.6999999881
45291  -30.985  -38.976  8.853 0.8000000119
45267  -31.434  -39.377  9.280 0.8000000119
46276  -32.855  -38.370  9.576 0.6999999881
46277  -33.375  -38.580  10.179 0.6999999881
46273  -24.714  -39.491  8.601 0.8000000119
46295  -25.524  -38.430  8.331 0.8000000119
46299  -29.762  -38.551  8.453 0.8000000119
133945  -31.603  -38.745  9.056 0.8000000119
47237  -26.337  -37.745  7.895 0.8000000119
47238  -28.040  -37.521  7.702 0.8000000119
46272  -23.286  -39.552  8.634 0.8000000119
123028  -25.034  -37.547  7.991 0.8000000119
47259  -28.709  -37.055  7.628 0.8000000119
46271  -22.525  -39.027  8.465 0.8000000119
47236  -23.529  -37.328  7.935 0.8000000119
48179  -23.437  -36.379  7.482 0.6999999881
145161  -25.730  -37.544  5.853 0.6000000238
47215  -22.314  -38.146  8.160 0.8000000119
48178  -22.701  -36.660  7.293 0.6999999881
49241  -23.508  -35.924  6.847 0.6999999881
42400  -33.115  -42.223  17.771 0.5000000000
43287  -30.835  -41.042  19.068 0.3000000119
43299  -32.852  -41.431  17.974 0.4000000060
127920  -33.438  -41.743  17.305 0.5000000000
42413  -34.101  -41.695  15.855 0.6000000238
44243  -31.740  -40.121  18.156 0.3000000119
44251  -34.078  -40.684  16.067 0.5000000000
45189  -31.292  -39.388  17.876 0.3000000119
45190  -32.215  -39.602  17.629 0.3000000119
124363  -34.299  -40.208  15.567 0.6000000238
44263  -34.404  -40.905  15.246 0.6000000238
46193  -28.178  -38.690  17.293 0.3000000119
46196  -30.776  -38.680  17.573 0.3000000119
45200  -32.647  -38.972  17.154 0.3000000119
46212  -29.449  -38.212  17.156 0.3000000119
122383  -34.487  -40.138  14.226 0.6000000238
46210  -27.990  -38.147  16.638 0.3000000119
45235  -34.246  -39.301  12.965 0.6999999881
130812  -30.128  -37.838  8.338 0.8000000119
46275  -32.121  -38.089  9.020 0.6999999881
47242  -31.465  -37.512  8.621 0.6999999881
47260  -29.596  -37.236  7.893 0.8000000119
47241  -30.643  -37.061  8.286 0.6999999881
48182  -27.190  -37.058  7.607 0.6999999881
143396  -28.036  -36.841  7.549 0.8000000119
141046  -27.129  -37.042  5.085 0.6000000238
48180  -24.691  -36.592  7.639 0.6999999881
49202  -24.527  -35.726  7.404 0.6999999881
49203  -25.633  -35.891  7.456 0.6999999881
48220  -23.723  -36.209  6.544 0.6999999881
48221  -24.526  -36.330  6.036 0.6999999881
49201  -23.862  -35.722  7.262 0.6999999881
52376  -27.272  -32.251  6.247 0.5000000000
52375  -26.513  -32.622  5.963 0.5000000000
123229  -34.465  -40.163  14.950 0.6000000238
45228  -34.431  -39.496  14.625 0.6000000238
46246  -34.480  -38.597  13.496 0.6000000238
45240  -34.039  -39.019  12.257 0.6999999881
46249  -34.444  -38.369  12.601 0.6999999881
46252  -33.772  -38.601  10.934 0.6999999881
47182  -25.929  -37.107  15.036 0.3000000119
47219  -33.620  -37.776  9.802 0.6999999881
46253  -34.151  -38.486  11.741 0.6999999881
46259  -33.893  -37.982  10.441 0.6999999881
48201  -28.515  -36.292  7.527 0.6999999881
47217  -32.288  -37.107  8.779 0.6999999881
47218  -32.985  -37.478  9.283 0.6000000238
48181  -25.999  -36.848  7.613 0.6999999881
48200  -27.683  -36.186  7.495 0.6999999881
49222  -26.353  -35.115  7.419 0.6999999881
47285  -25.355  -36.991  5.670 0.6000000238
139416  -26.330  -37.321  5.526 0.5000000000
50257  -24.634  -34.960  6.780 0.6999999881
50258  -25.221  -34.604  6.987 0.6999999881
50278  -24.836  -34.810  6.111 0.6999999881
51330  -25.639  -33.979  5.276 0.6000000238
45217  -34.292  -39.581  15.339 0.5000000000
145705  -33.983  -38.463  15.292 0.4000000060
46227  -34.260  -38.914  15.008 0.5000000000
46239  -34.425  -38.753  14.313 0.6000000238
135936  -34.214  -38.181  14.765 0.5000000000
130285  -34.474  -37.941  14.047 0.6000000238
129654  -34.626  -37.780  13.245 0.6000000238
48120  -25.489  -36.633  14.435 0.3000000119
48102  -26.768  -36.960  15.057 0.3000000119
46260  -34.304  -37.770  11.154 0.6999999881
47206  -34.336  -37.161  10.268 0.6000000238
126551  -34.653  -36.978  11.262 0.6000000238
48203  -30.087  -36.250  7.782 0.6000000238
48166  -33.059  -36.593  9.014 0.6000000238
48199  -26.733  -36.083  7.491 0.6999999881
48202  -29.226  -36.510  7.622 0.6000000238
48183  -30.938  -36.236  8.118 0.6000000238
49224  -28.205  -35.460  7.492 0.6999999881
50262  -28.651  -34.601  7.504 0.6000000238
50259  -26.015  -34.355  7.222 0.6999999881
50292  -25.166  -34.726  5.401 0.6999999881
48222  -25.481  -36.009  5.302 0.6000000238
132370  -27.222  -35.489  4.315 0.5000000000
49252  -25.624  -35.174  4.962 0.6000000238
49260  -26.454  -34.905  4.469 0.6000000238
50304  -27.247  -34.530  3.970 0.5000000000
51302  -25.748  -33.918  6.714 0.6000000238
51344  -26.309  -33.663  4.510 0.5000000000
51315  -25.554  -33.735  5.979 0.5000000000
52399  -26.523  -33.105  4.579 0.5000000000
51363  -26.774  -33.058  3.893 0.5000000000
52390  -27.138  -32.387  5.253 0.5000000000
53455  -27.798  -31.801  5.425 0.5000000000
47169  -33.741  -37.802  15.258 0.4000000060
47153  -31.549  -37.441  16.626 0.4000000060
124956  -27.148  -36.380  14.491 0.3000000119
48122  -27.842  -36.231  14.585 0.3000000119
48105  -29.450  -36.368  15.321 0.3000000119
47201  -34.823  -37.043  12.120 0.6000000238
138524  -27.623  -35.076  13.657 0.3000000119
48167  -33.728  -35.995  9.323 0.5000000000
126377  -33.788  -36.894  9.536 0.6000000238
49205  -31.611  -35.680  8.240 0.6000000238
49226  -30.034  -35.399  7.652 0.6000000238
48165  -32.323  -36.221  8.601 0.6000000238
49225  -29.196  -35.623  7.546 0.6000000238
50246  -31.246  -34.787  7.870 0.6000000238
49223  -27.313  -35.297  7.488 0.6999999881
50263  -29.597  -34.736  7.560 0.6000000238
51316  -26.095  -33.207  6.361 0.5000000000
47168  -32.591  -36.896  15.874 0.4000000060
47183  -34.121  -37.244  14.565 0.4000000060
48109  -33.327  -36.872  15.233 0.4000000060
48108  -32.632  -36.318  15.407 0.4000000060
47192  -34.558  -37.150  13.754 0.4000000060
135729  -34.802  -37.038  12.985 0.4000000060
48123  -28.384  -35.777  14.392 0.3000000119
129576  -28.891  -35.319  14.240 0.3000000119
48124  -29.098  -35.794  14.731 0.4000000060
48149  -34.920  -36.308  12.662 0.4000000060
50170  -28.512  -34.375  13.917 0.3000000119
49139  -30.277  -35.108  14.504 0.4000000060
48159  -34.715  -36.235  10.755 0.5000000000
48158  -34.416  -36.206  9.856 0.5000000000
131929  -33.004  -35.756  8.794 0.5000000000
49190  -33.572  -35.030  9.097 0.5000000000
124735  -30.429  -34.738  7.647 0.6000000238
50261  -27.893  -33.950  7.475 0.6000000238
134227  -29.270  -33.911  7.511 0.6000000238
51304  -27.291  -33.348  7.270 0.5000000000
51303  -26.469  -33.596  7.056 0.5000000000
52359  -27.629  -32.553  7.016 0.5000000000
143313  -28.131  -31.740  6.568 0.5000000000
53438  -29.029  -31.139  6.536 0.5000000000
53456  -28.684  -31.129  5.312 0.5000000000
48126  -33.777  -36.341  14.489 0.4000000060
48127  -34.297  -36.581  14.068 0.4000000060
48142  -34.613  -36.410  13.444 0.4000000060
48125  -33.054  -35.975  14.863 0.4000000060
125241  -34.647  -35.637  13.164 0.4000000060
50195  -27.903  -34.599  13.761 0.3000000119
49180  -34.934  -35.458  11.387 0.4000000060
48152  -34.978  -36.267  11.750 0.5000000000
51232  -26.934  -33.385  13.955 0.3000000119
49185  -34.248  -35.425  9.607 0.4000000060
126642  -32.809  -35.091  8.634 0.5000000000
50233  -34.349  -34.540  9.679 0.4000000060
50236  -32.103  -34.758  8.327 0.5000000000
51287  -33.617  -34.021  9.199 0.5000000000
141795  -30.010  -34.081  7.559 0.6000000238
135952  -31.542  -34.108  8.096 0.5000000000
51291  -32.145  -33.706  8.473 0.5000000000
51305  -28.091  -33.128  7.413 0.5000000000
135612  -28.562  -33.735  7.485 0.6000000238
51307  -29.821  -33.178  7.733 0.6000000238
50245  -30.758  -33.879  7.755 0.6000000238
52360  -28.379  -32.319  7.347 0.5000000000
53423  -28.748  -31.670  7.199 0.5000000000
51306  -28.887  -33.070  7.534 0.5000000000
54399  -26.038  -30.379  12.846 0.3000000119
122845  -26.898  -30.043  13.239 0.4000000060
54389  -27.696  -29.697  13.439 0.4000000060
51289  -30.639  -32.851  8.178 0.5000000000
55459  -26.100  -28.953  12.141 0.4000000060
52345  -32.783  -32.533  9.218 0.5000000000
52346  -33.476  -32.229  9.609 0.5000000000
52349  -30.599  -31.812  8.379 0.5000000000
131761  -32.001  -31.964  9.046 0.5000000000
52361  -29.201  -32.179  7.671 0.5000000000
144168  -29.633  -31.720  7.725 0.6000000238
54482  -29.460  -30.367  5.547 0.5000000000
54467  -30.269  -29.942  7.404 0.5000000000
54466  -29.675  -30.343  6.794 0.6000000238
123735  -30.337  -29.514  6.514 0.4000000060
55448  -27.157  -29.163  12.744 0.4000000060
54391  -29.195  -30.460  14.376 0.4000000060
52350  -31.416  -32.503  8.605 0.5000000000
53419  -31.235  -31.337  8.760 0.5000000000
53420  -31.780  -30.854  9.188 0.5000000000
53424  -29.333  -31.327  7.354 0.5000000000
53425  -29.935  -31.103  7.799 0.5000000000
55509  -30.802  -28.933  6.765 0.4000000060
55439  -28.418  -29.295  13.563 0.4000000060
57579  -26.487  -27.737  11.607 0.4000000060
53408  -33.362  -31.526  9.884 0.4000000060
53418  -30.625  -30.606  8.196 0.4000000060
54454  -31.215  -30.081  8.560 0.4000000060
54468  -30.873  -29.407  7.743 0.5000000000
55488  -31.401  -28.720  7.995 0.3000000119
54436  -32.817  -30.573  9.947 0.4000000060
55489  -31.965  -28.235  8.212 0.4000000060
54455  -31.870  -29.617  8.769 0.4000000060
56545  -32.342  -27.146  7.753 0.4000000060
123552  -33.192  -28.403  9.902 0.4000000060
56537  -32.948  -27.054  8.958 0.4000000060
56546  -32.606  -26.515  8.052 0.4000000060
57605  -32.905  -26.171  8.312 0.4000000060
140160  -32.811  -26.216  7.992 0.4000000060
56536  -32.669  -28.014  8.745 0.3000000119
56527  -33.735  -27.677  10.065 0.4000000060
56519  -34.261  -28.071  11.216 0.4000000060
57596  -33.320  -26.479  9.192 0.4000000060
58626  -33.407  -26.009  8.631 0.4000000060
57597  -33.570  -26.040  9.343 0.5000000000
57591  -34.195  -26.944  10.313 0.4000000060
133270  -25.278  -54.935  8.636 0.6999999881
30150  -31.117  -56.398  11.924 0.6999999881
128718  -24.038  -58.970  14.831 0.6000000238
31079  -30.537  -55.599  15.233 0.6999999881
33025  -30.743  -53.424  11.202 0.8000000119
32059  -31.624  -54.530  13.246 0.8000000119
144184  -28.497  -54.779  16.210 0.6000000238
32983  -30.021  -53.450  16.107 0.6000000238
34854  -31.889  -51.464  11.324 0.8000000119
32047  -21.688  -54.080  14.266 0.4000000060
38146  -22.923  -46.813  10.653 0.8000000119
134978  -30.052  -50.968  16.388 0.6000000238
35675  -23.406  -49.461  14.976 0.5000000000
35678  -33.332  -50.339  14.243 0.8000000119
36463  -32.872  -49.362  11.621 0.8000000119
35664  -31.891  -50.126  16.091 0.8000000119
36434  -26.512  -48.171  16.944 0.6000000238
33892  -25.179  -52.385  19.042 0.5000000000
35639  -26.977  -49.752  17.808 0.6000000238
144738  -29.609  -45.066  11.158 0.6999999881
39024  -30.788  -46.951  20.070 0.6999999881
44309  -29.458  -40.493  9.328 0.8000000119
143240  -33.023  -45.947  18.273 0.6999999881
43328  -33.532  -41.726  12.941 0.6999999881
43334  -33.345  -41.184  12.450 0.6999999881
135401  -33.042  -42.923  17.929 0.6000000238
43325  -34.376  -41.699  14.207 0.6999999881
142851  -31.714  -43.551  20.216 0.6000000238
46217  -33.964  -39.002  15.628 0.4000000060
49143  -34.169  -35.914  13.828 0.4000000060
29169  -22.511  -56.948  8.461 0.5000000000
134946  -22.317  -55.958  8.344 0.5000000000
28185  -25.342  -58.012  8.801 0.6999999881
132496  -22.322  -53.103  8.223 0.5000000000
26117  -24.740  -60.871  16.167 0.5000000000
34015  -22.071  -52.459  8.597 0.6999999881
30148  -29.924  -56.799  11.146 0.6999999881
30154  -29.465  -56.255  10.655 0.6999999881
32091  -26.561  -54.242  8.738 0.6999999881
34868  -25.194  -51.278  9.511 0.6999999881
33050  -26.088  -53.505  8.840 0.6999999881
35729  -23.411  -50.159  8.196 0.6999999881
35730  -24.697  -50.366  7.756 0.5000000000
36496  -23.990  -49.562  8.189 0.6000000238
29073  -26.193  -57.315  15.912 0.6000000238
32094  -29.007  -54.341  9.985 0.6999999881
36489  -22.445  -49.663  8.832 0.6999999881
29053  -27.848  -57.815  16.284 0.6000000238
31123  -30.944  -55.715  11.624 0.8000000119
33032  -29.428  -53.660  10.228 0.6999999881
36498  -26.531  -49.282  7.426 0.4000000060
30117  -24.566  -56.494  14.718 0.6000000238
37256  -22.792  -48.121  9.979 0.8000000119
130928  -28.803  -55.302  16.216 0.6999999881
33019  -31.739  -53.790  12.110 0.6999999881
123285  -22.252  -57.184  14.375 0.5000000000
34871  -30.452  -51.768  10.493 0.8000000119
38206  -25.786  -48.203  8.012 0.5000000000
134014  -24.686  -55.097  14.583 0.6000000238
33969  -32.433  -52.485  12.036 0.8000000119
134751  -24.911  -47.091  8.441 0.6999999881
33945  -31.672  -52.820  14.723 0.6999999881
32993  -26.348  -53.393  15.131 0.6000000238
38160  -26.718  -47.869  10.328 0.8999999762
38188  -28.696  -47.143  8.353 0.4000000060
32990  -21.306  -52.982  13.990 0.3000000119
32050  -24.348  -54.269  14.445 0.5000000000
32049  -23.492  -54.236  14.343 0.5000000000
31091  -22.750  -55.432  14.310 0.5000000000
136060  -21.247  -54.737  14.307 0.4000000060
36471  -29.094  -48.674  10.253 0.8999999762
39926  -22.390  -45.163  10.810 0.8000000119
145836  -29.636  -52.036  16.350 0.6000000238
142094  -28.429  -51.985  16.109 0.6000000238
34811  -30.169  -51.799  16.279 0.6000000238
35671  -31.577  -50.723  15.773 0.8000000119
138266  -26.852  -51.643  15.245 0.5000000000
130982  -23.754  -53.236  14.351 0.5000000000
37250  -30.639  -47.895  10.717 0.8000000119
34809  -28.535  -51.351  16.198 0.6000000238
35666  -22.969  -49.762  14.764 0.5000000000
33942  -23.224  -50.694  14.421 0.5000000000
135103  -24.212  -51.181  14.577 0.5000000000
36450  -32.954  -49.510  15.313 0.6999999881
35660  -28.586  -50.104  16.363 0.6000000238
33919  -24.105  -51.567  16.285 0.5000000000
35657  -24.174  -48.678  15.784 0.6000000238
35667  -23.978  -48.862  15.456 0.5000000000
146120  -24.736  -49.345  16.294 0.6000000238
34818  -23.643  -49.204  15.380 0.5000000000
34821  -27.050  -50.437  15.531 0.5000000000
32008  -22.977  -54.271  17.590 0.6000000238
32020  -23.741  -53.828  17.415 0.6000000238
35676  -24.003  -49.243  14.935 0.5000000000
36442  -25.041  -48.441  15.963 0.6000000238
35658  -24.815  -48.464  16.050 0.6000000238
34819  -25.066  -50.018  15.121 0.5000000000
128823  -26.345  -49.395  15.695 0.5000000000
129619  -21.232  -51.903  19.317 0.4000000060
37238  -33.951  -48.667  14.441 0.6999999881
126709  -33.931  -47.844  13.276 0.6999999881
39084  -27.912  -46.337  10.647 0.8000000119
39908  -24.950  -45.463  11.329 0.8999999762
33903  -25.505  -52.551  18.135 0.5000000000
34802  -26.352  -50.350  17.348 0.6000000238
34808  -25.664  -49.140  16.514 0.6000000238
35659  -25.820  -48.653  16.235 0.6000000238
34779  -24.583  -51.786  19.777 0.4000000060
132200  -27.124  -50.705  18.891 0.5000000000
34781  -26.348  -51.367  19.181 0.5000000000
127061  -34.077  -47.905  14.166 0.6999999881
35607  -23.649  -50.370  20.432 0.4000000060
35609  -25.439  -50.721  20.819 0.5000000000
34760  -25.865  -51.174  20.108 0.5000000000
39088  -32.201  -47.017  11.668 0.6999999881
36417  -28.024  -49.026  18.316 0.6999999881
36418  -28.367  -48.798  18.430 0.6999999881
131285  -27.918  -49.544  19.022 0.6000000238
36359  -25.360  -49.416  21.530 0.5000000000
123047  -23.727  -49.664  20.716 0.4000000060
37199  -28.765  -48.629  18.916 0.6000000238
37201  -30.249  -48.264  18.341 0.6999999881
35627  -27.523  -50.195  19.347 0.6000000238
34761  -26.652  -50.899  19.814 0.5000000000
37137  -24.692  -48.466  21.735 0.3000000119
37126  -25.451  -48.022  22.268 0.3000000119
42487  -22.803  -41.863  8.820 0.8999999762
43384  -23.847  -41.570  8.585 0.8000000119
44335  -23.751  -41.028  7.922 0.8000000119
37140  -27.781  -49.073  21.327 0.6000000238
37188  -30.022  -48.055  19.112 0.6999999881
38086  -31.243  -47.246  19.335 0.6999999881
36361  -27.125  -49.260  21.536 0.5000000000
38043  -27.852  -47.768  22.426 0.4000000060
39903  -32.876  -45.388  12.750 0.6999999881
41645  -29.875  -43.780  11.370 0.8000000119
44336  -24.146  -41.425  8.343 0.8000000119
39054  -33.347  -46.585  17.091 0.6999999881
143363  -29.703  -45.826  21.689 0.5000000000
138246  -33.687  -44.980  14.651 0.6999999881
40798  -33.149  -44.712  13.241 0.6999999881
40788  -33.680  -44.321  14.475 0.6999999881
126878  -33.047  -43.891  13.243 0.6999999881
42432  -33.139  -42.363  12.739 0.6999999881
39882  -33.317  -45.893  17.615 0.6999999881
39817  -27.975  -45.382  22.622 0.3000000119
141546  -27.564  -43.776  22.382 0.3000000119
40717  -30.573  -44.679  21.354 0.5000000000
40701  -29.880  -44.626  21.760 0.4000000060
41621  -33.886  -43.730  14.951 0.6999999881
41523  -26.843  -43.270  21.859 0.3000000119
42424  -34.242  -42.364  14.466 0.6999999881
133452  -31.860  -44.986  20.073 0.6000000238
42377  -29.915  -42.011  20.183 0.3000000119
145526  -28.706  -41.274  19.618 0.3000000119
43255  -29.484  -41.391  19.605 0.3000000119
47273  -22.903  -37.569  6.776 0.6999999881
41568  -31.760  -42.894  19.990 0.6000000238
136186  -32.744  -43.009  18.592 0.6000000238
136836  -31.728  -42.289  19.586 0.4000000060
125183  -34.457  -41.191  14.588 0.6000000238
45269  -32.697  -39.219  9.972 0.8000000119
46300  -30.536  -38.443  8.606 0.8000000119
47240  -29.438  -38.022  8.141 0.8000000119
47284  -24.203  -37.239  6.285 0.6000000238
46330  -25.033  -37.866  6.232 0.6000000238
43257  -31.311  -41.699  19.397 0.3000000119
42349  -31.035  -43.269  20.609 0.5000000000
43288  -31.645  -41.256  18.824 0.3000000119
44242  -30.835  -39.932  18.309 0.3000000119
44267  -34.482  -40.664  14.599 0.6000000238
44295  -33.123  -40.071  11.286 0.8000000119
45230  -34.455  -39.415  13.837 0.6000000238
45268  -32.136  -38.948  9.414 0.6999999881
50291  -24.655  -35.175  5.921 0.6999999881
45188  -30.355  -39.282  17.961 0.3000000119
45191  -33.114  -39.871  17.239 0.3000000119
46211  -28.761  -38.164  16.897 0.3000000119
46213  -30.218  -38.058  17.180 0.3000000119
50244  -24.532  -35.233  7.147 0.6999999881
49221  -25.349  -35.081  7.301 0.6999999881
47197  -34.671  -37.590  12.585 0.6999999881
48184  -31.542  -36.631  8.449 0.6000000238
48230  -26.328  -35.735  4.741 0.5000000000
46226  -33.566  -38.381  15.781 0.4000000060
134614  -27.817  -34.714  7.492 0.6000000238
139973  -26.556  -34.209  4.281 0.6000000238
52400  -26.915  -32.611  4.378 0.4000000060
47155  -33.159  -37.621  15.895 0.4000000060
48098  -30.998  -36.722  16.046 0.4000000060
48104  -28.488  -36.452  15.092 0.3000000119
49165  -26.965  -35.321  13.639 0.3000000119
49137  -28.329  -35.127  13.818 0.3000000119
49189  -32.364  -35.517  8.506 0.5000000000
50260  -27.006  -34.285  7.441 0.5000000000
49138  -29.527  -35.206  14.353 0.4000000060
145279  -29.150  -34.174  14.063 0.4000000060
49186  -34.709  -35.297  10.287 0.5000000000
50227  -34.849  -34.679  11.141 0.4000000060
50237  -32.921  -34.329  8.655 0.5000000000
52362  -29.980  -32.165  7.948 0.6000000238
54390  -28.431  -30.152  13.852 0.4000000060
129574  -32.409  -29.399  9.159 0.4000000060
58627  -33.583  -25.500  8.951 0.3000000119
139352  -27.752  -62.644  11.290 0.5000000000
122882  -26.914  -62.100  10.460 0.5000000000
22624  -28.474  -63.991  14.288 0.4000000060
23516  -28.639  -63.338  13.506 0.5000000000
23528  -28.305  -63.550  12.715 0.5000000000
121572  -28.375  -62.247  11.782 0.5000000000
24394  -28.065  -61.900  11.059 0.6000000238
26203  -27.559  -60.716  10.392 0.6000000238
24370  -29.037  -62.569  13.707 0.5000000000
24356  -29.023  -62.256  14.570 0.5000000000
25263  -28.946  -61.743  12.302 0.5000000000
24341  -28.586  -62.011  15.421 0.5000000000
26191  -28.892  -60.649  11.272 0.6000000238
26204  -28.306  -60.259  10.687 0.6000000238
25268  -28.237  -61.124  10.835 0.6000000238
27211  -27.599  -59.792  10.262 0.6000000238
27232  -26.973  -59.294  9.845 0.6000000238
28170  -27.705  -58.914  10.136 0.6000000238
28187  -26.535  -58.696  9.498 0.6000000238
129660  -26.190  -57.998  9.170 0.6000000238
24357  -29.361  -61.618  14.356 0.5000000000
25270  -29.348  -61.027  11.919 0.5000000000
25220  -28.086  -61.778  16.004 0.5000000000
25236  -29.084  -61.535  15.002 0.5000000000
27212  -28.364  -59.342  10.553 0.6000000238
25207  -27.736  -61.175  16.235 0.5000000000
25221  -28.498  -61.182  15.642 0.5000000000
135544  -26.954  -58.017  9.576 0.6000000238
124936  -25.766  -57.270  8.809 0.6000000238
25264  -29.455  -61.235  12.760 0.5000000000
26192  -29.672  -60.120  11.712 0.5000000000
25222  -29.094  -60.923  15.204 0.5000000000
26155  -29.764  -60.415  14.235 0.5000000000
25252  -29.617  -61.198  13.687 0.5000000000
26183  -29.749  -60.599  12.487 0.5000000000
27213  -29.049  -58.962  10.919 0.6000000238
26121  -28.103  -60.465  16.060 0.5000000000
26137  -28.830  -60.399  15.592 0.5000000000
28171  -28.484  -58.308  10.396 0.6000000238
126262  -27.056  -61.142  16.507 0.5000000000
26120  -27.323  -60.477  16.400 0.5000000000
29174  -28.103  -57.651  10.004 0.6000000238
29173  -27.504  -57.433  9.679 0.6000000238
29172  -26.676  -57.187  9.205 0.6000000238
26138  -29.453  -60.382  15.068 0.5000000000
27185  -30.417  -59.177  12.614 0.5000000000
26193  -30.228  -59.214  11.813 0.6000000238
28158  -30.324  -58.246  11.724 0.6000000238
27134  -29.275  -59.609  15.499 0.5000000000
27196  -29.576  -59.372  11.373 0.6000000238
28157  -29.713  -58.646  11.305 0.6000000238
26119  -26.508  -60.583  16.471 0.5000000000
26136  -25.043  -60.047  16.159 0.5000000000
30167  -26.713  -56.280  8.922 0.6000000238
28113  -29.820  -59.119  15.166 0.5000000000
28114  -30.116  -59.055  14.523 0.5000000000
27170  -30.315  -59.049  13.584 0.5000000000
142708  -30.515  -58.613  12.220 0.6000000238
146768  -28.052  -59.247  16.178 0.5000000000
27118  -26.799  -59.712  16.415 0.5000000000
135154  -27.395  -59.077  16.312 0.6000000238
28093  -30.119  -58.458  15.162 0.6000000238
28130  -30.410  -58.233  14.271 0.5000000000
28146  -30.503  -58.410  13.084 0.5000000000
29139  -30.661  -57.742  12.439 0.6000000238
28091  -28.683  -59.012  15.942 0.6000000238
28092  -29.449  -58.716  15.600 0.6000000238
29150  -30.477  -57.277  11.668 0.6000000238
28070  -25.902  -58.632  16.213 0.5000000000
28072  -27.214  -58.314  16.337 0.5000000000
29075  -28.790  -58.120  16.073 0.6000000238
27132  -24.632  -59.331  15.497 0.4000000060
29076  -29.685  -57.908  15.642 0.6000000238
29077  -30.349  -57.558  15.169 0.6000000238
29102  -30.542  -57.442  14.448 0.6000000238
29121  -30.595  -57.600  13.551 0.5000000000
29122  -30.838  -56.947  13.056 0.6000000238
30149  -30.579  -56.505  11.559 0.6000000238
30131  -30.690  -56.877  14.033 0.6999999881
39960  -27.419  -45.685  8.514 0.5000000000
43333  -32.743  -41.452  11.861 0.6000000238
46331  -26.164  -38.034  6.068 0.5000000000
127764  -24.923  -35.469  5.589 0.5000000000
59614  -33.887  -24.920  9.195 0.3000000119
60561  -34.790  -23.934  9.338 0.3000000119
22633  -28.356  -64.128  13.320 0.5000000000
24395  -28.032  -63.052  12.023 0.5000000000
25277  -26.846  -61.259  10.176 0.5000000000
129730  -28.446  -63.501  15.019 0.4000000060
26226  -26.748  -60.276  9.855 0.6000000238
28186  -25.789  -58.725  9.149 0.5000000000
23487  -28.076  -63.372  15.746 0.4000000060
24340  -28.089  -62.487  15.922 0.5000000000
127353  -26.195  -62.324  16.522 0.5000000000
25206  -27.292  -62.027  16.411 0.5000000000
25205  -26.322  -61.431  16.510 0.3000000119
25203  -24.316  -61.577  16.126 0.4000000060
38187  -27.614  -47.263  7.891 0.4000000060
137924  -28.784  -46.220  8.667 0.4000000060
135087  -27.974  -46.423  8.348 0.4000000060
136407  -30.890  -43.987  21.161 0.5000000000
46322  -26.124  -38.962  6.447 0.5000000000
46332  -27.135  -38.496  5.968 0.5000000000
45202  -33.895  -39.715  16.149 0.4000000060
59615  -34.562  -24.565  9.600 0.3000000119
128262  -35.393  -22.849  10.424 0.3000000119
22610  -28.240  -64.263  15.304 0.4000000060
28172  -29.230  -58.291  10.830 0.6000000238
28089  -25.184  -58.448  15.670 0.5000000000
27117  -25.909  -59.943  16.355 0.5000000000
132608  -26.631  -58.840  16.356 0.6000000238
45313  -27.081  -39.268  6.353 0.5000000000
26118  -25.600  -60.760  16.402 0.4000000060
25278  -27.546  -61.565  10.597 0.6000000238
24383  -28.676  -62.631  12.739 0.5000000000
25269  -28.668  -61.461  11.488 0.6000000238
24384  -29.236  -61.907  13.187 0.5000000000
23488  -28.516  -62.786  15.202 0.5000000000
26169  -29.937  -60.350  13.259 0.5000000000
27169  -30.050  -59.716  13.916 0.5000000000
27120  -28.453  -59.760  15.944 0.5000000000
58620  -34.586  -25.183  10.005 0.4000000060
23475  -27.370  -63.525  16.223 0.4000000060
124528  -25.909  -60.268  9.519 0.4000000060
143592  -25.532  -59.226  9.175 0.4000000060
24328  -26.866  -62.919  16.428 0.4000000060
34816  -22.265  -50.204  14.532 0.4000000060
33940  -21.482  -50.382  14.129 0.3000000119
33941  -22.309  -50.361  14.266 0.4000000060
130148  -22.812  -53.040  14.329 0.4000000060
32979  -22.251  -51.700  15.752 0.4000000060
33927  -22.401  -50.270  15.245 0.4000000060
31060  -21.574  -55.660  17.240 0.4000000060
32971  -22.834  -54.285  16.595 0.4000000060
33918  -23.184  -51.647  15.964 0.4000000060
32005  -20.272  -55.593  18.369 0.3000000119
31048  -21.134  -55.351  17.969 0.3000000119
32003  -19.895  -54.580  18.814 0.4000000060
32026  -23.468  -54.023  16.767 0.4000000060
32006  -20.712  -54.890  18.467 0.4000000060
32007  -21.885  -55.121  17.650 0.5000000000
32957  -20.800  -54.148  18.633 0.4000000060
32958  -21.697  -53.887  18.598 0.4000000060
135318  -22.461  -54.821  17.415 0.5000000000
32954  -20.995  -53.393  18.738 0.4000000060
41526  -29.656  -43.873  21.747 0.3000000119
43300  -33.320  -40.834  17.369 0.3000000119
44244  -32.580  -40.478  17.788 0.3000000119
44245  -33.665  -40.339  16.761 0.3000000119
144487  -31.793  -33.114  8.539 0.4000000060
46215  -33.010  -38.381  16.499 0.3000000119
47154  -32.438  -37.545  16.407 0.3000000119
52351  -32.210  -32.868  8.739 0.4000000060
47167  -31.886  -36.962  16.161 0.3000000119
48106  -30.319  -36.228  15.462 0.3000000119
49119  -29.881  -35.711  14.902 0.3000000119
126076  -33.538  -33.099  9.366 0.3000000119
54435  -32.258  -30.439  9.424 0.3000000119
127901  -31.031  -36.060  15.499 0.3000000119
48107  -31.826  -36.297  15.650 0.3000000119
49122  -32.248  -35.702  15.093 0.3000000119
49141  -32.643  -35.303  14.412 0.3000000119
49142  -33.454  -35.580  14.108 0.3000000119
49140  -31.823  -35.146  14.612 0.3000000119
50173  -32.249  -34.699  14.167 0.3000000119
125542  -33.974  -35.019  13.472 0.3000000119
49177  -34.997  -35.530  12.361 0.3000000119
131295  -31.038  -35.090  14.634 0.3000000119
124730  -29.821  -34.436  14.218 0.3000000119
51212  -29.540  -33.520  14.366 0.3000000119
123495  -34.953  -34.761  12.065 0.3000000119
52290  -28.065  -32.820  14.357 0.3000000119
52271  -28.902  -32.904  14.496 0.3000000119
50234  -34.696  -34.470  10.412 0.3000000119
51281  -34.580  -33.832  10.152 0.3000000119
128757  -34.504  -33.179  10.024 0.3000000119
55447  -26.442  -29.540  12.610 0.3000000119
51280  -34.178  -33.574  9.621 0.3000000119
52347  -34.151  -32.738  9.728 0.3000000119
56509  -26.779  -28.426  12.169 0.3000000119
129784  -25.578  -28.515  11.646 0.3000000119
129959  -32.615  -31.488  9.545 0.3000000119
50174  -33.039  -34.867  13.798 0.3000000119
50172  -31.498  -34.546  14.379 0.3000000119
50197  -33.416  -34.223  13.506 0.3000000119
126508  -34.652  -34.825  12.860 0.3000000119
50171  -30.705  -34.468  14.377 0.3000000119
51214  -31.205  -33.833  14.385 0.3000000119
51215  -32.079  -33.904  14.177 0.3000000119
50198  -34.173  -34.099  13.163 0.3000000119
50217  -34.605  -34.057  12.501 0.3000000119
51213  -30.390  -33.773  14.362 0.3000000119
122390  -30.865  -33.106  14.576 0.3000000119
52274  -31.698  -33.072  14.490 0.3000000119
132076  -34.801  -34.152  11.733 0.3000000119
136868  -28.715  -32.073  14.447 0.3000000119
125180  -30.173  -33.110  14.579 0.3000000119
51268  -34.790  -33.947  10.979 0.3000000119
132302  -34.676  -33.218  10.735 0.3000000119
129588  -28.508  -31.086  14.262 0.3000000119
52336  -34.438  -32.550  10.360 0.3000000119
55449  -27.830  -28.948  13.205 0.3000000119
56511  -28.406  -28.497  13.272 0.3000000119
53409  -34.011  -31.979  9.983 0.3000000119
56510  -27.691  -28.250  12.635 0.3000000119
55476  -32.798  -29.352  10.002 0.3000000119
50196  -32.691  -34.287  13.774 0.3000000119
52275  -32.444  -33.031  14.124 0.3000000119
51234  -32.873  -33.644  13.705 0.3000000119
51235  -33.634  -33.438  13.397 0.3000000119
142846  -33.714  -32.726  13.319 0.3000000119
52273  -30.428  -32.515  14.661 0.3000000119
52291  -33.121  -32.865  13.658 0.3000000119
51236  -34.239  -33.168  12.897 0.3000000119
53335  -29.383  -31.421  14.539 0.3000000119
123191  -30.277  -31.736  14.701 0.3000000119
51251  -34.639  -33.342  11.827 0.3000000119
53362  -34.047  -31.640  12.584 0.3000000119
52307  -34.370  -32.414  12.302 0.3000000119
55440  -29.060  -29.604  14.050 0.3000000119
53375  -34.279  -31.706  11.760 0.3000000119
56497  -29.054  -28.865  13.683 0.3000000119
53392  -34.247  -31.791  10.809 0.3000000119
135193  -28.497  -27.734  12.858 0.3000000119
56498  -29.122  -28.093  13.414 0.3000000119
53374  -33.873  -31.069  11.267 0.3000000119
53391  -33.592  -31.224  10.436 0.3000000119
140707  -33.392  -30.253  10.785 0.3000000119
55468  -33.366  -29.340  10.641 0.3000000119
53337  -31.003  -31.119  14.887 0.3000000119
53338  -31.929  -31.394  14.649 0.3000000119
53339  -32.689  -31.621  14.119 0.3000000119
54382  -32.583  -30.730  14.343 0.3000000119
131914  -33.342  -32.034  13.552 0.3000000119
52292  -33.972  -32.246  13.028 0.3000000119
54379  -29.897  -29.804  14.485 0.3000000119
54380  -30.787  -30.213  14.771 0.3000000119
145051  -29.544  -29.136  14.149 0.3000000119
131596  -29.699  -28.512  13.921 0.3000000119
57558  -29.894  -27.747  13.692 0.3000000119
54401  -33.741  -30.236  12.411 0.3000000119
54412  -33.891  -31.016  12.116 0.3000000119
57572  -29.222  -27.260  13.143 0.3000000119
54411  -33.734  -30.454  11.642 0.3000000119
55460  -33.689  -29.664  11.548 0.3000000119
122287  -33.793  -28.758  10.873 0.3000000119
54381  -31.717  -30.480  14.766 0.3000000119
132113  -33.273  -31.019  13.641 0.3000000119
53348  -33.698  -31.573  13.161 0.3000000119
55430  -31.454  -29.654  14.729 0.3000000119
55429  -30.200  -29.014  14.390 0.3000000119
56499  -30.471  -28.269  14.309 0.3000000119
54392  -33.560  -30.243  13.254 0.3000000119
59585  -28.779  -25.925  12.271 0.3000000119
57559  -30.713  -27.462  14.207 0.3000000119
58596  -29.386  -26.452  12.753 0.3000000119
57573  -30.141  -26.823  13.471 0.3000000119
122833  -33.780  -29.708  12.923 0.3000000119
55450  -33.810  -29.512  12.392 0.3000000119
56512  -33.913  -28.883  11.955 0.3000000119
55431  -32.407  -29.847  14.496 0.3000000119
54383  -33.132  -30.070  13.974 0.3000000119
56485  -31.045  -28.913  14.623 0.3000000119
56486  -32.078  -29.015  14.587 0.3000000119
55442  -33.558  -29.492  13.505 0.3000000119
140149  -29.455  -25.737  12.535 0.3000000119
135630  -33.682  -28.824  13.638 0.3000000119
58597  -30.012  -25.969  13.022 0.3000000119
58579  -30.720  -26.077  13.595 0.3000000119
125943  -31.069  -26.713  14.092 0.3000000119
56500  -31.562  -28.131  14.478 0.3000000119
55443  -33.993  -28.995  12.954 0.3000000119
56513  -34.270  -28.171  12.469 0.3000000119
58609  -34.818  -26.601  11.166 0.3000000119
57582  -34.440  -27.353  11.790 0.3000000119
55441  -33.075  -29.141  14.199 0.3000000119
56501  -32.570  -28.436  14.360 0.3000000119
56502  -33.340  -28.280  14.048 0.3000000119
57561  -32.533  -27.595  14.296 0.3000000119
56503  -34.146  -28.136  13.439 0.3000000119
58581  -34.446  -26.675  13.288 0.3000000119
57563  -34.216  -27.313  13.506 0.3000000119
59588  -34.704  -25.898  12.911 0.3000000119
57574  -34.554  -27.452  12.948 0.3000000119
58598  -34.636  -26.702  12.393 0.3000000119
59586  -29.938  -25.212  12.619 0.3000000119
59587  -30.541  -25.374  13.231 0.3000000119
59569  -31.537  -26.042  13.986 0.3000000119
134769  -32.433  -26.018  14.169 0.3000000119
131727  -32.967  -26.760  14.183 0.3000000119
57562  -33.567  -27.484  13.952 0.3000000119
134175  -31.941  -25.219  13.841 0.3000000119
58580  -33.830  -26.678  13.830 0.3000000119
124354  -34.100  -25.812  13.655 0.3000000119
59571  -34.435  -25.254  13.368 0.3000000119
58599  -34.879  -26.170  11.900 0.3000000119
58610  -35.265  -25.888  10.917 0.3000000119
58619  -34.235  -25.849  9.952 0.3000000119
126764  -30.530  -24.629  12.853 0.3000000119
60521  -31.116  -24.827  13.452 0.3000000119
60508  -31.802  -24.279  13.579 0.3000000119
139707  -32.796  -25.359  14.070 0.3000000119
59570  -33.458  -25.133  13.929 0.3000000119
135122  -33.308  -25.965  14.048 0.3000000119
61491  -31.080  -24.016  13.220 0.3000000119
129504  -24.963  -58.876  8.832 0.4000000060
31059  -20.802  -55.941  17.603 0.3000000119
32972  -23.144  -53.201  16.268 0.4000000060
33928  -23.303  -50.167  15.567 0.4000000060
31061  -22.250  -55.291  17.072 0.4000000060
146980  -22.161  -53.470  18.746 0.4000000060
41527  -30.279  -44.121  21.524 0.3000000119
45201  -33.329  -39.259  16.698 0.3000000119
49120  -30.651  -35.598  15.051 0.3000000119
51286  -32.916  -33.414  8.840 0.4000000060
53347  -27.863  -31.762  14.155 0.3000000119
123663  -27.628  -30.749  13.714 0.3000000119
142778  -26.178  -28.335  11.736 0.3000000119
30076  -21.175  -56.068  16.986 0.4000000060
31065  -21.112  -55.664  16.450 0.4000000060
142126  -22.274  -54.489  16.315 0.4000000060
32978  -22.307  -53.364  16.101 0.4000000060
31043  -19.325  -55.428  18.811 0.3000000119
129103  -21.414  -54.673  18.274 0.4000000060
49121  -31.421  -35.597  15.139 0.3000000119
52321  -34.552  -32.480  11.306 0.3000000119
52272  -29.626  -32.470  14.588 0.3000000119
128265  -31.210  -32.173  14.688 0.3000000119
57571  -27.939  -27.437  12.402 0.3000000119
57580  -27.257  -27.497  11.936 0.3000000119
140901  -32.726  -32.355  13.943 0.3000000119
125762  -32.151  -32.280  14.438 0.3000000119
53336  -30.069  -30.782  14.663 0.3000000119
53361  -33.709  -30.955  12.879 0.3000000119
144224  -30.658  -29.516  14.622 0.3000000119
58595  -28.537  -26.853  12.455 0.3000000119
57560  -31.564  -27.326  14.367 0.3000000119
147078  -31.149  -25.518  13.631 0.3000000119
129882  -32.011  -26.734  14.314 0.3000000119
59589  -35.175  -25.534  11.969 0.3000000119
60509  -32.722  -24.513  13.865 0.3000000119
60499  -32.957  -23.935  13.792 0.3000000119
30075  -20.414  -56.370  17.219 0.4000000060
38208  -27.198  -48.046  7.532 0.4000000060
26150  -19.293  -60.315  14.530 0.3000000119
132558  -19.837  -60.955  14.539 0.3000000119
27150  -19.484  -59.466  14.508 0.3000000119
32952  -19.150  -53.735  18.978 0.3000000119
32953  -20.102  -53.432  18.849 0.3000000119
132858  -19.330  -52.995  18.925 0.3000000119
32977  -20.796  -52.545  15.422 0.3000000119
32024  -21.145  -54.776  15.990 0.3000000119
32025  -21.844  -55.095  16.336 0.3000000119
33926  -21.509  -50.478  15.033 0.3000000119
125846  -21.492  -52.093  15.565 0.3000000119
31064  -20.214  -55.964  16.167 0.3000000119
32031  -20.591  -53.826  15.673 0.3000000119
37303  -27.623  -48.730  7.478 0.3000000119
23503  -28.719  -63.085  14.363 0.5000000000
24329  -27.591  -62.878  16.199 0.4000000060
24371  -29.379  -61.956  13.916 0.5000000000
25237  -29.446  -61.029  14.608 0.5000000000
26134  -23.859  -60.673  15.039 0.6000000238
26154  -23.296  -60.180  14.683 0.5000000000
26184  -30.153  -59.885  12.397 0.6000000238
26205  -28.975  -59.796  11.093 0.6000000238
27119  -27.696  -59.789  16.275 0.5000000000
27148  -17.824  -60.145  14.275 0.4000000060
27153  -22.667  -59.604  14.523 0.5000000000
27156  -29.807  -59.732  14.786 0.5000000000
27231  -26.119  -59.479  9.436 0.5000000000
28071  -26.433  -58.083  16.268 0.6000000238
28073  -28.000  -58.595  16.229 0.6000000238
28107  -19.623  -58.534  14.465 0.4000000060
28188  -27.669  -58.163  9.911 0.6000000238
29074  -26.848  -56.911  16.030 0.6000000238
29099  -23.094  -57.872  14.495 0.6000000238
29140  -30.952  -56.949  12.163 0.6999999881
30093  -25.614  -56.791  15.386 0.6000000238
30118  -25.157  -56.418  14.984 0.6000000238
31066  -21.823  -55.600  16.826 0.4000000060
31067  -22.392  -55.061  16.728 0.3000000119
31092  -23.370  -55.156  14.336 0.5000000000
32021  -23.869  -53.828  16.936 0.6000000238
32032  -21.533  -53.824  15.906 0.3000000119
32036  -29.263  -54.814  16.128 0.6999999881
32051  -26.009  -54.096  15.001 0.6000000238
32078  -30.609  -54.218  11.306 0.8000000119
32079  -31.347  -54.382  11.784 0.8000000119
32081  -29.729  -54.475  10.683 0.6999999881
33051  -26.926  -53.545  8.911 0.6999999881
33944  -25.921  -52.426  14.801 0.5000000000
33998  -25.686  -52.672  9.171 0.6999999881
34817  -23.010  -49.666  14.945 0.5000000000
34823  -30.787  -51.856  15.864 0.6999999881
34850  -32.738  -51.775  12.493 0.8000000119
34865  -22.412  -51.401  9.302 0.6999999881
34879  -21.992  -51.370  9.012 0.6999999881
34883  -28.271  -51.904  9.451 0.6999999881
34884  -29.097  -52.012  9.633 0.6999999881
35668  -24.548  -48.793  15.523 0.5000000000
35702  -28.242  -49.823  9.586 0.8000000119
35714  -22.116  -50.610  9.049 0.6999999881
35723  -22.186  -50.422  8.865 0.6999999881
36386  -25.117  -50.077  21.168 0.5000000000
36468  -25.983  -49.088  9.790 0.8000000119
36469  -26.898  -48.971  9.725 0.8000000119
36473  -30.513  -49.509  10.579 0.8000000119
36497  -25.961  -49.211  7.555 0.5000000000
37166  -23.242  -48.423  20.882 0.3000000119
37241  -33.993  -48.455  13.684 0.6999999881
37279  -22.649  -48.944  8.983 0.8000000119
37298  -23.239  -49.259  8.533 0.6999999881
38067  -30.105  -47.427  20.306 0.6000000238
38158  -22.676  -46.603  10.461 0.8000000119
38162  -27.981  -47.657  10.259 0.8000000119
38982  -29.629  -46.505  21.455 0.5000000000
39095  -22.472  -45.958  10.763 0.8000000119
39818  -29.476  -45.264  22.030 0.5000000000
39942  -22.560  -44.870  10.126 0.8000000119
40686  -26.563  -44.880  22.637 0.3000000119
41544  -29.534  -43.094  21.394 0.3000000119
41545  -31.424  -43.930  20.617 0.6000000238
41622  -34.058  -43.060  14.686 0.6999999881
41679  -23.511  -42.368  8.596 0.8999999762
42472  -22.880  -41.913  9.235 0.8000000119
43353  -26.162  -42.056  9.534 0.8000000119
44306  -23.863  -40.940  9.014 0.8000000119
44342  -24.901  -40.412  7.472 0.6999999881
44343  -27.210  -40.308  6.905 0.6000000238
45287  -22.413  -40.669  8.286 0.8000000119
45302  -22.260  -40.522  7.902 0.8000000119
46195  -29.871  -38.688  17.553 0.3000000119
46301  -31.280  -38.290  8.739 0.8000000119
46311  -21.743  -38.162  7.776 0.6999999881
46321  -22.689  -38.655  6.984 0.6999999881
47235  -22.469  -37.295  7.613 0.8000000119
47239  -28.810  -37.808  7.879 0.8000000119
47258  -22.230  -37.302  7.275 0.6999999881
47282  -23.012  -36.424  6.813 0.6999999881
47283  -23.378  -36.752  6.559 0.6999999881
48214  -22.687  -36.524  7.021 0.6999999881
48223  -26.310  -36.556  5.158 0.5000000000
49136  -27.594  -35.722  13.982 0.3000000119
49204  -30.765  -35.526  7.835 0.6000000238
49219  -23.258  -36.088  7.150 0.6999999881
49220  -23.952  -35.516  7.020 0.6999999881
49242  -24.331  -35.360  6.546 0.6999999881
49251  -24.285  -35.713  6.258 0.6999999881
50279  -25.237  -34.404  6.398 0.6999999881
50302  -25.921  -34.409  4.782 0.6000000238
51290  -31.366  -33.376  8.294 0.4000000060
51317  -26.814  -32.857  6.727 0.5000000000
51331  -26.089  -33.238  5.389 0.6000000238
52389  -26.628  -32.803  5.116 0.5000000000
121615  -26.149  -40.294  7.240 0.6000000238
122470  -24.114  -38.775  6.735 0.6000000238
125425  -31.154  -45.945  11.523 0.6999999881
125570  -25.337  -55.253  14.848 0.6000000238
126798  -29.069  -34.778  13.998 0.3000000119
127617  -30.303  -46.025  21.247 0.5000000000
129328  -21.952  -52.911  14.229 0.3000000119
129661  -21.713  -57.753  14.426 0.5000000000
130569  -22.215  -54.523  18.042 0.5000000000
130714  -22.067  -51.697  8.697 0.6999999881
132556  -21.303  -59.149  14.497 0.5000000000
132557  -20.123  -60.119  14.518 0.3000000119
133331  -34.546  -37.775  11.966 0.6999999881
133472  -27.127  -34.432  13.701 0.3000000119
134928  -26.311  -50.704  20.711 0.5000000000
135471  -25.119  -51.352  14.746 0.5000000000
137382  -24.354  -50.309  14.778 0.5000000000
137731  -31.390  -55.774  12.914 0.8000000119
137964  -26.098  -56.628  8.767 0.6999999881
138052  -30.303  -43.479  21.299 0.3000000119
138640  -24.357  -54.872  8.693 0.6999999881
139844  -30.241  -59.662  13.118 0.5000000000
140031  -20.960  -58.556  14.497 0.5000000000
140161  -24.256  -41.536  8.374 0.8000000119
140252  -26.123  -59.272  16.349 0.6000000238
140286  -25.264  -34.326  5.792 0.6999999881
140903  -28.406  -57.385  16.223 0.6000000238
141179  -21.487  -38.954  7.865 0.8000000119
141765  -27.164  -58.616  9.814 0.6000000238
142122  -28.135  -52.781  9.300 0.6999999881
142950  -23.437  -54.196  17.097 0.6000000238
143557  -29.691  -60.847  13.053 0.5000000000
144378  -27.745  -64.044  15.919 0.4000000060
144705  -30.814  -37.827  8.529 0.8000000119
144714  -30.068  -51.340  10.234 0.8000000119
144816  -34.147  -42.210  13.875 0.6999999881
144984  -34.604  -37.384  11.617 0.6000000238
145524  -27.119  -50.609  19.597 0.6000000238
145598  -30.822  -56.803  11.810 0.6999999881
145822  -33.528  -39.782  16.747 0.3000000119
145862  -26.622  -29.030  12.397 0.3000000119
146163  -28.367  -46.018  22.473 0.4000000060
146542  -25.394  -48.921  9.953 0.8000000119
146945  -27.122  -50.882  9.419 0.6999999881
146956  -23.873  -49.125  8.310 0.6999999881
147173  -22.798  -48.534  9.577 0.8000000119
