#!ascii label  , from subject sub-v1s8x0051342_ses-1 vox2ras=TkReg
1364
67540  -42.381  -13.061  57.868 0.0000000000
130053  -58.389  -5.484  48.212 0.0000000000
74635  -47.122  -6.638  53.489 0.0000000000
139548  -13.559  -28.874  90.065 0.0000000000
64551  -39.982  -15.288  65.348 0.0000000000
55614  -29.151  -24.363  84.027 0.0000000000
60274  -36.572  -20.099  80.251 0.0000000000
63432  -39.407  -16.615  72.954 0.0000000000
64463  -42.168  -15.874  69.882 0.0000000000
53725  -21.379  -27.303  82.217 0.0000000000
51736  -27.359  -28.966  86.612 0.0000000000
53754  -25.780  -27.173  79.987 0.0000000000
58451  -32.357  -22.186  76.003 0.0000000000
60319  -36.661  -19.809  75.330 0.0000000000
66486  -46.656  -13.964  63.417 0.0000000000
66558  -48.561  -13.206  59.294 0.0000000000
74653  -52.665  -6.192  51.890 0.0000000000
121591  -44.211  -9.235  55.301 0.0000000000
74719  -56.742  -5.921  44.911 0.0000000000
50745  -9.463  -30.104  92.058 0.0000000000
64521  -45.009  -15.668  67.140 0.0000000000
65568  -41.280  -14.350  61.554 0.0000000000
57505  -28.011  -23.636  78.125 0.0000000000
58383  -31.988  -21.901  82.129 0.0000000000
71471  -49.019  -7.987  57.816 0.0000000000
81125  -58.303  1.796  37.295 0.0000000000
62382  -37.121  -17.145  71.834 0.0000000000
64429  -38.236  -16.474  70.894 0.0000000000
52826  -23.391  -27.791  81.374 0.0000000000
59374  -34.274  -21.357  72.832 0.0000000000
61411  -35.732  -18.606  72.343 0.0000000000
62348  -38.111  -17.929  74.245 0.0000000000
66530  -44.504  -13.857  60.358 0.0000000000
66516  -47.403  -13.678  61.414 0.0000000000
66572  -45.604  -13.474  58.672 0.0000000000
74665  -55.629  -6.107  50.714 0.0000000000
75825  -55.596  -4.895  52.764 0.0000000000
75872  -59.879  -4.178  47.051 0.0000000000
134858  -11.571  -28.734  88.113 0.0000000000
51679  -11.459  -29.829  91.010 0.0000000000
64498  -40.995  -15.828  67.506 0.0000000000
121833  -43.863  -15.786  68.573 0.0000000000
141756  -41.773  -15.313  66.130 0.0000000000
122146  -42.992  -14.743  64.682 0.0000000000
65539  -40.472  -14.699  63.575 0.0000000000
132041  -28.593  -26.522  85.806 0.0000000000
52729  -28.962  -27.784  88.532 0.0000000000
54646  -28.889  -24.930  88.045 0.0000000000
57377  -30.064  -22.730  86.593 0.0000000000
56589  -26.716  -23.754  76.316 0.0000000000
133598  -27.937  -23.197  75.987 0.0000000000
59333  -34.732  -21.255  78.359 0.0000000000
58428  -32.600  -21.993  78.881 0.0000000000
125786  -34.906  -20.980  80.709 0.0000000000
59279  -34.216  -20.259  84.338 0.0000000000
52773  -17.210  -27.643  85.497 0.0000000000
119645  -19.629  -27.753  87.667 0.0000000000
52702  -20.395  -27.719  90.108 0.0000000000
136037  -45.129  -7.997  54.357 0.0000000000
70489  -47.145  -9.146  56.575 0.0000000000
73437  -47.898  -6.696  55.839 0.0000000000
79513  -58.800  -0.124  34.795 0.0000000000
120291  -14.066  -28.928  92.947 0.0000000000
64412  -41.531  -15.615  73.849 0.0000000000
65440  -42.565  -15.068  72.978 0.0000000000
64432  -40.784  -15.863  71.790 0.0000000000
120094  -39.393  -15.985  69.089 0.0000000000
138163  -21.902  -27.493  84.825 0.0000000000
51727  -25.073  -29.267  86.886 0.0000000000
51748  -24.914  -28.697  84.722 0.0000000000
52809  -26.853  -28.217  83.440 0.0000000000
54673  -27.801  -25.501  82.290 0.0000000000
57560  -30.176  -22.738  74.442 0.0000000000
58477  -32.296  -22.145  74.012 0.0000000000
59347  -34.660  -21.222  75.812 0.0000000000
135019  -36.503  -20.257  77.447 0.0000000000
131658  -38.582  -19.102  76.595 0.0000000000
63389  -40.343  -17.163  75.759 0.0000000000
53711  -18.726  -27.158  83.012 0.0000000000
66464  -48.526  -13.611  65.497 0.0000000000
68451  -51.653  -11.929  66.592 0.0000000000
67482  -49.035  -13.094  63.979 0.0000000000
66504  -50.803  -13.432  61.872 0.0000000000
74638  -49.520  -5.960  52.748 0.0000000000
74609  -50.075  -5.402  54.744 0.0000000000
74622  -52.204  -5.684  53.602 0.0000000000
48698  -5.276  -31.944  96.119 0.0000000000
68583  -43.112  -11.169  56.592 0.0000000000
72474  -43.290  -8.238  53.497 0.0000000000
73496  -46.581  -6.452  51.106 0.0000000000
73511  -49.662  -6.496  50.504 0.0000000000
73527  -52.571  -6.666  49.194 0.0000000000
138386  -55.681  -6.919  48.349 0.0000000000
73567  -57.433  -6.525  46.384 0.0000000000
74706  -54.885  -6.104  46.012 0.0000000000
50719  -11.613  -29.706  94.473 0.0000000000
50703  -9.764  -30.514  95.589 0.0000000000
49666  -7.685  -31.364  96.099 0.0000000000
66419  -48.613  -12.940  70.327 0.0000000000
65458  -44.636  -15.089  70.796 0.0000000000
65467  -46.585  -14.843  69.516 0.0000000000
65484  -47.121  -14.909  67.413 0.0000000000
119424  -45.638  -14.796  65.074 0.0000000000
136098  -43.495  -14.022  62.407 0.0000000000
65585  -41.883  -14.286  60.038 0.0000000000
50782  -28.355  -30.078  89.181 0.0000000000
55657  -26.918  -24.686  79.114 0.0000000000
56512  -28.568  -23.766  81.267 0.0000000000
57530  -30.312  -22.759  76.727 0.0000000000
134288  -30.067  -22.568  80.093 0.0000000000
57449  -29.981  -23.028  82.448 0.0000000000
59276  -32.070  -21.305  85.245 0.0000000000
52738  -13.300  -28.487  87.376 0.0000000000
119643  -15.311  -27.914  86.805 0.0000000000
52711  -15.484  -28.294  89.499 0.0000000000
68570  -46.568  -11.641  57.495 0.0000000000
69526  -48.742  -10.472  58.208 0.0000000000
70457  -51.875  -9.809  59.769 0.0000000000
74580  -50.632  -5.498  57.551 0.0000000000
130440  -59.320  -4.507  44.168 0.0000000000
77752  -60.003  -2.502  42.937 0.0000000000
79452  -60.588  0.002  41.424 0.0000000000
80263  -59.163  0.614  39.086 0.0000000000
80278  -61.079  0.983  38.757 0.0000000000
62380  -35.725  -17.606  71.251 0.0000000000
121243  -35.971  -16.739  70.160 0.0000000000
63452  -35.180  -16.899  69.916 0.0000000000
60377  -34.466  -19.560  71.431 0.0000000000
61421  -35.394  -18.295  71.618 0.0000000000
136729  -35.991  -17.890  71.974 0.0000000000
66553  -43.321  -13.887  59.203 0.0000000000
66555  -45.267  -13.761  59.601 0.0000000000
67542  -44.087  -13.121  58.257 0.0000000000
74675  -56.694  -6.047  49.727 0.0000000000
75841  -56.844  -4.885  50.902 0.0000000000
75848  -57.788  -4.719  49.802 0.0000000000
75856  -59.451  -3.896  48.652 0.0000000000
74697  -59.374  -4.772  47.366 0.0000000000
51719  -12.778  -28.866  88.743 0.0000000000
122108  -11.825  -29.316  89.408 0.0000000000
119662  -12.945  -29.299  90.511 0.0000000000
64517  -40.309  -15.672  66.495 0.0000000000
64518  -41.485  -15.617  66.742 0.0000000000
64538  -40.884  -15.335  65.902 0.0000000000
65503  -41.315  -14.916  65.051 0.0000000000
65518  -39.985  -14.912  64.433 0.0000000000
52727  -22.363  -27.879  88.749 0.0000000000
54659  -28.601  -25.458  84.770 0.0000000000
136413  -28.710  -26.074  86.542 0.0000000000
134092  -29.074  -24.345  86.086 0.0000000000
56451  -29.232  -23.834  87.028 0.0000000000
56462  -29.406  -23.817  85.459 0.0000000000
59323  -35.690  -20.822  79.452 0.0000000000
59313  -35.093  -20.979  79.945 0.0000000000
59314  -35.805  -20.668  80.349 0.0000000000
59297  -35.354  -20.440  82.243 0.0000000000
120230  -20.699  -27.516  85.873 0.0000000000
139129  -21.099  -27.632  88.088 0.0000000000
52712  -21.490  -27.719  88.857 0.0000000000
121090  -50.317  -12.387  69.358 0.0000000000
73458  -46.105  -7.560  53.806 0.0000000000
72460  -46.723  -7.738  54.932 0.0000000000
73460  -47.342  -6.846  54.484 0.0000000000
64410  -40.101  -16.396  73.540 0.0000000000
124229  -41.258  -15.767  73.163 0.0000000000
64420  -39.956  -16.300  72.695 0.0000000000
64459  -38.659  -16.047  69.585 0.0000000000
123084  -38.595  -15.974  68.850 0.0000000000
64476  -38.984  -15.884  68.142 0.0000000000
52804  -21.654  -27.442  83.787 0.0000000000
52794  -23.238  -27.830  84.408 0.0000000000
121193  -23.030  -27.737  83.620 0.0000000000
52836  -25.151  -27.971  80.396 0.0000000000
52817  -25.587  -28.208  82.253 0.0000000000
52829  -26.264  -27.930  81.632 0.0000000000
137635  -27.393  -27.206  82.754 0.0000000000
53742  -27.122  -26.612  81.724 0.0000000000
57588  -30.967  -22.304  72.640 0.0000000000
59376  -35.490  -20.456  73.754 0.0000000000
59365  -34.937  -21.107  74.017 0.0000000000
59356  -35.385  -20.773  75.427 0.0000000000
60307  -35.874  -20.593  77.044 0.0000000000
130477  -36.826  -19.866  76.069 0.0000000000
61341  -38.067  -19.577  77.297 0.0000000000
60320  -37.345  -19.519  75.729 0.0000000000
62361  -38.498  -17.370  73.711 0.0000000000
62349  -38.948  -17.664  74.507 0.0000000000
63411  -39.869  -16.730  74.117 0.0000000000
64403  -40.592  -16.243  74.468 0.0000000000
139890  -20.331  -27.142  82.148 0.0000000000
66475  -47.527  -13.906  64.347 0.0000000000
67458  -49.075  -13.110  64.975 0.0000000000
119939  -48.034  -13.582  63.620 0.0000000000
135500  -47.948  -13.532  59.781 0.0000000000
66518  -49.180  -13.554  61.144 0.0000000000
66535  -49.554  -13.362  60.329 0.0000000000
119103  -50.942  -13.305  60.752 0.0000000000
67533  -49.416  -12.692  59.135 0.0000000000
74651  -50.789  -6.256  51.929 0.0000000000
125636  -50.905  -5.817  53.232 0.0000000000
74641  -52.275  -5.929  52.731 0.0000000000
76774  -57.108  -3.988  53.239 0.0000000000
120866  -48.108  -6.509  50.808 0.0000000000
119595  -48.165  -6.565  49.849 0.0000000000
121503  -51.316  -6.580  49.108 0.0000000000
73540  -52.366  -6.613  48.464 0.0000000000
73541  -53.775  -6.768  48.622 0.0000000000
73554  -54.087  -6.688  47.752 0.0000000000
73555  -55.597  -6.779  47.333 0.0000000000
50765  -9.954  -29.818  90.537 0.0000000000
50731  -8.405  -30.267  93.223 0.0000000000
51636  -14.016  -28.758  95.714 0.0000000000
51656  -12.870  -29.384  93.490 0.0000000000
50706  -12.589  -29.282  95.911 0.0000000000
50688  -11.024  -30.146  96.590 0.0000000000
50681  -9.948  -30.960  96.671 0.0000000000
49676  -8.547  -31.213  96.115 0.0000000000
140758  -8.715  -31.368  96.958 0.0000000000
47716  -7.489  -32.126  97.172 0.0000000000
64434  -42.441  -15.632  71.378 0.0000000000
65448  -43.716  -14.959  71.896 0.0000000000
64449  -43.772  -15.567  70.474 0.0000000000
64501  -44.475  -15.750  67.958 0.0000000000
64482  -44.692  -15.702  68.798 0.0000000000
64502  -45.453  -15.678  68.187 0.0000000000
65474  -46.783  -14.950  68.642 0.0000000000
65483  -46.587  -15.267  67.530 0.0000000000
125623  -46.728  -14.851  66.050 0.0000000000
144271  -45.309  -14.991  65.563 0.0000000000
65541  -42.451  -14.439  63.312 0.0000000000
65555  -43.319  -14.210  63.091 0.0000000000
65554  -42.676  -14.206  62.404 0.0000000000
66511  -42.920  -14.088  60.849 0.0000000000
65586  -42.023  -14.271  61.027 0.0000000000
51734  -25.865  -29.250  86.359 0.0000000000
50787  -26.587  -29.794  87.658 0.0000000000
50788  -27.193  -29.517  87.310 0.0000000000
56576  -27.585  -23.928  77.648 0.0000000000
55681  -26.750  -24.493  77.581 0.0000000000
143979  -27.374  -24.156  78.490 0.0000000000
56528  -28.002  -24.126  80.699 0.0000000000
57479  -28.283  -23.556  79.671 0.0000000000
120821  -30.982  -22.661  74.958 0.0000000000
127931  -29.906  -22.799  76.006 0.0000000000
57531  -31.188  -22.648  76.820 0.0000000000
126186  -32.634  -21.903  80.830 0.0000000000
58426  -31.263  -22.528  78.985 0.0000000000
58407  -30.895  -22.255  80.683 0.0000000000
58406  -30.165  -22.583  81.010 0.0000000000
58382  -31.289  -22.023  82.199 0.0000000000
58370  -30.954  -22.049  83.859 0.0000000000
126187  -31.823  -21.867  82.823 0.0000000000
63358  -39.911  -17.022  79.012 0.0000000000
52753  -15.861  -27.796  86.161 0.0000000000
135963  -16.482  -27.914  87.772 0.0000000000
119649  -15.632  -27.988  87.800 0.0000000000
136816  -20.855  -27.585  92.232 0.0000000000
69547  -43.906  -10.751  56.448 0.0000000000
68585  -44.664  -11.126  56.902 0.0000000000
69549  -45.317  -10.594  56.671 0.0000000000
119969  -48.179  -8.999  57.530 0.0000000000
70481  -47.689  -9.620  57.272 0.0000000000
70471  -49.127  -9.551  58.407 0.0000000000
130585  -50.280  -10.236  59.057 0.0000000000
71441  -50.422  -8.707  59.254 0.0000000000
75789  -51.481  -4.924  55.860 0.0000000000
74588  -50.027  -5.309  56.429 0.0000000000
75766  -51.632  -4.925  57.265 0.0000000000
73573  -56.972  -6.392  45.699 0.0000000000
74721  -58.403  -5.758  45.376 0.0000000000
135992  -58.004  -5.597  44.546 0.0000000000
75898  -58.889  -3.943  42.720 0.0000000000
77757  -59.560  -2.468  41.989 0.0000000000
78611  -60.673  -0.642  42.283 0.0000000000
78610  -59.739  -1.162  41.186 0.0000000000
81111  -57.123  1.627  37.863 0.0000000000
80277  -57.628  1.391  38.304 0.0000000000
81096  -58.808  1.473  38.411 0.0000000000
81097  -59.875  1.287  39.097 0.0000000000
82045  -59.768  1.631  37.640 0.0000000000
81138  -59.725  1.253  36.640 0.0000000000
79532  -60.339  -0.832  33.431 0.0000000000
63430  -37.891  -16.946  72.205 0.0000000000
63444  -38.467  -16.635  71.740 0.0000000000
63443  -37.633  -16.759  71.368 0.0000000000
63453  -36.743  -16.478  70.226 0.0000000000
127953  -22.783  -27.643  81.834 0.0000000000
59398  -34.190  -20.376  71.693 0.0000000000
60362  -35.107  -20.057  72.544 0.0000000000
60347  -35.925  -19.630  73.577 0.0000000000
61384  -37.056  -18.827  74.116 0.0000000000
61396  -36.908  -18.211  73.215 0.0000000000
62369  -37.438  -17.446  72.640 0.0000000000
66514  -45.538  -13.782  61.533 0.0000000000
66501  -47.266  -13.713  62.254 0.0000000000
138993  -46.065  -13.741  60.975 0.0000000000
136536  -46.269  -13.635  59.252 0.0000000000
136999  -46.976  -13.511  58.974 0.0000000000
74663  -53.879  -6.448  51.031 0.0000000000
74643  -54.220  -5.819  52.441 0.0000000000
74656  -55.365  -5.851  51.492 0.0000000000
75834  -56.687  -4.694  51.761 0.0000000000
121493  -60.737  -3.083  46.253 0.0000000000
51691  -10.572  -29.778  90.064 0.0000000000
50757  -11.196  -29.886  91.776 0.0000000000
119616  -41.839  -15.928  69.042 0.0000000000
119615  -42.617  -15.869  69.085 0.0000000000
64480  -42.238  -15.873  68.388 0.0000000000
125985  -42.830  -15.769  67.527 0.0000000000
65489  -43.295  -15.321  66.032 0.0000000000
140040  -44.160  -15.240  65.796 0.0000000000
139216  -42.880  -14.963  65.352 0.0000000000
65520  -42.308  -14.642  64.153 0.0000000000
119610  -40.953  -14.547  62.809 0.0000000000
52762  -27.907  -28.291  85.867 0.0000000000
51729  -28.510  -28.565  87.888 0.0000000000
53682  -28.786  -26.865  87.110 0.0000000000
53677  -28.972  -26.748  88.358 0.0000000000
57351  -29.901  -23.063  88.294 0.0000000000
134478  -27.015  -23.150  75.910 0.0000000000
57527  -27.509  -23.493  76.536 0.0000000000
59340  -33.909  -21.632  77.130 0.0000000000
58433  -32.136  -22.315  77.689 0.0000000000
58429  -33.289  -21.845  78.465 0.0000000000
135701  -33.605  -21.775  79.696 0.0000000000
58397  -33.391  -21.727  81.357 0.0000000000
59294  -33.172  -21.397  83.111 0.0000000000
141001  -34.299  -21.029  82.190 0.0000000000
53697  -17.889  -27.345  83.920 0.0000000000
52774  -18.356  -27.578  85.462 0.0000000000
119646  -18.763  -27.786  87.827 0.0000000000
119656  -19.061  -27.799  89.293 0.0000000000
135722  -19.893  -27.765  89.219 0.0000000000
139223  -44.570  -8.616  54.876 0.0000000000
71486  -45.691  -9.053  55.648 0.0000000000
71487  -46.232  -8.265  55.240 0.0000000000
71480  -47.379  -8.288  56.324 0.0000000000
72435  -48.559  -7.476  57.083 0.0000000000
75883  -56.013  -5.003  43.933 0.0000000000
74735  -57.362  -5.364  43.811 0.0000000000
75895  -56.568  -4.489  42.803 0.0000000000
80287  -57.290  1.305  37.297 0.0000000000
80296  -58.386  1.345  36.577 0.0000000000
79504  -56.931  -0.190  36.965 0.0000000000
78666  -57.948  -1.287  35.923 0.0000000000
51695  -15.164  -28.541  90.802 0.0000000000
51669  -13.789  -28.929  91.981 0.0000000000
65433  -43.416  -14.709  73.632 0.0000000000
65431  -41.952  -15.372  73.523 0.0000000000
64422  -41.324  -15.718  72.318 0.0000000000
64433  -41.503  -15.793  71.398 0.0000000000
64430  -39.080  -16.337  71.266 0.0000000000
64445  -39.743  -16.035  70.634 0.0000000000
64461  -40.768  -15.941  69.673 0.0000000000
64477  -39.876  -15.912  68.329 0.0000000000
64496  -39.646  -15.857  67.553 0.0000000000
52759  -22.186  -27.642  86.485 0.0000000000
51732  -23.625  -28.545  86.990 0.0000000000
52761  -23.722  -28.333  86.018 0.0000000000
51741  -24.612  -28.835  85.656 0.0000000000
138309  -26.321  -28.947  85.817 0.0000000000
144072  -24.175  -28.120  82.680 0.0000000000
51756  -26.163  -28.531  83.920 0.0000000000
51744  -27.345  -28.392  85.046 0.0000000000
52798  -28.146  -27.188  84.654 0.0000000000
53701  -28.282  -26.315  84.277 0.0000000000
55620  -28.313  -25.068  82.793 0.0000000000
57561  -31.002  -22.612  74.129 0.0000000000
58466  -32.544  -22.105  74.971 0.0000000000
58478  -33.780  -21.742  73.446 0.0000000000
58467  -33.406  -21.811  74.890 0.0000000000
58452  -33.197  -21.847  75.688 0.0000000000
137513  -34.591  -21.281  76.680 0.0000000000
60298  -36.092  -20.602  77.969 0.0000000000
60292  -37.097  -19.943  78.779 0.0000000000
61311  -37.848  -19.030  79.746 0.0000000000
61326  -38.308  -19.313  78.218 0.0000000000
61342  -38.844  -18.977  77.504 0.0000000000
132324  -40.047  -17.973  77.095 0.0000000000
61371  -38.461  -18.360  75.138 0.0000000000
129692  -39.843  -17.945  76.105 0.0000000000
62326  -40.504  -17.364  76.706 0.0000000000
64396  -41.222  -16.104  75.900 0.0000000000
141577  -19.417  -27.359  84.059 0.0000000000
66444  -49.022  -13.522  67.286 0.0000000000
67459  -49.309  -13.081  65.908 0.0000000000
122504  -50.420  -12.456  65.195 0.0000000000
67484  -50.696  -12.739  63.604 0.0000000000
119905  -47.982  -13.532  62.671 0.0000000000
67495  -50.137  -13.110  62.795 0.0000000000
74636  -47.791  -6.219  53.281 0.0000000000
74607  -48.131  -5.889  54.517 0.0000000000
120375  -49.791  -5.628  53.985 0.0000000000
74610  -51.092  -5.406  54.532 0.0000000000
75802  -52.542  -4.922  54.881 0.0000000000
74624  -53.923  -5.529  53.192 0.0000000000
75803  -54.340  -4.737  54.540 0.0000000000
141201  -41.346  -12.548  57.003 0.0000000000
67557  -42.878  -12.384  57.545 0.0000000000
134842  -42.310  -11.326  56.393 0.0000000000
69546  -42.561  -10.752  56.002 0.0000000000
127078  -42.485  -9.649  55.054 0.0000000000
71500  -43.795  -8.759  54.761 0.0000000000
72475  -44.045  -8.041  53.760 0.0000000000
73468  -44.895  -7.607  53.421 0.0000000000
73469  -45.652  -7.249  53.333 0.0000000000
124766  -47.261  -6.503  52.764 0.0000000000
130689  -48.287  -6.456  51.623 0.0000000000
136517  -49.203  -6.451  51.317 0.0000000000
73499  -51.177  -6.403  51.181 0.0000000000
73524  -49.694  -6.538  48.956 0.0000000000
122131  -51.207  -6.517  49.799 0.0000000000
73514  -52.438  -6.529  50.445 0.0000000000
120724  -54.143  -6.683  50.236 0.0000000000
73530  -55.374  -6.860  49.289 0.0000000000
73543  -56.708  -6.863  48.377 0.0000000000
74695  -57.985  -6.280  47.641 0.0000000000
73556  -56.569  -6.828  47.372 0.0000000000
73565  -56.024  -6.623  46.607 0.0000000000
74718  -56.156  -6.075  45.437 0.0000000000
74726  -55.093  -5.201  44.798 0.0000000000
118948  -13.152  -29.326  92.692 0.0000000000
50747  -11.737  -29.774  92.455 0.0000000000
50732  -10.642  -30.005  93.321 0.0000000000
50689  -11.901  -29.632  96.569 0.0000000000
120057  -11.042  -29.715  95.049 0.0000000000
138061  -9.807  -30.259  94.525 0.0000000000
119801  -9.080  -30.486  94.854 0.0000000000
119779  -8.063  -30.671  94.974 0.0000000000
49674  -6.357  -30.970  95.763 0.0000000000
137170  -6.419  -31.726  96.347 0.0000000000
67414  -49.619  -12.620  69.263 0.0000000000
66407  -45.795  -14.002  71.960 0.0000000000
64450  -44.486  -15.491  70.102 0.0000000000
65459  -45.510  -14.863  70.618 0.0000000000
66425  -47.137  -14.169  70.111 0.0000000000
66433  -48.179  -13.972  68.907 0.0000000000
121899  -48.548  -14.113  67.991 0.0000000000
66443  -48.206  -14.087  66.945 0.0000000000
65508  -47.245  -14.483  65.665 0.0000000000
66473  -46.120  -14.326  63.834 0.0000000000
65506  -44.690  -14.899  65.136 0.0000000000
65542  -44.696  -14.240  63.431 0.0000000000
66484  -45.137  -13.967  62.937 0.0000000000
66497  -44.057  -13.904  61.917 0.0000000000
66529  -43.603  -13.976  60.131 0.0000000000
66568  -41.783  -13.678  58.360 0.0000000000
65517  -39.184  -15.018  64.205 0.0000000000
65538  -39.528  -14.813  63.566 0.0000000000
65552  -39.949  -14.627  62.657 0.0000000000
142558  -39.980  -14.474  61.068 0.0000000000
65584  -40.393  -14.407  60.526 0.0000000000
66550  -40.651  -14.164  59.061 0.0000000000
130175  -41.041  -13.906  58.570 0.0000000000
67556  -41.527  -13.067  57.578 0.0000000000
51722  -28.410  -29.311  88.436 0.0000000000
54697  -25.377  -26.606  78.602 0.0000000000
121639  -26.350  -25.015  77.974 0.0000000000
54690  -26.323  -26.174  79.652 0.0000000000
55637  -27.460  -25.294  80.995 0.0000000000
55629  -28.131  -24.748  81.990 0.0000000000
142756  -28.945  -24.160  82.923 0.0000000000
57544  -29.516  -22.856  75.250 0.0000000000
128328  -28.940  -22.959  76.017 0.0000000000
122114  -29.151  -22.954  77.983 0.0000000000
57521  -31.487  -22.552  77.600 0.0000000000
57507  -30.012  -22.814  78.258 0.0000000000
57493  -28.769  -23.143  79.372 0.0000000000
57480  -28.799  -23.203  80.188 0.0000000000
57448  -29.168  -23.509  81.953 0.0000000000
57412  -29.692  -23.503  83.952 0.0000000000
57413  -30.171  -23.084  84.497 0.0000000000
58350  -30.727  -22.165  85.615 0.0000000000
52724  -12.372  -28.717  88.005 0.0000000000
119318  -13.290  -28.708  88.199 0.0000000000
52770  -14.492  -27.777  85.407 0.0000000000
52769  -13.506  -27.829  85.508 0.0000000000
119845  -13.926  -28.277  87.068 0.0000000000
134976  -14.837  -28.261  88.268 0.0000000000
51706  -14.235  -28.653  89.579 0.0000000000
52697  -15.737  -28.303  90.192 0.0000000000
120644  -19.519  -27.755  90.815 0.0000000000
67559  -44.542  -12.485  57.758 0.0000000000
67561  -45.859  -12.140  57.621 0.0000000000
120359  -47.624  -12.458  58.180 0.0000000000
70488  -46.857  -9.973  56.935 0.0000000000
69525  -47.804  -11.161  57.754 0.0000000000
67546  -49.104  -12.092  58.511 0.0000000000
68548  -49.908  -11.923  58.873 0.0000000000
74596  -48.779  -5.691  55.886 0.0000000000
74587  -49.281  -5.810  56.607 0.0000000000
73412  -49.939  -6.793  58.034 0.0000000000
74710  -59.291  -5.085  46.631 0.0000000000
75878  -59.773  -4.446  46.144 0.0000000000
76850  -60.083  -3.685  44.933 0.0000000000
75891  -58.641  -4.571  43.246 0.0000000000
125818  -59.896  -3.496  44.069 0.0000000000
77747  -61.399  -1.849  44.543 0.0000000000
78591  -61.215  -0.945  43.137 0.0000000000
79444  -61.715  -0.512  42.450 0.0000000000
78636  -58.948  -0.973  39.890 0.0000000000
131847  -60.398  0.538  40.649 0.0000000000
80252  -61.005  0.942  40.314 0.0000000000
80313  -60.003  0.303  34.843 0.0000000000
62379  -35.083  -17.896  70.903 0.0000000000
62391  -35.449  -17.255  70.572 0.0000000000
61420  -34.771  -18.703  71.200 0.0000000000
66569  -42.764  -13.581  58.510 0.0000000000
66570  -43.973  -13.625  58.835 0.0000000000
67541  -43.211  -12.985  58.104 0.0000000000
74676  -57.380  -5.644  49.407 0.0000000000
74677  -58.003  -5.096  48.996 0.0000000000
75849  -58.513  -4.241  49.515 0.0000000000
75855  -58.729  -4.536  48.752 0.0000000000
75862  -59.078  -4.748  48.011 0.0000000000
51704  -12.708  -29.041  89.549 0.0000000000
135414  -39.992  -15.567  66.044 0.0000000000
65502  -40.614  -14.998  65.017 0.0000000000
122526  -23.368  -28.567  89.066 0.0000000000
51720  -23.564  -28.725  88.505 0.0000000000
129512  -28.763  -24.833  84.167 0.0000000000
132904  -28.803  -25.033  85.549 0.0000000000
55608  -29.044  -24.517  84.923 0.0000000000
56473  -29.442  -23.901  84.437 0.0000000000
60283  -36.292  -20.484  79.680 0.0000000000
129446  -36.885  -19.689  80.826 0.0000000000
52726  -21.902  -27.687  88.036 0.0000000000
73470  -46.574  -7.083  53.625 0.0000000000
73459  -46.844  -7.223  54.139 0.0000000000
74605  -47.199  -6.729  54.066 0.0000000000
64457  -36.904  -16.004  68.997 0.0000000000
64458  -37.827  -15.999  69.152 0.0000000000
52805  -22.337  -27.576  83.465 0.0000000000
53714  -21.867  -27.444  82.935 0.0000000000
53740  -26.054  -27.698  80.737 0.0000000000
53741  -26.642  -27.108  81.286 0.0000000000
53755  -26.484  -26.711  80.478 0.0000000000
123382  -35.857  -20.104  74.255 0.0000000000
59366  -35.436  -20.680  74.549 0.0000000000
60332  -35.953  -20.172  74.998 0.0000000000
60318  -36.068  -20.282  75.995 0.0000000000
63421  -38.872  -16.907  73.288 0.0000000000
63410  -39.203  -17.087  73.926 0.0000000000
63422  -39.525  -16.772  73.517 0.0000000000
53713  -20.920  -27.259  83.130 0.0000000000
130966  -47.270  -13.885  63.704 0.0000000000
66487  -47.292  -13.755  63.055 0.0000000000
66534  -48.649  -13.524  60.273 0.0000000000
66559  -49.228  -13.232  59.700 0.0000000000
67517  -49.806  -13.024  59.717 0.0000000000
74652  -51.724  -6.224  51.922 0.0000000000
74640  -51.295  -5.972  52.586 0.0000000000
76764  -57.645  -4.075  53.783 0.0000000000
73509  -47.289  -6.492  50.413 0.0000000000
73553  -53.053  -6.578  47.857 0.0000000000
73563  -53.565  -6.320  46.936 0.0000000000
50755  -9.749  -29.915  91.234 0.0000000000
50744  -8.420  -30.043  92.234 0.0000000000
120648  -9.248  -30.186  92.959 0.0000000000
51635  -13.194  -29.056  95.274 0.0000000000
51628  -13.386  -28.896  96.286 0.0000000000
128920  -9.479  -31.306  97.055 0.0000000000
48696  -9.077  -32.213  97.551 0.0000000000
131259  -42.044  -15.811  70.720 0.0000000000
64435  -43.273  -15.428  71.274 0.0000000000
64448  -42.808  -15.727  70.587 0.0000000000
65482  -45.957  -15.514  67.398 0.0000000000
65491  -45.685  -15.390  66.653 0.0000000000
119009  -45.000  -15.322  66.089 0.0000000000
65553  -41.801  -14.423  62.719 0.0000000000
119349  -41.934  -14.270  61.932 0.0000000000
51735  -26.626  -29.060  86.273 0.0000000000
50793  -26.585  -29.435  86.852 0.0000000000
56562  -27.300  -24.152  77.950 0.0000000000
56563  -27.702  -23.913  78.492 0.0000000000
56546  -27.863  -23.787  79.198 0.0000000000
57492  -28.160  -23.561  78.919 0.0000000000
58450  -31.699  -22.504  75.458 0.0000000000
122416  -31.645  -22.522  76.234 0.0000000000
58408  -31.811  -22.048  80.293 0.0000000000
58395  -31.690  -21.986  81.341 0.0000000000
58394  -30.785  -22.274  81.551 0.0000000000
62325  -40.041  -17.474  77.956 0.0000000000
119653  -17.695  -27.894  88.828 0.0000000000
69560  -43.866  -9.988  55.859 0.0000000000
69548  -44.674  -10.336  56.315 0.0000000000
71470  -48.393  -8.326  57.346 0.0000000000
71455  -48.752  -8.832  57.959 0.0000000000
70455  -49.889  -9.502  58.981 0.0000000000
71456  -49.553  -8.600  58.535 0.0000000000
75790  -52.292  -4.846  55.654 0.0000000000
75776  -51.324  -4.941  56.545 0.0000000000
74720  -57.546  -5.961  45.142 0.0000000000
74729  -57.261  -5.717  44.492 0.0000000000
77766  -59.184  -2.263  41.136 0.0000000000
77773  -58.972  -1.899  40.607 0.0000000000
81124  -57.628  1.713  37.467 0.0000000000
81112  -58.193  1.794  37.729 0.0000000000
132028  -58.958  1.831  38.047 0.0000000000
82043  -58.873  1.823  37.544 0.0000000000
81126  -59.786  1.514  37.192 0.0000000000
81137  -59.232  1.654  37.018 0.0000000000
63464  -36.426  -16.289  69.592 0.0000000000
60376  -33.776  -19.957  71.008 0.0000000000
61410  -35.099  -19.210  71.997 0.0000000000
123725  -34.708  -19.986  71.995 0.0000000000
60363  -35.597  -19.408  72.762 0.0000000000
60346  -35.453  -20.101  73.137 0.0000000000
60348  -36.516  -19.025  73.655 0.0000000000
61395  -36.097  -18.782  73.067 0.0000000000
62368  -36.689  -17.688  72.284 0.0000000000
66513  -44.697  -13.830  61.282 0.0000000000
66531  -45.368  -13.782  60.657 0.0000000000
121835  -46.147  -13.747  60.167 0.0000000000
66573  -46.467  -13.288  58.520 0.0000000000
74664  -54.782  -6.408  50.917 0.0000000000
74655  -54.492  -6.066  51.660 0.0000000000
75835  -57.518  -4.241  51.522 0.0000000000
76783  -58.296  -3.861  52.190 0.0000000000
75836  -58.295  -3.877  51.213 0.0000000000
76833  -60.916  -2.990  46.869 0.0000000000
76832  -60.383  -3.570  46.638 0.0000000000
51692  -11.524  -29.715  90.176 0.0000000000
122445  -11.045  -29.493  89.440 0.0000000000
144237  -11.059  -29.848  90.570 0.0000000000
50756  -10.628  -29.864  91.025 0.0000000000
137798  -41.468  -15.902  68.296 0.0000000000
64519  -42.450  -15.553  66.663 0.0000000000
64520  -43.412  -15.627  66.952 0.0000000000
65504  -42.367  -15.131  65.794 0.0000000000
131212  -40.920  -14.801  64.351 0.0000000000
65519  -41.638  -14.755  64.431 0.0000000000
65540  -41.503  -14.618  63.618 0.0000000000
52781  -28.357  -27.334  85.568 0.0000000000
52763  -28.515  -27.667  86.487 0.0000000000
142547  -28.634  -26.917  86.267 0.0000000000
54650  -28.805  -25.328  87.115 0.0000000000
131125  -28.850  -25.931  87.654 0.0000000000
54639  -29.049  -25.659  88.695 0.0000000000
56452  -29.597  -23.260  86.890 0.0000000000
56443  -29.451  -23.387  87.744 0.0000000000
57364  -29.955  -22.771  87.492 0.0000000000
59332  -33.989  -21.630  78.017 0.0000000000
58435  -33.225  -21.841  77.640 0.0000000000
122417  -34.340  -21.475  80.013 0.0000000000
59312  -34.157  -21.455  81.014 0.0000000000
58410  -33.510  -21.775  80.457 0.0000000000
59304  -33.977  -21.373  81.859 0.0000000000
59305  -34.682  -20.932  81.685 0.0000000000
60256  -35.839  -19.735  82.818 0.0000000000
138588  -18.298  -27.447  84.504 0.0000000000
52788  -17.571  -27.488  84.669 0.0000000000
119638  -19.830  -27.687  86.825 0.0000000000
119651  -19.362  -27.781  88.504 0.0000000000
119650  -20.298  -27.729  88.386 0.0000000000
52713  -22.138  -27.786  89.565 0.0000000000
122116  -21.339  -27.725  89.793 0.0000000000
142074  -44.855  -8.244  54.599 0.0000000000
72458  -45.316  -8.413  54.944 0.0000000000
72459  -45.913  -8.005  54.589 0.0000000000
72461  -47.401  -7.279  55.334 0.0000000000
72446  -47.008  -7.902  55.637 0.0000000000
72447  -47.710  -7.471  56.145 0.0000000000
72434  -47.983  -7.943  56.762 0.0000000000
72448  -48.274  -6.966  56.478 0.0000000000
75888  -56.246  -4.671  43.366 0.0000000000
80286  -56.387  0.999  37.595 0.0000000000
143961  -56.828  0.553  37.233 0.0000000000
79497  -56.101  0.020  37.334 0.0000000000
51681  -14.492  -28.742  91.377 0.0000000000
51637  -14.919  -28.685  96.019 0.0000000000
65423  -42.046  -15.289  74.273 0.0000000000
65432  -42.684  -14.986  73.941 0.0000000000
64421  -40.619  -15.953  72.476 0.0000000000
127416  -40.621  -15.933  71.039 0.0000000000
122945  -39.319  -16.008  69.900 0.0000000000
64460  -40.000  -15.974  69.769 0.0000000000
64446  -40.485  -15.945  70.294 0.0000000000
119617  -40.301  -15.960  69.031 0.0000000000
52779  -22.863  -27.796  85.854 0.0000000000
52795  -24.040  -28.190  84.517 0.0000000000
52780  -24.144  -28.428  85.211 0.0000000000
51742  -25.594  -28.956  85.483 0.0000000000
52815  -23.650  -27.935  82.133 0.0000000000
52818  -26.488  -28.082  82.534 0.0000000000
52808  -25.746  -28.404  83.233 0.0000000000
52796  -26.759  -28.490  84.374 0.0000000000
52797  -27.550  -27.873  84.226 0.0000000000
53728  -27.501  -26.462  82.396 0.0000000000
136001  -27.733  -26.746  83.160 0.0000000000
53715  -27.933  -25.898  83.014 0.0000000000
54665  -28.372  -25.456  83.716 0.0000000000
124583  -31.841  -22.116  73.137 0.0000000000
57573  -31.034  -22.499  73.410 0.0000000000
58476  -31.585  -22.410  73.855 0.0000000000
58465  -31.700  -22.465  74.560 0.0000000000
59385  -33.920  -21.143  72.086 0.0000000000
58492  -33.483  -21.676  72.630 0.0000000000
59355  -34.777  -21.203  74.907 0.0000000000
58468  -34.123  -21.639  74.316 0.0000000000
58453  -34.012  -21.573  75.308 0.0000000000
58441  -33.913  -21.615  76.224 0.0000000000
60299  -36.788  -20.150  78.090 0.0000000000
60293  -37.738  -19.525  78.946 0.0000000000
60300  -37.586  -19.825  78.121 0.0000000000
61343  -39.522  -18.319  77.743 0.0000000000
61357  -39.431  -18.613  76.811 0.0000000000
61385  -37.684  -18.588  74.637 0.0000000000
62341  -39.792  -17.483  75.248 0.0000000000
62340  -39.299  -17.994  75.279 0.0000000000
63390  -40.845  -16.681  76.240 0.0000000000
63400  -40.724  -16.495  75.382 0.0000000000
64404  -41.419  -15.699  74.559 0.0000000000
122413  -41.085  -15.982  75.142 0.0000000000
52777  -21.187  -27.444  85.264 0.0000000000
66453  -48.722  -13.626  66.377 0.0000000000
66454  -49.331  -13.127  66.707 0.0000000000
142233  -49.738  -12.816  65.323 0.0000000000
67470  -49.788  -12.772  64.611 0.0000000000
67471  -50.596  -12.445  64.412 0.0000000000
67483  -49.915  -12.749  63.858 0.0000000000
119417  -47.925  -13.618  61.941 0.0000000000
66503  -49.724  -13.468  61.919 0.0000000000
67496  -51.050  -13.182  62.852 0.0000000000
67519  -51.697  -12.840  60.363 0.0000000000
74637  -48.634  -5.971  52.977 0.0000000000
74619  -49.238  -5.787  53.536 0.0000000000
74620  -50.072  -5.781  53.326 0.0000000000
74621  -51.405  -5.653  53.795 0.0000000000
74611  -51.960  -5.389  54.327 0.0000000000
75809  -52.804  -5.291  54.127 0.0000000000
74644  -55.085  -5.589  52.256 0.0000000000
75824  -54.746  -5.194  52.960 0.0000000000
75804  -55.184  -4.536  54.357 0.0000000000
48706  -5.481  -31.673  96.102 0.0000000000
49664  -5.103  -31.438  95.930 0.0000000000
48705  -4.985  -31.638  95.908 0.0000000000
69558  -42.111  -10.311  55.420 0.0000000000
69559  -42.935  -10.108  55.625 0.0000000000
70508  -42.846  -8.927  54.549 0.0000000000
133236  -43.529  -8.376  54.156 0.0000000000
72493  -44.402  -7.836  53.454 0.0000000000
122448  -44.973  -7.176  52.954 0.0000000000
73485  -46.387  -6.767  52.879 0.0000000000
119281  -46.853  -6.467  52.052 0.0000000000
135714  -47.579  -6.451  52.077 0.0000000000
73510  -48.819  -6.538  50.556 0.0000000000
73498  -50.220  -6.399  51.218 0.0000000000
73512  -50.622  -6.475  50.339 0.0000000000
141582  -51.955  -6.635  48.961 0.0000000000
73526  -51.965  -6.589  49.687 0.0000000000
73513  -51.583  -6.485  50.441 0.0000000000
122130  -52.731  -6.613  49.839 0.0000000000
73515  -53.269  -6.586  50.367 0.0000000000
73528  -53.419  -6.709  49.489 0.0000000000
73542  -54.703  -6.850  48.529 0.0000000000
73529  -54.417  -6.812  49.392 0.0000000000
73531  -56.287  -6.758  49.198 0.0000000000
73544  -57.310  -6.727  47.838 0.0000000000
143153  -56.142  -6.912  47.863 0.0000000000
142648  -55.333  -6.482  46.546 0.0000000000
74707  -55.661  -6.271  45.981 0.0000000000
73572  -56.312  -6.437  46.031 0.0000000000
120219  -7.755  -30.106  92.740 0.0000000000
119341  -12.941  -29.486  91.559 0.0000000000
128763  -12.313  -29.634  93.915 0.0000000000
50734  -12.336  -29.598  93.030 0.0000000000
50733  -11.480  -29.844  93.428 0.0000000000
50684  -12.414  -29.549  97.100 0.0000000000
135654  -10.543  -30.328  95.911 0.0000000000
50704  -11.101  -29.924  95.823 0.0000000000
119666  -10.309  -29.960  95.205 0.0000000000
141821  -9.725  -30.213  95.082 0.0000000000
119665  -9.142  -30.424  93.884 0.0000000000
49675  -7.870  -30.968  95.672 0.0000000000
50702  -7.023  -30.731  95.160 0.0000000000
135068  -7.138  -31.091  95.793 0.0000000000
49665  -6.789  -31.395  96.111 0.0000000000
49654  -7.417  -31.616  96.442 0.0000000000
47709  -7.810  -32.785  97.504 0.0000000000
67401  -49.349  -12.616  70.654 0.0000000000
67415  -49.853  -12.404  70.065 0.0000000000
127022  -49.262  -12.678  69.982 0.0000000000
65441  -43.494  -14.818  72.746 0.0000000000
65449  -44.507  -14.841  71.700 0.0000000000
65442  -44.316  -14.602  72.532 0.0000000000
65450  -45.281  -14.640  71.438 0.0000000000
136120  -43.326  -15.816  69.054 0.0000000000
120159  -43.123  -15.797  69.766 0.0000000000
64464  -44.031  -15.714  69.483 0.0000000000
64466  -45.369  -15.540  69.035 0.0000000000
64465  -44.897  -15.541  69.562 0.0000000000
65466  -45.689  -15.163  69.741 0.0000000000
65460  -46.336  -14.627  70.380 0.0000000000
65475  -47.542  -14.626  68.218 0.0000000000
65468  -47.368  -14.418  69.201 0.0000000000
66434  -48.992  -13.569  68.783 0.0000000000
136554  -47.775  -14.530  67.428 0.0000000000
65507  -46.482  -14.705  65.348 0.0000000000
65524  -46.286  -14.541  64.570 0.0000000000
65505  -43.639  -14.952  65.243 0.0000000000
65521  -43.868  -14.692  64.447 0.0000000000
119611  -43.996  -14.365  63.641 0.0000000000
65556  -44.217  -13.981  62.824 0.0000000000
66498  -44.895  -13.869  62.151 0.0000000000
143914  -42.397  -14.217  60.460 0.0000000000
66528  -42.760  -14.167  59.950 0.0000000000
66552  -42.335  -14.001  59.185 0.0000000000
65537  -38.642  -14.940  63.685 0.0000000000
65551  -38.904  -14.741  62.854 0.0000000000
120621  -39.135  -14.535  62.011 0.0000000000
120620  -39.943  -14.487  61.731 0.0000000000
127508  -39.340  -14.493  61.222 0.0000000000
65583  -39.623  -14.408  60.500 0.0000000000
65598  -40.025  -14.283  59.665 0.0000000000
65599  -40.938  -14.320  59.849 0.0000000000
134883  -40.014  -14.087  58.895 0.0000000000
66581  -40.901  -13.491  57.977 0.0000000000
51726  -24.288  -29.007  87.369 0.0000000000
50778  -25.045  -29.512  87.847 0.0000000000
50781  -27.486  -29.801  88.275 0.0000000000
131616  -28.926  -28.585  88.722 0.0000000000
55668  -26.941  -24.472  78.426 0.0000000000
55656  -26.533  -25.012  78.575 0.0000000000
54699  -26.932  -25.205  79.692 0.0000000000
54691  -26.937  -25.743  80.354 0.0000000000
137020  -27.337  -25.014  80.290 0.0000000000
56497  -28.350  -24.215  81.581 0.0000000000
56498  -28.617  -24.301  82.452 0.0000000000
132368  -28.740  -23.908  81.971 0.0000000000
57559  -29.173  -22.813  74.394 0.0000000000
57529  -29.396  -22.897  76.717 0.0000000000
139525  -29.019  -22.980  77.323 0.0000000000
57519  -29.774  -22.843  77.403 0.0000000000
134331  -32.593  -22.012  78.080 0.0000000000
58427  -31.866  -22.391  78.413 0.0000000000
57495  -30.395  -22.656  79.091 0.0000000000
143897  -29.799  -22.785  78.868 0.0000000000
123580  -29.256  -22.911  78.745 0.0000000000
57494  -29.543  -22.796  79.387 0.0000000000
122887  -29.268  -22.856  79.956 0.0000000000
58393  -30.243  -22.683  81.752 0.0000000000
57464  -29.653  -23.037  81.447 0.0000000000
57429  -29.508  -23.515  82.962 0.0000000000
57430  -30.081  -23.104  83.517 0.0000000000
58360  -31.551  -21.801  84.568 0.0000000000
58359  -30.900  -22.099  84.750 0.0000000000
58342  -31.408  -21.695  85.630 0.0000000000
59287  -33.725  -20.826  83.749 0.0000000000
61312  -38.462  -18.500  79.762 0.0000000000
52787  -16.594  -27.516  84.688 0.0000000000
52772  -16.318  -27.685  85.491 0.0000000000
52771  -15.461  -27.706  85.293 0.0000000000
52752  -15.100  -27.855  86.011 0.0000000000
52751  -14.323  -27.984  86.379 0.0000000000
119654  -15.568  -28.154  88.779 0.0000000000
52710  -14.882  -28.400  89.128 0.0000000000
52696  -14.989  -28.513  89.946 0.0000000000
141094  -19.532  -27.779  89.895 0.0000000000
52701  -18.811  -27.839  90.079 0.0000000000
142065  -51.873  -11.954  67.121 0.0000000000
68566  -43.372  -11.791  57.197 0.0000000000
67558  -43.706  -12.422  57.701 0.0000000000
68567  -44.188  -11.830  57.315 0.0000000000
68569  -45.710  -11.197  57.186 0.0000000000
68568  -45.032  -11.880  57.430 0.0000000000
68558  -46.724  -12.541  57.964 0.0000000000
124872  -46.334  -9.525  56.325 0.0000000000
69537  -48.034  -10.363  57.756 0.0000000000
143370  -48.248  -10.838  58.012 0.0000000000
68559  -47.923  -11.840  58.038 0.0000000000
68560  -48.514  -11.424  58.170 0.0000000000
69527  -49.385  -11.246  58.458 0.0000000000
69513  -51.140  -10.709  59.248 0.0000000000
74608  -49.041  -5.639  54.442 0.0000000000
120498  -48.498  -5.720  55.166 0.0000000000
124273  -49.285  -5.444  55.330 0.0000000000
74579  -50.062  -5.602  57.129 0.0000000000
73424  -49.588  -6.288  57.366 0.0000000000
73425  -50.274  -6.044  57.773 0.0000000000
73558  -58.089  -6.316  46.774 0.0000000000
74696  -58.768  -5.623  47.288 0.0000000000
75884  -58.888  -5.267  44.756 0.0000000000
74722  -59.145  -5.249  45.703 0.0000000000
120439  -59.598  -4.556  45.212 0.0000000000
75890  -57.744  -4.921  43.102 0.0000000000
76855  -59.629  -3.334  43.210 0.0000000000
76856  -60.402  -2.541  43.900 0.0000000000
77753  -60.842  -1.621  43.619 0.0000000000
79436  -61.436  -0.542  42.662 0.0000000000
79453  -61.262  -0.071  42.024 0.0000000000
80244  -61.595  -0.065  41.656 0.0000000000
80262  -58.135  0.451  38.847 0.0000000000
79475  -58.546  -0.372  39.436 0.0000000000
78635  -58.205  -1.183  39.826 0.0000000000
79476  -59.473  0.029  39.845 0.0000000000
81099  -60.616  1.228  38.891 0.0000000000
81086  -60.539  1.079  39.758 0.0000000000
80264  -61.082  1.011  39.598 0.0000000000
79463  -61.468  0.605  40.231 0.0000000000
79477  -61.454  0.512  39.417 0.0000000000
131207  -58.750  0.339  35.460 0.0000000000
80304  -58.879  0.849  35.877 0.0000000000
80312  -59.296  0.323  34.893 0.0000000000
62381  -36.374  -17.333  71.543 0.0000000000
63442  -36.725  -16.813  70.971 0.0000000000
63441  -36.028  -17.088  70.924 0.0000000000
60391  -34.109  -19.088  70.751 0.0000000000
66554  -44.235  -13.820  59.466 0.0000000000
66571  -44.702  -13.587  58.777 0.0000000000
67543  -45.009  -13.062  58.188 0.0000000000
74674  -55.954  -6.464  49.974 0.0000000000
74667  -57.042  -5.159  50.089 0.0000000000
75850  -59.133  -3.860  49.268 0.0000000000
76811  -60.311  -3.612  48.518 0.0000000000
75863  -59.756  -3.934  47.892 0.0000000000
51718  -12.053  -28.917  88.773 0.0000000000
133111  -11.086  -28.966  88.695 0.0000000000
51693  -12.287  -29.455  90.075 0.0000000000
119807  -12.233  -29.681  90.826 0.0000000000
64497  -40.264  -15.798  67.129 0.0000000000
121832  -40.793  -15.677  66.747 0.0000000000
64539  -41.694  -15.038  65.584 0.0000000000
52714  -22.951  -28.029  89.605 0.0000000000
53690  -28.473  -26.449  85.101 0.0000000000
54655  -28.650  -25.775  85.668 0.0000000000
133976  -28.791  -25.171  86.326 0.0000000000
55599  -28.926  -24.576  87.081 0.0000000000
56442  -29.024  -24.018  87.907 0.0000000000
134094  -29.396  -23.677  86.300 0.0000000000
56463  -29.721  -23.301  85.991 0.0000000000
59334  -35.520  -20.882  78.609 0.0000000000
59322  -34.888  -21.154  79.228 0.0000000000
59306  -35.550  -20.614  81.321 0.0000000000
123730  -36.016  -19.973  81.872 0.0000000000
119644  -20.490  -27.664  87.454 0.0000000000
142720  -20.896  -27.682  88.622 0.0000000000
72477  -45.589  -7.811  54.072 0.0000000000
72478  -46.453  -7.719  54.298 0.0000000000
73448  -47.111  -7.227  54.686 0.0000000000
73449  -47.642  -6.635  55.063 0.0000000000
64411  -40.893  -15.956  73.800 0.0000000000
141152  -40.553  -16.098  73.153 0.0000000000
64431  -39.973  -16.094  71.738 0.0000000000
64443  -38.018  -16.250  70.065 0.0000000000
64475  -38.099  -15.933  68.265 0.0000000000
143969  -21.817  -27.480  84.326 0.0000000000
123480  -22.651  -27.674  85.029 0.0000000000
52793  -22.371  -27.605  84.214 0.0000000000
131435  -23.815  -27.984  83.785 0.0000000000
52827  -24.264  -28.041  81.155 0.0000000000
52816  -24.642  -28.186  82.060 0.0000000000
52828  -25.368  -28.165  81.315 0.0000000000
52810  -27.500  -27.527  83.341 0.0000000000
53727  -26.986  -27.369  82.122 0.0000000000
54682  -27.420  -25.855  81.723 0.0000000000
59375  -34.978  -20.815  73.129 0.0000000000
58479  -34.475  -21.425  73.528 0.0000000000
59348  -35.281  -20.852  76.334 0.0000000000
60308  -36.609  -20.036  76.758 0.0000000000
127418  -37.143  -19.887  77.386 0.0000000000
60309  -37.446  -19.689  76.577 0.0000000000
141992  -38.034  -19.439  76.667 0.0000000000
61355  -37.942  -19.269  76.146 0.0000000000
62360  -37.780  -17.690  73.437 0.0000000000
62350  -39.577  -17.227  74.575 0.0000000000
63399  -40.173  -16.880  74.899 0.0000000000
53712  -19.410  -27.252  83.382 0.0000000000
122120  -20.050  -27.225  83.007 0.0000000000
52803  -20.947  -27.351  83.955 0.0000000000
66463  -47.752  -13.980  65.170 0.0000000000
66476  -48.323  -13.561  64.592 0.0000000000
66533  -47.696  -13.634  60.537 0.0000000000
66517  -48.266  -13.624  61.234 0.0000000000
66519  -50.088  -13.417  61.033 0.0000000000
67518  -50.307  -13.140  60.175 0.0000000000
67534  -50.394  -12.567  59.467 0.0000000000
74639  -50.408  -5.970  52.616 0.0000000000
141953  -51.630  -5.828  53.185 0.0000000000
74623  -53.047  -5.680  53.390 0.0000000000
75826  -56.483  -4.544  52.598 0.0000000000
75813  -56.236  -4.386  53.400 0.0000000000
128401  -62.183  -1.242  43.446 0.0000000000
72492  -43.785  -7.979  53.100 0.0000000000
73497  -47.455  -6.445  51.347 0.0000000000
136595  -49.161  -6.560  49.784 0.0000000000
73539  -51.584  -6.522  48.377 0.0000000000
137213  -53.029  -6.689  48.726 0.0000000000
136407  -54.921  -6.807  47.761 0.0000000000
73564  -54.606  -6.501  46.896 0.0000000000
51649  -13.778  -28.877  94.622 0.0000000000
50720  -12.395  -29.382  94.862 0.0000000000
50683  -11.501  -29.987  97.051 0.0000000000
50682  -10.752  -30.503  96.853 0.0000000000
121855  -10.315  -30.650  96.350 0.0000000000
50687  -9.450  -30.963  96.161 0.0000000000
49656  -9.078  -31.231  96.593 0.0000000000
49655  -8.263  -31.436  96.551 0.0000000000
48699  -8.014  -31.621  97.043 0.0000000000
48695  -8.311  -32.149  97.429 0.0000000000
65447  -42.908  -15.194  72.062 0.0000000000
65457  -43.969  -15.166  71.214 0.0000000000
64500  -43.620  -15.765  67.769 0.0000000000
64483  -46.054  -15.320  68.880 0.0000000000
64484  -46.348  -15.447  68.111 0.0000000000
121928  -46.859  -15.030  67.978 0.0000000000
65492  -46.500  -15.134  66.777 0.0000000000
120554  -45.913  -15.045  65.928 0.0000000000
119612  -43.145  -14.491  63.892 0.0000000000
65570  -43.247  -14.006  61.715 0.0000000000
65569  -42.554  -14.154  61.595 0.0000000000
50786  -25.836  -29.613  87.211 0.0000000000
52715  -29.561  -27.909  89.279 0.0000000000
56575  -27.136  -24.021  77.024 0.0000000000
56574  -26.486  -24.393  76.723 0.0000000000
56545  -27.446  -24.154  79.069 0.0000000000
56527  -27.453  -24.435  79.899 0.0000000000
123055  -27.863  -23.910  79.842 0.0000000000
56529  -28.375  -23.637  80.448 0.0000000000
57545  -30.309  -22.747  75.311 0.0000000000
57546  -30.882  -22.699  75.944 0.0000000000
58409  -32.763  -21.924  79.810 0.0000000000
58417  -31.912  -22.239  79.362 0.0000000000
58416  -31.068  -22.413  79.762 0.0000000000
134633  -30.637  -22.428  82.359 0.0000000000
58381  -30.557  -22.548  83.203 0.0000000000
128319  -31.075  -22.027  83.011 0.0000000000
58371  -31.673  -21.832  83.658 0.0000000000
58361  -32.244  -21.482  84.309 0.0000000000
52754  -16.743  -27.779  86.301 0.0000000000
119642  -16.201  -27.847  87.026 0.0000000000
138105  -16.318  -27.986  88.521 0.0000000000
119659  -16.205  -28.089  89.449 0.0000000000
52690  -21.437  -27.628  91.670 0.0000000000
120643  -20.560  -27.656  91.235 0.0000000000
142337  -43.277  -10.557  56.107 0.0000000000
68584  -43.843  -11.326  56.897 0.0000000000
71469  -47.765  -8.697  57.000 0.0000000000
70482  -48.404  -9.620  57.880 0.0000000000
70472  -49.601  -10.347  58.633 0.0000000000
70456  -50.810  -9.609  59.395 0.0000000000
75800  -50.829  -5.123  55.340 0.0000000000
74597  -50.037  -5.209  55.673 0.0000000000
75788  -50.700  -4.995  56.145 0.0000000000
75765  -50.769  -5.135  56.978 0.0000000000
74708  -57.882  -6.210  45.925 0.0000000000
76863  -59.230  -3.270  42.279 0.0000000000
77758  -60.363  -1.594  42.680 0.0000000000
78601  -59.866  -1.616  41.880 0.0000000000
81110  -56.246  1.491  38.310 0.0000000000
81113  -59.641  1.578  38.354 0.0000000000
81115  -60.540  1.320  38.133 0.0000000000
80288  -60.369  1.154  37.380 0.0000000000
78686  -58.904  -0.718  34.201 0.0000000000
79521  -59.256  -0.270  34.239 0.0000000000
79531  -59.401  -0.770  33.601 0.0000000000
63431  -38.667  -16.770  72.558 0.0000000000
63454  -37.410  -16.486  70.556 0.0000000000
64442  -37.207  -16.204  69.790 0.0000000000
53726  -22.149  -27.498  82.240 0.0000000000
52834  -23.517  -27.738  80.689 0.0000000000
121807  -24.928  -27.471  79.705 0.0000000000
59396  -32.737  -21.235  70.963 0.0000000000
59386  -34.575  -20.667  72.359 0.0000000000
60333  -36.487  -19.583  74.381 0.0000000000
61397  -37.505  -18.233  73.929 0.0000000000
143248  -36.242  -18.190  72.604 0.0000000000
63420  -38.138  -17.098  73.013 0.0000000000
66499  -45.750  -13.836  62.367 0.0000000000
66500  -46.552  -13.824  62.663 0.0000000000
66515  -46.477  -13.741  61.717 0.0000000000
66532  -46.812  -13.706  60.766 0.0000000000
66556  -47.085  -13.638  59.783 0.0000000000
66557  -47.678  -13.404  59.119 0.0000000000
73501  -52.992  -6.431  51.128 0.0000000000
74654  -53.587  -6.144  51.784 0.0000000000
75833  -55.835  -5.087  51.969 0.0000000000
74657  -56.122  -5.377  51.211 0.0000000000
75827  -57.354  -4.072  52.408 0.0000000000
76775  -57.949  -3.939  53.048 0.0000000000
76821  -60.816  -3.382  48.001 0.0000000000
77733  -61.260  -2.740  46.149 0.0000000000
77741  -61.395  -2.362  45.438 0.0000000000
50746  -10.356  -30.016  91.905 0.0000000000
64462  -41.432  -15.922  69.593 0.0000000000
64481  -43.001  -15.837  68.338 0.0000000000
64499  -41.996  -15.789  67.570 0.0000000000
135487  -42.515  -15.835  67.948 0.0000000000
130676  -44.138  -15.667  67.270 0.0000000000
65490  -44.170  -15.512  66.534 0.0000000000
119269  -42.161  -14.822  65.016 0.0000000000
142525  -41.320  -14.380  62.224 0.0000000000
51737  -28.189  -28.476  86.915 0.0000000000
52743  -28.739  -27.746  87.517 0.0000000000
53669  -29.323  -27.056  89.084 0.0000000000
133445  -29.856  -26.823  89.513 0.0000000000
56436  -29.432  -23.703  88.456 0.0000000000
57526  -26.979  -23.553  76.380 0.0000000000
57516  -27.391  -23.800  76.944 0.0000000000
57517  -27.841  -23.638  77.321 0.0000000000
58440  -33.016  -21.867  76.714 0.0000000000
126426  -32.064  -22.349  76.924 0.0000000000
140816  -33.268  -21.854  79.170 0.0000000000
59321  -34.023  -21.595  78.997 0.0000000000
58396  -32.605  -21.850  81.740 0.0000000000
58384  -32.567  -21.745  82.570 0.0000000000
58385  -33.301  -21.604  82.227 0.0000000000
59295  -33.931  -21.077  82.719 0.0000000000
59288  -34.473  -20.538  83.488 0.0000000000
60246  -35.156  -20.134  83.197 0.0000000000
53696  -17.094  -27.318  83.926 0.0000000000
135552  -18.479  -27.698  86.436 0.0000000000
52755  -17.685  -27.730  86.353 0.0000000000
119647  -17.895  -27.822  87.991 0.0000000000
119652  -18.507  -27.820  88.645 0.0000000000
119655  -20.712  -27.723  89.159 0.0000000000
52703  -21.275  -27.688  90.720 0.0000000000
70496  -44.817  -9.614  55.751 0.0000000000
125202  -44.931  -9.012  55.271 0.0000000000
71479  -46.625  -8.658  55.955 0.0000000000
74728  -56.636  -5.501  44.216 0.0000000000
74734  -56.618  -5.185  43.652 0.0000000000
75889  -56.904  -4.986  43.117 0.0000000000
75896  -57.212  -4.513  42.544 0.0000000000
81123  -56.765  1.546  37.779 0.0000000000
81135  -57.955  1.698  37.026 0.0000000000
81136  -58.551  1.672  36.927 0.0000000000
80295  -57.840  1.241  36.781 0.0000000000
80303  -58.213  0.603  36.211 0.0000000000
79512  -58.347  -0.255  35.636 0.0000000000
78657  -56.403  -0.904  37.116 0.0000000000
78665  -57.129  -1.054  36.653 0.0000000000
78676  -58.521  -0.923  35.040 0.0000000000
51694  -14.360  -28.734  90.471 0.0000000000
51680  -13.689  -29.017  91.001 0.0000000000
51670  -14.661  -28.700  92.300 0.0000000000
51650  -14.665  -28.740  94.972 0.0000000000
65439  -41.821  -15.493  72.865 0.0000000000
64423  -42.090  -15.522  72.185 0.0000000000
64447  -41.289  -15.890  70.366 0.0000000000
64419  -39.249  -16.467  72.168 0.0000000000
64444  -38.836  -16.189  70.390 0.0000000000
64479  -41.080  -15.944  68.986 0.0000000000
64478  -40.664  -15.925  68.323 0.0000000000
119614  -40.285  -15.873  67.779 0.0000000000
64516  -39.586  -15.771  66.693 0.0000000000
52742  -23.035  -28.115  87.554 0.0000000000
51733  -24.377  -28.891  86.501 0.0000000000
127837  -23.471  -27.963  85.191 0.0000000000
136152  -25.091  -29.102  86.157 0.0000000000
118968  -27.028  -28.749  85.790 0.0000000000
52814  -22.776  -27.660  82.757 0.0000000000
52806  -23.606  -27.923  83.043 0.0000000000
52807  -24.705  -28.366  83.761 0.0000000000
123918  -24.847  -28.232  82.880 0.0000000000
51755  -25.485  -28.578  84.035 0.0000000000
51749  -25.897  -28.767  84.590 0.0000000000
51743  -26.514  -28.765  85.165 0.0000000000
123469  -27.925  -27.876  85.040 0.0000000000
53700  -27.921  -27.018  83.864 0.0000000000
57572  -30.352  -22.599  73.017 0.0000000000
141976  -30.462  -22.654  73.684 0.0000000000
58491  -32.567  -21.832  72.420 0.0000000000
121003  -32.864  -21.901  73.309 0.0000000000
121702  -33.172  -21.892  74.161 0.0000000000
59341  -34.623  -21.304  77.505 0.0000000000
142160  -35.105  -20.931  77.069 0.0000000000
59342  -35.307  -20.900  77.760 0.0000000000
60291  -36.391  -20.507  78.866 0.0000000000
131291  -36.890  -19.974  79.485 0.0000000000
60275  -37.293  -19.525  80.194 0.0000000000
60284  -37.448  -19.615  79.515 0.0000000000
121507  -38.360  -18.857  79.050 0.0000000000
61327  -38.927  -18.611  78.412 0.0000000000
61328  -39.491  -17.883  78.678 0.0000000000
61369  -37.206  -19.259  74.914 0.0000000000
61370  -37.819  -18.960  75.421 0.0000000000
144115  -38.381  -18.866  75.849 0.0000000000
61356  -39.057  -18.549  75.944 0.0000000000
141242  -40.344  -17.506  77.305 0.0000000000
134667  -40.908  -16.730  76.989 0.0000000000
64397  -41.660  -15.648  75.513 0.0000000000
53710  -17.521  -27.195  83.252 0.0000000000
53698  -18.698  -27.313  83.837 0.0000000000
52789  -19.001  -27.418  84.648 0.0000000000
52790  -19.824  -27.432  84.626 0.0000000000
52758  -21.363  -27.525  86.171 0.0000000000
66445  -49.950  -12.776  67.454 0.0000000000
68472  -50.991  -12.069  65.896 0.0000000000
68486  -51.204  -12.114  65.031 0.0000000000
66488  -48.739  -13.225  63.033 0.0000000000
66502  -48.740  -13.509  62.078 0.0000000000
66489  -49.355  -13.248  62.615 0.0000000000
134211  -49.501  -12.967  63.267 0.0000000000
142999  -50.031  -12.852  63.383 0.0000000000
67507  -51.746  -13.312  61.292 0.0000000000
74617  -47.615  -6.208  53.986 0.0000000000
74618  -48.389  -5.886  53.795 0.0000000000
133095  -50.561  -5.616  53.927 0.0000000000
75801  -51.681  -4.999  55.062 0.0000000000
75791  -53.198  -4.686  55.674 0.0000000000
74642  -53.295  -5.908  52.578 0.0000000000
75812  -55.385  -4.731  53.572 0.0000000000
75811  -54.512  -4.947  53.721 0.0000000000
75810  -53.656  -5.129  53.922 0.0000000000
137876  -53.439  -4.837  54.722 0.0000000000
49673  -5.441  -30.917  95.734 0.0000000000
128137  -42.067  -12.459  57.247 0.0000000000
67573  -42.563  -11.806  56.952 0.0000000000
70495  -43.341  -9.423  55.220 0.0000000000
140187  -44.394  -8.182  54.313 0.0000000000
72476  -44.796  -7.777  53.897 0.0000000000
73457  -45.364  -7.657  53.711 0.0000000000
73484  -45.431  -6.848  52.589 0.0000000000
73486  -48.060  -6.337  52.491 0.0000000000
74649  -48.936  -6.298  52.194 0.0000000000
74650  -49.857  -6.285  52.009 0.0000000000
73500  -52.099  -6.399  51.175 0.0000000000
120865  -49.942  -6.531  49.802 0.0000000000
73525  -50.568  -6.534  49.408 0.0000000000
73516  -55.073  -6.689  50.131 0.0000000000
74684  -56.969  -6.364  49.096 0.0000000000
74685  -57.605  -6.174  48.568 0.0000000000
73557  -57.403  -6.704  47.084 0.0000000000
73566  -56.782  -6.653  46.507 0.0000000000
126201  -55.362  -5.753  45.384 0.0000000000
74727  -55.895  -5.486  44.689 0.0000000000
51667  -12.020  -29.756  91.651 0.0000000000
51668  -12.453  -29.626  92.272 0.0000000000
121827  -10.921  -29.920  92.603 0.0000000000
120647  -10.111  -30.111  92.740 0.0000000000
50690  -12.868  -29.124  96.818 0.0000000000
50705  -11.751  -29.569  95.468 0.0000000000
50718  -10.704  -30.026  94.227 0.0000000000
119664  -9.976  -30.313  93.617 0.0000000000
131845  -8.801  -30.814  95.600 0.0000000000
129994  -5.860  -31.386  96.103 0.0000000000
124589  -5.859  -32.018  96.394 0.0000000000
123620  -7.204  -31.841  96.730 0.0000000000
127230  -6.631  -32.194  96.763 0.0000000000
119015  -50.151  -12.463  70.042 0.0000000000
66391  -44.835  -13.847  73.965 0.0000000000
65465  -45.045  -15.242  70.161 0.0000000000
66416  -46.047  -14.279  71.178 0.0000000000
66418  -47.761  -13.292  70.805 0.0000000000
66426  -47.965  -13.701  69.810 0.0000000000
66427  -48.776  -13.241  69.516 0.0000000000
66452  -47.992  -14.128  66.027 0.0000000000
65493  -47.405  -14.672  66.598 0.0000000000
66462  -47.009  -14.293  64.870 0.0000000000
66474  -46.820  -14.181  64.111 0.0000000000
143233  -45.171  -14.733  64.665 0.0000000000
65522  -44.770  -14.582  64.163 0.0000000000
65523  -45.571  -14.591  64.305 0.0000000000
65543  -45.377  -14.307  63.620 0.0000000000
66485  -45.925  -13.984  63.145 0.0000000000
66512  -43.836  -13.921  61.045 0.0000000000
64550  -39.224  -15.298  64.907 0.0000000000
120619  -40.665  -14.423  62.057 0.0000000000
65567  -40.576  -14.431  61.289 0.0000000000
127260  -41.186  -14.378  60.720 0.0000000000
66551  -41.449  -14.119  59.154 0.0000000000
51725  -23.555  -28.675  87.835 0.0000000000
51721  -24.151  -29.065  88.215 0.0000000000
129451  -25.899  -29.871  87.970 0.0000000000
51728  -27.834  -29.139  87.518 0.0000000000
53765  -25.573  -26.853  79.281 0.0000000000
54681  -27.019  -26.218  81.092 0.0000000000
123879  -27.710  -25.151  81.673 0.0000000000
55648  -27.621  -24.574  80.643 0.0000000000
55638  -27.854  -24.596  81.266 0.0000000000
55621  -28.755  -24.521  83.353 0.0000000000
57543  -28.543  -22.952  75.212 0.0000000000
57528  -28.383  -23.186  76.834 0.0000000000
57518  -28.441  -23.258  77.699 0.0000000000
57520  -30.638  -22.715  77.503 0.0000000000
57508  -30.959  -22.635  78.298 0.0000000000
57506  -28.566  -23.268  78.504 0.0000000000
57463  -28.937  -23.313  80.989 0.0000000000
57481  -29.447  -22.890  80.611 0.0000000000
125321  -29.045  -23.885  82.594 0.0000000000
56483  -29.296  -23.983  83.428 0.0000000000
57391  -29.765  -23.431  85.000 0.0000000000
57392  -30.242  -22.839  85.569 0.0000000000
58369  -30.554  -22.603  84.094 0.0000000000
58358  -30.534  -22.572  84.891 0.0000000000
58340  -30.498  -22.253  86.335 0.0000000000
58372  -32.423  -21.629  83.411 0.0000000000
51705  -13.456  -28.796  89.145 0.0000000000
52750  -13.149  -28.122  86.454 0.0000000000
52739  -14.697  -28.117  87.367 0.0000000000
52725  -14.045  -28.405  87.830 0.0000000000
52709  -14.136  -28.558  88.691 0.0000000000
52689  -19.930  -27.667  91.924 0.0000000000
67560  -45.255  -12.517  57.790 0.0000000000
133038  -45.831  -12.905  58.075 0.0000000000
67544  -47.280  -13.115  58.507 0.0000000000
67532  -48.068  -12.918  58.639 0.0000000000
70487  -45.479  -9.910  56.252 0.0000000000
69550  -46.046  -10.333  56.766 0.0000000000
69535  -46.602  -10.797  57.191 0.0000000000
69536  -47.374  -10.532  57.347 0.0000000000
138462  -47.148  -11.211  57.459 0.0000000000
68571  -47.325  -11.849  57.742 0.0000000000
67545  -48.354  -12.275  58.321 0.0000000000
138534  -48.724  -12.662  58.743 0.0000000000
68549  -50.793  -11.721  59.181 0.0000000000
127042  -50.219  -11.051  58.805 0.0000000000
74606  -47.622  -6.381  54.549 0.0000000000
135803  -47.889  -6.002  55.036 0.0000000000
74595  -48.102  -6.071  55.607 0.0000000000
138842  -49.449  -5.415  56.007 0.0000000000
73438  -48.475  -6.227  56.269 0.0000000000
73423  -48.862  -6.584  56.945 0.0000000000
72436  -49.263  -7.112  57.595 0.0000000000
72423  -49.687  -7.624  58.276 0.0000000000
72424  -50.357  -7.271  58.705 0.0000000000
71457  -50.135  -8.003  58.898 0.0000000000
74709  -58.667  -5.819  46.282 0.0000000000
76843  -60.235  -3.742  45.787 0.0000000000
76844  -60.720  -2.943  45.626 0.0000000000
76851  -60.652  -2.699  44.824 0.0000000000
74730  -58.380  -5.149  43.879 0.0000000000
138041  -59.296  -4.015  43.463 0.0000000000
143192  -61.949  -1.256  43.814 0.0000000000
78592  -61.824  -0.887  43.199 0.0000000000
78602  -62.112  -0.832  42.789 0.0000000000
79445  -61.984  -0.513  42.219 0.0000000000
78619  -58.511  -1.682  40.238 0.0000000000
78620  -59.181  -1.333  40.392 0.0000000000
79461  -59.705  -0.433  40.587 0.0000000000
80250  -60.143  0.974  39.909 0.0000000000
80251  -60.742  0.891  40.392 0.0000000000
79462  -61.073  0.555  41.117 0.0000000000
138486  -61.373  0.472  40.866 0.0000000000
81145  -59.050  1.379  36.456 0.0000000000
80305  -59.532  0.769  35.767 0.0000000000
79522  -59.857  -0.287  33.980 0.0000000000
48700  -8.840  -31.665  97.276 0.0000000000
50691  -13.528  -28.943  96.863 0.0000000000
51648  -13.007  -29.231  94.274 0.0000000000
52819  -27.120  -27.753  82.798 0.0000000000
58434  -32.588  -22.027  77.410 0.0000000000
59296  -34.681  -20.756  82.588 0.0000000000
78586  -61.671  -1.263  43.830 0.0000000000
78696  -59.983  -0.858  33.051 0.0000000000
79505  -57.646  -0.257  36.319 0.0000000000
80294  -57.438  0.608  36.792 0.0000000000
80306  -60.099  0.605  35.819 0.0000000000
81087  -60.722  1.112  39.569 0.0000000000
81098  -60.281  1.317  39.002 0.0000000000
81114  -60.085  1.549  38.188 0.0000000000
81127  -60.085  1.523  37.620 0.0000000000
82044  -59.485  1.744  37.826 0.0000000000
82057  -59.341  1.710  37.423 0.0000000000
82066  -58.845  1.761  37.255 0.0000000000
124083  -48.140  -7.464  56.611 0.0000000000
136395  -39.398  -17.580  74.910 0.0000000000
137090  -24.218  -28.140  83.241 0.0000000000
137219  -28.056  -26.282  83.608 0.0000000000
139342  -43.479  -13.479  58.569 0.0000000000
142757  -37.311  -19.800  79.183 0.0000000000
142952  -48.608  -6.488  51.072 0.0000000000
143231  -22.507  -27.837  90.030 0.0000000000
