#!ascii label  , from subject sub-v1s8x0051342_ses-1 vox2ras=TkReg
1957
6022  -2.665  -83.200  18.306 0.5000000000
4350  -3.658  -84.881  20.537 0.5000000000
4882  -4.583  -84.697  20.175 0.5000000000
4898  -5.056  -84.723  18.400 0.5000000000
6042  -3.345  -82.552  16.863 0.5000000000
6041  -2.751  -83.081  17.297 0.5000000000
6759  -4.156  -82.171  17.196 0.5000000000
6023  -3.503  -82.795  18.618 0.5000000000
6737  -4.921  -81.959  18.208 0.6000000238
6007  -3.540  -82.714  19.578 0.5000000000
120754  -4.979  -84.811  17.695 0.5000000000
4863  -3.267  -84.094  21.404 0.5000000000
4933  -6.103  -83.992  16.813 0.5000000000
4874  -4.344  -84.402  21.068 0.6000000238
4900  -6.147  -84.172  18.532 0.6000000238
134708  -4.990  -83.420  21.458 0.6000000238
4884  -6.069  -84.205  19.511 0.6000000238
5445  -6.709  -83.744  18.141 0.6999999881
122303  -5.889  -83.236  21.439 0.6999999881
5433  -6.738  -83.854  19.095 0.6999999881
5412  -7.193  -83.404  20.866 0.6999999881
5422  -7.292  -83.483  19.695 0.6999999881
5434  -7.289  -83.359  18.648 0.6999999881
6782  -4.502  -81.427  16.466 0.5000000000
6760  -4.876  -81.610  17.382 0.6000000238
7515  -4.992  -80.623  16.051 0.6000000238
130785  -5.762  -80.202  16.877 0.6000000238
5997  -3.615  -82.732  20.499 0.5000000000
120361  -6.616  -83.602  17.302 0.5000000000
120773  -6.634  -83.109  15.847 0.5000000000
6080  -7.400  -81.788  15.695 0.6999999881
5457  -7.095  -82.612  16.317 0.6999999881
6783  -7.635  -81.705  16.580 0.6999999881
135263  -3.550  -83.499  21.362 0.6000000238
5998  -4.363  -82.543  20.922 0.6999999881
138211  -7.749  -81.983  17.422 0.6999999881
6701  -5.805  -82.155  21.356 0.6999999881
5988  -6.387  -82.568  21.524 0.6999999881
6739  -8.478  -81.384  18.519 0.6999999881
5989  -8.037  -82.237  21.724 0.6999999881
6000  -7.914  -82.882  20.992 0.6999999881
6010  -8.301  -82.523  19.961 0.6999999881
6740  -9.015  -80.972  19.172 0.6999999881
6704  -8.599  -81.556  21.963 0.6999999881
7441  -9.483  -80.753  21.702 0.6999999881
6726  -9.383  -81.055  20.195 0.6999999881
7450  -9.864  -80.260  21.048 0.6999999881
6798  -4.249  -80.940  15.593 0.5000000000
8222  -5.229  -79.664  15.164 0.6000000238
8918  -6.027  -78.897  14.916 0.6000000238
8214  -5.868  -79.677  16.409 0.6000000238
8898  -6.612  -78.566  15.547 0.6000000238
6761  -5.501  -81.045  17.881 0.6000000238
8215  -6.316  -79.216  16.767 0.6000000238
6738  -5.430  -81.465  18.694 0.6000000238
6813  -8.491  -81.288  14.693 0.6999999881
6712  -5.064  -82.082  20.281 0.6999999881
6784  -8.259  -80.944  16.371 0.6999999881
126745  -9.209  -81.296  15.020 0.6999999881
6815  -9.871  -81.806  14.723 0.6999999881
7465  -5.701  -81.411  19.655 0.6999999881
6785  -9.206  -80.725  16.084 0.6999999881
6098  -11.187  -82.586  14.629 0.6999999881
7447  -5.670  -81.698  20.823 0.6999999881
8153  -6.572  -80.291  20.473 0.6999999881
6762  -8.044  -81.257  17.209 0.6999999881
7499  -8.722  -80.592  17.080 0.6999999881
6801  -9.924  -81.333  15.490 0.6999999881
6802  -10.904  -81.682  15.819 0.6999999881
6702  -6.395  -81.644  21.433 0.6999999881
7449  -6.968  -80.300  21.345 0.6999999881
7480  -8.855  -80.620  18.050 0.6999999881
6786  -10.304  -80.869  16.314 0.6999999881
6688  -8.486  -80.875  22.239 0.6999999881
7481  -9.523  -80.019  18.416 0.6999999881
7500  -9.416  -80.161  17.444 0.6999999881
7429  -9.228  -80.362  22.261 0.6999999881
123761  -9.576  -80.257  19.515 0.6999999881
7482  -10.440  -79.625  18.195 0.6999999881
8142  -9.945  -80.066  21.845 0.6999999881
8173  -10.670  -79.246  19.725 0.6999999881
8143  -10.434  -79.398  22.064 0.6999999881
7534  -4.078  -80.190  14.239 0.5000000000
121997  -5.552  -79.109  14.097 0.6000000238
132559  -6.153  -78.789  14.047 0.6000000238
120817  -5.858  -78.998  13.022 0.5000000000
8920  -7.509  -78.408  13.976 0.6000000238
7554  -3.485  -79.668  12.594 0.5000000000
8249  -4.191  -79.770  13.297 0.5000000000
8919  -6.693  -78.519  14.529 0.6000000238
8921  -8.470  -78.298  13.923 0.6000000238
8885  -7.368  -78.141  15.959 0.6000000238
8900  -8.025  -78.131  14.674 0.6000000238
8185  -5.991  -80.217  18.013 0.6000000238
7478  -5.896  -80.769  18.722 0.6999999881
8203  -6.591  -79.023  17.425 0.6999999881
8170  -6.677  -79.597  19.596 0.6999999881
127519  -6.624  -79.331  18.743 0.6999999881
6099  -11.964  -82.951  14.875 0.6999999881
8154  -7.012  -79.567  20.641 0.6999999881
8847  -7.013  -78.833  19.099 0.6999999881
6082  -11.552  -82.412  15.473 0.6999999881
5494  -12.450  -83.314  14.218 0.6999999881
8849  -7.975  -78.138  20.352 0.6999999881
6787  -11.296  -81.358  16.470 0.6999999881
6064  -12.187  -82.621  16.239 0.6999999881
5514  -12.878  -83.486  13.425 0.6999999881
8819  -8.096  -78.818  21.768 0.6000000238
7502  -11.597  -80.586  17.469 0.6999999881
6788  -12.087  -81.876  16.824 0.6999999881
125274  -12.628  -83.263  16.119 0.6999999881
5475  -12.786  -83.428  15.221 0.6999999881
5495  -13.409  -83.650  14.299 0.6999999881
8125  -8.963  -79.469  22.380 0.6999999881
7483  -11.490  -79.872  18.135 0.6999999881
7484  -12.216  -80.230  18.556 0.6000000238
6741  -12.648  -81.632  18.347 0.6999999881
120578  -12.493  -82.790  17.040 0.6999999881
8820  -10.828  -78.670  22.343 0.6000000238
8155  -10.488  -79.453  20.973 0.6999999881
8156  -11.316  -78.885  20.297 0.6999999881
8174  -11.360  -79.071  19.483 0.6999999881
8189  -11.949  -79.509  19.031 0.6000000238
125472  -12.572  -80.867  18.638 0.6000000238
8805  -12.105  -77.974  22.630 0.6000000238
8144  -11.136  -78.860  21.519 0.6000000238
134206  -12.022  -78.982  19.880 0.6000000238
8157  -13.319  -79.487  20.610 0.5000000000
8175  -12.792  -79.704  19.828 0.5000000000
7469  -13.367  -80.863  19.674 0.5000000000
8806  -13.006  -78.064  22.550 0.6000000238
123449  -13.926  -78.211  22.510 0.5000000000
8823  -13.459  -78.564  21.799 0.5000000000
8960  -6.679  -78.835  12.135 0.6000000238
8959  -5.748  -79.116  11.679 0.6000000238
8962  -8.657  -78.411  12.008 0.5000000000
130500  -9.454  -77.419  11.192 0.6999999881
8265  -4.907  -79.157  11.382 0.5000000000
8981  -5.409  -78.819  10.742 0.6000000238
8997  -6.781  -78.275  10.410 0.6000000238
9686  -3.541  -78.315  11.360 0.6000000238
8979  -3.893  -78.777  11.151 0.6000000238
8941  -9.977  -78.526  12.913 0.4000000060
9687  -4.446  -78.163  10.776 0.6000000238
8922  -9.399  -78.292  13.869 0.5000000000
121781  -8.950  -77.604  15.863 0.6000000238
9615  -8.048  -77.731  16.351 0.6000000238
128778  -7.421  -78.298  18.538 0.6999999881
120820  -7.939  -77.698  17.217 0.6000000238
9562  -8.372  -77.555  19.549 0.6999999881
9549  -8.604  -77.589  20.635 0.6000000238
124256  -9.004  -77.113  20.013 0.6000000238
8802  -9.625  -78.325  22.465 0.6000000238
6027  -12.896  -82.458  18.271 0.6000000238
6046  -12.940  -83.091  17.749 0.6000000238
122799  -13.272  -83.705  16.092 0.6999999881
124447  -13.693  -83.806  15.277 0.6999999881
5497  -14.846  -83.789  14.519 0.6999999881
9519  -10.826  -77.407  22.838 0.6000000238
6727  -13.039  -81.339  19.060 0.6000000238
5516  -15.100  -83.481  13.812 0.6999999881
9521  -12.517  -77.484  23.130 0.6000000238
8158  -14.002  -79.944  20.871 0.4000000060
6715  -14.106  -81.210  20.003 0.4000000060
6011  -13.896  -82.435  18.966 0.5000000000
6028  -13.433  -82.777  18.389 0.6000000238
127135  -14.094  -84.018  16.049 0.6000000238
139688  -15.507  -83.558  14.361 0.6000000238
9522  -13.451  -77.622  23.121 0.5000000000
8783  -15.267  -77.913  23.159 0.5000000000
8807  -14.816  -78.444  22.585 0.5000000000
8145  -13.819  -79.221  21.232 0.5000000000
6743  -14.538  -82.486  18.684 0.4000000060
123530  -14.387  -83.335  17.889 0.6000000238
9703  -9.012  -77.048  10.781 0.6000000238
8984  -8.334  -78.150  11.112 0.6000000238
123647  -10.273  -77.390  11.524 0.6000000238
9699  -5.607  -77.771  10.066 0.6000000238
10408  -6.823  -77.252  10.307 0.5000000000
11154  -7.178  -75.906  11.294 0.6000000238
127880  -6.346  -75.724  11.654 0.6000000238
8964  -10.446  -78.493  12.296 0.6000000238
10387  -3.844  -77.590  11.335 0.6999999881
11137  -5.399  -75.714  11.962 0.6000000238
11117  -6.087  -75.390  12.649 0.6000000238
122071  -10.311  -78.557  13.830 0.5000000000
8942  -10.870  -78.882  12.957 0.6000000238
10373  -3.279  -76.986  12.029 0.6000000238
11116  -5.008  -75.403  12.968 0.6999999881
9634  -10.014  -77.579  15.576 0.5000000000
11115  -3.481  -75.669  13.221 0.6999999881
9617  -9.690  -77.168  16.610 0.6000000238
11900  -2.862  -75.022  13.835 0.6000000238
9579  -8.445  -77.339  18.570 0.6000000238
9600  -9.259  -77.034  17.492 0.6000000238
10290  -9.774  -76.666  18.176 0.6000000238
9563  -9.147  -76.890  19.072 0.6000000238
123524  -9.929  -76.502  20.751 0.6000000238
10244  -10.450  -76.408  22.138 0.6000000238
137735  -14.262  -75.491  22.909 0.6000000238
9494  -11.272  -76.803  23.108 0.6000000238
10966  -14.912  -75.758  23.181 0.6000000238
9497  -13.922  -77.024  23.479 0.6000000238
5448  -14.213  -83.781  17.409 0.6000000238
4935  -15.285  -84.381  16.826 0.6000000238
4952  -15.802  -84.319  16.123 0.6000000238
9498  -14.849  -77.127  23.488 0.5000000000
8784  -16.141  -77.940  23.117 0.5000000000
8128  -15.227  -79.074  21.946 0.5000000000
5478  -17.375  -83.773  15.357 0.6000000238
6744  -15.307  -81.900  18.437 0.4000000060
4901  -15.818  -84.005  18.044 0.6000000238
4936  -16.105  -84.524  17.029 0.6000000238
10410  -9.320  -76.454  11.031 0.6000000238
11939  -9.096  -75.137  11.703 0.5000000000
11157  -10.212  -75.631  11.425 0.6000000238
11942  -10.771  -75.194  12.029 0.5000000000
133795  -8.512  -76.728  10.751 0.6000000238
11922  -8.712  -74.554  12.323 0.6000000238
9691  -9.812  -76.719  11.166 0.5000000000
11158  -10.851  -75.887  11.649 0.5000000000
9693  -11.629  -77.087  11.904 0.5000000000
11139  -8.100  -75.527  11.683 0.5000000000
11155  -8.789  -75.984  11.160 0.6000000238
11920  -7.015  -75.369  12.874 0.5000000000
9675  -11.437  -78.131  12.172 0.6000000238
125873  -4.223  -75.358  13.200 0.6999999881
11903  -5.467  -75.029  13.685 0.6000000238
126947  -4.802  -74.364  14.011 0.6000000238
9618  -10.489  -77.271  16.292 0.5000000000
11881  -2.200  -74.515  14.342 0.5000000000
11882  -3.136  -74.265  14.097 0.6999999881
10311  -9.947  -76.800  17.347 0.5000000000
121496  -10.056  -76.437  19.140 0.5000000000
10268  -9.643  -76.655  19.976 0.6000000238
11027  -13.054  -75.488  21.194 0.6000000238
11007  -11.733  -75.560  21.360 0.5000000000
127684  -14.090  -75.404  22.229 0.6000000238
10989  -12.752  -75.458  22.572 0.6000000238
10211  -16.287  -76.474  23.436 0.5000000000
6047  -15.713  -82.064  17.928 0.5000000000
6031  -15.715  -83.186  18.116 0.5000000000
4920  -17.159  -84.385  18.320 0.6000000238
4937  -17.097  -84.530  17.285 0.6000000238
11923  -9.369  -74.259  12.197 0.6000000238
11924  -9.874  -74.163  12.185 0.6000000238
12637  -8.822  -73.659  12.888 0.6000000238
11140  -11.411  -75.655  12.343 0.5000000000
11906  -8.232  -74.665  13.119 0.6000000238
11905  -7.416  -75.239  13.519 0.6999999881
9676  -11.909  -77.732  12.194 0.6000000238
11885  -5.959  -75.191  14.563 0.6000000238
11904  -6.483  -75.317  13.663 0.6000000238
8943  -11.820  -79.083  13.170 0.6000000238
12627  -4.553  -73.618  14.483 0.6000000238
12614  -5.229  -73.625  15.097 0.6000000238
8901  -10.726  -78.302  14.823 0.5000000000
10313  -11.249  -76.516  17.900 0.5000000000
12624  -1.372  -74.040  14.923 0.5000000000
12625  -2.490  -73.797  14.686 0.6000000238
10270  -11.423  -75.931  19.769 0.5000000000
10257  -13.227  -75.888  20.376 0.6000000238
11025  -11.777  -75.666  20.522 0.5000000000
11011  -15.565  -75.467  21.888 0.5000000000
10991  -14.859  -75.472  22.529 0.5000000000
6032  -16.739  -83.123  18.637 0.6000000238
133355  -17.342  -83.728  19.035 0.6000000238
12638  -9.166  -73.032  12.998 0.6000000238
12647  -10.070  -73.380  12.652 0.5000000000
12648  -10.815  -73.449  13.115 0.5000000000
13332  -8.930  -72.934  13.539 0.6999999881
11907  -11.374  -74.299  13.286 0.5000000000
11870  -8.054  -74.630  15.182 0.6999999881
129893  -8.592  -73.989  13.528 0.6000000238
11118  -11.927  -75.233  13.384 0.5000000000
11886  -6.881  -75.347  14.528 0.6000000238
11141  -12.168  -76.224  12.861 0.5000000000
8967  -12.857  -78.480  12.954 0.6000000238
12602  -5.583  -73.403  16.024 0.6999999881
8236  -12.572  -79.247  13.751 0.6000000238
12613  -4.748  -72.903  14.920 0.6000000238
120732  -12.111  -78.774  15.372 0.6000000238
13299  -2.672  -72.263  16.154 0.6999999881
12612  -3.978  -72.952  14.877 0.6999999881
9619  -11.247  -77.252  16.628 0.5000000000
8886  -11.722  -78.007  16.023 0.5000000000
13310  -2.232  -72.773  15.717 0.6000000238
10314  -11.866  -76.641  18.140 0.5000000000
13298  -1.664  -72.565  16.507 0.5000000000
10293  -12.449  -76.625  18.693 0.6000000238
10292  -11.502  -76.313  18.754 0.5000000000
12592  -1.002  -73.438  17.063 0.6000000238
121618  -12.105  -76.155  19.308 0.5000000000
11028  -14.667  -75.914  20.991 0.6000000238
11030  -16.544  -75.528  20.514 0.5000000000
14098  -9.324  -71.404  14.101 0.6999999881
14112  -9.662  -71.646  13.751 0.5000000000
12639  -10.348  -72.793  13.155 0.5000000000
13313  -9.096  -72.642  15.471 0.8000000119
14090  -9.167  -71.531  14.669 0.6999999881
129629  -11.570  -73.562  14.015 0.5000000000
11908  -12.133  -74.429  14.202 0.5000000000
12605  -8.208  -74.208  16.952 0.6999999881
12616  -8.701  -73.951  15.574 0.6999999881
13322  -8.963  -72.688  14.469 0.8000000119
11851  -7.670  -74.668  16.123 0.6999999881
11888  -13.034  -74.582  14.804 0.5000000000
13301  -5.968  -73.012  16.794 0.6999999881
12604  -7.120  -74.375  16.948 0.6999999881
10378  -13.048  -77.616  12.978 0.6000000238
11119  -12.804  -75.858  13.820 0.5000000000
14089  -5.280  -71.557  16.444 0.6000000238
13300  -5.404  -72.289  16.211 0.6000000238
8903  -12.945  -79.202  15.412 0.6000000238
14078  -4.052  -71.441  16.450 0.6999999881
13312  -4.374  -72.456  15.382 0.6999999881
9620  -12.193  -77.716  16.793 0.6000000238
8887  -12.596  -78.520  16.150 0.6000000238
14077  -2.057  -72.011  16.886 0.6000000238
9581  -13.039  -77.306  18.287 0.6000000238
10272  -13.807  -76.595  19.746 0.6000000238
123377  -1.241  -72.938  18.002 0.6000000238
10258  -14.271  -76.197  20.447 0.6000000238
10259  -15.231  -76.196  20.495 0.5000000000
13314  -9.220  -71.639  15.530 0.6000000238
14859  -9.407  -70.582  14.648 0.5000000000
14099  -9.730  -70.711  14.298 0.5000000000
13325  -12.363  -72.330  15.113 0.5000000000
12596  -8.950  -73.631  17.153 0.8000000119
12617  -13.264  -73.098  15.291 0.5000000000
12594  -7.579  -73.988  17.728 0.6999999881
9660  -13.339  -78.190  13.183 0.6000000238
14018  -5.057  -71.876  21.362 0.6000000238
14080  -5.785  -71.866  16.805 0.8000000119
14017  -3.971  -71.190  21.162 0.6000000238
14829  -4.174  -70.837  16.939 0.6999999881
14067  -5.438  -70.960  16.978 0.8000000119
8251  -13.276  -79.082  13.726 0.6000000238
13256  -4.082  -73.050  20.293 0.6000000238
14065  -2.350  -71.353  17.333 0.6000000238
9621  -13.100  -78.246  16.952 0.6000000238
9604  -14.374  -77.914  17.727 0.6000000238
13272  -2.079  -72.638  19.508 0.6000000238
13283  -1.126  -72.235  18.408 0.6000000238
14064  -1.187  -71.888  17.963 0.6000000238
9582  -13.916  -77.511  18.442 0.6000000238
9583  -14.833  -77.418  18.417 0.6000000238
13289  -1.229  -72.472  17.833 0.5000000000
10274  -15.663  -76.384  19.696 0.5000000000
10275  -16.491  -75.727  19.541 0.5000000000
11053  -16.743  -75.716  18.538 0.5000000000
14831  -9.529  -70.242  15.616 0.5000000000
139761  -9.870  -69.333  14.925 0.5000000000
14069  -9.826  -72.075  17.116 0.6000000238
14082  -9.919  -70.882  16.616 0.5000000000
12595  -8.454  -73.787  17.831 0.8000000119
13292  -9.320  -73.194  17.791 0.6999999881
12588  -7.979  -73.520  18.358 0.8000000119
13291  -7.146  -73.264  18.076 0.8000000119
11120  -13.638  -76.319  14.261 0.6000000238
12631  -13.558  -74.010  15.196 0.5000000000
14755  -5.154  -70.064  22.242 0.6000000238
14068  -6.108  -71.506  17.539 0.8000000119
11097  -14.163  -75.661  14.776 0.5000000000
14761  -3.434  -70.429  21.376 0.6999999881
14762  -4.518  -70.706  21.607 0.6000000238
125086  -5.061  -70.139  17.597 0.8000000119
8225  -13.954  -79.266  14.773 0.6000000238
8252  -14.028  -78.741  14.026 0.6000000238
9646  -14.876  -77.573  14.150 0.6000000238
14781  -2.989  -71.036  20.858 0.6000000238
8874  -13.948  -78.471  17.032 0.6000000238
8888  -13.541  -78.928  16.118 0.6000000238
8925  -15.248  -78.452  14.452 0.6000000238
14047  -1.879  -72.006  19.929 0.6000000238
14816  -1.886  -70.707  17.956 0.6000000238
14817  -3.172  -70.598  17.503 0.5000000000
9605  -15.293  -77.512  17.440 0.6000000238
14055  -0.767  -71.343  18.823 0.6000000238
10297  -16.042  -76.352  18.860 0.6000000238
9606  -15.951  -76.831  17.467 0.6000000238
119699  -16.334  -76.340  17.995 0.5000000000
11054  -17.452  -75.273  18.216 0.5000000000
11036  -17.253  -75.170  19.070 0.5000000000
11836  -18.186  -74.939  17.961 0.5000000000
14070  -10.266  -71.467  17.653 0.6000000238
13286  -9.208  -72.950  18.711 0.6999999881
15517  -5.395  -69.067  23.934 0.6000000238
15518  -6.085  -69.714  23.590 0.6000000238
14058  -7.170  -71.853  18.936 0.8000000119
128874  -14.358  -74.352  15.061 0.5000000000
133015  -4.410  -69.328  22.469 0.6000000238
14796  -6.824  -70.927  19.237 0.8000000119
11890  -15.126  -74.737  14.442 0.5000000000
15530  -3.987  -69.795  21.883 0.6999999881
14806  -5.371  -69.859  18.483 0.8000000119
140144  -15.011  -78.085  14.023 0.6000000238
11098  -14.876  -76.306  14.452 0.6000000238
14760  -2.272  -70.309  21.119 0.8000000119
15604  -4.392  -69.703  17.831 0.6999999881
8905  -14.771  -78.872  15.465 0.6000000238
8926  -15.856  -78.114  14.141 0.6000000238
14779  -0.763  -70.410  20.152 0.6999999881
14794  -0.530  -70.258  19.580 0.6999999881
15602  -2.400  -69.966  18.142 0.6000000238
9622  -15.470  -77.927  16.487 0.6000000238
9647  -16.539  -77.878  14.122 0.6000000238
14046  -1.093  -71.794  19.348 0.6000000238
122048  -16.609  -77.412  15.619 0.5000000000
10315  -16.533  -76.372  17.098 0.5000000000
14059  -9.864  -72.406  18.238 0.6000000238
14071  -10.647  -71.048  18.128 0.5000000000
15496  -3.827  -69.745  26.044 0.6000000238
13276  -9.707  -72.225  19.232 0.6999999881
15506  -4.223  -69.130  25.127 0.6000000238
13275  -8.836  -72.531  19.385 0.6999999881
14031  -9.153  -71.363  20.560 0.6000000238
16325  -4.627  -68.762  23.517 0.6000000238
16318  -4.513  -68.719  24.229 0.6000000238
14048  -7.571  -71.525  19.711 0.6000000238
14797  -7.226  -70.600  20.069 0.6999999881
15523  -3.417  -69.160  22.365 0.8000000119
14807  -6.071  -70.374  18.840 0.6999999881
15567  -7.027  -69.651  20.377 0.6000000238
15529  -2.757  -69.698  21.707 0.8000000119
15585  -4.723  -69.432  18.312 0.8000000119
16388  -5.042  -69.062  19.176 0.6999999881
15527  -0.526  -69.160  20.822 0.6999999881
16368  -0.694  -69.446  19.926 0.6999999881
16385  -2.290  -68.818  19.067 0.6000000238
16386  -3.364  -68.696  18.891 0.8000000119
15489  -3.431  -70.490  26.885 0.6000000238
16312  -3.168  -68.941  25.486 0.6000000238
16324  -3.618  -68.424  23.652 0.6999999881
15549  -6.987  -68.817  20.435 0.6000000238
16330  -2.950  -68.592  22.901 0.6999999881
16329  -1.802  -68.428  22.820 0.6999999881
15565  -5.621  -68.579  19.846 0.6999999881
118972  -5.587  -67.685  19.919 0.6000000238
15522  -1.905  -68.994  22.195 0.8000000119
17109  -0.746  -68.291  21.184 0.6000000238
124448  -0.900  -68.497  20.611 0.5000000000
16372  -3.802  -68.104  19.345 0.6999999881
17132  -5.014  -67.169  19.847 0.6999999881
121281  -6.309  -67.404  19.721 0.6000000238
16334  -0.715  -68.800  21.529 0.8000000119
17129  -2.315  -67.888  20.026 0.6000000238
16371  -2.799  -68.223  19.420 0.6000000238
15483  -2.806  -70.660  27.664 0.6000000238
16305  -1.975  -69.005  26.942 0.6000000238
16311  -2.452  -68.333  25.038 0.6999999881
16306  -2.824  -69.473  26.469 0.6000000238
127385  -3.502  -68.513  24.559 0.6999999881
135344  -1.017  -67.299  24.126 0.6999999881
16323  -2.315  -68.224  23.477 0.6999999881
134360  -0.772  -67.615  22.478 0.6000000238
16375  -7.101  -68.014  20.082 0.6000000238
17095  -0.769  -67.763  21.877 0.6000000238
17110  -1.201  -67.935  20.928 0.6000000238
17134  -7.103  -67.187  18.893 0.5000000000
17133  -5.795  -66.768  19.657 0.6000000238
17148  -6.563  -66.497  19.009 0.5000000000
17928  -7.742  -66.122  17.856 0.5000000000
18727  -4.962  -65.937  20.003 0.6000000238
17913  -6.101  -65.888  19.339 0.5000000000
16286  -2.592  -69.029  28.669 0.6000000238
16298  -2.088  -69.048  27.875 0.6000000238
128748  -1.663  -68.359  26.500 0.6999999881
16297  -1.653  -68.249  27.281 0.6999999881
17071  -1.013  -67.432  25.625 0.6999999881
17078  -1.557  -67.754  24.758 0.6999999881
17077  -0.815  -67.044  24.726 0.6000000238
17088  -0.792  -67.321  23.385 0.5000000000
17877  -0.785  -66.513  23.262 0.6999999881
19507  -1.094  -65.310  23.530 0.6000000238
17879  -1.038  -66.784  22.566 0.6000000238
17881  -2.063  -66.222  21.781 0.6000000238
18704  -2.949  -65.496  21.580 0.6000000238
17896  -4.215  -66.029  20.403 0.6000000238
18717  -5.012  -65.215  20.248 0.5000000000
19552  -5.743  -64.699  20.045 0.5000000000
19553  -6.483  -64.597  19.753 0.5000000000
15442  -4.816  -69.177  31.189 0.6999999881
16269  -4.785  -68.800  29.950 0.6999999881
16250  -5.739  -69.026  31.007 0.6999999881
16287  -3.210  -68.561  29.060 0.6000000238
17021  -3.906  -68.265  29.303 0.6999999881
16289  -5.639  -68.438  29.312 0.6999999881
17039  -6.407  -68.296  28.358 0.6999999881
16299  -7.332  -68.374  27.736 0.6000000238
17052  -1.821  -68.087  28.112 0.6999999881
17036  -3.171  -67.477  28.852 0.6999999881
17037  -4.120  -67.354  28.732 0.6999999881
17038  -5.254  -67.811  28.598 0.6999999881
17051  -1.419  -67.475  27.545 0.6999999881
17035  -2.421  -67.631  28.503 0.6999999881
17820  -4.185  -66.394  27.929 0.6999999881
17849  -0.623  -66.632  25.439 0.6999999881
18683  0.020  -65.571  24.843 0.6000000238
17867  -0.502  -66.352  23.821 0.6000000238
19489  -1.512  -64.633  23.365 0.6000000238
20387  -2.440  -63.769  23.267 0.6000000238
18703  -1.511  -66.097  22.400 0.6000000238
19519  -2.273  -65.230  22.279 0.6000000238
19509  -2.622  -64.227  22.633 0.6000000238
19520  -3.219  -64.556  21.917 0.5000000000
19511  -4.264  -63.910  22.251 0.6000000238
18698  -5.132  -64.560  22.614 0.6000000238
19537  -3.759  -64.855  21.327 0.5000000000
19522  -4.658  -64.105  21.507 0.5000000000
136070  -5.239  -64.248  21.344 0.5000000000
16233  -5.314  -68.615  31.676 0.6999999881
16271  -6.843  -68.569  29.715 0.6999999881
16290  -7.270  -68.528  28.707 0.6000000238
16291  -7.917  -68.365  28.683 0.6000000238
137140  -7.382  -68.071  27.024 0.6000000238
17063  -7.022  -67.382  26.619 0.4000000060
17835  -5.227  -66.674  27.399 0.6000000238
17053  -5.734  -67.504  27.733 0.5000000000
17836  -6.074  -67.049  26.921 0.5000000000
19463  -6.542  -65.290  25.970 0.4000000060
19464  -7.419  -65.107  25.669 0.5000000000
17062  -1.218  -67.690  26.620 0.6999999881
17818  -2.088  -66.695  28.276 0.8000000119
18638  -3.292  -65.941  28.077 0.6999999881
18656  -4.838  -65.868  27.082 0.5000000000
18668  -5.551  -65.323  26.464 0.4000000060
129402  -6.042  -64.601  26.152 0.4000000060
20336  -6.698  -64.320  25.835 0.4000000060
20345  -6.804  -63.289  25.811 0.4000000060
17842  -0.848  -66.289  27.004 0.8000000119
124975  -1.250  -65.585  27.371 0.8000000119
18653  -1.880  -65.852  27.988 0.8000000119
18654  -2.642  -65.283  27.805 0.8000000119
19444  -3.210  -64.511  27.312 0.6000000238
20333  -4.275  -63.763  26.749 0.5000000000
20334  -5.075  -63.613  26.494 0.4000000060
20335  -5.962  -63.616  26.176 0.4000000060
124693  -0.802  -66.913  26.385 0.6999999881
122314  -0.149  -65.304  25.686 0.8000000119
19471  -0.371  -64.274  25.592 0.6999999881
20357  -0.755  -63.839  25.178 0.5000000000
124552  -4.430  -62.803  26.657 0.5000000000
21191  -5.311  -62.469  26.379 0.4000000060
22111  -5.848  -61.677  25.978 0.4000000060
19483  -0.371  -64.510  24.797 0.6000000238
20370  -0.932  -64.209  24.469 0.5000000000
20359  -1.745  -63.147  24.487 0.5000000000
134782  -2.807  -63.375  23.853 0.6000000238
20388  -3.153  -63.708  23.153 0.6000000238
20373  -3.860  -63.636  23.881 0.6000000238
16234  -6.038  -68.598  31.260 0.6000000238
17779  -5.953  -67.473  31.524 0.5000000000
17007  -7.573  -67.950  29.970 0.5000000000
17022  -8.193  -67.855  29.134 0.4000000060
17056  -8.475  -68.107  27.454 0.5000000000
17065  -8.444  -67.918  26.887 0.5000000000
17850  -7.737  -66.853  26.040 0.5000000000
18677  -9.129  -66.110  25.609 0.5000000000
19472  -8.527  -65.011  25.464 0.5000000000
131406  -9.432  -64.575  25.156 0.5000000000
128062  -7.573  -64.050  25.583 0.5000000000
21218  -8.874  -62.219  24.684 0.5000000000
125581  -1.689  -64.913  27.514 0.6999999881
20318  -2.788  -63.595  27.148 0.6000000238
21171  -2.404  -62.611  26.997 0.5000000000
142728  -3.590  -63.911  26.969 0.5000000000
21205  -7.576  -62.240  25.340 0.5000000000
138579  -7.971  -61.821  24.910 0.5000000000
18666  -0.711  -65.378  26.594 0.8000000119
18652  -1.016  -64.541  26.915 0.6999999881
20331  -1.073  -63.232  26.451 0.6000000238
21189  -2.920  -61.786  26.599 0.5000000000
125885  -4.394  -61.776  26.524 0.4000000060
123501  -4.946  -61.197  26.229 0.5000000000
21204  -6.805  -62.182  25.674 0.4000000060
22127  -7.177  -61.429  25.247 0.5000000000
21215  -1.563  -62.715  25.132 0.5000000000
21203  -1.904  -61.930  25.377 0.5000000000
22108  -2.390  -61.270  26.053 0.6000000238
22109  -3.114  -60.900  26.135 0.5000000000
23094  -3.869  -60.217  25.381 0.5000000000
23095  -4.590  -59.953  24.970 0.5000000000
21230  -2.317  -62.874  24.405 0.5000000000
136996  -2.527  -62.083  24.715 0.5000000000
22138  -2.485  -61.391  25.015 0.5000000000
23106  -3.346  -60.349  25.125 0.5000000000
20360  -3.158  -62.738  24.369 0.6000000238
20361  -4.125  -63.102  24.231 0.6000000238
18607  -6.270  -66.486  30.664 0.5000000000
17805  -6.903  -66.699  30.293 0.5000000000
130408  -7.681  -67.048  29.710 0.5000000000
17822  -8.358  -66.839  28.857 0.4000000060
17823  -8.755  -67.408  28.339 0.4000000060
18606  -5.521  -65.937  30.725 0.5000000000
18621  -6.933  -65.943  29.624 0.4000000060
17066  -9.006  -67.660  26.995 0.5000000000
17844  -8.724  -67.330  26.371 0.6000000238
17852  -9.367  -66.661  26.053 0.5000000000
19473  -9.553  -65.491  25.398 0.5000000000
19474  -10.282  -65.224  25.280 0.4000000060
20348  -9.367  -63.386  24.815 0.4000000060
21220  -10.839  -62.795  24.147 0.4000000060
19411  -6.852  -65.090  29.144 0.4000000060
18639  -7.635  -65.907  29.048 0.4000000060
128791  -9.001  -66.614  28.159 0.4000000060
17824  -9.195  -67.115  27.752 0.5000000000
17838  -9.732  -66.678  26.845 0.5000000000
17846  -9.880  -66.414  26.325 0.5000000000
18641  -9.162  -65.667  27.981 0.4000000060
19446  -10.072  -65.403  27.478 0.4000000060
19447  -10.767  -65.430  26.729 0.5000000000
18671  -11.200  -65.266  26.105 0.4000000060
19475  -11.026  -64.935  25.066 0.4000000060
20363  -11.280  -64.302  24.688 0.4000000060
119280  -11.545  -63.572  24.367 0.4000000060
19426  -6.819  -64.239  28.877 0.4000000060
19427  -7.618  -64.879  28.637 0.4000000060
19428  -8.441  -64.992  28.284 0.4000000060
21153  -7.414  -62.558  28.704 0.4000000060
20297  -7.808  -63.387  28.585 0.4000000060
19429  -9.122  -64.532  28.101 0.4000000060
129473  -9.989  -64.374  27.847 0.4000000060
124426  -10.710  -64.629  27.360 0.5000000000
19448  -11.373  -64.798  26.665 0.5000000000
18680  -11.469  -64.948  25.573 0.4000000060
143442  -11.645  -64.603  25.101 0.4000000060
20319  -10.329  -63.660  27.826 0.4000000060
21193  -12.087  -63.544  26.828 0.4000000060
21194  -12.722  -63.264  26.350 0.4000000060
20350  -12.569  -64.026  25.345 0.4000000060
20364  -12.208  -64.116  24.853 0.4000000060
21151  -6.042  -62.008  28.964 0.4000000060
127563  -6.812  -61.926  28.786 0.3000000119
21155  -9.020  -62.776  28.328 0.3000000119
20299  -9.480  -63.583  28.136 0.4000000060
23050  -7.450  -60.770  28.385 0.4000000060
126098  -7.789  -61.382  28.474 0.3000000119
22072  -8.492  -61.562  28.305 0.3000000119
22073  -9.262  -61.954  28.140 0.4000000060
23070  -10.558  -60.843  27.246 0.5000000000
128905  -12.163  -62.556  26.996 0.4000000060
129353  -12.772  -62.451  26.598 0.4000000060
21195  -13.287  -62.812  25.998 0.4000000060
21223  -14.086  -62.106  24.372 0.3000000119
23085  -10.961  -60.131  26.699 0.5000000000
127254  -11.657  -60.255  26.542 0.5000000000
22112  -12.230  -61.665  26.882 0.4000000060
22113  -13.133  -61.770  26.446 0.4000000060
22129  -14.213  -61.614  25.493 0.3000000119
128281  -6.832  -60.775  28.588 0.4000000060
130044  -7.157  -59.605  27.762 0.4000000060
23068  -8.570  -60.263  27.686 0.4000000060
23069  -9.497  -60.449  27.439 0.5000000000
24102  -8.000  -59.575  27.442 0.4000000060
23084  -10.042  -59.770  26.801 0.5000000000
24115  -10.707  -59.477  26.419 0.5000000000
24116  -11.373  -59.636  26.298 0.4000000060
24118  -13.225  -59.901  26.016 0.4000000060
23098  -13.894  -60.765  25.933 0.3000000119
25157  -10.080  -58.130  25.938 0.3000000119
25158  -10.714  -58.362  25.810 0.3000000119
24125  -11.734  -59.095  25.888 0.3000000119
23066  -6.975  -60.230  28.264 0.4000000060
25148  -7.614  -58.407  26.629 0.3000000119
129300  -8.648  -57.867  25.996 0.4000000060
125350  -13.468  -59.177  25.689 0.3000000119
25147  -6.581  -58.360  26.741 0.3000000119
26133  -7.825  -57.401  25.809 0.3000000119
121363  -7.034  -78.616  11.099 0.6000000238
9701  -7.371  -77.699  10.318 0.5000000000
17911  -4.602  -66.664  20.027 0.6000000238
17112  -2.845  -67.276  20.364 0.6000000238
4361  -4.083  -85.038  19.417 0.5000000000
4875  -5.116  -84.330  20.827 0.6000000238
6024  -4.284  -82.443  18.881 0.5000000000
5421  -6.620  -83.842  20.170 0.6999999881
5446  -7.152  -83.209  17.724 0.6999999881
6025  -7.687  -82.613  18.139 0.6999999881
7438  -7.145  -81.179  21.791 0.6999999881
122329  -8.601  -81.810  19.334 0.6999999881
6725  -8.908  -81.814  20.258 0.6999999881
130013  -7.465  -78.062  16.730 0.5000000000
7517  -9.560  -80.386  16.719 0.6999999881
8835  -7.559  -78.842  21.004 0.6999999881
8140  -7.817  -79.468  21.925 0.6999999881
139652  -10.029  -79.840  17.626 0.6999999881
129561  -9.424  -79.000  22.437 0.6999999881
8939  -8.109  -78.464  12.971 0.6000000238
6764  -12.159  -81.336  17.535 0.6999999881
9536  -9.457  -77.200  22.044 0.6000000238
9520  -11.615  -77.380  23.079 0.6000000238
8822  -12.576  -78.442  21.821 0.5000000000
10388  -4.627  -77.326  10.879 0.6999999881
10229  -10.573  -76.880  22.706 0.6000000238
5447  -13.455  -83.558  17.380 0.6000000238
128125  -14.526  -83.994  15.273 0.6000000238
9495  -12.085  -76.833  23.334 0.5000000000
9499  -15.767  -77.217  23.450 0.5000000000
6030  -14.939  -82.752  18.036 0.5000000000
130482  -6.301  -76.756  10.555 0.6000000238
10374  -4.119  -76.748  11.707 0.6999999881
124343  -11.224  -78.977  13.817 0.6000000238
10256  -11.107  -75.787  20.780 0.5000000000
10988  -11.839  -75.677  22.416 0.5000000000
10965  -13.949  -75.766  23.198 0.6000000238
144081  -12.387  -75.753  23.029 0.5000000000
10210  -15.357  -76.390  23.460 0.5000000000
4953  -16.731  -84.301  16.245 0.6000000238
4902  -16.642  -83.975  18.524 0.6000000238
6049  -16.803  -82.102  17.901 0.5000000000
11868  -6.311  -75.108  15.342 0.6000000238
11096  -13.398  -75.395  14.606 0.5000000000
13257  -4.706  -72.733  20.893 0.6000000238
12572  -2.458  -73.450  19.034 0.6000000238
10295  -14.351  -77.119  19.141 0.6000000238
14029  -3.785  -71.977  20.692 0.6000000238
14819  -5.740  -70.632  17.863 0.8000000119
14027  -1.254  -71.319  20.034 0.6000000238
8906  -15.368  -78.620  15.028 0.6000000238
14804  -0.950  -70.863  18.586 0.6000000238
9623  -16.112  -77.244  16.568 0.6000000238
15586  -5.770  -69.494  19.463 0.8000000119
10347  -15.727  -76.962  14.041 0.6000000238
123284  -2.882  -69.271  18.451 0.6000000238
142908  -0.951  -69.789  18.929 0.6999999881
16369  -1.013  -68.907  20.000 0.6000000238
17096  -1.043  -67.659  21.585 0.6000000238
17130  -3.277  -67.607  19.796 0.6999999881
17894  -2.710  -66.385  21.208 0.6000000238
129664  -6.330  -65.084  19.407 0.5000000000
19488  -0.714  -64.918  24.167 0.5000000000
18716  -3.557  -65.740  20.999 0.6000000238
19540  -5.859  -64.358  20.636 0.5000000000
15462  -4.293  -69.303  30.641 0.6999999881
16268  -3.817  -69.201  29.850 0.6000000238
16288  -4.692  -68.172  29.193 0.6999999881
142180  -2.639  -66.871  28.570 0.8000000119
18655  -3.863  -65.371  27.438 0.6000000238
17006  -6.977  -68.050  30.561 0.6000000238
143602  -6.516  -66.319  26.307 0.5000000000
17843  -5.618  -66.262  26.768 0.5000000000
22125  -5.324  -60.592  25.661 0.5000000000
17794  -7.215  -67.510  30.325 0.5000000000
20347  -8.453  -63.770  25.296 0.5000000000
20316  -1.422  -63.149  26.905 0.6000000238
21187  -1.415  -62.504  26.491 0.6000000238
21217  -3.612  -62.107  24.384 0.5000000000
130627  -6.309  -65.282  29.596 0.5000000000
18678  -10.058  -66.036  25.698 0.5000000000
18658  -10.193  -66.134  26.781 0.6000000238
20274  -6.206  -63.540  29.006 0.4000000060
128946  -7.436  -64.024  28.609 0.4000000060
132239  -8.132  -64.209  28.401 0.4000000060
130293  -8.029  -62.031  28.596 0.3000000119
20298  -8.630  -63.515  28.370 0.4000000060
20320  -11.292  -63.836  27.311 0.5000000000
20337  -11.913  -64.314  26.590 0.4000000060
21173  -10.599  -62.800  27.792 0.4000000060
21174  -11.401  -62.699  27.403 0.4000000060
21207  -12.942  -63.506  25.595 0.4000000060
20351  -13.544  -62.688  24.666 0.4000000060
23051  -8.184  -60.853  28.148 0.3000000119
22091  -8.991  -61.042  27.953 0.5000000000
22092  -9.835  -61.348  27.754 0.4000000060
23086  -11.504  -60.871  26.891 0.5000000000
22093  -10.646  -61.864  27.632 0.4000000060
21209  -14.141  -62.222  25.003 0.4000000060
24117  -12.262  -59.907  26.227 0.5000000000
23087  -12.304  -60.826  26.605 0.4000000060
23088  -13.092  -60.732  26.304 0.4000000060
24103  -8.964  -59.521  27.101 0.5000000000
25149  -8.875  -58.758  26.609 0.5000000000
121857  -9.491  -59.054  26.593 0.4000000060
24126  -12.574  -59.124  25.768 0.4000000060
26122  -9.392  -58.350  26.218 0.4000000060
143771  -7.936  -58.006  26.191 0.3000000119
27166  -8.595  -56.989  25.408 0.3000000119
26134  -9.548  -57.542  25.615 0.3000000119
6144  -18.487  -83.025  10.531 0.5000000000
5555  -19.119  -83.868  10.420 0.5000000000
4460  -19.576  -85.020  11.057 0.5000000000
4988  -19.984  -84.741  11.252 0.5000000000
4449  -19.948  -85.760  11.785 0.5000000000
4450  -20.341  -85.840  12.166 0.5000000000
3900  -19.854  -86.925  12.807 0.6000000238
6143  -17.765  -82.291  11.011 0.5000000000
5547  -19.166  -83.534  11.237 0.5000000000
5535  -19.815  -84.145  11.650 0.5000000000
4982  -20.322  -84.797  12.122 0.5000000000
3339  -20.199  -87.471  13.447 0.6000000238
4435  -20.702  -86.043  12.758 0.6000000238
3916  -20.184  -86.344  12.389 0.6000000238
6156  -17.169  -81.964  10.330 0.4000000060
6151  -11.521  -82.368  10.447 0.4000000060
6152  -12.487  -82.457  10.451 0.4000000060
6866  -13.909  -81.510  9.825 0.5000000000
135133  -14.398  -82.082  10.398 0.5000000000
140675  -15.349  -80.966  9.165 0.5000000000
6154  -15.277  -82.007  10.728 0.5000000000
132508  -14.377  -82.639  11.026 0.5000000000
6868  -16.567  -81.671  9.594 0.5000000000
6155  -16.336  -81.780  10.610 0.5000000000
2786  -20.308  -88.558  14.466 0.6000000238
2771  -20.713  -89.135  15.012 0.6000000238
6142  -16.937  -81.942  11.385 0.5000000000
6126  -18.411  -82.708  11.689 0.5000000000
6114  -17.224  -82.405  13.041 0.5000000000
3326  -20.968  -87.853  14.150 0.6000000238
5534  -19.046  -83.279  12.252 0.5000000000
4965  -20.530  -84.776  14.098 0.6000000238
3886  -20.972  -86.600  13.490 0.6000000238
2787  -20.837  -88.433  14.502 0.6000000238
4412  -21.393  -86.061  14.911 0.6000000238
2788  -21.157  -87.953  14.707 0.6000000238
3310  -21.377  -88.031  15.660 0.6999999881
3872  -21.417  -86.989  15.304 0.6000000238
123740  -21.554  -86.889  16.571 0.6999999881
6121  -9.972  -82.453  12.616 0.6000000238
6122  -11.008  -82.889  12.378 0.6000000238
5512  -11.349  -82.933  13.280 0.6000000238
132608  -11.194  -82.867  11.287 0.5000000000
6137  -12.096  -83.012  11.134 0.5000000000
5528  -12.459  -83.348  12.614 0.6000000238
6153  -13.529  -82.463  10.531 0.5000000000
5545  -13.360  -83.328  11.892 0.5000000000
5546  -14.221  -83.041  11.796 0.5000000000
6141  -15.984  -82.048  11.591 0.5000000000
6123  -14.824  -83.000  12.466 0.5000000000
6125  -16.623  -82.177  12.325 0.5000000000
2233  -19.936  -90.055  16.378 0.6999999881
2249  -20.550  -89.805  15.661 0.6000000238
2235  -20.988  -90.304  16.093 0.8000000119
5518  -17.826  -82.824  13.648 0.5000000000
123592  -19.144  -83.639  13.692 0.5000000000
4964  -19.893  -84.234  14.553 0.6000000238
2250  -21.004  -89.684  15.556 0.6999999881
135452  -21.223  -90.059  16.139 0.6999999881
124605  -21.063  -85.308  14.559 0.6000000238
3296  -21.580  -88.029  16.664 0.6999999881
4411  -21.135  -85.147  15.487 0.6000000238
4398  -21.438  -85.894  15.922 0.6000000238
4389  -21.377  -85.599  17.057 0.6999999881
3841  -21.781  -87.407  17.689 0.6999999881
3265  -22.712  -87.611  18.942 0.6000000238
6111  -9.306  -81.928  13.424 0.5000000000
6112  -10.187  -82.397  13.600 0.6000000238
5513  -12.084  -83.218  13.398 0.6000000238
5529  -13.208  -83.496  12.672 0.6000000238
5530  -14.573  -83.420  13.189 0.6000000238
6124  -15.689  -82.521  12.420 0.5000000000
126213  -15.887  -83.126  13.834 0.6000000238
1804  -20.404  -90.630  16.854 0.6999999881
5532  -16.278  -82.607  13.151 0.5000000000
135128  -16.875  -83.405  14.727 0.5000000000
1793  -21.345  -91.109  17.278 0.5000000000
1367  -21.875  -91.333  17.920 0.6000000238
5501  -19.120  -83.782  14.514 0.5000000000
2224  -21.999  -90.407  17.294 0.6000000238
4957  -20.427  -84.558  15.166 0.5000000000
2755  -21.318  -89.143  16.070 0.6999999881
2740  -22.340  -89.375  17.822 0.6000000238
122919  -20.655  -84.676  16.136 0.5000000000
3281  -22.251  -88.106  18.246 0.6000000238
3266  -23.353  -87.889  18.987 0.6000000238
4388  -20.919  -84.807  16.983 0.5000000000
142417  -21.136  -85.034  17.764 0.6000000238
3825  -22.559  -86.898  19.123 0.5000000000
142346  -22.673  -85.183  19.769 0.5000000000
4379  -24.306  -86.223  18.816 0.5000000000
6110  -8.466  -81.500  13.886 0.6000000238
6096  -9.793  -82.068  14.088 0.6000000238
6095  -7.772  -81.445  14.383 0.4000000060
5477  -16.408  -83.862  15.347 0.5000000000
1779  -22.603  -91.200  17.976 0.6000000238
2211  -22.711  -90.501  17.883 0.5000000000
4956  -19.841  -84.309  16.054 0.5000000000
126473  -22.983  -89.502  18.296 0.5000000000
2212  -23.647  -90.176  18.198 0.5000000000
122497  -23.254  -90.911  18.093 0.5000000000
4922  -19.595  -84.420  17.840 0.5000000000
2721  -22.842  -88.548  18.587 0.5000000000
128045  -23.910  -88.174  18.691 0.5000000000
4923  -20.525  -84.652  17.970 0.6000000238
4888  -21.556  -84.096  20.086 0.6000000238
3249  -23.145  -87.071  19.292 0.5000000000
3826  -24.254  -87.311  18.722 0.6000000238
4889  -22.408  -84.104  20.009 0.6000000238
132087  -22.876  -84.753  19.830 0.5000000000
6079  -6.865  -82.439  15.419 0.4000000060
4954  -17.708  -84.197  16.254 0.5000000000
2213  -24.625  -90.049  18.007 0.5000000000
4939  -19.221  -84.335  16.921 0.5000000000
4904  -18.891  -84.409  18.764 0.5000000000
3282  -24.413  -88.537  18.055 0.5000000000
2741  -24.866  -89.350  17.332 0.5000000000
2237  -25.769  -89.075  16.628 0.5000000000
2742  -26.232  -88.882  16.793 0.5000000000
3299  -28.108  -87.003  16.292 0.5000000000
5425  -19.809  -83.629  20.151 0.6000000238
5426  -20.837  -83.532  20.261 0.6000000238
121025  -24.531  -87.734  17.818 0.5000000000
5427  -21.811  -83.368  20.096 0.6000000238
3859  -24.585  -86.830  16.459 0.5000000000
6035  -22.654  -82.386  18.867 0.5000000000
141876  -23.343  -83.053  17.795 0.5000000000
135227  -17.674  -82.525  18.838 0.5000000000
2756  -25.044  -88.860  16.485 0.5000000000
2757  -25.485  -88.854  16.138 0.5000000000
2759  -26.528  -88.361  16.308 0.5000000000
3298  -27.330  -87.607  16.409 0.5000000000
5423  -17.988  -83.686  19.479 0.5000000000
6033  -18.868  -82.237  19.468 0.6000000238
123599  -24.714  -88.487  17.102 0.5000000000
2773  -25.099  -88.512  15.912 0.5000000000
2776  -26.880  -87.820  15.666 0.5000000000
3314  -27.869  -87.216  15.572 0.5000000000
3874  -28.722  -86.734  15.009 0.5000000000
6016  -21.669  -82.649  19.880 0.5000000000
119864  -24.613  -87.595  17.074 0.5000000000
3873  -24.745  -87.412  15.399 0.5000000000
6050  -17.412  -81.766  17.785 0.5000000000
3329  -26.021  -87.404  14.015 0.5000000000
3312  -26.427  -87.716  14.931 0.5000000000
3331  -27.917  -87.067  14.604 0.5000000000
3906  -28.968  -85.905  13.908 0.4000000060
3889  -27.729  -86.795  13.789 0.4000000060
7543  -3.403  -80.111  13.503 0.4000000060
14019  -6.016  -71.768  22.022 0.5000000000
14728  -5.853  -70.640  24.874 0.5000000000
14735  -6.337  -70.557  24.144 0.5000000000
14722  -3.999  -71.033  26.607 0.5000000000
14723  -4.607  -70.884  26.071 0.5000000000
14748  -6.488  -71.367  23.013 0.5000000000
15428  -4.062  -69.210  31.328 0.5000000000
16232  -4.431  -68.751  31.805 0.5000000000
16991  -5.188  -67.671  32.099 0.5000000000
124025  -17.977  -84.392  18.639 0.5000000000
4921  -18.613  -84.432  17.838 0.5000000000
3340  -20.760  -87.370  13.692 0.6000000238
5520  -19.649  -83.921  12.788 0.6000000238
3887  -21.203  -87.055  14.260 0.6000000238
5527  -11.750  -83.127  12.744 0.6000000238
5500  -18.424  -83.320  14.107 0.5000000000
142167  -21.179  -85.115  16.293 0.6000000238
132093  -21.833  -86.612  18.313 0.6000000238
3809  -22.421  -85.599  19.554 0.6000000238
1792  -20.830  -91.133  17.305 0.6999999881
5479  -18.746  -83.886  15.261 0.5000000000
4940  -20.189  -84.470  16.940 0.5000000000
4924  -21.125  -84.948  18.689 0.6000000238
4365  -22.175  -84.822  19.841 0.6000000238
3810  -22.780  -86.339  19.435 0.5000000000
125259  -24.553  -86.697  17.827 0.5000000000
2722  -23.498  -88.923  18.467 0.5000000000
2723  -24.174  -89.373  18.159 0.5000000000
4905  -19.805  -84.433  18.847 0.5000000000
5437  -23.145  -83.215  19.274 0.5000000000
4885  -18.313  -84.113  19.402 0.5000000000
5414  -20.981  -82.867  20.239 0.5000000000
6014  -19.346  -82.886  20.297 0.5000000000
2775  -26.025  -88.400  15.644 0.5000000000
3311  -25.036  -88.017  15.442 0.5000000000
2789  -25.680  -87.835  14.948 0.5000000000
3890  -28.548  -86.495  14.159 0.5000000000
3328  -25.352  -87.407  14.375 0.4000000060
130924  -24.773  -90.651  21.009 0.5000000000
1754  -24.988  -90.409  20.350 0.6000000238
1768  -24.927  -90.552  19.486 0.6000000238
1346  -23.629  -91.467  19.843 0.6000000238
1330  -22.800  -91.582  20.145 0.4000000060
129263  -25.770  -89.521  18.555 0.4000000060
128263  -25.409  -89.825  18.004 0.4000000060
1782  -24.762  -90.440  18.604 0.5000000000
1767  -24.285  -91.083  19.167 0.6000000238
1781  -23.905  -90.833  18.470 0.5000000000
1345  -22.969  -91.592  19.206 0.5000000000
1780  -23.154  -91.296  18.493 0.5000000000
1356  -21.728  -91.514  18.618 0.6000000238
1791  -20.191  -90.696  17.603 0.6000000238
2222  -19.501  -89.981  17.477 0.6000000238
2754  -19.569  -89.374  15.853 0.6000000238
2769  -19.026  -88.598  15.482 0.6000000238
2785  -19.402  -88.327  14.642 0.5000000000
3324  -19.837  -87.982  13.926 0.5000000000
3338  -19.378  -87.286  13.393 0.4000000060
3899  -19.027  -86.707  12.875 0.5000000000
3891  -29.277  -86.159  14.581 0.3000000119
4996  -19.278  -84.407  10.622 0.4000000060
11099  -15.473  -75.797  14.150 0.4000000060
141370  -15.993  -75.673  13.635 0.4000000060
10363  -16.870  -77.137  13.960 0.5000000000
18699  -6.543  -65.317  22.583 0.5000000000
19492  -5.359  -64.645  23.410 0.5000000000
18688  -7.212  -65.387  22.900 0.5000000000
19494  -6.960  -64.893  23.413 0.4000000060
131060  -5.190  -61.991  23.765 0.4000000060
19543  -10.756  -64.997  20.910 0.4000000060
22151  -4.705  -60.799  23.854 0.4000000060
21233  -6.129  -61.854  23.366 0.4000000060
21234  -6.782  -62.956  23.391 0.4000000060
23122  -4.489  -60.060  24.232 0.4000000060
22152  -5.616  -60.789  23.346 0.4000000060
20392  -9.232  -63.881  22.451 0.4000000060
23123  -5.424  -59.984  23.584 0.4000000060
22164  -6.108  -60.059  22.945 0.4000000060
22176  -8.981  -61.563  21.457 0.4000000060
23096  -5.639  -60.031  24.970 0.4000000060
24136  -5.778  -59.534  23.561 0.4000000060
23097  -6.656  -60.462  24.940 0.4000000060
24138  -6.524  -59.382  23.878 0.4000000060
21219  -9.850  -62.548  24.418 0.3000000119
22142  -9.356  -61.646  24.238 0.4000000060
21236  -12.414  -62.586  23.810 0.3000000119
21235  -11.280  -62.251  23.735 0.3000000119
22153  -9.776  -61.127  23.700 0.3000000119
22143  -10.269  -61.958  23.943 0.3000000119
19514  -9.535  -64.820  22.206 0.4000000060
20391  -8.311  -63.961  23.012 0.4000000060
20390  -7.416  -64.018  23.407 0.4000000060
19512  -7.855  -64.877  23.160 0.4000000060
21248  -7.668  -62.866  22.963 0.4000000060
21247  -7.031  -61.697  22.876 0.4000000060
20401  -9.869  -63.350  21.894 0.4000000060
21249  -8.442  -62.854  22.423 0.4000000060
22167  -7.775  -61.781  22.266 0.4000000060
22165  -6.427  -60.745  22.813 0.4000000060
3763  -31.593  -86.729  24.176 0.3000000119
3773  -31.336  -86.345  23.283 0.3000000119
3193  -31.224  -87.421  24.739 0.4000000060
3192  -30.761  -87.133  23.520 0.4000000060
2642  -29.895  -88.501  24.210 0.3000000119
3191  -30.142  -87.833  23.646 0.3000000119
3205  -29.946  -87.421  23.010 0.4000000060
2139  -29.353  -88.956  24.471 0.3000000119
2659  -29.523  -88.092  23.434 0.3000000119
2641  -29.138  -88.718  23.829 0.3000000119
2658  -28.772  -88.357  23.163 0.3000000119
2137  -27.940  -89.583  23.961 0.3000000119
2155  -28.351  -88.988  23.565 0.3000000119
2657  -27.915  -88.666  22.842 0.3000000119
139054  -27.178  -89.748  23.537 0.3000000119
2154  -27.511  -89.320  23.228 0.3000000119
122720  -26.653  -89.776  22.839 0.3000000119
1297  -25.887  -90.907  24.450 0.3000000119
1708  -26.549  -90.422  24.212 0.3000000119
1723  -26.595  -90.173  23.534 0.3000000119
1722  -26.089  -90.323  22.975 0.3000000119
1739  -25.799  -90.103  22.265 0.3000000119
1296  -25.135  -91.178  24.066 0.4000000060
3772  -30.821  -86.434  22.765 0.3000000119
3179  -30.769  -87.935  25.352 0.4000000060
3206  -30.277  -86.729  22.563 0.4000000060
2628  -30.334  -88.433  24.988 0.3000000119
3204  -29.201  -87.657  22.761 0.4000000060
2124  -28.403  -89.563  24.708 0.3000000119
2672  -28.346  -87.910  22.445 0.4000000060
2671  -27.388  -88.209  22.025 0.4000000060
1683  -27.881  -89.808  25.121 0.3000000119
2173  -26.138  -89.400  21.863 0.4000000060
1696  -25.919  -90.980  25.067 0.3000000119
1667  -27.089  -90.166  25.473 0.4000000060
1738  -25.085  -90.560  21.864 0.3000000119
1682  -26.250  -90.726  25.604 0.3000000119
4345  -31.172  -85.784  22.425 0.3000000119
4867  -31.409  -84.949  21.705 0.3000000119
3785  -30.489  -86.081  22.000 0.3000000119
3800  -30.111  -85.824  21.053 0.3000000119
3729  -30.157  -87.276  26.192 0.4000000060
3784  -29.933  -86.347  21.737 0.3000000119
3783  -29.295  -86.466  21.446 0.3000000119
2112  -29.198  -89.107  25.566 0.3000000119
2616  -30.204  -88.328  25.746 0.4000000060
3217  -28.795  -87.099  22.024 0.4000000060
3234  -28.431  -86.605  21.061 0.3000000119
3216  -27.847  -87.360  21.613 0.4000000060
2111  -28.576  -89.415  25.390 0.3000000119
2614  -28.636  -89.065  25.990 0.3000000119
2687  -26.925  -87.764  21.043 0.4000000060
2110  -27.837  -89.608  25.735 0.3000000119
2601  -27.437  -89.302  26.118 0.3000000119
2186  -25.817  -89.173  20.680 0.4000000060
2704  -26.283  -88.416  20.098 0.5000000000
2172  -25.358  -89.949  21.157 0.4000000060
2196  -25.359  -89.881  19.983 0.4000000060
2197  -25.769  -89.304  19.462 0.5000000000
1266  -24.954  -91.217  26.175 0.3000000119
4344  -30.722  -85.398  21.168 0.3000000119
3728  -29.264  -87.512  26.085 0.4000000060
3797  -28.127  -86.334  19.976 0.4000000060
3251  -27.318  -87.017  19.378 0.4000000060
3164  -29.085  -88.334  26.138 0.4000000060
3232  -26.829  -87.568  20.069 0.4000000060
3250  -26.631  -87.996  19.138 0.5000000000
2724  -26.521  -88.502  18.188 0.4000000060
123008  -27.999  -88.446  26.110 0.3000000119
125949  -26.156  -88.883  18.834 0.4000000060
2613  -26.943  -88.569  26.132 0.3000000119
2214  -26.038  -89.248  17.963 0.4000000060
2226  -25.781  -89.272  17.229 0.4000000060
2098  -26.710  -89.759  26.306 0.3000000119
1665  -25.716  -90.805  26.393 0.3000000119
1652  -25.217  -90.445  27.077 0.3000000119
3813  -29.808  -85.729  20.028 0.3000000119
3798  -29.140  -86.120  20.307 0.3000000119
132932  -28.786  -86.106  19.233 0.3000000119
3727  -28.499  -87.778  26.017 0.4000000060
3827  -27.623  -86.811  18.393 0.5000000000
2725  -26.845  -88.028  17.624 0.4000000060
3163  -27.640  -87.486  25.599 0.4000000060
124270  -26.382  -88.798  17.424 0.4000000060
3161  -25.509  -87.665  25.675 0.3000000119
3162  -26.374  -87.821  25.687 0.3000000119
2612  -26.013  -88.422  26.236 0.3000000119
2599  -25.529  -88.998  26.906 0.3000000119
1651  -24.521  -90.852  27.304 0.3000000119
2088  -25.234  -89.726  27.222 0.3000000119
123801  -29.426  -85.857  19.357 0.3000000119
3828  -28.404  -86.289  18.345 0.4000000060
3842  -27.972  -86.763  17.514 0.4000000060
3160  -24.655  -87.439  25.851 0.3000000119
3142  -25.113  -88.172  26.359 0.3000000119
2598  -24.723  -88.533  26.953 0.3000000119
2588  -24.717  -89.165  27.386 0.3000000119
3159  -23.837  -87.176  26.140 0.3000000119
3128  -23.079  -88.085  27.644 0.3000000119
2597  -24.001  -88.463  27.410 0.3000000119
2587  -23.428  -88.968  27.990 0.3000000119
125643  -24.100  -89.295  27.794 0.3000000119
3844  -29.495  -86.045  17.310 0.3000000119
3843  -28.686  -86.601  16.814 0.4000000060
3127  -22.189  -87.790  27.784 0.3000000119
2585  -21.572  -88.442  28.021 0.3000000119
4391  -31.076  -85.122  17.119 0.3000000119
3862  -30.064  -85.856  16.832 0.3000000119
3861  -29.480  -86.253  16.366 0.3000000119
132657  -30.688  -85.336  16.016 0.3000000119
3876  -30.158  -85.808  15.936 0.3000000119
4414  -30.432  -85.254  15.418 0.3000000119
20374  -4.799  -63.973  23.924 0.5000000000
22128  -8.460  -61.269  24.486 0.5000000000
23110  -7.022  -59.974  24.401 0.4000000060
125577  -5.864  -63.120  23.755 0.4000000060
1777  -20.529  -90.996  18.277 0.6000000238
1357  -22.407  -91.482  18.566 0.5000000000
2225  -25.228  -89.521  17.402 0.4000000060
2743  -26.786  -88.281  16.954 0.4000000060
3284  -27.882  -87.067  16.804 0.4000000060
3860  -28.762  -86.701  15.913 0.4000000060
3875  -29.451  -86.280  15.450 0.3000000119
18705  -7.369  -65.457  21.911 0.5000000000
127225  -9.095  -65.476  21.476 0.4000000060
20393  -9.964  -64.193  22.086 0.4000000060
2643  -30.565  -87.928  24.364 0.3000000119
2123  -27.771  -89.810  24.513 0.3000000119
1697  -26.506  -90.595  24.909 0.3000000119
3166  -30.614  -87.712  26.049 0.4000000060
2670  -26.497  -88.599  21.424 0.4000000060
3165  -29.920  -88.054  26.175 0.4000000060
2615  -29.564  -88.721  25.964 0.3000000119
3233  -27.497  -87.000  20.578 0.4000000060
2600  -26.474  -89.200  26.514 0.3000000119
3267  -26.988  -87.594  18.394 0.4000000060
2097  -25.999  -89.945  26.796 0.3000000119
122399  -28.790  -86.273  17.635 0.4000000060
3177  -25.879  -87.179  24.984 0.3000000119
2087  -24.545  -90.060  27.645 0.3000000119
2586  -22.553  -88.678  28.077 0.3000000119
3309  -18.168  -87.735  15.197 0.5000000000
3295  -18.191  -88.123  16.011 0.5000000000
2737  -18.668  -88.648  16.391 0.5000000000
1764  -20.638  -90.710  19.305 0.4000000060
6746  -18.228  -81.755  18.110 0.4000000060
142036  -23.301  -91.530  20.481 0.5000000000
1331  -23.830  -91.341  20.855 0.3000000119
1307  -24.322  -91.243  22.420 0.3000000119
127131  -24.813  -91.138  23.135 0.3000000119
1721  -25.418  -90.657  22.697 0.3000000119
126052  -27.226  -86.715  24.775 0.3000000119
3762  -27.660  -86.048  24.325 0.3000000119
3748  -28.311  -86.863  25.334 0.3000000119
3180  -31.183  -87.307  25.741 0.3000000119
4320  -27.190  -85.370  23.629 0.3000000119
4307  -28.601  -85.945  24.725 0.3000000119
3749  -29.370  -86.593  25.627 0.3000000119
4287  -30.356  -86.426  25.998 0.3000000119
4288  -31.233  -86.230  26.171 0.3000000119
4309  -30.590  -85.554  25.688 0.3000000119
132557  -28.033  -85.354  23.892 0.3000000119
136535  -28.780  -85.287  24.232 0.3000000119
4308  -29.577  -85.634  25.023 0.3000000119
4828  -30.072  -84.855  24.769 0.3000000119
3731  -31.524  -86.592  25.981 0.3000000119
136599  -32.141  -86.187  25.720 0.3000000119
4321  -28.443  -84.699  23.632 0.3000000119
4289  -31.907  -85.886  26.220 0.3000000119
4807  -31.465  -85.397  26.140 0.3000000119
4448  -18.956  -85.476  11.408 0.3000000119
1343  -21.692  -91.506  19.274 0.5000000000
2209  -19.742  -90.203  18.375 0.4000000060
2738  -19.087  -89.286  16.866 0.5000000000
121406  -23.730  -91.349  21.926 0.3000000119
136691  -10.665  -62.008  20.975 0.3000000119
142713  -9.658  -62.410  21.559 0.3000000119
24162  -6.511  -59.179  22.751 0.3000000119
3323  -18.724  -87.516  14.168 0.4000000060
3294  -17.366  -87.533  16.175 0.4000000060
2166  -17.042  -88.497  21.056 0.4000000060
3246  -16.539  -87.616  19.199 0.4000000060
3248  -17.985  -87.684  19.716 0.4000000060
2719  -18.458  -88.349  18.983 0.4000000060
2720  -19.128  -89.284  18.607 0.4000000060
131782  -17.613  -87.759  17.846 0.4000000060
120521  -18.331  -88.456  17.348 0.4000000060
123144  -18.720  -88.947  17.922 0.4000000060
1733  -17.648  -90.015  21.429 0.3000000119
2666  -17.681  -88.172  21.392 0.4000000060
3231  -18.256  -87.739  20.489 0.4000000060
3280  -17.859  -87.975  16.826 0.4000000060
3229  -16.784  -87.712  20.069 0.4000000060
3262  -17.125  -87.488  18.594 0.4000000060
2167  -17.535  -88.975  21.608 0.3000000119
3214  -17.873  -87.799  21.063 0.4000000060
3230  -17.516  -87.670  20.342 0.4000000060
3263  -17.770  -87.780  18.829 0.4000000060
2702  -18.578  -87.983  19.861 0.4000000060
2703  -19.077  -88.625  19.510 0.4000000060
2168  -18.141  -89.567  22.107 0.3000000119
2654  -18.202  -88.595  22.039 0.3000000119
2667  -18.399  -88.039  21.653 0.3000000119
124489  -19.076  -88.315  22.317 0.3000000119
2184  -20.523  -89.089  20.789 0.3000000119
1750  -20.898  -90.176  20.211 0.3000000119
2685  -19.078  -88.119  20.420 0.3000000119
1752  -22.163  -90.940  20.910 0.3000000119
1316  -22.654  -91.308  20.905 0.3000000119
1329  -22.065  -91.407  20.091 0.3000000119
2195  -20.136  -89.584  19.871 0.3000000119
2194  -19.571  -89.480  19.239 0.3000000119
3683  -16.716  -86.275  27.842 0.3000000119
4246  -17.097  -85.770  28.200 0.3000000119
3744  -23.747  -86.049  24.915 0.3000000119
5325  -18.961  -83.121  27.564 0.3000000119
5338  -19.553  -83.306  26.844 0.3000000119
4804  -20.847  -83.801  25.925 0.3000000119
4805  -21.407  -84.240  25.743 0.3000000119
4825  -21.931  -84.207  25.226 0.3000000119
4303  -22.562  -84.896  25.067 0.3000000119
4826  -23.083  -84.402  24.360 0.3000000119
4827  -23.850  -84.728  23.993 0.3000000119
5339  -20.256  -83.170  26.139 0.3000000119
126232  -20.788  -83.093  25.540 0.3000000119
5366  -21.956  -83.468  24.732 0.3000000119
133052  -22.454  -84.099  24.696 0.3000000119
2668  -19.384  -88.051  21.278 0.3000000119
141293  -17.576  -85.001  27.393 0.3000000119
4273  -20.308  -84.821  26.839 0.3000000119
4791  -18.848  -84.441  27.270 0.3000000119
4779  -18.533  -83.948  27.794 0.3000000119
4792  -19.621  -84.236  26.985 0.3000000119
4793  -20.273  -84.026  26.511 0.3000000119
5938  -21.271  -82.555  24.882 0.3000000119
1308  -24.798  -90.961  22.358 0.3000000119
1317  -23.170  -91.438  21.016 0.3000000119
1318  -24.407  -91.085  21.614 0.3000000119
1344  -22.223  -91.598  19.323 0.5000000000
1355  -21.186  -91.394  18.811 0.6000000238
1664  -25.005  -90.996  26.790 0.3000000119
1698  -27.193  -90.121  24.710 0.3000000119
1707  -25.794  -90.713  23.588 0.3000000119
1709  -27.212  -89.950  24.074 0.3000000119
1751  -21.591  -90.633  20.546 0.3000000119
1753  -24.460  -91.031  20.191 0.6000000238
1765  -21.352  -91.119  19.672 0.5000000000
1766  -23.634  -91.355  18.969 0.6000000238
1778  -21.246  -91.387  17.957 0.6000000238
1794  -21.987  -90.970  17.460 0.6000000238
1805  -20.979  -90.834  16.649 0.6999999881
2125  -29.077  -89.264  24.955 0.3000000119
2138  -28.749  -89.218  24.266 0.3000000119
2174  -26.986  -88.994  22.449 0.3000000119
2210  -20.036  -90.275  19.032 0.3000000119
2223  -21.390  -90.613  16.767 0.5000000000
2234  -20.659  -90.376  16.276 0.6999999881
2236  -25.347  -89.225  16.784 0.5000000000
2627  -29.749  -88.876  25.179 0.3000000119
2683  -16.601  -88.271  20.399 0.4000000060
2684  -17.193  -87.886  20.800 0.4000000060
2686  -19.830  -88.568  20.616 0.3000000119
2739  -21.799  -88.656  17.281 0.6999999881
2758  -25.995  -88.842  16.287 0.5000000000
2770  -19.989  -89.163  15.000 0.6000000238
2772  -21.091  -88.890  15.065 0.6000000238
2774  -25.392  -88.286  15.534 0.5000000000
3139  -22.652  -87.287  27.211 0.3000000119
3140  -23.499  -87.598  26.954 0.3000000119
3141  -24.313  -87.868  26.640 0.3000000119
3178  -26.747  -87.286  25.182 0.3000000119
3215  -18.632  -87.849  21.185 0.4000000060
3218  -29.587  -86.910  22.328 0.3000000119
3247  -17.277  -87.578  19.497 0.4000000060
3264  -22.198  -87.132  18.613 0.5000000000
3279  -17.158  -87.497  17.135 0.4000000060
3283  -27.365  -87.538  17.160 0.4000000060
3297  -24.797  -88.093  16.169 0.5000000000
3308  -17.026  -87.219  15.350 0.4000000060
3313  -27.239  -87.469  15.018 0.5000000000
3325  -20.549  -88.003  14.018 0.6000000238
3327  -25.042  -87.508  14.758 0.5000000000
3330  -27.033  -87.274  14.268 0.4000000060
3730  -30.926  -87.001  26.190 0.3000000119
3750  -31.729  -86.826  25.275 0.3000000119
3799  -29.664  -86.045  20.940 0.3000000119
3812  -23.755  -87.208  19.160 0.5000000000
3824  -22.066  -86.290  19.056 0.6000000238
3845  -30.438  -85.512  17.434 0.3000000119
3901  -20.475  -86.901  13.003 0.6000000238
3915  -19.281  -86.178  12.221 0.5000000000
4260  -17.210  -85.291  27.575 0.3000000119
4304  -23.389  -85.234  24.614 0.3000000119
4322  -29.260  -84.788  24.148 0.3000000119
4323  -31.941  -86.042  23.809 0.3000000119
4366  -23.124  -85.560  19.639 0.5000000000
4368  -24.002  -86.611  19.208 0.5000000000
4377  -21.740  -85.364  19.301 0.6000000238
4400  -30.611  -85.495  16.624 0.3000000119
4401  -31.090  -85.031  16.397 0.3000000119
4425  -29.519  -85.558  14.408 0.3000000119
4439  -29.122  -85.382  13.985 0.4000000060
4461  -20.173  -85.362  11.762 0.5000000000
4765  -17.493  -85.010  28.314 0.3000000119
4780  -19.117  -83.798  27.333 0.3000000119
4862  -2.617  -84.276  21.321 0.5000000000
4864  -4.136  -83.867  21.424 0.6000000238
4865  -4.832  -83.994  21.357 0.6000000238
4873  -3.633  -84.374  21.250 0.5000000000
4876  -5.871  -84.125  20.541 0.6000000238
4883  -5.353  -84.488  19.867 0.6000000238
4886  -19.197  -84.124  19.622 0.6000000238
4887  -20.669  -84.138  19.941 0.6000000238
4890  -23.094  -84.048  19.738 0.5000000000
4899  -5.576  -84.480  18.044 0.6000000238
4903  -17.531  -84.087  19.020 0.6000000238
4906  -20.555  -84.584  19.149 0.6000000238
4907  -21.308  -84.656  19.592 0.6000000238
4915  -5.556  -84.470  17.228 0.5000000000
4916  -6.139  -84.107  17.659 0.5000000000
4917  -14.901  -84.120  17.279 0.6000000238
4918  -15.564  -84.247  17.520 0.6000000238
4919  -16.344  -84.372  17.900 0.6000000238
4934  -14.515  -84.138  16.759 0.6000000238
4938  -18.190  -84.372  17.025 0.5000000000
4951  -14.926  -84.277  16.025 0.6000000238
4955  -18.758  -84.153  16.046 0.5000000000
4973  -19.894  -84.213  13.667 0.6000000238
4974  -20.604  -85.047  13.003 0.6000000238
4983  -20.473  -85.458  12.324 0.5000000000
5350  -21.354  -83.564  25.316 0.3000000119
5399  -4.262  -83.190  21.440 0.6000000238
5400  -6.631  -83.171  21.417 0.6999999881
5401  -7.241  -82.777  21.535 0.6999999881
5410  -5.522  -83.834  21.253 0.6000000238
5411  -6.331  -83.672  21.091 0.6999999881
5413  -20.215  -83.080  20.404 0.5000000000
5424  -18.779  -83.578  19.920 0.5000000000
5428  -22.632  -83.504  19.820 0.6000000238
5432  -2.026  -83.430  19.169 0.5000000000
5435  -13.726  -83.311  17.898 0.6000000238
5436  -15.028  -83.658  17.692 0.6000000238
5456  -6.608  -83.399  16.515 0.5000000000
5458  -12.925  -83.446  16.887 0.6000000238
5459  -13.714  -83.847  16.792 0.6000000238
5476  -15.463  -83.928  15.154 0.6000000238
5480  -19.488  -84.095  15.267 0.5000000000
5493  -11.647  -82.965  14.056 0.6000000238
5496  -14.155  -83.830  14.653 0.6999999881
5498  -16.178  -83.436  14.547 0.6000000238
5499  -17.581  -83.264  14.454 0.6000000238
5515  -13.726  -83.607  13.336 0.6999999881
5517  -16.831  -82.907  13.951 0.5000000000
5519  -18.698  -83.218  13.237 0.5000000000
5531  -15.399  -83.025  13.144 0.6999999881
5533  -18.150  -82.637  12.718 0.5000000000
5543  -11.843  -83.166  11.992 0.6000000238
5544  -12.594  -83.298  11.814 0.5000000000
5548  -19.617  -84.216  10.953 0.5000000000
5986  -4.828  -82.809  21.415 0.6999999881
5987  -5.502  -82.755  21.466 0.6999999881
5999  -5.174  -82.304  21.113 0.6999999881
6001  -8.498  -82.400  20.913 0.6999999881
6008  -4.296  -82.386  19.905 0.5000000000
6009  -7.812  -82.947  19.226 0.6999999881
6012  -17.620  -83.292  19.274 0.5000000000
6013  -18.313  -83.042  19.810 0.5000000000
6015  -20.261  -82.558  20.201 0.5000000000
6017  -22.402  -82.811  19.634 0.5000000000
6026  -8.174  -82.203  18.845 0.6999999881
6029  -14.134  -82.920  18.344 0.6000000238
6034  -21.927  -82.155  19.308 0.5000000000
6036  -23.134  -82.773  18.275 0.5000000000
6043  -4.161  -82.373  18.038 0.6000000238
6044  -7.386  -82.559  17.198 0.6999999881
6045  -8.045  -81.740  17.986 0.6999999881
6048  -16.174  -82.334  17.948 0.5000000000
6062  -3.089  -82.322  16.213 0.5000000000
6063  -11.665  -81.968  16.128 0.6999999881
6081  -10.649  -82.047  15.080 0.6999999881
6083  -12.218  -82.948  15.593 0.6999999881
6097  -10.430  -82.315  14.347 0.6000000238
6113  -10.911  -82.679  13.861 0.6000000238
6120  -9.106  -81.981  12.526 0.5000000000
6138  -12.961  -83.127  11.082 0.5000000000
6139  -13.690  -83.031  11.221 0.5000000000
6140  -15.068  -82.562  11.677 0.5000000000
6158  -18.126  -83.114  9.682 0.5000000000
6703  -7.855  -81.446  22.096 0.6999999881
6705  -9.194  -81.379  21.553 0.6999999881
6713  -8.852  -81.945  21.303 0.6999999881
6714  -9.561  -80.987  20.986 0.6999999881
6724  -5.027  -82.054  19.211 0.6000000238
6728  -13.697  -81.749  19.417 0.6000000238
6732  -21.010  -82.191  19.763 0.5000000000
6742  -13.252  -82.138  18.829 0.6000000238
6763  -11.676  -81.147  17.010 0.6999999881
6765  -16.341  -81.585  17.738 0.5000000000
6781  -3.776  -82.047  16.351 0.5000000000
6799  -7.873  -81.233  15.854 0.6999999881
6800  -8.548  -81.044  15.522 0.6999999881
6812  -7.830  -81.309  15.162 0.6999999881
6814  -9.195  -81.595  14.287 0.6000000238
6867  -15.811  -81.441  9.792 0.5000000000
7428  -8.403  -80.001  22.306 0.6999999881
7439  -7.671  -80.448  22.081 0.6999999881
7440  -9.065  -81.077  22.075 0.6999999881
7448  -6.181  -81.056  20.507 0.6999999881
7451  -13.673  -80.366  20.338 0.5000000000
7466  -6.231  -80.511  19.572 0.6999999881
7467  -9.689  -80.476  20.364 0.6999999881
7468  -12.672  -80.415  19.130 0.6000000238
7479  -6.298  -79.967  18.763 0.6999999881
7497  -5.315  -80.810  16.916 0.6000000238
7498  -5.764  -80.405  17.393 0.6000000238
7501  -10.793  -80.050  17.494 0.6999999881
7503  -12.181  -80.704  18.061 0.6999999881
7516  -5.479  -80.249  16.417 0.6000000238
7518  -10.181  -80.221  17.013 0.6999999881
7519  -10.976  -80.671  16.921 0.6999999881
7526  -3.956  -80.639  14.887 0.5000000000
7527  -4.656  -80.196  15.172 0.6000000238
8126  -9.742  -79.637  22.308 0.6999999881
8127  -10.093  -78.938  22.433 0.6999999881
8141  -8.372  -79.241  22.183 0.6999999881
8171  -7.212  -78.912  19.995 0.6999999881
8172  -10.060  -79.834  20.070 0.6999999881
8186  -6.386  -79.503  18.077 0.6000000238
8187  -10.099  -79.581  19.087 0.6999999881
8188  -10.958  -79.291  18.845 0.6999999881
8202  -6.129  -79.767  17.277 0.6000000238
8223  -5.338  -79.945  15.812 0.6000000238
8224  -13.312  -79.383  14.724 0.6000000238
8226  -14.617  -78.962  14.811 0.6000000238
8234  -4.876  -79.625  14.316 0.6000000238
8235  -5.477  -79.292  14.844 0.6000000238
8237  -13.096  -79.342  14.160 0.6000000238
8238  -13.664  -79.189  14.243 0.6000000238
8239  -14.595  -78.651  14.362 0.6000000238
8250  -5.014  -79.372  13.208 0.5000000000
8275  -3.564  -79.262  11.842 0.6000000238
8276  -4.220  -79.116  11.303 0.6000000238
8803  -10.405  -78.137  22.600 0.6000000238
8804  -11.217  -77.997  22.695 0.6000000238
8808  -15.657  -78.508  22.587 0.5000000000
8821  -11.688  -78.464  22.067 0.6000000238
8824  -14.365  -78.873  21.875 0.5000000000
8836  -8.242  -78.204  21.301 0.6000000238
8837  -12.093  -78.644  20.871 0.5000000000
8838  -12.986  -78.802  21.037 0.5000000000
8848  -7.628  -78.277  19.495 0.6999999881
8860  -6.850  -78.864  18.238 0.6999999881
8873  -7.271  -78.321  17.544 0.6999999881
8875  -14.780  -78.251  16.868 0.6000000238
8883  -5.736  -79.334  15.573 0.6000000238
8884  -6.200  -79.020  16.099 0.6000000238
8889  -14.393  -78.800  16.200 0.6000000238
8890  -15.184  -78.525  15.936 0.6000000238
8899  -7.356  -78.235  15.042 0.6000000238
8902  -11.393  -78.326  15.335 0.5000000000
8904  -14.176  -79.170  15.454 0.6000000238
8907  -16.039  -78.301  14.485 0.6000000238
8923  -11.951  -79.310  13.928 0.6000000238
8924  -12.519  -79.325  14.552 0.6000000238
8940  -9.029  -78.340  12.956 0.6000000238
8944  -12.702  -78.928  13.194 0.6000000238
8945  -13.403  -78.655  13.429 0.6000000238
8946  -14.941  -78.257  14.199 0.6000000238
8961  -7.692  -78.542  11.826 0.6000000238
8963  -9.581  -78.385  12.122 0.5000000000
8965  -11.243  -78.637  12.472 0.6000000238
8966  -12.117  -78.511  12.595 0.6000000238
8978  -3.073  -78.893  11.677 0.6000000238
8980  -4.617  -78.712  10.794 0.6000000238
8982  -6.281  -78.803  10.921 0.6000000238
8983  -7.589  -78.236  10.702 0.6000000238
8985  -9.130  -78.046  11.419 0.6999999881
8986  -9.947  -78.045  11.713 0.6999999881
8987  -10.768  -78.109  11.930 0.6000000238
8995  -5.092  -78.264  10.274 0.6000000238
8996  -5.906  -78.323  10.266 0.6000000238
9496  -12.997  -76.928  23.417 0.5000000000
9500  -16.666  -77.248  23.347 0.5000000000
9517  -9.292  -77.809  22.255 0.6000000238
9518  -9.992  -77.507  22.529 0.6000000238
9523  -14.375  -77.773  23.140 0.5000000000
9535  -8.851  -77.660  21.679 0.6000000238
9550  -9.308  -77.021  20.960 0.6000000238
9578  -7.936  -77.814  18.832 0.6999999881
9580  -8.997  -77.003  18.207 0.6000000238
9598  -7.876  -77.737  18.070 0.6000000238
9599  -8.502  -77.320  17.742 0.6000000238
9601  -11.804  -76.979  17.447 0.5000000000
9602  -12.356  -76.976  18.018 0.5000000000
9603  -13.517  -77.882  17.716 0.6000000238
9616  -8.709  -77.394  16.884 0.6000000238
9632  -8.066  -77.897  15.462 0.6000000238
9633  -8.845  -77.948  14.833 0.5000000000
9635  -10.926  -77.722  15.779 0.5000000000
9636  -16.003  -78.093  15.500 0.5000000000
9637  -16.654  -77.809  14.684 0.6000000238
9645  -9.782  -78.027  14.702 0.5000000000
9661  -14.193  -78.276  13.867 0.6000000238
9662  -15.683  -77.910  13.983 0.6000000238
9663  -16.299  -77.814  13.986 0.6000000238
9677  -12.678  -77.998  12.561 0.6000000238
9685  -2.825  -78.363  11.734 0.6000000238
9688  -5.006  -77.753  10.286 0.6000000238
9689  -8.032  -77.781  10.576 0.5000000000
9690  -8.676  -77.588  10.836 0.6000000238
9692  -11.121  -77.406  11.783 0.6000000238
9700  -6.432  -77.802  10.087 0.6000000238
9702  -8.203  -77.356  10.601 0.5000000000
10206  -11.815  -76.196  23.122 0.6000000238
10207  -12.615  -76.230  23.342 0.5000000000
10208  -13.493  -76.270  23.418 0.6000000238
10209  -14.412  -76.327  23.439 0.5000000000
10228  -10.006  -76.911  22.319 0.6000000238
10245  -11.037  -75.855  21.828 0.6000000238
10254  -9.878  -76.662  21.625 0.6000000238
10255  -10.456  -76.194  21.195 0.6000000238
10269  -10.464  -76.172  20.088 0.6000000238
10271  -12.300  -75.854  20.004 0.5000000000
10273  -14.794  -76.683  19.812 0.6000000238
10291  -10.643  -76.398  18.446 0.5000000000
10294  -13.396  -76.952  18.998 0.6000000238
10296  -15.641  -76.938  18.250 0.6000000238
10312  -10.535  -76.594  17.646 0.5000000000
10325  -10.505  -76.896  16.937 0.5000000000
10326  -11.079  -76.741  17.265 0.5000000000
10346  -14.302  -76.652  14.375 0.5000000000
10359  -2.816  -76.376  12.944 0.6000000238
10360  -13.002  -76.816  13.344 0.6000000238
10361  -13.805  -77.458  13.816 0.6000000238
10362  -16.301  -77.398  13.933 0.5000000000
10375  -4.950  -76.443  11.354 0.6999999881
10376  -11.583  -76.471  12.003 0.5000000000
10377  -12.306  -77.177  12.450 0.5000000000
10389  -5.446  -77.097  10.474 0.6000000238
10390  -7.078  -76.528  10.703 0.6000000238
10391  -7.893  -76.257  10.900 0.6000000238
10392  -9.909  -76.171  11.153 0.6000000238
10393  -10.380  -76.268  11.333 0.5000000000
10394  -11.034  -76.629  11.622 0.5000000000
10407  -6.102  -77.361  10.210 0.6000000238
10409  -7.669  -76.995  10.496 0.6000000238
10990  -13.567  -75.438  22.748 0.6000000238
10992  -15.675  -75.508  22.792 0.5000000000
11008  -12.482  -75.396  21.732 0.5000000000
11009  -13.295  -75.292  21.961 0.6000000238
11010  -14.713  -75.583  21.668 0.6000000238
11026  -12.416  -75.546  20.826 0.5000000000
11029  -15.831  -75.723  20.957 0.5000000000
11069  -16.962  -75.766  17.655 0.5000000000
11121  -16.387  -75.324  13.006 0.4000000060
11135  -3.627  -76.339  12.474 0.6999999881
11136  -4.396  -75.914  12.403 0.6999999881
11138  -7.084  -75.448  12.031 0.5000000000
11152  -5.826  -76.264  11.146 0.6000000238
11153  -6.553  -76.185  11.058 0.6000000238
11156  -9.600  -75.749  11.289 0.6000000238
11822  -17.971  -74.868  18.740 0.5000000000
11850  -6.676  -74.768  16.135 0.6000000238
11867  -5.645  -74.801  15.144 0.6000000238
11869  -7.242  -75.097  15.348 0.6000000238
11883  -4.076  -74.190  13.985 0.6999999881
11884  -5.197  -74.436  14.468 0.6000000238
11887  -7.941  -74.921  14.261 0.6999999881
11889  -13.852  -74.861  15.057 0.5000000000
11901  -3.720  -74.880  13.647 0.6999999881
11902  -4.566  -74.873  13.568 0.6999999881
11909  -15.707  -75.061  13.659 0.4000000060
11921  -7.797  -75.181  12.526 0.6000000238
11925  -10.596  -74.295  12.468 0.5000000000
11940  -9.777  -74.955  11.737 0.5000000000
11941  -10.261  -74.944  11.857 0.6000000238
12571  -1.368  -72.603  18.778 0.6000000238
12587  -1.857  -73.605  18.294 0.6000000238
12589  -8.700  -73.412  18.380 0.8000000119
12593  -6.697  -73.715  17.395 0.6999999881
12603  -6.247  -74.133  16.644 0.6999999881
12611  -2.929  -73.187  15.122 0.6000000238
12615  -5.894  -74.485  15.816 0.6000000238
12618  -13.937  -73.547  15.275 0.5000000000
12626  -3.540  -73.579  14.468 0.6000000238
12628  -8.617  -73.918  14.370 0.8000000119
12629  -11.750  -72.789  14.530 0.5000000000
12630  -12.509  -73.568  14.904 0.5000000000
12640  -11.010  -72.713  13.709 0.5000000000
12645  -9.109  -73.701  12.609 0.6000000238
12646  -9.489  -73.489  12.607 0.6000000238
13240  -6.116  -72.361  22.502 0.5000000000
13255  -2.938  -72.443  20.091 0.6000000238
13271  -0.884  -71.814  18.820 0.6000000238
13274  -7.964  -72.383  19.350 0.6999999881
13282  -1.042  -71.822  18.457 0.6000000238
13284  -7.562  -72.797  18.707 0.8000000119
13285  -8.392  -73.042  18.879 0.8000000119
13290  -6.783  -72.211  18.197 0.8000000119
13297  -1.074  -72.963  16.911 0.6000000238
13302  -8.977  -73.535  16.349 0.8000000119
13303  -9.340  -72.618  16.495 0.6000000238
13311  -3.349  -72.564  15.476 0.6999999881
13323  -9.074  -72.018  13.963 0.6999999881
13333  -9.270  -72.255  13.603 0.6999999881
13334  -9.659  -72.643  13.164 0.5000000000
13335  -10.324  -72.033  13.543 0.5000000000
13977  -5.461  -71.131  25.028 0.5000000000
13990  -5.988  -71.312  24.454 0.5000000000
14001  -6.376  -71.373  23.658 0.5000000000
14011  -6.328  -71.729  22.630 0.5000000000
14028  -2.443  -71.610  20.385 0.6000000238
14045  -0.633  -71.295  19.068 0.6000000238
14049  -8.430  -71.938  19.970 0.6000000238
14050  -9.206  -72.052  19.853 0.6999999881
14056  -1.045  -71.499  18.441 0.6000000238
14057  -6.438  -71.222  18.388 0.8000000119
14060  -10.354  -71.692  18.644 0.6000000238
14061  -10.942  -71.077  18.874 0.5000000000
14066  -3.399  -71.227  17.001 0.6000000238
14076  -1.381  -72.310  17.326 0.5000000000
14079  -4.853  -71.145  16.552 0.6999999881
14081  -9.367  -71.241  16.070 0.6000000238
14087  -3.752  -72.062  15.984 0.6999999881
14088  -4.756  -71.906  16.031 0.6999999881
14091  -9.254  -70.703  15.196 0.5000000000
14727  -5.217  -70.734  25.449 0.5000000000
14747  -6.400  -70.609  23.258 0.5000000000
14756  -6.117  -70.919  22.496 0.5000000000
14759  -1.267  -70.216  20.797 0.6999999881
14763  -5.440  -71.054  21.889 0.6000000238
14780  -1.798  -70.845  20.594 0.6999999881
14795  -0.644  -70.924  19.484 0.6999999881
14803  -0.556  -70.671  19.170 0.6000000238
14805  -1.299  -70.131  18.547 0.6000000238
14815  -1.407  -71.374  17.959 0.6000000238
14818  -4.268  -70.247  17.426 0.8000000119
14830  -4.870  -70.595  17.004 0.6999999881
14845  -9.433  -69.855  14.990 0.5000000000
14846  -9.865  -69.447  15.244 0.5000000000
14860  -9.747  -69.832  14.722 0.5000000000
15441  -3.759  -69.517  30.880 0.5000000000
15476  -2.803  -70.129  29.139 0.6000000238
15488  -2.566  -69.860  27.450 0.6000000238
15490  -4.217  -70.538  26.311 0.5000000000
15497  -4.829  -70.072  25.702 0.6000000238
15498  -5.530  -70.112  25.168 0.5000000000
15507  -5.151  -69.406  24.792 0.6000000238
15508  -5.937  -69.799  24.511 0.6000000238
15521  -0.959  -68.303  22.247 0.8000000119
15524  -5.223  -69.199  23.006 0.6000000238
15525  -5.948  -69.989  22.841 0.6000000238
15528  -1.310  -69.600  21.304 0.8000000119
15547  -0.602  -69.638  20.100 0.6999999881
15548  -0.734  -69.754  20.595 0.6999999881
15563  -0.555  -69.960  19.511 0.6999999881
15564  -0.843  -69.559  19.397 0.6999999881
15566  -6.334  -69.084  20.167 0.6999999881
15582  -0.647  -70.143  19.043 0.6999999881
15583  -1.627  -69.443  18.782 0.6999999881
15584  -3.942  -69.202  18.302 0.8000000119
15603  -3.558  -69.778  17.870 0.6999999881
16251  -6.486  -68.567  30.615 0.6000000238
16252  -7.142  -68.346  30.102 0.6000000238
16270  -5.927  -68.782  30.151 0.6999999881
16272  -7.545  -68.348  29.414 0.5000000000
16300  -7.925  -68.421  27.972 0.6000000238
16317  -2.572  -68.137  24.210 0.6999999881
16322  -1.166  -67.953  23.063 0.6999999881
16328  -0.725  -68.222  21.625 0.6000000238
16331  -4.125  -68.761  22.933 0.6000000238
16333  -0.600  -68.683  21.105 0.8000000119
16350  -0.640  -68.956  20.567 0.6999999881
16351  -7.744  -68.790  20.543 0.6000000238
16370  -1.780  -68.464  19.662 0.6000000238
16373  -4.776  -68.105  19.562 0.6999999881
16374  -6.300  -68.258  20.144 0.6000000238
16387  -4.286  -68.795  18.970 0.8000000119
16992  -5.870  -68.177  31.619 0.5000000000
16993  -6.412  -68.143  31.174 0.6000000238
17034  -1.780  -67.249  28.116 0.6999999881
17040  -8.444  -68.128  28.223 0.5000000000
17041  -8.926  -67.648  27.657 0.5000000000
17054  -6.638  -67.883  27.326 0.5000000000
17055  -7.948  -68.266  27.226 0.6000000238
17064  -7.906  -67.783  26.589 0.5000000000
17072  -1.603  -68.099  25.727 0.6999999881
17087  -0.591  -66.809  23.900 0.5000000000
17089  -1.566  -67.730  23.872 0.6999999881
17092  -0.625  -66.991  23.217 0.5000000000
17111  -1.976  -67.603  20.627 0.6000000238
17128  -1.436  -68.229  20.306 0.6000000238
17131  -4.198  -67.434  19.775 0.6999999881
17135  -7.810  -67.728  18.899 0.5000000000
17792  -5.970  -66.746  31.165 0.5000000000
17793  -6.593  -67.353  30.876 0.5000000000
17817  -1.451  -66.572  27.715 0.8000000119
17819  -3.261  -66.652  28.523 0.6999999881
17821  -4.895  -67.116  28.082 0.6999999881
17837  -9.373  -67.160  27.204 0.5000000000
17845  -9.387  -67.022  26.636 0.5000000000
17848  -0.571  -66.074  26.082 0.6999999881
17851  -8.671  -66.686  25.843 0.6000000238
17856  -0.191  -65.803  24.206 0.6000000238
17857  -0.357  -66.298  24.563 0.6000000238
17880  -1.296  -66.903  21.931 0.6000000238
17893  -1.804  -67.154  21.298 0.6000000238
17895  -3.265  -66.567  20.669 0.6000000238
17910  -3.742  -66.942  20.186 0.6000000238
17912  -5.346  -66.298  19.787 0.6000000238
18620  -6.252  -65.883  30.122 0.5000000000
18637  -2.573  -66.205  28.292 0.8000000119
18640  -8.369  -65.804  28.474 0.4000000060
18657  -9.600  -66.469  27.411 0.6000000238
18667  -4.636  -65.153  26.848 0.5000000000
18669  -7.223  -65.951  25.802 0.4000000060
18670  -10.530  -65.844  26.136 0.4000000060
18675  0.088  -64.880  25.115 0.6000000238
18676  -8.116  -65.996  25.661 0.5000000000
18679  -10.804  -65.421  25.620 0.4000000060
18686  -0.586  -65.715  23.836 0.6000000238
18687  -5.855  -65.201  23.019 0.5000000000
18697  -1.099  -65.995  22.994 0.6999999881
18700  -8.125  -65.380  22.519 0.4000000060
18701  -8.995  -65.342  22.167 0.4000000060
18706  -8.400  -65.520  21.714 0.4000000060
18707  -9.659  -65.261  21.666 0.4000000060
18718  -7.856  -65.231  20.954 0.5000000000
18728  -5.573  -65.448  19.732 0.5000000000
19442  -1.540  -63.946  27.141 0.6000000238
19443  -2.248  -64.260  27.417 0.6000000238
19445  -4.079  -64.572  26.927 0.5000000000
19461  -0.805  -63.946  26.320 0.6999999881
19462  -4.859  -64.504  26.618 0.5000000000
19465  -11.846  -64.745  26.068 0.4000000060
19476  -12.096  -64.501  25.483 0.4000000060
19482  -0.212  -65.175  24.410 0.6000000238
19490  -1.976  -64.113  23.268 0.6000000238
19491  -4.635  -64.181  23.374 0.6000000238
19493  -6.095  -64.922  23.478 0.4000000060
19508  -1.559  -65.324  22.895 0.6000000238
19510  -3.520  -63.930  22.316 0.6000000238
19513  -8.717  -64.790  22.656 0.4000000060
19521  -3.984  -64.082  21.634 0.5000000000
19523  -5.807  -64.729  21.956 0.5000000000
19525  -10.275  -64.743  21.655 0.4000000060
19538  -4.346  -65.042  20.788 0.5000000000
19539  -5.065  -64.427  20.776 0.5000000000
20296  -7.016  -63.395  28.756 0.4000000060
20315  -1.162  -63.705  26.735 0.6999999881
20317  -1.943  -63.298  27.206 0.6000000238
20332  -3.485  -62.940  26.887 0.5000000000
20338  -12.457  -64.141  26.032 0.4000000060
20343  -0.793  -63.500  25.900 0.6000000238
20344  -1.082  -63.105  25.486 0.5000000000
20346  -7.598  -63.014  25.528 0.5000000000
20349  -10.342  -64.395  24.821 0.4000000060
20358  -1.248  -63.487  24.774 0.5000000000
20362  -10.514  -63.496  24.494 0.4000000060
20365  -12.962  -63.468  24.897 0.4000000060
20371  -1.448  -63.901  23.933 0.5000000000
20372  -2.020  -63.471  23.776 0.6000000238
20375  -5.605  -64.114  23.780 0.5000000000
20376  -6.492  -64.083  23.641 0.4000000060
20389  -3.881  -63.851  23.081 0.6000000238
20402  -10.554  -63.912  21.751 0.4000000060
21152  -6.527  -62.690  28.865 0.4000000060
21154  -8.267  -62.727  28.538 0.3000000119
21170  -1.747  -62.620  26.951 0.5000000000
21172  -9.797  -62.788  28.103 0.4000000060
21186  -1.009  -62.856  26.073 0.6000000238
21188  -1.994  -61.934  26.642 0.6000000238
21190  -3.807  -62.137  26.689 0.4000000060
21192  -6.175  -62.647  26.045 0.4000000060
21202  -1.412  -62.406  25.782 0.6000000238
21206  -8.287  -62.736  25.103 0.5000000000
21208  -13.458  -62.854  25.257 0.4000000060
21216  -2.029  -62.322  24.895 0.5000000000
21221  -12.413  -63.362  24.394 0.3000000119
21222  -13.046  -62.991  24.344 0.4000000060
21231  -4.300  -62.087  24.160 0.4000000060
21232  -4.971  -63.206  24.031 0.6000000238
21257  -8.447  -61.945  21.901 0.4000000060
21258  -9.113  -62.656  21.940 0.3000000119
21259  -11.353  -62.751  21.107 0.3000000119
22071  -7.118  -61.297  28.669 0.4000000060
22094  -11.418  -61.699  27.245 0.4000000060
22107  -1.833  -61.787  25.983 0.6000000238
22110  -3.971  -60.754  26.153 0.5000000000
22114  -13.671  -61.441  26.046 0.4000000060
22122  -2.313  -61.398  25.520 0.6000000238
22123  -2.838  -60.807  25.390 0.5000000000
22124  -4.527  -60.403  25.754 0.5000000000
22126  -6.285  -61.001  25.512 0.5000000000
22139  -3.154  -60.685  24.820 0.5000000000
22140  -3.752  -60.864  24.359 0.5000000000
22141  -7.572  -60.869  24.735 0.4000000060
22154  -10.724  -61.373  23.513 0.3000000119
23067  -7.735  -60.200  27.965 0.4000000060
23083  -3.386  -60.482  25.652 0.5000000000
23107  -3.758  -60.157  24.748 0.4000000060
23108  -5.299  -59.651  24.172 0.4000000060
23109  -6.101  -59.714  24.352 0.4000000060
23137  -6.080  -59.586  23.097 0.4000000060
24137  -5.916  -59.451  23.786 0.4000000060
24149  -6.284  -59.190  23.298 0.3000000119
25129  -8.200  -58.923  26.925 0.3000000119
25150  -10.201  -58.870  26.267 0.5000000000
25151  -10.998  -59.000  26.048 0.3000000119
25159  -12.931  -58.414  25.448 0.4000000060
25160  -13.852  -58.545  25.476 0.3000000119
25177  -6.793  -58.732  22.854 0.3000000119
26121  -8.355  -58.387  26.446 0.4000000060
27165  -7.587  -56.595  25.286 0.3000000119
119085  -15.209  -75.808  21.196 0.5000000000
119729  -21.517  -85.747  18.327 0.6999999881
121030  -3.879  -81.534  15.851 0.5000000000
121269  -3.645  -61.413  26.482 0.4000000060
121310  -6.487  -68.552  29.267 0.6999999881
121727  -1.818  -73.357  15.310 0.6000000238
121745  -12.508  -82.252  17.679 0.6999999881
121825  -16.430  -76.321  13.703 0.4000000060
122180  -12.862  -76.324  19.506 0.5000000000
122475  -4.825  -84.749  19.156 0.5000000000
122614  -7.195  -82.011  21.806 0.6999999881
122679  -3.463  -82.735  17.714 0.5000000000
122724  -15.264  -76.925  19.081 0.6000000238
122751  -2.784  -83.080  19.331 0.5000000000
123471  -11.648  -78.942  14.599 0.6000000238
123569  -13.600  -79.294  15.300 0.6000000238
123646  -13.996  -83.416  12.534 0.6000000238
123777  -1.989  -64.709  22.880 0.6000000238
124254  -2.150  -68.766  25.979 0.6999999881
124276  -5.509  -84.480  18.891 0.6000000238
124346  -0.270  -65.981  25.315 0.6999999881
124428  -17.557  -82.194  12.086 0.5000000000
124668  -0.850  -67.258  22.585 0.6000000238
125036  -25.372  -90.024  18.921 0.4000000060
125102  -11.986  -58.361  25.452 0.3000000119
125147  -1.015  -67.029  27.136 0.6999999881
125164  -8.372  -81.065  17.766 0.6999999881
125429  -23.535  -83.346  17.327 0.5000000000
125525  -11.213  -74.912  12.654 0.5000000000
125677  -1.141  -64.592  23.896 0.5000000000
125704  -3.019  -61.489  24.643 0.5000000000
126075  -5.190  -79.276  12.276 0.5000000000
126629  -1.578  -71.799  17.491 0.6000000238
126843  -10.685  -82.705  13.165 0.6000000238
127046  -11.085  -76.243  22.701 0.5000000000
127051  -7.342  -79.689  21.436 0.6999999881
127169  -14.663  -75.279  14.749 0.5000000000
128103  -3.050  -71.721  16.601 0.6999999881
128515  -5.172  -69.117  30.657 0.6999999881
128933  -14.307  -83.707  13.945 0.6999999881
129120  -0.467  -64.664  26.152 0.6999999881
129132  -19.994  -84.209  19.640 0.5000000000
129297  -5.494  -64.362  26.357 0.4000000060
129526  -7.746  -83.107  20.171 0.6999999881
129542  -5.064  -72.639  15.470 0.6000000238
129617  -10.489  -62.839  21.440 0.3000000119
129649  -16.626  -87.335  15.939 0.4000000060
129717  -21.658  -89.821  16.856 0.6999999881
130393  -10.799  -76.203  19.216 0.5000000000
130726  -12.893  -83.424  12.244 0.6000000238
131166  -8.625  -62.199  28.405 0.3000000119
131524  -10.038  -62.116  27.949 0.4000000060
132132  -12.663  -77.538  17.567 0.6000000238
132277  -6.392  -72.585  17.479 0.8000000119
133164  -11.735  -62.969  24.032 0.3000000119
133818  -6.685  -78.641  13.481 0.6000000238
134114  -27.340  -87.346  17.791 0.4000000060
134449  -18.196  -86.243  12.667 0.5000000000
134746  -14.905  -81.434  9.810 0.5000000000
134975  -14.157  -79.030  14.393 0.6000000238
135052  -13.896  -75.643  21.240 0.6000000238
135697  -6.499  -70.038  19.737 0.6999999881
135706  -13.102  -75.726  23.167 0.5000000000
136374  -21.618  -86.434  17.620 0.6999999881
136956  -8.764  -78.516  22.213 0.6000000238
137014  -9.272  -81.523  20.872 0.6999999881
137165  -18.224  -83.605  14.895 0.5000000000
137599  -4.349  -79.412  12.193 0.5000000000
137789  -7.326  -78.587  12.926 0.6000000238
138098  -9.392  -77.763  15.256 0.5000000000
138583  -6.486  -65.289  23.119 0.5000000000
138671  -27.985  -86.347  19.067 0.4000000060
138893  -6.576  -80.864  21.209 0.6999999881
139074  -0.098  -64.752  25.631 0.8000000119
139148  -13.745  -62.210  25.707 0.3000000119
139209  -18.996  -87.980  21.763 0.3000000119
139276  -27.153  -87.932  25.789 0.3000000119
139308  -2.528  -67.021  20.848 0.6000000238
139403  -0.934  -67.336  22.093 0.6000000238
139570  -12.539  -83.056  16.587 0.6999999881
139614  -11.321  -58.556  25.700 0.3000000119
139748  -25.283  -87.797  15.036 0.4000000060
139757  -18.156  -88.226  18.203 0.4000000060
139804  -20.979  -85.658  13.625 0.6000000238
139947  -15.982  -75.973  20.249 0.5000000000
140213  -4.567  -82.057  17.693 0.6000000238
140228  -16.970  -87.413  17.857 0.4000000060
140238  -6.911  -64.854  19.149 0.5000000000
140329  -3.695  -85.351  18.749 0.5000000000
140331  -9.827  -71.832  19.967 0.6999999881
140340  -12.642  -79.009  20.372 0.6000000238
140346  -19.564  -88.814  19.922 0.4000000060
140584  -6.809  -78.605  16.590 0.5000000000
140646  -7.214  -66.474  18.342 0.5000000000
140764  -21.225  -86.156  14.127 0.6000000238
141037  -7.572  -78.523  20.198 0.6999999881
141146  -20.195  -84.480  12.874 0.6000000238
141401  -9.225  -81.044  15.510 0.6999999881
141991  -7.011  -83.125  16.997 0.6999999881
142704  -8.823  -58.340  26.321 0.4000000060
143155  -4.265  -69.379  31.031 0.5000000000
143461  -18.151  -83.907  15.562 0.5000000000
143490  -14.265  -75.042  15.003 0.5000000000
143508  -1.404  -69.013  19.370 0.6000000238
143613  -4.414  -64.448  21.215 0.5000000000
143618  -0.897  -65.912  23.427 0.6000000238
143846  -17.770  -84.480  17.855 0.5000000000
143895  -24.364  -91.030  20.909 0.3000000119
143939  -3.725  -82.929  21.117 0.6000000238
144047  -7.430  -61.834  28.663 0.3000000119
144083  -10.529  -76.817  11.456 0.6000000238
144108  -19.586  -81.881  19.408 0.6000000238
144110  -10.495  -75.434  11.681 0.5000000000
144133  -30.003  -85.783  17.363 0.3000000119
144216  -6.121  -78.943  15.559 0.6000000238
144285  -12.623  -75.128  14.260 0.5000000000
