#!ascii label  , from subject sub-v1s8x0051342_ses-1 vox2ras=TkReg
824
123096  -21.984  -24.482  10.179 0.4285714328
57188  -22.512  -23.118  9.459 0.2857142985
132788  -23.187  -22.606  9.523 0.4285714328
136331  -23.889  -22.051  9.466 0.4285714328
58165  -22.397  -22.313  8.405 0.2857142985
58166  -23.110  -21.910  8.869 0.4285714328
59057  -23.914  -21.219  8.886 0.4285714328
126121  -23.037  -20.928  7.352 0.4285714328
60027  -23.554  -20.750  7.989 0.4285714328
125300  -23.267  -20.291  6.193 0.4285714328
60054  -23.912  -19.854  6.740 0.4285714328
61091  -23.543  -19.786  4.882 0.5714285970
61073  -23.710  -19.743  5.836 0.5714285970
61074  -24.381  -19.343  6.319 0.4285714328
62091  -24.764  -18.758  5.951 0.2857142985
61109  -23.984  -19.246  4.523 0.7142857313
62106  -24.611  -18.709  5.046 0.7142857313
63120  -25.602  -17.563  5.174 0.7142857313
62092  -25.248  -18.217  5.560 0.5714285970
137974  -26.477  -16.557  5.187 0.5714285970
62128  -24.815  -18.075  3.706 0.5714285970
64163  -25.899  -16.898  3.978 0.5714285970
64164  -26.399  -16.363  4.537 0.5714285970
63153  -25.280  -17.379  3.422 0.5714285970
64165  -26.937  -16.015  5.085 0.4285714328
65186  -26.467  -15.380  3.472 0.5714285970
65187  -27.225  -14.970  4.066 0.5714285970
64188  -25.482  -16.231  2.396 0.7142857313
66122  -26.921  -14.597  3.325 0.7142857313
66123  -27.597  -14.284  3.802 0.5714285970
137410  -25.846  -15.924  3.168 0.5714285970
63186  -24.182  -17.067  1.628 0.5714285970
66132  -25.944  -14.904  2.152 0.8571428657
119881  -27.354  -13.894  3.134 0.7142857313
138819  -27.851  -13.689  3.635 0.5714285970
139099  -25.633  -15.592  1.958 0.7142857313
131668  -24.707  -15.640  0.820 0.5714285970
66134  -27.122  -13.396  2.483 0.7142857313
67072  -28.341  -13.297  3.840 0.5714285970
66133  -26.584  -14.208  2.505 0.7142857313
68063  -27.474  -12.589  2.359 0.5714285970
143201  -26.466  -13.570  1.986 0.7142857313
68064  -28.117  -12.213  2.866 0.5714285970
66148  -25.917  -14.161  1.553 0.5714285970
67094  -26.228  -13.349  1.251 0.7142857313
69089  -27.768  -11.766  2.165 0.7142857313
68076  -26.470  -12.575  1.083 0.7142857313
68077  -27.137  -12.181  1.631 0.7142857313
69104  -26.716  -11.806  0.960 0.7142857313
70146  -27.591  -10.479  1.077 0.7142857313
70131  -28.117  -10.873  1.975 0.5714285970
67109  -25.171  -13.587  0.450 0.5714285970
71088  -27.983  -9.592  1.139 0.5714285970
131420  -28.315  -8.843  1.136 0.5714285970
139704  -26.354  -11.510  0.370 0.8571428657
119937  -26.036  -12.139  0.416 0.8571428657
71104  -27.363  -9.706  0.310 0.7142857313
69119  -26.362  -10.934  0.009 0.8571428657
70161  -27.000  -10.497  0.309 0.7142857313
72084  -27.269  -8.442  -0.939 0.8571428657
72066  -28.104  -8.413  0.453 0.5714285970
71126  -27.026  -9.305  -0.654 0.8571428657
71125  -26.406  -9.595  -1.139 0.8571428657
70160  -26.586  -10.191  -0.491 0.8571428657
72101  -26.819  -7.990  -1.884 0.8571428657
73042  -27.085  -7.100  -2.186 0.8571428657
73054  -27.133  -6.565  -2.391 0.8571428657
73041  -26.326  -7.448  -2.589 0.8571428657
73052  -26.063  -7.133  -2.678 1.0000000000
73053  -26.537  -6.784  -2.555 1.0000000000
72100  -25.942  -8.325  -2.360 0.8571428657
138100  -25.789  -7.598  -2.773 1.0000000000
75287  -25.993  -6.101  -2.138 1.0000000000
76363  -25.091  -5.035  -1.782 0.7142857313
132271  -26.217  -6.516  -2.471 1.0000000000
74101  -25.642  -6.514  -2.046 1.0000000000
124562  -25.239  -2.712  -2.797 1.0000000000
120324  -24.123  -2.477  -2.631 0.8571428657
79084  -24.386  -1.232  -3.418 0.8571428657
78223  -24.055  -1.785  -2.995 1.0000000000
80643  -25.132  0.288  -4.077 0.8571428657
79880  -24.952  -0.523  -3.700 0.8571428657
82397  -24.911  1.841  -3.866 0.8571428657
81491  -25.320  1.110  -4.256 0.8571428657
82407  -25.055  2.798  -4.024 0.7142857313
82387  -23.739  1.480  -2.897 0.5714285970
83326  -24.415  3.537  -3.704 0.7142857313
83336  -24.743  3.565  -4.204 0.5714285970
84227  -22.555  4.156  -3.248 0.5714285970
82395  -23.535  2.725  -2.960 0.5714285970
84238  -23.585  5.040  -4.368 0.4285714328
144088  -21.627  6.858  -2.699 0.2857142985
85179  -21.162  6.033  -2.533 0.2857142985
86080  -22.225  7.534  -2.256 0.2857142985
138371  -22.634  -22.529  9.050 0.2857142985
64177  -26.202  -16.171  3.791 0.5714285970
67071  -27.784  -13.070  3.161 0.5714285970
69120  -26.974  -11.133  0.651 0.7142857313
72065  -27.583  -8.828  -0.063 0.8571428657
72085  -27.939  -8.049  -0.394 0.8571428657
73025  -27.466  -7.566  -1.243 0.8571428657
74092  -27.491  -6.577  -2.191 0.8571428657
143907  -24.150  7.710  -1.759 0.1428571492
58164  -21.625  -22.758  7.907 0.2857142985
140094  -22.167  -22.107  7.634 0.2857142985
59066  -22.695  -21.673  8.095 0.2857142985
59067  -23.278  -21.354  8.343 0.4285714328
60039  -24.121  -20.093  7.621 0.4285714328
59079  -22.473  -21.507  7.175 0.2857142985
59080  -23.023  -21.241  7.797 0.4285714328
61047  -24.771  -19.703  8.136 0.4285714328
60075  -22.678  -20.782  5.491 0.5714285970
126842  -25.440  -18.361  6.505 0.4285714328
61132  -23.499  -19.457  3.429 0.2857142985
121159  -24.388  -18.680  4.127 0.7142857313
62107  -25.072  -18.168  4.634 0.7142857313
63138  -25.474  -17.532  4.273 0.4285714328
63152  -24.585  -17.872  2.792 0.5714285970
65174  -27.621  -15.371  4.886 0.4285714328
137765  -24.517  -17.306  2.176 0.7142857313
63171  -25.038  -17.028  2.649 0.7142857313
65173  -26.773  -15.657  4.343 0.7142857313
65199  -26.382  -14.925  2.830 0.7142857313
64198  -24.413  -16.333  1.240 0.5714285970
65211  -25.156  -16.007  1.509 0.5714285970
69090  -28.396  -11.423  2.680 0.5714285970
122917  -25.406  -15.127  1.266 0.5714285970
68050  -28.459  -12.577  3.556 0.5714285970
67083  -26.785  -12.912  1.848 0.7142857313
67093  -25.708  -13.717  0.849 0.8571428657
74103  -26.733  -6.134  -2.490 1.0000000000
73039  -24.884  -7.625  -2.458 1.0000000000
75286  -25.510  -5.828  -1.751 0.8571428657
76362  -24.062  -4.204  -1.846 0.7142857313
132358  -25.059  -4.337  -1.967 1.0000000000
137442  -25.989  -4.404  -2.106 1.0000000000
77325  -24.083  -3.286  -2.246 0.7142857313
77327  -26.114  -3.656  -2.656 1.0000000000
80642  -24.032  -0.030  -3.928 0.8571428657
78231  -25.027  -1.874  -3.103 1.0000000000
84231  -23.115  4.533  -3.757 0.7142857313
82396  -24.294  2.551  -3.375 0.5714285970
83325  -23.539  3.578  -3.359 0.7142857313
141743  -23.926  4.027  -3.679 0.7142857313
139673  -22.358  3.909  -2.751 0.4285714328
85180  -21.922  6.135  -3.391 0.2857142985
130989  -22.580  5.472  -4.051 0.4285714328
84232  -24.187  4.251  -4.085 0.4285714328
86092  -22.247  7.080  -3.200 0.2857142985
62127  -24.266  -18.888  3.084 0.4285714328
62147  -24.009  -18.369  2.611 0.4285714328
84230  -22.033  5.121  -3.434 0.4285714328
56285  -22.265  -23.854  9.857 0.4285714328
57177  -23.132  -23.418  10.198 0.4285714328
57197  -22.058  -22.947  8.768 0.2857142985
57187  -21.821  -23.578  9.197 0.2857142985
58154  -23.915  -22.787  10.022 0.4285714328
60053  -22.799  -20.857  6.583 0.2857142985
123989  -23.431  -20.428  7.101 0.4285714328
60076  -23.206  -20.215  5.340 0.4285714328
61108  -23.547  -19.960  3.963 0.2857142985
61092  -24.192  -19.275  5.428 0.4285714328
64176  -25.580  -16.584  3.262 0.5714285970
65198  -25.958  -15.496  2.666 0.7142857313
66108  -27.971  -14.621  4.440 0.5714285970
64187  -24.835  -16.725  1.853 0.7142857313
66147  -25.341  -14.346  0.759 0.7142857313
69105  -27.416  -11.387  1.404 0.7142857313
67110  -25.718  -12.964  0.527 0.8571428657
71105  -27.820  -9.051  0.649 0.8571428657
72083  -26.553  -8.837  -1.443 0.8571428657
70174  -25.847  -10.904  -0.792 0.8571428657
81490  -24.614  0.847  -3.851 0.8571428657
83319  -22.937  3.367  -2.899 0.5714285970
84226  -21.737  4.693  -2.710 0.4285714328
86079  -21.202  7.312  -1.771 0.2857142985
86994  -23.340  7.609  -1.878 0.1428571492
77326  -25.084  -3.554  -2.335 1.0000000000
86118  -23.884  6.273  -6.685 0.2857142985
87044  -23.606  7.616  -6.126 0.1428571492
120715  -23.591  6.071  -5.210 0.2857142985
87933  -23.547  8.514  -5.449 0.1428571492
119759  -22.608  6.418  -3.978 0.1428571492
86100  -23.162  6.792  -4.712 0.1428571492
85209  -24.303  5.602  -7.071 0.2857142985
85200  -23.894  5.773  -5.975 0.2857142985
82436  -25.644  2.134  -7.569 0.2857142985
83359  -25.183  3.701  -6.687 0.2857142985
85201  -23.975  5.340  -5.099 0.2857142985
82419  -25.580  2.555  -5.540 0.2857142985
121665  -24.286  5.011  -6.062 0.2857142985
81515  -25.856  0.168  -7.233 0.1428571492
82425  -25.705  2.651  -6.618 0.2857142985
84249  -24.831  4.267  -5.947 0.2857142985
87034  -23.305  7.647  -5.179 0.1428571492
81517  -27.205  0.001  -7.843 0.1428571492
127528  -26.310  -0.438  -7.924 0.1428571492
123781  -25.776  1.592  -6.283 0.4285714328
83337  -25.110  3.110  -4.869 0.2857142985
79895  -26.137  -1.164  -5.976 0.2857142985
81508  -25.734  0.832  -5.873 0.4285714328
137092  -25.411  2.455  -4.756 0.2857142985
84239  -24.148  4.641  -4.741 0.2857142985
79102  -27.275  -1.918  -6.084 0.1428571492
80662  -26.249  -0.709  -6.584 0.2857142985
132936  -25.689  1.802  -5.205 0.4285714328
80653  -25.543  0.248  -4.726 0.5714285970
82408  -25.400  1.900  -4.439 0.7142857313
79094  -27.739  -2.378  -5.350 0.1428571492
79101  -26.570  -1.827  -5.921 0.1428571492
81501  -25.643  1.112  -4.875 0.7142857313
79890  -25.632  -0.876  -5.163 0.4285714328
78241  -27.801  -2.880  -4.608 0.2857142985
78240  -27.165  -3.004  -4.773 0.7142857313
137794  -26.005  -2.215  -4.337 0.8571428657
79881  -25.337  -0.586  -4.230 0.5714285970
78233  -28.209  -3.033  -3.863 0.2857142985
79092  -25.732  -1.519  -4.630 0.7142857313
80633  -23.017  -0.393  -4.203 0.5714285970
77344  -28.593  -3.299  -2.935 0.1428571492
77350  -26.724  -3.255  -4.233 0.7142857313
72096  -23.125  -8.085  -1.916 0.5714285970
74090  -25.204  -6.971  -2.142 0.8571428657
75277  -24.956  -6.203  -1.613 0.8571428657
74089  -24.342  -6.637  -1.792 0.4285714328
76366  -26.867  -4.450  -2.673 0.8571428657
77340  -26.239  -3.147  -3.490 0.8571428657
77330  -28.635  -3.931  -2.273 0.2857142985
77341  -26.788  -3.714  -3.353 0.8571428657
79085  -25.419  -1.479  -3.723 0.8571428657
77315  -29.193  -3.603  -1.618 0.4285714328
77342  -27.096  -3.816  -3.526 0.7142857313
77351  -27.018  -3.541  -4.157 0.7142857313
72082  -21.710  -8.254  -0.941 0.2857142985
73038  -24.039  -7.840  -2.169 0.5714285970
74102  -25.834  -6.829  -2.437 0.8571428657
76365  -26.424  -5.194  -2.251 0.8571428657
77328  -26.578  -4.295  -2.528 0.8571428657
76368  -28.030  -4.637  -2.388 0.4285714328
76367  -27.239  -4.956  -2.576 0.8571428657
76350  -28.799  -4.514  -1.591 0.4285714328
68091  -24.152  -12.737  0.013 0.7142857313
69129  -23.190  -11.454  -0.606 0.4285714328
140727  -24.657  -12.352  -0.261 0.7142857313
69131  -24.600  -11.369  -0.916 0.8571428657
70172  -23.676  -10.803  -1.234 0.5714285970
71123  -23.280  -10.038  -1.564 0.5714285970
71121  -21.553  -9.515  -0.503 0.4285714328
141502  -24.596  -10.360  -1.776 0.8571428657
70186  -24.003  -10.275  -1.828 0.5714285970
72097  -23.618  -8.598  -2.137 0.5714285970
123089  -25.876  -9.364  -1.797 0.8571428657
72098  -24.448  -8.560  -2.362 0.7142857313
74093  -27.966  -6.306  -1.901 0.7142857313
74104  -27.443  -6.178  -2.418 0.7142857313
75289  -27.266  -5.649  -2.512 0.7142857313
75288  -26.735  -5.411  -2.485 0.8571428657
124902  -28.992  -5.512  -0.426 0.2857142985
75268  -28.449  -5.824  -1.393 0.4285714328
76349  -28.337  -5.272  -1.952 0.5714285970
66146  -24.920  -14.967  0.570 0.4285714328
67107  -23.548  -13.442  0.284 0.4285714328
68089  -22.545  -12.550  0.301 0.4285714328
69118  -25.679  -11.573  -0.217 0.7142857313
69132  -25.203  -11.316  -0.803 0.7142857313
71138  -25.193  -9.951  -1.841 0.8571428657
73026  -28.108  -7.192  -0.667 0.7142857313
138942  -28.690  -6.142  -0.595 0.2857142985
74079  -28.243  -6.471  -1.031 0.5714285970
73043  -27.713  -6.839  -1.532 0.5714285970
65221  -24.227  -15.133  0.353 0.4285714328
66145  -22.497  -14.638  0.828 0.5714285970
67108  -24.569  -13.355  0.252 0.5714285970
122087  -28.437  -8.138  1.006 0.4285714328
73009  -28.455  -7.576  0.293 0.4285714328
74071  -28.980  -6.159  0.161 0.4285714328
74070  -28.627  -6.742  -0.215 0.4285714328
63185  -23.521  -17.285  1.764 0.5714285970
68038  -28.858  -12.855  4.179 0.4285714328
69076  -28.682  -11.818  3.375 0.4285714328
72034  -29.149  -8.976  2.178 0.4285714328
70147  -28.255  -10.126  1.630 0.4285714328
72035  -29.367  -8.337  2.355 0.4285714328
72049  -28.850  -8.444  1.661 0.4285714328
61057  -25.224  -19.226  7.810 0.1428571492
124924  -28.657  -10.773  2.580 0.4285714328
70133  -29.112  -10.342  2.866 0.4285714328
71077  -29.251  -9.604  2.525 0.4285714328
62076  -26.199  -17.835  6.841 0.1428571492
64129  -27.847  -16.184  6.192 0.2857142985
67051  -30.128  -13.352  5.939 0.2857142985
69068  -30.428  -11.404  4.896 0.2857142985
68039  -29.496  -12.398  4.462 0.2857142985
66109  -28.618  -14.236  4.682 0.4285714328
135748  -29.265  -13.163  4.625 0.2857142985
70108  -30.054  -10.941  4.281 0.2857142985
70124  -29.568  -10.556  3.609 0.4285714328
62045  -25.906  -18.796  7.910 0.1428571492
119771  -25.861  -18.378  7.217 0.1428571492
62074  -24.877  -18.904  6.676 0.1428571492
63095  -27.109  -17.472  7.235 0.2857142985
63103  -27.447  -16.814  6.631 0.2857142985
128645  -29.307  -15.446  6.964 0.2857142985
67036  -29.867  -14.074  6.349 0.2857142985
66097  -29.300  -14.279  5.694 0.2857142985
65160  -28.833  -14.846  5.713 0.2857142985
67050  -29.639  -13.705  5.639 0.2857142985
62058  -26.537  -18.187  7.572 0.1428571492
64109  -29.187  -16.668  7.999 0.2857142985
63096  -27.909  -17.464  7.819 0.2857142985
65140  -28.900  -16.224  7.297 0.2857142985
136458  -27.837  -17.034  7.233 0.2857142985
63102  -26.655  -17.229  6.349 0.2857142985
64130  -28.552  -15.849  6.560 0.2857142985
60028  -25.138  -20.086  8.833 0.1428571492
140014  -24.374  -20.430  8.470 0.2857142985
61048  -25.538  -19.459  8.435 0.1428571492
56269  -22.653  -24.327  10.562 0.2857142985
55441  -22.933  -25.160  11.181 0.2857142985
60018  -24.765  -20.771  9.202 0.2857142985
56270  -23.522  -24.237  10.902 0.1428571492
56268  -21.476  -24.997  10.187 0.2857142985
123556  -21.623  -25.590  10.601 0.1428571492
64108  -28.472  -16.895  7.592 0.2857142985
68027  -30.387  -12.663  5.691 0.2857142985
67060  -28.768  -13.564  4.424 0.4285714328
68051  -28.963  -12.224  3.914 0.4285714328
69067  -29.910  -11.701  4.507 0.2857142985
143458  -30.004  -10.375  4.023 0.2857142985
69130  -23.994  -11.439  -0.895 0.7142857313
130414  -29.529  -9.901  3.193 0.4285714328
71137  -24.502  -9.636  -2.092 0.5714285970
71076  -28.709  -9.431  1.754 0.4285714328
74054  -28.790  -6.802  0.764 0.2857142985
75258  -29.396  -5.582  0.542 0.2857142985
120997  -27.764  -5.307  -2.393 0.7142857313
122486  -24.401  1.389  -3.432 0.4285714328
75278  -28.723  -5.184  -1.217 0.2857142985
141363  -26.287  -2.814  -4.143 0.8571428657
77352  -27.436  -3.395  -4.180 0.5714285970
83349  -24.570  3.918  -5.020 0.2857142985
80661  -25.862  -0.375  -5.707 0.4285714328
87924  -23.454  8.435  -4.637 0.1428571492
84257  -24.717  4.641  -7.011 0.2857142985
141642  -21.365  -23.866  9.013 0.2857142985
58155  -24.617  -22.303  9.988 0.1428571492
62046  -27.413  -18.433  8.579 0.1428571492
63084  -27.994  -18.013  8.489 0.1428571492
64146  -27.030  -16.540  5.795 0.2857142985
64119  -28.179  -16.499  6.917 0.2857142985
135491  -28.850  -15.269  6.263 0.2857142985
66086  -30.441  -14.191  7.125 0.2857142985
64147  -27.578  -15.942  5.513 0.2857142985
65175  -28.410  -14.860  5.079 0.2857142985
66096  -28.884  -14.412  5.220 0.2857142985
124931  -30.557  -10.700  4.808 0.2857142985
71043  -30.685  -9.322  4.531 0.2857142985
68103  -24.322  -11.960  -0.525 0.7142857313
68104  -24.903  -11.842  -0.526 0.5714285970
70170  -21.914  -10.345  -0.421 0.4285714328
71066  -30.047  -9.776  3.802 0.4285714328
123565  -21.992  -8.952  -1.143 0.5714285970
71065  -29.733  -9.223  3.186 0.2857142985
142717  -22.594  -7.584  -1.662 0.2857142985
72018  -29.869  -8.345  3.100 0.1428571492
72050  -29.185  -7.761  1.926 0.4285714328
72997  -28.741  -7.562  1.274 0.4285714328
72998  -29.295  -6.938  1.709 0.1428571492
135817  -26.406  -5.931  -2.351 0.8571428657
74055  -29.298  -6.176  1.084 0.1428571492
76380  -27.368  -4.186  -2.820 0.7142857313
78232  -25.735  -2.394  -3.555 0.8571428657
78213  -29.590  -2.819  -1.799 0.2857142985
138823  -29.049  -3.294  -2.266 0.1428571492
77343  -27.711  -3.595  -3.319 0.4285714328
78234  -29.038  -2.501  -3.423 0.1428571492
78238  -26.365  -2.068  -5.117 0.5714285970
79103  -28.181  -1.647  -5.880 0.1428571492
87030  -23.287  7.817  -4.196 0.1428571492
79100  -26.006  -1.576  -5.468 0.5714285970
79896  -26.767  -1.258  -6.544 0.1428571492
79902  -26.623  -0.704  -7.061 0.1428571492
80670  -26.808  -0.564  -7.576 0.1428571492
82437  -25.532  0.943  -8.482 0.2857142985
81516  -26.051  -0.037  -8.306 0.1428571492
58145  -25.226  -22.675  10.446 0.1428571492
61038  -26.684  -19.606  9.323 0.1428571492
76326  -29.530  -4.922  0.241 0.2857142985
81527  -26.858  0.623  -8.457 0.1428571492
143831  -25.029  1.591  -8.903 0.2857142985
56284  -21.431  -24.328  9.512 0.2857142985
57178  -24.095  -23.501  10.578 0.1428571492
58144  -24.573  -22.946  10.367 0.1428571492
59058  -24.645  -21.551  9.559 0.1428571492
61075  -24.632  -19.392  7.245 0.1428571492
62075  -25.298  -18.816  7.235 0.1428571492
63101  -25.841  -17.659  6.028 0.2857142985
63121  -26.243  -17.082  5.557 0.4285714328
66124  -28.211  -13.955  4.137 0.4285714328
68092  -24.886  -12.872  0.094 0.5714285970
66161  -24.610  -14.200  0.397 0.4285714328
130263  -25.260  -12.285  -0.017 0.7142857313
71124  -25.868  -10.193  -1.302 0.7142857313
74091  -25.541  -7.355  -2.635 0.8571428657
73040  -25.278  -8.026  -2.674 0.8571428657
76364  -25.822  -5.226  -1.900 0.8571428657
63170  -24.035  -17.733  2.142 0.5714285970
65159  -28.261  -15.493  5.720 0.2857142985
70123  -28.919  -11.047  3.204 0.4285714328
85191  -23.228  5.848  -4.596 0.2857142985
70187  -25.099  -10.773  -1.339 0.8571428657
86107  -23.628  6.701  -5.823 0.2857142985
127856  -23.480  6.922  -7.028 0.1428571492
83350  -25.310  3.430  -5.751 0.2857142985
124666  -24.377  4.641  -5.346 0.2857142985
82426  -25.864  1.285  -7.392 0.1428571492
80669  -26.222  -0.479  -7.330 0.1428571492
130378  -25.713  0.391  -5.452 0.4285714328
79897  -27.694  -1.236  -6.446 0.1428571492
79093  -26.965  -2.411  -5.480 0.1428571492
80668  -25.947  -0.048  -6.385 0.2857142985
78239  -26.627  -2.680  -4.741 0.7142857313
77329  -28.011  -3.911  -2.697 0.4285714328
126625  -24.486  -7.237  -2.091 0.5714285970
74088  -23.230  -6.290  -1.628 0.4285714328
73037  -23.494  -7.193  -1.880 0.4285714328
68090  -23.369  -12.669  0.123 0.5714285970
68101  -23.070  -12.121  -0.138 0.4285714328
70173  -24.311  -10.890  -1.414 0.7142857313
70171  -22.863  -10.581  -0.859 0.4285714328
71136  -23.756  -9.414  -2.066 0.5714285970
71122  -22.445  -9.754  -1.041 0.4285714328
72099  -25.179  -8.985  -2.262 0.8571428657
75290  -27.948  -5.799  -2.230 0.7142857313
66159  -23.028  -14.160  0.399 0.5714285970
69077  -29.371  -11.526  3.908 0.4285714328
70132  -28.755  -10.213  2.172 0.4285714328
129134  -29.477  -8.918  2.660 0.4285714328
68026  -29.774  -13.054  5.175 0.2857142985
66110  -29.211  -13.803  5.024 0.2857142985
61050  -27.067  -18.923  8.972 0.1428571492
119948  -26.742  -18.562  8.301 0.1428571492
65155  -29.336  -14.778  6.331 0.2857142985
62059  -27.285  -18.012  8.005 0.1428571492
55442  -23.948  -25.019  11.365 0.1428571492
131574  -22.100  -25.014  10.720 0.1428571492
56271  -24.417  -24.206  11.150 0.1428571492
124463  -23.045  7.338  -3.712 0.1428571492
79870  -22.743  -0.869  -4.239 0.5714285970
78221  -23.208  -1.144  -2.516 0.4285714328
79072  -22.711  -1.240  -4.057 0.4285714328
79073  -23.190  -1.398  -4.031 0.5714285970
78222  -23.696  -1.169  -3.393 0.4285714328
79871  -23.528  -0.736  -4.090 0.4285714328
76348  -22.893  -3.763  -1.775 0.4285714328
77324  -23.203  -2.930  -2.064 0.4285714328
120461  -23.438  -1.992  -2.497 0.5714285970
75285  -24.603  -5.335  -1.707 0.5714285970
69053  -31.374  -11.085  6.196 0.1428571492
70084  -30.892  -10.873  5.446 0.1428571492
70110  -31.003  -9.945  5.192 0.1428571492
60110  -22.522  -20.477  4.144 0.2857142985
68040  -30.173  -12.201  5.014 0.1428571492
121645  -32.834  -10.919  7.117 0.1428571492
69032  -31.981  -11.416  6.901 0.1428571492
70064  -33.469  -10.398  6.821 0.1428571492
69054  -32.377  -10.483  6.535 0.1428571492
70065  -34.402  -10.539  6.830 0.1428571492
60095  -22.424  -20.749  4.797 0.2857142985
67037  -30.958  -12.982  6.847 0.1428571492
67982  -32.213  -12.282  7.611 0.1428571492
143704  -30.557  -13.017  6.265 0.1428571492
141227  -32.078  -11.882  7.280 0.1428571492
69016  -35.161  -11.666  7.139 0.1428571492
68008  -32.841  -11.615  7.502 0.1428571492
68052  -35.892  -12.495  3.901 0.1428571492
69055  -35.682  -11.717  6.200 0.1428571492
140059  -35.825  -11.329  4.889 0.1428571492
59128  -21.787  -20.796  4.803 0.2857142985
139039  -30.239  -15.491  7.947 0.1428571492
66042  -31.201  -14.673  8.348 0.1428571492
141024  -29.919  -15.296  7.493 0.1428571492
67012  -30.977  -13.614  7.347 0.1428571492
128647  -33.449  -12.794  8.479 0.1428571492
66066  -31.629  -13.680  8.249 0.1428571492
142839  -33.934  -12.214  8.315 0.1428571492
67014  -32.398  -12.830  8.217 0.1428571492
67986  -35.316  -12.339  7.525 0.1428571492
67052  -35.976  -13.279  5.248 0.1428571492
69069  -35.907  -11.851  5.264 0.1428571492
59110  -22.092  -21.283  5.354 0.2857142985
59092  -21.671  -21.680  5.991 0.2857142985
59091  -20.878  -21.694  6.059 0.2857142985
64110  -29.786  -16.446  8.369 0.1428571492
65083  -30.872  -15.915  8.998 0.1428571492
65117  -30.765  -15.387  8.367 0.1428571492
66991  -33.993  -13.350  8.839 0.1428571492
67966  -35.169  -12.796  8.072 0.1428571492
68028  -35.962  -12.510  5.759 0.1428571492
67016  -35.690  -13.029  7.330 0.1428571492
68065  -35.624  -12.403  3.152 0.1428571492
67073  -35.495  -13.127  3.426 0.1428571492
63086  -29.539  -17.046  8.642 0.1428571492
63087  -30.307  -16.655  8.982 0.1428571492
137923  -32.266  -15.219  9.623 0.1428571492
65084  -31.616  -15.830  9.571 0.1428571492
65088  -35.038  -14.736  9.088 0.1428571492
65118  -31.423  -15.240  9.012 0.1428571492
132507  -35.267  -14.166  8.458 0.1428571492
66043  -33.505  -13.967  9.392 0.1428571492
66992  -34.870  -13.444  8.475 0.1428571492
67061  -35.829  -13.290  4.289 0.1428571492
139471  -36.034  -14.054  6.250 0.1428571492
63068  -29.870  -17.393  9.327 0.1428571492
64064  -33.418  -16.689  10.871 0.1428571492
130060  -31.944  -16.348  10.251 0.1428571492
64091  -31.087  -16.484  9.628 0.1428571492
65085  -33.110  -15.374  10.217 0.1428571492
142816  -32.341  -15.712  10.131 0.1428571492
126375  -35.546  -15.016  8.219 0.1428571492
139389  -35.342  -15.425  9.008 0.1428571492
66067  -35.878  -14.860  7.304 0.1428571492
66087  -35.972  -14.693  6.483 0.1428571492
66993  -35.541  -13.595  7.924 0.1428571492
63052  -34.125  -17.362  11.118 0.1428571492
63071  -32.061  -16.933  10.576 0.1428571492
63070  -31.381  -17.004  10.245 0.1428571492
64094  -35.489  -16.945  9.260 0.1428571492
64065  -34.418  -16.767  10.506 0.1428571492
65120  -35.591  -15.921  8.391 0.1428571492
64111  -35.305  -16.183  9.314 0.1428571492
66098  -35.850  -14.514  5.668 0.1428571492
65156  -35.844  -15.508  6.657 0.1428571492
64093  -33.911  -15.864  10.427 0.1428571492
66019  -34.240  -14.630  9.585 0.1428571492
66990  -32.818  -13.467  8.766 0.1428571492
66085  -29.875  -14.759  7.018 0.1428571492
66136  -34.965  -13.771  2.888 0.1428571492
137227  -35.206  -12.877  2.441 0.1428571492
68041  -35.970  -12.560  4.790 0.1428571492
69015  -34.458  -11.474  7.529 0.1428571492
69052  -30.734  -11.792  5.695 0.1428571492
70085  -31.573  -10.256  5.919 0.1428571492
58200  -21.882  -21.879  6.648 0.2857142985
66126  -35.409  -14.011  3.766 0.1428571492
68079  -35.073  -12.325  1.623 0.1428571492
119712  -35.533  -11.871  2.462 0.1428571492
125203  -35.947  -11.851  4.388 0.1428571492
126884  -35.839  -11.677  3.463 0.1428571492
70089  -35.351  -10.384  5.799 0.1428571492
128552  -35.854  -11.086  4.220 0.1428571492
70109  -30.386  -10.195  4.419 0.1428571492
127615  -22.628  -0.576  -4.246 0.4285714328
138576  -23.874  0.157  -3.536 0.4285714328
82447  -25.321  0.800  -9.136 0.1428571492
59093  -22.281  -21.458  6.111 0.2857142985
83368  -25.252  2.366  -8.252 0.1428571492
63085  -28.714  -17.380  8.375 0.1428571492
65141  -29.661  -15.930  7.789 0.1428571492
136786  -30.497  -13.559  6.622 0.1428571492
72019  -30.354  -8.753  3.818 0.1428571492
68006  -30.848  -12.424  6.325 0.1428571492
69031  -31.248  -11.802  6.421 0.1428571492
69033  -33.772  -11.042  7.346 0.1428571492
67984  -33.836  -11.703  7.878 0.1428571492
68007  -31.506  -12.250  6.997 0.1428571492
69034  -34.653  -11.076  7.126 0.1428571492
70087  -34.157  -9.866  6.491 0.1428571492
70066  -35.185  -10.932  6.471 0.1428571492
67013  -31.559  -12.929  7.567 0.1428571492
68009  -35.682  -12.407  6.723 0.1428571492
67983  -33.121  -12.188  8.091 0.1428571492
123059  -35.660  -11.132  5.621 0.1428571492
121843  -30.293  -15.977  8.395 0.1428571492
65142  -30.501  -14.880  7.702 0.1428571492
66065  -30.919  -14.226  7.750 0.1428571492
67015  -34.392  -12.769  8.394 0.1428571492
67985  -34.684  -12.059  7.963 0.1428571492
67038  -35.979  -13.290  6.302 0.1428571492
122661  -32.180  -14.357  9.146 0.1428571492
66044  -34.602  -13.976  9.101 0.1428571492
122339  -35.966  -13.961  7.096 0.1428571492
125849  -35.991  -13.857  5.642 0.1428571492
63069  -30.610  -17.173  9.775 0.1428571492
132827  -32.895  -16.023  10.565 0.1428571492
65119  -33.191  -14.742  9.728 0.1428571492
65086  -33.888  -15.148  10.023 0.1428571492
65143  -35.770  -15.689  7.519 0.1428571492
65161  -35.714  -15.296  5.840 0.1428571492
65087  -34.667  -15.444  9.655 0.1428571492
141549  -34.742  -16.167  10.060 0.1428571492
55438  -20.128  -26.134  9.983 0.1428571492
55452  -20.942  -25.021  9.728 0.1428571492
55450  -19.519  -25.572  9.650 0.1428571492
55451  -20.331  -25.391  9.587 0.1428571492
56283  -20.576  -24.685  9.251 0.1428571492
56295  -20.894  -24.108  8.829 0.1428571492
57196  -21.326  -23.496  8.510 0.1428571492
57211  -20.185  -23.322  7.573 0.1428571492
58181  -20.849  -22.755  7.149 0.1428571492
57212  -20.915  -23.289  7.807 0.1428571492
58182  -21.635  -22.296  7.144 0.1428571492
57210  -19.344  -23.014  7.628 0.1428571492
58180  -19.943  -22.749  7.002 0.1428571492
58198  -20.426  -22.208  6.571 0.1428571492
58199  -21.236  -22.135  6.554 0.1428571492
136696  -19.219  -21.095  6.233 0.1428571492
59107  -19.695  -20.828  5.750 0.1428571492
60074  -21.007  -20.764  5.262 0.1428571492
59108  -20.503  -21.151  5.624 0.1428571492
60094  -20.958  -20.281  4.756 0.2857142985
61107  -21.735  -20.112  4.175 0.1428571492
60111  -23.110  -20.213  3.648 0.1428571492
61131  -22.994  -19.501  3.209 0.2857142985
64195  -22.328  -15.936  1.386 0.4285714328
65210  -23.937  -15.901  0.624 0.4285714328
65220  -23.337  -15.122  0.511 0.4285714328
75276  -24.007  -5.786  -1.577 0.2857142985
75275  -22.541  -4.429  -1.701 0.2857142985
75284  -23.497  -4.777  -1.753 0.2857142985
79070  -22.070  -1.172  -2.121 0.2857142985
79071  -22.439  -1.112  -3.580 0.2857142985
79869  -22.400  -0.820  -4.060 0.4285714328
59109  -21.367  -21.289  5.500 0.1428571492
61105  -19.962  -19.169  4.601 0.1428571492
61106  -20.789  -19.401  4.338 0.2857142985
131009  -20.105  -24.347  8.683 0.1428571492
59078  -19.149  -21.638  6.664 0.1428571492
60073  -20.279  -20.506  5.270 0.1428571492
61090  -20.143  -19.821  4.892 0.1428571492
62105  -20.147  -18.546  4.263 0.2857142985
61130  -22.460  -20.001  3.519 0.2857142985
61129  -21.614  -19.357  3.655 0.2857142985
62125  -21.523  -18.486  3.299 0.2857142985
62126  -22.285  -19.085  3.218 0.2857142985
62146  -23.614  -18.938  2.877 0.2857142985
73036  -22.409  -6.847  -1.568 0.2857142985
74087  -22.043  -5.898  -1.547 0.2857142985
127619  -22.833  -5.308  -1.628 0.2857142985
75274  -21.693  -4.751  -1.572 0.2857142985
77313  -21.894  -2.076  -1.654 0.2857142985
122407  -21.158  -2.260  -1.632 0.2857142985
78220  -22.470  -1.192  -2.184 0.2857142985
62145  -22.862  -18.714  2.775 0.2857142985
76347  -21.947  -3.718  -1.757 0.2857142985
124477  -21.517  -2.951  -1.676 0.2857142985
77314  -22.322  -2.819  -1.820 0.2857142985
137223  -21.305  -2.521  -1.628 0.2857142985
77323  -22.849  -2.008  -2.075 0.2857142985
75273  -20.720  -4.679  -1.303 0.2857142985
76336  -20.443  -3.963  -1.223 0.2857142985
76346  -21.154  -3.803  -1.508 0.2857142985
64196  -22.926  -16.643  1.518 0.4285714328
64197  -23.716  -16.545  1.254 0.4285714328
63169  -23.353  -18.090  2.364 0.4285714328
57195  -20.504  -23.771  8.216 0.1428571492
59090  -19.934  -21.541  6.212 0.1428571492
58197  -19.731  -22.131  6.675 0.1428571492
58179  -19.187  -22.272  7.179 0.1428571492
63184  -22.701  -17.388  2.008 0.4285714328
77312  -20.903  -3.092  -1.537 0.2857142985
66144  -21.809  -14.252  1.106 0.2857142985
67106  -22.803  -13.299  0.398 0.2857142985
84288  -23.714  4.464  -10.410 0.1428571492
83374  -24.237  4.046  -9.332 0.1428571492
126655  -24.954  3.553  -8.296 0.1428571492
85241  -23.960  4.933  -10.853 0.1428571492
84267  -24.544  4.647  -8.280 0.1428571492
86130  -23.277  6.929  -8.479 0.1428571492
66158  -22.272  -13.851  0.713 0.2857142985
67105  -21.996  -13.097  0.657 0.2857142985
83375  -24.412  2.629  -9.156 0.1428571492
83384  -23.970  3.646  -10.787 0.1428571492
83367  -25.416  3.136  -7.457 0.1428571492
142981  -24.422  5.135  -7.661 0.1428571492
84266  -24.055  5.666  -8.507 0.1428571492
125514  -23.350  6.461  -9.189 0.1428571492
86131  -23.741  6.312  -7.765 0.1428571492
138039  -25.105  3.997  -7.548 0.1428571492
65209  -23.159  -15.923  1.014 0.2857142985
84278  -23.672  5.064  -9.642 0.1428571492
85230  -23.604  5.558  -10.300 0.1428571492
83379  -23.925  3.479  -9.952 0.1428571492
141361  -20.422  -5.209  -1.072 0.1428571492
74086  -20.960  -5.595  -1.247 0.1428571492
78184  -19.745  -2.996  -0.575 0.1428571492
78210  -20.472  -2.198  -1.441 0.1428571492
74078  -21.435  -6.538  -1.201 0.1428571492
77311  -20.592  -2.555  -1.446 0.1428571492
79060  -20.631  -1.871  -1.553 0.1428571492
79061  -20.972  -1.619  -1.702 0.1428571492
79860  -20.903  -1.562  -1.709 0.2857142985
69128  -22.325  -11.057  -0.338 0.2857142985
70159  -21.314  -11.058  0.197 0.1428571492
72081  -21.092  -7.944  -0.557 0.1428571492
73023  -21.767  -7.500  -1.174 0.1428571492
139813  -20.698  -6.315  -0.842 0.1428571492
75267  -20.093  -4.823  -0.886 0.1428571492
78212  -21.719  -1.689  -1.713 0.1428571492
79862  -22.356  -0.970  -2.701 0.1428571492
79861  -21.451  -1.194  -1.928 0.1428571492
130952  -21.386  -0.892  -2.000 0.2857142985
124191  -23.131  -0.035  -3.120 0.2857142985
83317  -21.915  3.624  -1.773 0.2857142985
83313  -21.218  4.172  -1.295 0.2857142985
84225  -21.807  4.184  -2.100 0.2857142985
86071  -22.713  7.394  -1.071 0.1428571492
80631  -22.422  -0.442  -4.038 0.2857142985
136968  -22.511  -0.550  -2.797 0.2857142985
124624  -22.984  -0.229  -3.464 0.2857142985
81481  -22.752  0.470  -2.598 0.2857142985
82384  -21.685  2.639  -1.305 0.2857142985
82386  -23.092  2.392  -2.615 0.2857142985
82385  -22.674  2.013  -2.208 0.2857142985
84201  -20.724  4.680  -0.929 0.2857142985
82375  -21.246  2.805  -0.710 0.1428571492
82374  -20.832  2.126  -0.479 0.1428571492
80624  -19.923  0.016  -1.195 0.2857142985
84214  -20.652  5.256  -1.676 0.1428571492
84213  -21.052  4.458  -1.392 0.2857142985
129071  -20.481  6.521  -1.359 0.1428571492
85167  -20.203  5.989  -0.375 0.1428571492
138950  -19.505  -0.619  -0.316 0.2857142985
84191  -21.656  4.182  -0.006 0.1428571492
86062  -22.724  7.184  0.014 0.1428571492
85155  -20.549  5.418  -0.315 0.1428571492
79821  -19.740  -1.218  0.460 0.1428571492
140142  -20.620  -8.461  -0.166 0.1428571492
73021  -20.166  -6.653  -0.387 0.1428571492
77303  -29.459  -3.902  -0.806 0.1428571492
74066  -19.656  -6.106  -0.154 0.1428571492
133219  -19.581  -4.757  -0.315 0.1428571492
76318  -19.293  -4.346  0.149 0.1428571492
76319  -19.696  -4.057  -0.522 0.1428571492
131459  -19.189  -3.604  0.383 0.1428571492
130612  -20.279  -2.172  -1.257 0.1428571492
79062  -21.526  -1.280  -1.872 0.1428571492
79854  -20.573  -1.820  -1.522 0.2857142985
81480  -22.225  0.162  -2.502 0.1428571492
82383  -21.108  2.040  -1.051 0.1428571492
127735  -22.430  0.886  -2.298 0.1428571492
137557  -22.086  4.879  0.148 0.1428571492
85157  -22.143  6.763  -0.043 0.1428571492
86070  -21.267  7.094  -0.282 0.1428571492
76337  -29.199  -4.715  -0.625 0.1428571492
76338  -29.853  -4.183  0.037 0.1428571492
83318  -22.554  3.292  -2.355 0.2857142985
87006  -23.007  7.780  -2.713 0.1428571492
80632  -22.732  -0.228  -4.050 0.2857142985
129937  -21.295  -8.722  -0.527 0.1428571492
71120  -20.685  -9.221  -0.004 0.1428571492
75239  -29.729  -5.641  1.267 0.1428571492
80630  -22.425  -0.806  -3.374 0.1428571492
74077  -20.184  -5.721  -0.746 0.1428571492
76335  -19.973  -4.187  -0.842 0.1428571492
77302  -20.146  -3.429  -1.054 0.1428571492
133743  -19.076  -5.016  0.425 0.1428571492
75251  -19.356  -5.532  0.142 0.1428571492
78202  -20.094  -2.770  -1.067 0.1428571492
78211  -20.906  -1.947  -1.629 0.1428571492
73022  -20.883  -7.104  -0.688 0.1428571492
79868  -21.973  -0.849  -2.414 0.2857142985
80629  -21.797  -0.600  -2.400 0.2857142985
81482  -23.284  0.126  -2.855 0.2857142985
125090  -23.070  1.262  -2.569 0.2857142985
85166  -20.516  5.092  -0.867 0.2857142985
87019  -23.596  8.325  -3.220 0.1428571492
81479  -20.967  1.190  -1.373 0.2857142985
63119  -19.029  -17.951  4.856 0.1428571492
62124  -20.862  -18.561  3.794 0.1428571492
63150  -20.924  -17.800  3.388 0.1428571492
143796  -19.006  -17.148  4.541 0.1428571492
64162  -19.229  -16.305  4.022 0.1428571492
65172  -18.734  -15.499  4.023 0.1428571492
130497  -20.389  -17.068  3.403 0.1428571492
125507  -19.389  -15.522  3.480 0.1428571492
64174  -19.855  -16.327  3.433 0.1428571492
63151  -21.482  -17.828  2.970 0.1428571492
65195  -19.639  -14.631  2.916 0.1428571492
141015  -20.899  -15.839  2.268 0.1428571492
64186  -22.072  -16.658  1.875 0.1428571492
65197  -21.521  -15.876  1.824 0.1428571492
65184  -18.916  -14.665  3.530 0.1428571492
65206  -20.981  -15.091  1.985 0.1428571492
66143  -20.981  -14.146  1.555 0.1428571492
67104  -21.264  -12.869  0.980 0.1428571492
68088  -21.637  -12.409  0.575 0.1428571492
63168  -22.560  -18.028  2.420 0.1428571492
62090  -18.901  -18.700  5.192 0.1428571492
141124  -18.686  -17.521  4.968 0.1428571492
63149  -19.711  -17.092  3.921 0.1428571492
83302  -21.347  3.526  -0.372 0.1428571492
69117  -22.222  -11.776  0.094 0.1428571492
65207  -21.798  -15.054  1.352 0.1428571492
63136  -19.588  -17.858  4.331 0.1428571492
63167  -21.852  -17.450  2.409 0.1428571492
63137  -20.255  -17.813  3.849 0.1428571492
64161  -18.516  -16.243  4.602 0.1428571492
65185  -19.938  -15.629  3.014 0.1428571492
64175  -20.524  -16.276  2.827 0.1428571492
63166  -21.095  -17.136  2.936 0.1428571492
65196  -20.340  -15.318  2.505 0.1428571492
66121  -18.996  -13.663  3.111 0.1428571492
64185  -21.301  -16.549  2.338 0.1428571492
65183  -18.374  -14.807  4.013 0.1428571492
63118  -18.375  -17.959  5.329 0.1428571492
60096  -23.072  -20.456  4.428 0.4285714328
61049  -26.313  -19.199  8.670 0.1428571492
61133  -23.871  -19.242  3.780 0.2857142985
62048  -29.217  -17.556  9.016 0.1428571492
62144  -22.077  -18.293  2.803 0.2857142985
63051  -32.642  -17.070  11.084 0.1428571492
63139  -25.975  -16.961  4.810 0.4285714328
64092  -32.561  -16.620  10.699 0.1428571492
65208  -22.642  -15.331  1.022 0.2857142985
66160  -23.791  -14.302  0.304 0.5714285970
68102  -23.729  -12.082  -0.411 0.4285714328
71135  -22.878  -9.058  -1.749 0.5714285970
73008  -20.213  -7.717  -0.083 0.1428571492
73024  -22.316  -8.260  -1.488 0.5714285970
75266  -19.731  -5.379  -0.427 0.1428571492
134104  -24.116  -13.581  0.272 0.4285714328
142494  -35.688  -14.329  7.783 0.1428571492
142820  -22.038  -21.960  7.138 0.2857142985
