#!ascii label  , from subject sub-v1s8x0051342_ses-1 vox2ras=TkReg
957
140779  34.543  -15.073  68.798 0.0000000000
75406  43.514  2.818  49.324 0.0000000000
67147  36.746  -6.284  57.846 0.0000000000
50609  13.058  -21.174  82.137 0.0000000000
59937  27.467  -11.623  73.134 0.0000000000
71535  36.463  -0.782  55.761 0.0000000000
55763  19.040  -16.637  76.197 0.0000000000
124277  17.918  -21.029  79.622 0.0000000000
55803  23.673  -16.174  73.375 0.0000000000
75410  48.067  2.731  49.224 0.0000000000
61990  34.542  -10.546  67.883 0.0000000000
63039  36.266  -9.609  64.692 0.0000000000
59988  38.495  -12.884  68.196 0.0000000000
79119  46.663  6.352  47.832 0.0000000000
77276  49.848  4.285  46.024 0.0000000000
76262  41.031  3.971  52.635 0.0000000000
134429  44.063  0.225  53.227 0.0000000000
71570  39.999  -1.022  53.273 0.0000000000
68259  40.779  -4.611  56.867 0.0000000000
54776  32.661  -17.517  72.513 0.0000000000
131805  13.593  -24.157  86.157 0.0000000000
48334  8.781  -23.346  87.633 0.0000000000
49426  7.131  -22.430  91.660 0.0000000000
57906  30.982  -13.792  69.455 0.0000000000
55820  27.797  -16.373  72.549 0.0000000000
66033  32.949  -6.405  61.776 0.0000000000
66010  38.503  -7.075  63.539 0.0000000000
79999  52.874  7.961  43.807 0.0000000000
75404  45.643  2.429  48.973 0.0000000000
74482  46.167  1.672  51.102 0.0000000000
58962  35.055  -13.327  67.483 0.0000000000
59997  36.690  -13.015  66.643 0.0000000000
57922  36.860  -14.268  68.592 0.0000000000
125167  43.594  4.805  49.736 0.0000000000
79094  45.505  6.468  50.005 0.0000000000
77254  45.100  4.665  48.068 0.0000000000
76320  46.797  3.760  47.479 0.0000000000
44433  7.420  -27.727  91.654 0.0000000000
73588  39.387  1.132  52.353 0.0000000000
74450  38.169  1.579  53.898 0.0000000000
69339  35.941  -3.759  55.939 0.0000000000
69347  37.804  -3.753  54.930 0.0000000000
67156  38.775  -5.591  57.100 0.0000000000
66077  39.913  -6.554  59.467 0.0000000000
50633  14.842  -21.039  80.586 0.0000000000
50605  17.531  -22.353  82.501 0.0000000000
50591  15.544  -22.783  82.644 0.0000000000
48381  15.225  -23.955  85.533 0.0000000000
49533  13.273  -23.060  83.870 0.0000000000
49478  9.421  -22.288  86.801 0.0000000000
48307  7.597  -23.067  89.739 0.0000000000
58928  28.981  -12.874  71.114 0.0000000000
56901  28.921  -14.984  70.392 0.0000000000
129928  26.809  -14.098  70.942 0.0000000000
54719  23.099  -18.127  75.925 0.0000000000
55748  25.324  -17.232  76.448 0.0000000000
63011  39.358  -9.664  66.137 0.0000000000
64979  36.900  -8.173  64.069 0.0000000000
73550  37.896  1.167  56.540 0.0000000000
70421  36.624  -1.048  58.608 0.0000000000
117703  34.383  -4.034  58.455 0.0000000000
117155  20.883  -19.228  77.269 0.0000000000
117233  20.008  -19.993  79.782 0.0000000000
52570  18.586  -19.220  77.404 0.0000000000
52555  15.843  -19.431  78.784 0.0000000000
52545  14.224  -18.953  80.305 0.0000000000
58892  24.510  -12.976  72.522 0.0000000000
58861  23.128  -13.295  74.791 0.0000000000
55791  21.477  -16.206  74.357 0.0000000000
64001  34.343  -8.159  67.838 0.0000000000
64018  33.095  -9.014  66.205 0.0000000000
62015  35.609  -10.725  65.433 0.0000000000
60985  37.920  -11.767  66.308 0.0000000000
79124  49.955  6.896  45.495 0.0000000000
78209  48.304  5.746  46.155 0.0000000000
76317  49.232  3.409  47.248 0.0000000000
75393  42.115  3.050  50.212 0.0000000000
130641  43.696  0.831  51.557 0.0000000000
74469  41.757  0.960  51.443 0.0000000000
72602  42.151  -0.562  53.367 0.0000000000
71547  42.019  -2.158  54.859 0.0000000000
71561  37.838  -1.564  53.891 0.0000000000
70447  39.926  -3.064  54.746 0.0000000000
55841  33.323  -16.591  70.182 0.0000000000
125689  36.235  -15.746  70.483 0.0000000000
77217  43.124  5.044  52.231 0.0000000000
51571  11.682  -19.814  84.081 0.0000000000
49516  11.212  -22.746  85.083 0.0000000000
48350  10.955  -24.493  86.558 0.0000000000
46198  11.151  -25.707  88.684 0.0000000000
46193  8.467  -25.950  88.928 0.0000000000
46186  6.990  -25.787  90.342 0.0000000000
47153  6.054  -24.509  91.858 0.0000000000
47141  5.786  -23.918  92.969 0.0000000000
57916  32.000  -14.207  68.574 0.0000000000
55843  31.468  -16.229  70.090 0.0000000000
54778  30.864  -17.452  72.723 0.0000000000
133044  26.282  -15.837  73.154 0.0000000000
66082  34.991  -6.432  59.578 0.0000000000
141407  33.300  -8.642  63.104 0.0000000000
66032  35.713  -6.928  61.835 0.0000000000
66051  38.074  -6.883  61.007 0.0000000000
57889  38.495  -14.740  71.109 0.0000000000
79149  53.616  6.950  42.791 0.0000000000
78225  51.459  5.908  44.778 0.0000000000
78223  52.905  5.265  44.026 0.0000000000
75405  44.592  2.609  48.984 0.0000000000
74497  45.649  1.695  50.336 0.0000000000
74498  44.672  1.547  50.237 0.0000000000
57924  34.906  -13.998  68.016 0.0000000000
126472  35.693  -13.960  67.658 0.0000000000
57914  35.162  -14.778  68.654 0.0000000000
76303  43.382  3.892  49.415 0.0000000000
77246  43.952  4.402  48.990 0.0000000000
76302  44.051  3.443  48.797 0.0000000000
75413  45.564  2.996  48.410 0.0000000000
45324  6.552  -27.019  91.655 0.0000000000
74448  39.352  2.752  54.722 0.0000000000
74440  38.806  2.296  55.383 0.0000000000
67158  36.470  -5.602  57.308 0.0000000000
67166  37.979  -5.350  56.673 0.0000000000
133018  38.127  -5.861  57.336 0.0000000000
67145  39.724  -5.960  58.189 0.0000000000
66090  38.142  -6.658  58.531 0.0000000000
121012  14.404  -21.399  81.285 0.0000000000
50607  14.972  -22.112  81.916 0.0000000000
50608  13.918  -21.733  81.938 0.0000000000
49552  13.815  -22.826  83.185 0.0000000000
50593  13.399  -22.000  82.645 0.0000000000
58908  28.413  -12.390  72.175 0.0000000000
58929  28.221  -12.856  71.080 0.0000000000
58909  27.402  -12.640  71.607 0.0000000000
54684  22.986  -18.553  77.534 0.0000000000
65982  33.634  -6.255  66.026 0.0000000000
64015  39.727  -8.764  65.984 0.0000000000
137572  35.334  -2.221  58.195 0.0000000000
132091  34.693  -2.988  59.024 0.0000000000
53626  19.693  -18.415  76.316 0.0000000000
52569  19.466  -19.438  77.431 0.0000000000
54722  18.757  -17.764  76.466 0.0000000000
54687  16.356  -17.898  78.486 0.0000000000
54671  16.097  -17.352  79.391 0.0000000000
53558  14.805  -18.354  79.954 0.0000000000
59923  24.267  -12.087  74.383 0.0000000000
56835  19.827  -14.993  75.960 0.0000000000
57831  21.098  -14.744  75.205 0.0000000000
55777  20.200  -16.885  75.323 0.0000000000
53634  21.159  -18.200  75.615 0.0000000000
129433  33.980  -9.475  67.134 0.0000000000
60979  35.155  -11.368  66.528 0.0000000000
59989  37.771  -13.220  67.818 0.0000000000
60007  37.292  -12.435  66.356 0.0000000000
134613  38.160  -12.733  67.513 0.0000000000
60977  39.441  -11.462  67.400 0.0000000000
59987  39.240  -12.494  68.565 0.0000000000
78203  46.004  6.173  48.282 0.0000000000
79126  48.166  7.105  47.109 0.0000000000
78201  47.094  6.133  47.151 0.0000000000
122083  47.586  3.156  47.838 0.0000000000
76319  47.743  3.656  47.090 0.0000000000
76308  48.383  2.991  48.477 0.0000000000
76271  41.086  3.538  51.498 0.0000000000
75378  41.521  2.586  50.707 0.0000000000
75379  40.837  2.733  51.295 0.0000000000
73578  39.886  0.180  52.560 0.0000000000
73577  40.868  -0.075  52.586 0.0000000000
72604  40.417  -0.573  52.982 0.0000000000
72592  41.822  -1.119  53.779 0.0000000000
123739  40.791  -1.907  54.049 0.0000000000
72572  36.923  0.058  56.033 0.0000000000
72583  37.257  0.278  55.378 0.0000000000
71548  36.848  -1.373  54.657 0.0000000000
68266  39.492  -4.180  55.452 0.0000000000
127645  39.504  -3.625  54.992 0.0000000000
69337  41.000  -3.966  56.192 0.0000000000
69344  41.301  -3.421  55.648 0.0000000000
120081  32.820  -16.813  70.902 0.0000000000
55829  34.531  -16.754  71.280 0.0000000000
76261  41.892  4.390  53.266 0.0000000000
76270  41.732  4.276  52.119 0.0000000000
77218  42.348  4.534  51.665 0.0000000000
51613  18.682  -20.736  79.341 0.0000000000
51603  19.231  -20.851  80.878 0.0000000000
48366  14.709  -24.190  86.209 0.0000000000
119954  15.186  -24.447  87.086 0.0000000000
136077  14.465  -24.586  87.375 0.0000000000
47189  13.190  -24.797  87.638 0.0000000000
141665  10.794  -20.441  85.302 0.0000000000
50565  10.899  -21.640  84.914 0.0000000000
126185  10.229  -21.022  85.754 0.0000000000
49479  8.986  -22.455  87.331 0.0000000000
140064  9.804  -23.371  86.494 0.0000000000
47192  9.532  -24.303  87.242 0.0000000000
122337  10.612  -24.890  87.281 0.0000000000
47182  9.750  -25.163  87.716 0.0000000000
45332  9.529  -26.117  88.947 0.0000000000
46200  9.066  -25.557  88.212 0.0000000000
48296  7.446  -22.786  90.667 0.0000000000
47166  7.183  -24.998  89.687 0.0000000000
132064  6.899  -24.606  90.500 0.0000000000
47158  6.648  -24.686  91.204 0.0000000000
47152  6.286  -23.497  91.918 0.0000000000
58926  31.615  -13.407  70.274 0.0000000000
58954  32.402  -13.511  68.977 0.0000000000
57917  31.316  -14.178  68.925 0.0000000000
133806  31.627  -15.975  69.257 0.0000000000
56899  30.936  -15.490  69.397 0.0000000000
55819  28.884  -16.457  71.780 0.0000000000
139304  29.581  -16.577  71.706 0.0000000000
125926  29.413  -16.944  72.554 0.0000000000
57860  23.894  -14.621  72.905 0.0000000000
57879  25.135  -14.508  72.061 0.0000000000
55802  24.487  -16.061  73.355 0.0000000000
55760  26.680  -16.802  76.156 0.0000000000
73584  43.687  0.464  52.351 0.0000000000
74467  44.510  0.748  52.025 0.0000000000
73574  44.731  0.652  53.058 0.0000000000
68205  33.299  -5.149  61.163 0.0000000000
68219  33.807  -4.917  60.035 0.0000000000
66070  34.105  -6.305  60.412 0.0000000000
63041  34.208  -9.619  64.713 0.0000000000
63042  33.437  -9.289  64.551 0.0000000000
64046  34.777  -9.275  64.073 0.0000000000
65996  38.224  -7.341  63.975 0.0000000000
65005  36.321  -7.345  62.921 0.0000000000
66030  37.120  -6.964  62.421 0.0000000000
66053  36.625  -6.908  61.757 0.0000000000
124466  38.521  -6.876  61.920 0.0000000000
124467  39.480  -6.840  61.989 0.0000000000
56895  37.559  -15.258  70.894 0.0000000000
80004  53.305  7.488  43.246 0.0000000000
78218  49.454  6.012  45.589 0.0000000000
79131  50.729  6.391  45.095 0.0000000000
78216  51.008  5.304  45.234 0.0000000000
77296  52.717  4.817  44.755 0.0000000000
118315  54.181  4.466  44.911 0.0000000000
56836  19.174  -15.353  76.454 0.0000000000
55764  18.356  -16.759  76.642 0.0000000000
75403  46.652  2.341  49.219 0.0000000000
75401  48.265  2.785  50.111 0.0000000000
138218  46.858  2.120  49.899 0.0000000000
60973  34.778  -11.581  67.307 0.0000000000
60009  35.564  -12.227  66.358 0.0000000000
58971  35.993  -13.533  67.032 0.0000000000
58961  36.461  -13.938  67.838 0.0000000000
58953  37.624  -14.021  68.990 0.0000000000
78176  45.531  6.639  51.064 0.0000000000
78189  44.768  5.772  49.441 0.0000000000
78196  45.204  5.554  48.481 0.0000000000
77266  45.713  5.225  47.704 0.0000000000
77265  46.403  4.755  47.231 0.0000000000
76321  45.842  4.210  47.643 0.0000000000
75412  46.371  2.747  48.514 0.0000000000
44432  8.222  -27.580  91.226 0.0000000000
75356  40.455  3.539  53.301 0.0000000000
75367  39.834  2.522  52.053 0.0000000000
75357  39.733  2.924  52.830 0.0000000000
74460  38.669  1.640  53.165 0.0000000000
72606  38.384  0.038  53.302 0.0000000000
123960  35.838  -2.858  55.865 0.0000000000
133462  36.986  -2.382  54.692 0.0000000000
68268  37.230  -4.017  55.269 0.0000000000
136306  38.400  -4.825  55.987 0.0000000000
68249  40.140  -5.200  57.168 0.0000000000
67144  40.620  -5.702  58.387 0.0000000000
67134  40.736  -6.070  59.279 0.0000000000
118674  32.327  -17.936  73.852 0.0000000000
51606  16.384  -21.258  79.843 0.0000000000
51597  17.823  -21.854  80.947 0.0000000000
137044  16.256  -22.018  81.104 0.0000000000
50590  16.672  -22.854  82.905 0.0000000000
49530  16.366  -23.528  84.286 0.0000000000
49514  13.823  -23.547  84.621 0.0000000000
48383  13.332  -23.829  85.242 0.0000000000
50560  10.064  -20.462  86.625 0.0000000000
49462  9.104  -21.506  87.642 0.0000000000
49463  8.657  -22.029  88.027 0.0000000000
48335  8.326  -23.779  88.189 0.0000000000
49452  8.169  -22.371  89.401 0.0000000000
49438  7.993  -22.129  90.265 0.0000000000
49425  7.811  -21.926  91.172 0.0000000000
58943  29.371  -13.310  70.405 0.0000000000
121854  29.540  -14.523  69.915 0.0000000000
58944  28.652  -13.394  70.461 0.0000000000
56902  28.214  -14.999  70.657 0.0000000000
56875  27.316  -15.869  71.949 0.0000000000
54754  23.106  -17.523  74.590 0.0000000000
55774  24.574  -17.001  74.737 0.0000000000
54718  23.952  -17.849  76.247 0.0000000000
72589  44.243  -0.324  54.509 0.0000000000
67080  32.588  -5.795  63.076 0.0000000000
63022  38.511  -9.717  65.575 0.0000000000
64044  36.906  -8.863  64.506 0.0000000000
64033  38.523  -8.835  65.233 0.0000000000
64964  38.582  -8.018  64.893 0.0000000000
79994  52.002  8.022  45.013 0.0000000000
45308  5.491  -25.936  92.448 0.0000000000
72570  38.722  0.825  57.652 0.0000000000
71534  37.115  0.058  57.279 0.0000000000
71523  36.026  -1.616  56.964 0.0000000000
70435  35.656  -2.333  56.673 0.0000000000
69331  35.017  -3.768  57.029 0.0000000000
67159  35.567  -5.391  57.472 0.0000000000
141826  21.897  -18.965  78.244 0.0000000000
53574  21.385  -19.455  79.347 0.0000000000
52568  20.230  -19.539  77.695 0.0000000000
52562  19.135  -19.889  78.049 0.0000000000
51622  17.575  -20.102  78.440 0.0000000000
54704  17.407  -17.892  77.394 0.0000000000
52564  17.125  -19.317  77.964 0.0000000000
52554  16.659  -19.811  78.540 0.0000000000
51616  15.426  -19.815  79.288 0.0000000000
51607  14.443  -20.055  80.298 0.0000000000
51599  13.287  -19.982  81.320 0.0000000000
127812  25.992  -12.131  72.753 0.0000000000
117944  25.545  -11.848  73.444 0.0000000000
58893  23.826  -13.281  73.032 0.0000000000
57861  23.185  -14.568  73.277 0.0000000000
57830  21.758  -14.199  75.244 0.0000000000
132036  21.906  -14.770  74.242 0.0000000000
55790  22.373  -16.787  74.119 0.0000000000
53632  22.543  -17.968  75.290 0.0000000000
53624  21.706  -18.603  76.186 0.0000000000
65970  34.575  -6.468  67.681 0.0000000000
65972  33.275  -7.225  66.041 0.0000000000
64017  33.639  -8.767  66.995 0.0000000000
63013  34.180  -9.789  65.808 0.0000000000
63025  35.502  -10.163  65.105 0.0000000000
60987  36.076  -11.809  65.742 0.0000000000
60986  37.071  -11.769  65.744 0.0000000000
62013  37.339  -10.850  65.520 0.0000000000
62001  38.568  -11.038  66.273 0.0000000000
61988  39.869  -10.655  67.160 0.0000000000
79990  48.883  7.423  46.767 0.0000000000
122054  48.811  6.088  45.810 0.0000000000
78208  49.102  5.146  45.968 0.0000000000
77264  47.216  4.450  46.898 0.0000000000
77277  48.934  4.143  46.342 0.0000000000
75392  42.873  2.497  49.808 0.0000000000
74499  43.538  1.715  50.138 0.0000000000
74500  42.388  1.979  50.192 0.0000000000
74468  42.786  0.790  51.461 0.0000000000
73585  42.574  0.359  52.163 0.0000000000
74470  40.806  1.283  51.602 0.0000000000
73586  41.505  0.368  52.165 0.0000000000
73565  42.994  -0.388  53.532 0.0000000000
72591  42.696  -0.978  53.953 0.0000000000
71545  43.645  -1.693  55.422 0.0000000000
73559  37.536  1.141  55.112 0.0000000000
72594  37.592  0.129  54.124 0.0000000000
71571  39.139  -0.995  53.311 0.0000000000
69353  37.935  -3.018  54.552 0.0000000000
70459  39.418  -2.411  54.128 0.0000000000
71559  39.933  -1.734  53.667 0.0000000000
70457  41.212  -2.349  54.580 0.0000000000
56911  34.189  -15.602  69.155 0.0000000000
56910  35.180  -15.423  69.384 0.0000000000
55839  35.054  -16.372  70.719 0.0000000000
55827  36.109  -16.735  71.781 0.0000000000
77237  43.557  5.164  50.678 0.0000000000
77238  42.906  4.459  50.140 0.0000000000
52524  12.722  -19.553  81.939 0.0000000000
52514  11.991  -19.782  83.293 0.0000000000
51592  12.368  -20.360  82.495 0.0000000000
50594  11.983  -21.664  83.527 0.0000000000
117096  11.990  -23.147  84.758 0.0000000000
48384  11.696  -23.605  85.332 0.0000000000
49495  9.956  -22.806  86.041 0.0000000000
49494  10.754  -23.298  85.530 0.0000000000
47196  11.887  -24.566  86.576 0.0000000000
47190  12.286  -24.844  87.387 0.0000000000
47174  12.260  -25.469  89.039 0.0000000000
45328  9.176  -26.911  90.217 0.0000000000
47175  7.800  -25.180  88.982 0.0000000000
46194  7.624  -25.927  89.508 0.0000000000
45330  7.601  -26.552  90.066 0.0000000000
45323  7.305  -26.960  90.868 0.0000000000
46179  6.549  -25.886  91.317 0.0000000000
133437  5.844  -25.657  91.986 0.0000000000
48287  6.288  -23.486  92.508 0.0000000000
47146  5.832  -24.156  92.276 0.0000000000
129013  5.513  -24.851  92.365 0.0000000000
58963  33.913  -13.389  68.356 0.0000000000
125484  33.163  -13.354  68.866 0.0000000000
56920  32.883  -14.677  68.487 0.0000000000
55851  32.992  -16.270  69.419 0.0000000000
55842  32.378  -16.384  69.916 0.0000000000
55816  32.175  -17.059  71.651 0.0000000000
55845  29.727  -15.471  70.366 0.0000000000
55832  30.702  -16.610  71.303 0.0000000000
54777  31.765  -17.478  72.565 0.0000000000
120579  25.862  -13.305  71.650 0.0000000000
57878  25.851  -14.758  71.952 0.0000000000
137655  27.110  -16.192  73.054 0.0000000000
118094  26.096  -16.545  74.821 0.0000000000
55787  26.835  -16.481  74.651 0.0000000000
121310  27.449  -16.610  74.185 0.0000000000
129002  45.128  0.996  51.680 0.0000000000
69311  34.481  -3.565  59.438 0.0000000000
67136  34.860  -5.930  58.744 0.0000000000
66093  35.654  -6.438  58.931 0.0000000000
64965  32.682  -7.765  65.184 0.0000000000
64995  32.602  -7.673  63.111 0.0000000000
65009  32.874  -7.226  62.301 0.0000000000
64055  36.099  -8.269  63.715 0.0000000000
65007  34.451  -7.683  62.282 0.0000000000
65019  34.245  -7.216  61.690 0.0000000000
119988  34.929  -6.691  60.464 0.0000000000
66068  36.523  -6.934  60.147 0.0000000000
66080  37.454  -7.013  59.037 0.0000000000
66067  38.654  -6.910  60.255 0.0000000000
57904  36.645  -14.968  69.620 0.0000000000
57903  37.333  -14.825  70.081 0.0000000000
58952  38.375  -13.759  69.410 0.0000000000
58921  39.095  -14.166  71.001 0.0000000000
58951  39.114  -13.397  69.814 0.0000000000
80011  54.632  7.483  42.033 0.0000000000
79995  51.408  7.721  45.216 0.0000000000
79136  51.973  6.502  44.365 0.0000000000
78215  51.883  4.877  45.081 0.0000000000
78224  52.225  5.506  44.469 0.0000000000
79144  52.453  6.697  43.783 0.0000000000
78234  53.304  5.721  43.437 0.0000000000
78233  54.114  5.428  43.140 0.0000000000
75391  44.133  2.055  49.600 0.0000000000
74509  45.120  2.015  49.614 0.0000000000
129237  34.295  -14.387  68.418 0.0000000000
45307  6.014  -26.951  92.456 0.0000000000
67157  37.353  -5.774  57.294 0.0000000000
67146  37.738  -6.310  57.828 0.0000000000
66091  37.308  -6.733  58.335 0.0000000000
50622  13.580  -20.901  81.523 0.0000000000
59936  28.359  -11.842  73.078 0.0000000000
59952  27.691  -12.159  72.507 0.0000000000
53589  22.699  -18.741  78.498 0.0000000000
54683  23.603  -18.344  78.270 0.0000000000
67047  34.081  -5.795  66.568 0.0000000000
54721  19.475  -17.606  76.041 0.0000000000
55762  19.624  -16.123  75.721 0.0000000000
56844  20.240  -15.848  75.273 0.0000000000
54739  19.674  -17.050  75.713 0.0000000000
54720  20.219  -17.872  75.689 0.0000000000
134234  34.421  -10.383  66.949 0.0000000000
60972  38.834  -12.199  67.665 0.0000000000
79112  46.729  6.811  48.523 0.0000000000
79118  47.185  6.840  47.879 0.0000000000
134387  47.601  6.775  47.342 0.0000000000
125755  49.295  3.199  48.750 0.0000000000
121706  9.719  -27.076  91.005 0.0000000000
75366  40.326  3.210  52.016 0.0000000000
72605  39.460  -0.336  52.997 0.0000000000
72593  40.850  -1.276  53.560 0.0000000000
72584  36.924  -0.551  55.122 0.0000000000
69338  40.164  -4.356  56.089 0.0000000000
54784  33.180  -17.196  71.797 0.0000000000
55815  34.082  -17.139  71.921 0.0000000000
54775  33.627  -17.594  72.697 0.0000000000
137592  18.748  -20.961  80.076 0.0000000000
51604  18.380  -21.360  80.478 0.0000000000
137757  14.350  -24.421  86.770 0.0000000000
48348  13.762  -24.580  87.089 0.0000000000
48349  12.869  -24.555  86.779 0.0000000000
48352  9.428  -23.337  86.984 0.0000000000
47183  8.779  -24.656  87.849 0.0000000000
48308  7.126  -23.847  90.128 0.0000000000
48297  6.847  -23.483  91.130 0.0000000000
117926  6.612  -22.796  92.034 0.0000000000
138489  30.712  -13.457  70.065 0.0000000000
57905  31.678  -13.610  69.194 0.0000000000
56914  30.838  -14.486  69.287 0.0000000000
56874  28.115  -16.184  71.847 0.0000000000
128550  28.500  -16.675  72.565 0.0000000000
55800  28.843  -17.015  73.410 0.0000000000
132201  23.970  -15.581  73.040 0.0000000000
56862  24.549  -15.380  72.856 0.0000000000
132893  32.974  -5.676  61.555 0.0000000000
68190  33.182  -4.889  62.059 0.0000000000
67123  33.617  -5.538  60.439 0.0000000000
67106  33.396  -6.211  60.984 0.0000000000
63040  35.180  -9.748  64.672 0.0000000000
66011  37.822  -7.224  63.472 0.0000000000
66029  37.931  -6.978  62.775 0.0000000000
66028  38.956  -6.904  62.790 0.0000000000
80005  52.714  7.230  43.608 0.0000000000
77289  49.848  5.172  45.756 0.0000000000
78217  50.239  5.765  45.414 0.0000000000
77288  50.488  4.741  45.618 0.0000000000
56828  19.080  -14.839  77.537 0.0000000000
56827  19.779  -14.405  77.060 0.0000000000
75389  46.516  1.947  50.469 0.0000000000
121253  35.145  -12.577  67.148 0.0000000000
57923  35.960  -14.520  68.296 0.0000000000
58960  37.306  -13.741  68.202 0.0000000000
78178  44.193  5.431  50.178 0.0000000000
78177  44.852  6.050  50.596 0.0000000000
77255  44.503  5.008  48.690 0.0000000000
75343  40.680  3.656  54.511 0.0000000000
75344  39.854  3.215  54.011 0.0000000000
74449  38.477  2.277  54.201 0.0000000000
75345  39.104  2.597  53.515 0.0000000000
73580  38.369  0.934  53.428 0.0000000000
68269  36.499  -3.457  55.423 0.0000000000
140116  36.639  -4.118  55.695 0.0000000000
68261  37.380  -4.646  55.968 0.0000000000
136716  38.791  -5.154  56.536 0.0000000000
68250  39.440  -5.211  56.820 0.0000000000
67154  40.184  -5.571  57.749 0.0000000000
67155  39.521  -5.644  57.464 0.0000000000
67135  40.064  -6.217  58.808 0.0000000000
66065  40.514  -6.535  60.030 0.0000000000
76248  41.293  3.987  53.872 0.0000000000
50632  15.786  -21.553  80.428 0.0000000000
50631  16.809  -21.837  80.605 0.0000000000
50606  16.236  -22.369  81.959 0.0000000000
49549  16.963  -23.176  83.737 0.0000000000
49550  15.984  -23.263  83.450 0.0000000000
49531  15.361  -23.469  84.100 0.0000000000
49532  14.349  -23.224  84.001 0.0000000000
49515  12.826  -23.428  84.541 0.0000000000
49450  9.157  -21.152  88.520 0.0000000000
49451  8.758  -21.762  89.000 0.0000000000
48320  8.348  -22.707  88.511 0.0000000000
58907  29.298  -12.516  72.223 0.0000000000
58927  29.807  -12.864  71.524 0.0000000000
57893  30.208  -13.193  70.629 0.0000000000
58930  27.427  -13.360  70.789 0.0000000000
58945  28.033  -13.574  70.525 0.0000000000
57894  27.605  -14.419  70.683 0.0000000000
56889  27.763  -15.448  71.197 0.0000000000
56890  26.959  -15.035  71.270 0.0000000000
127048  23.343  -17.850  75.421 0.0000000000
54737  23.957  -17.528  75.141 0.0000000000
133306  32.865  -5.380  63.742 0.0000000000
66013  32.565  -6.132  63.825 0.0000000000
139096  37.944  -9.354  65.142 0.0000000000
64016  39.062  -9.046  65.693 0.0000000000
64014  40.437  -8.384  66.420 0.0000000000
64032  39.231  -8.311  65.419 0.0000000000
64949  39.965  -7.883  65.781 0.0000000000
45309  4.959  -26.102  92.528 0.0000000000
72559  38.428  0.405  58.114 0.0000000000
141837  36.311  -1.124  57.656 0.0000000000
70422  35.803  -1.734  57.726 0.0000000000
69325  34.761  -3.108  58.042 0.0000000000
68242  34.761  -4.460  57.570 0.0000000000
68252  35.313  -4.671  56.987 0.0000000000
53590  21.564  -19.093  77.683 0.0000000000
53575  21.161  -19.448  78.339 0.0000000000
52553  18.501  -20.321  78.572 0.0000000000
52563  18.080  -19.626  77.939 0.0000000000
55750  18.032  -16.284  77.374 0.0000000000
54703  17.894  -17.325  76.930 0.0000000000
54685  17.438  -16.812  77.703 0.0000000000
53591  16.902  -18.437  77.831 0.0000000000
53592  16.299  -18.946  78.224 0.0000000000
51615  16.183  -20.430  79.141 0.0000000000
52544  14.819  -19.487  79.733 0.0000000000
52534  13.751  -19.498  80.806 0.0000000000
59922  24.997  -11.604  74.332 0.0000000000
58874  23.764  -12.541  74.880 0.0000000000
123233  23.909  -12.635  73.940 0.0000000000
58875  23.473  -13.249  73.942 0.0000000000
58894  23.391  -13.902  73.291 0.0000000000
57844  22.894  -13.918  73.763 0.0000000000
56843  20.834  -15.556  74.829 0.0000000000
56842  21.398  -15.152  74.528 0.0000000000
56853  22.022  -15.684  73.964 0.0000000000
54756  21.714  -17.056  74.530 0.0000000000
54755  22.275  -17.490  74.664 0.0000000000
53625  20.730  -18.714  76.344 0.0000000000
53607  21.591  -18.921  76.963 0.0000000000
64936  34.750  -7.026  68.226 0.0000000000
64950  34.031  -7.479  67.455 0.0000000000
63012  34.704  -10.256  65.995 0.0000000000
59998  35.921  -12.952  66.425 0.0000000000
60008  36.453  -12.492  66.024 0.0000000000
62002  37.785  -11.201  65.924 0.0000000000
62012  38.122  -10.562  65.728 0.0000000000
60971  39.690  -11.831  68.176 0.0000000000
79093  46.237  7.026  50.481 0.0000000000
79983  49.525  8.235  47.438 0.0000000000
121759  48.485  6.606  46.357 0.0000000000
133883  48.423  4.889  46.298 0.0000000000
76318  48.424  3.284  47.552 0.0000000000
76326  48.558  3.651  46.797 0.0000000000
74487  41.121  1.859  51.053 0.0000000000
74486  42.023  1.466  50.774 0.0000000000
74471  39.884  1.710  51.853 0.0000000000
137908  41.657  -0.216  52.825 0.0000000000
73576  42.385  -0.071  52.844 0.0000000000
71557  42.368  -1.569  54.383 0.0000000000
71546  42.829  -1.931  55.143 0.0000000000
73558  38.340  1.738  55.998 0.0000000000
72595  37.256  -0.760  54.236 0.0000000000
71572  38.043  -0.830  53.526 0.0000000000
69348  37.115  -3.258  54.914 0.0000000000
69352  38.991  -3.088  54.557 0.0000000000
70458  40.371  -2.426  54.323 0.0000000000
70446  40.831  -2.999  54.981 0.0000000000
55850  33.775  -16.201  69.600 0.0000000000
56898  34.676  -16.054  69.884 0.0000000000
55840  34.188  -16.510  70.440 0.0000000000
55814  34.817  -17.022  71.924 0.0000000000
55828  35.334  -16.713  71.489 0.0000000000
77226  43.767  5.288  51.710 0.0000000000
76295  42.357  4.034  50.652 0.0000000000
76294  42.735  3.465  49.825 0.0000000000
52551  20.786  -19.777  79.596 0.0000000000
52541  21.386  -19.579  80.208 0.0000000000
52542  20.685  -19.924  80.472 0.0000000000
50619  18.125  -21.932  81.863 0.0000000000
138106  16.407  -23.954  86.424 0.0000000000
53520  12.827  -18.440  82.314 0.0000000000
52504  12.145  -18.752  83.962 0.0000000000
131235  11.795  -20.748  83.385 0.0000000000
138830  11.531  -21.220  83.778 0.0000000000
49535  11.528  -22.425  84.559 0.0000000000
50553  9.727  -21.443  86.419 0.0000000000
48369  10.385  -23.877  86.062 0.0000000000
48368  11.307  -24.131  85.872 0.0000000000
47191  11.478  -24.830  87.150 0.0000000000
125501  10.662  -25.401  87.962 0.0000000000
47181  11.619  -25.237  87.935 0.0000000000
45333  9.051  -26.514  89.426 0.0000000000
48321  7.924  -23.404  88.912 0.0000000000
47184  8.098  -24.471  88.541 0.0000000000
47165  7.524  -24.182  89.274 0.0000000000
48286  6.696  -22.956  92.739 0.0000000000
132185  6.731  -23.002  92.872 0.0000000000
48277  6.425  -23.405  92.871 0.0000000000
47147  5.163  -24.416  92.799 0.0000000000
57915  32.717  -13.910  68.581 0.0000000000
56912  33.172  -15.670  68.852 0.0000000000
56913  32.325  -15.193  68.574 0.0000000000
118856  32.066  -16.610  70.751 0.0000000000
55831  31.379  -16.624  71.022 0.0000000000
55818  30.288  -16.914  72.036 0.0000000000
55833  30.034  -16.286  71.149 0.0000000000
55817  31.215  -17.032  71.905 0.0000000000
54766  31.435  -17.794  73.507 0.0000000000
59939  25.207  -12.439  72.591 0.0000000000
59954  25.877  -12.638  72.075 0.0000000000
58911  25.107  -13.331  71.888 0.0000000000
56877  25.721  -15.271  72.545 0.0000000000
56876  26.459  -15.413  72.154 0.0000000000
135299  25.208  -16.441  74.162 0.0000000000
55773  25.448  -16.842  75.176 0.0000000000
127283  27.200  -16.704  75.358 0.0000000000
55772  26.615  -16.656  75.316 0.0000000000
74484  44.305  1.109  51.056 0.0000000000
69294  34.910  -3.026  60.420 0.0000000000
68218  34.109  -4.242  59.751 0.0000000000
67122  34.115  -5.959  59.883 0.0000000000
67137  34.118  -5.577  59.314 0.0000000000
64019  32.816  -8.214  66.012 0.0000000000
64035  32.925  -8.842  65.313 0.0000000000
64047  33.296  -9.072  63.717 0.0000000000
64049  32.775  -8.443  63.412 0.0000000000
133258  32.987  -8.137  62.657 0.0000000000
139517  37.384  -8.378  64.401 0.0000000000
65006  35.501  -7.429  62.490 0.0000000000
65018  34.947  -7.245  61.886 0.0000000000
66054  34.976  -6.937  61.274 0.0000000000
118327  37.049  -6.892  60.938 0.0000000000
135517  36.819  -7.018  59.465 0.0000000000
118268  37.562  -6.969  60.028 0.0000000000
66079  38.366  -6.884  59.376 0.0000000000
66049  40.004  -6.829  61.255 0.0000000000
56897  35.543  -15.889  70.224 0.0000000000
56909  36.077  -15.440  69.835 0.0000000000
117730  37.981  -14.645  70.436 0.0000000000
57902  37.874  -14.331  69.757 0.0000000000
58939  38.633  -14.104  70.304 0.0000000000
58938  39.453  -13.656  70.592 0.0000000000
59970  39.878  -13.029  70.135 0.0000000000
80012  54.016  7.754  42.700 0.0000000000
79148  54.231  6.720  42.311 0.0000000000
79988  50.354  7.868  46.027 0.0000000000
79996  50.735  7.369  45.320 0.0000000000
79137  51.260  6.905  44.816 0.0000000000
80001  51.727  7.341  44.703 0.0000000000
78235  52.548  5.975  43.773 0.0000000000
79143  53.077  6.582  43.326 0.0000000000
75390  46.079  2.036  49.733 0.0000000000
74483  45.332  1.328  51.036 0.0000000000
59991  34.403  -13.087  67.964 0.0000000000
135159  44.152  5.113  49.376 0.0000000000
76312  44.587  4.069  48.465 0.0000000000
76311  45.333  3.724  48.149 0.0000000000
75414  44.861  3.225  48.526 0.0000000000
140569  45.152  2.791  48.691 0.0000000000
68251  35.958  -5.017  56.779 0.0000000000
68262  36.362  -4.521  56.219 0.0000000000
67167  36.939  -5.137  56.733 0.0000000000
137520  38.750  -6.081  57.900 0.0000000000
66078  39.181  -6.519  58.816 0.0000000000
50621  15.358  -21.836  81.156 0.0000000000
50592  14.411  -22.495  82.553 0.0000000000
49551  14.913  -23.039  83.318 0.0000000000
49553  12.819  -22.271  83.310 0.0000000000
49437  8.522  -21.499  89.830 0.0000000000
141214  28.725  -12.657  71.653 0.0000000000
126121  26.808  -13.250  71.115 0.0000000000
54702  23.126  -18.336  76.643 0.0000000000
67061  33.343  -5.869  65.296 0.0000000000
62996  39.852  -9.997  66.682 0.0000000000
63010  40.168  -9.287  66.554 0.0000000000
70407  36.041  -1.608  58.949 0.0000000000
69324  35.346  -2.291  59.066 0.0000000000
53608  20.010  -19.155  76.891 0.0000000000
53609  19.110  -18.790  76.883 0.0000000000
53610  18.187  -18.346  77.029 0.0000000000
54686  16.911  -17.364  78.119 0.0000000000
54670  16.679  -16.848  79.068 0.0000000000
53576  15.773  -18.427  78.847 0.0000000000
52556  15.207  -18.901  79.246 0.0000000000
56834  20.528  -14.844  75.563 0.0000000000
55776  20.914  -16.742  74.809 0.0000000000
54738  21.616  -17.695  75.046 0.0000000000
119833  20.823  -17.537  75.248 0.0000000000
62998  34.504  -8.771  68.202 0.0000000000
133845  35.558  -11.152  65.793 0.0000000000
59996  37.500  -12.883  67.088 0.0000000000
60006  38.093  -12.333  66.908 0.0000000000
60978  38.700  -11.671  66.868 0.0000000000
79106  46.225  6.848  49.338 0.0000000000
132236  46.946  7.245  49.206 0.0000000000
78210  47.803  6.330  46.690 0.0000000000
77278  47.625  5.290  46.569 0.0000000000
118842  49.057  3.194  48.007 0.0000000000
76281  41.804  3.710  51.069 0.0000000000
73587  40.368  0.724  52.097 0.0000000000
72603  41.313  -0.661  53.162 0.0000000000
71558  41.519  -1.736  54.184 0.0000000000
72571  37.570  0.687  56.946 0.0000000000
138384  37.346  -1.451  54.225 0.0000000000
134562  38.804  -4.450  55.509 0.0000000000
69346  38.674  -3.869  54.945 0.0000000000
69345  40.333  -3.693  55.419 0.0000000000
55830  33.687  -16.825  71.104 0.0000000000
76260  42.808  4.553  53.792 0.0000000000
77209  42.563  4.657  52.742 0.0000000000
52552  19.351  -20.288  79.040 0.0000000000
51612  19.364  -20.603  79.953 0.0000000000
132403  15.643  -24.133  86.327 0.0000000000
47188  14.044  -24.769  87.881 0.0000000000
51560  11.311  -19.653  85.015 0.0000000000
51572  11.217  -20.793  84.261 0.0000000000
49517  10.334  -22.176  85.541 0.0000000000
48351  10.129  -24.113  86.762 0.0000000000
46199  10.111  -25.734  88.400 0.0000000000
46201  8.410  -25.215  88.434 0.0000000000
55853  31.490  -15.122  68.794 0.0000000000
56888  28.528  -15.733  71.139 0.0000000000
56887  29.271  -15.995  71.059 0.0000000000
55798  30.114  -17.351  72.846 0.0000000000
54767  30.446  -17.716  73.498 0.0000000000
55799  29.613  -17.471  73.438 0.0000000000
58912  24.428  -13.906  72.383 0.0000000000
57880  24.591  -14.739  72.522 0.0000000000
56878  25.060  -15.192  72.579 0.0000000000
56861  25.373  -15.770  73.236 0.0000000000
55747  25.918  -17.011  76.788 0.0000000000
55761  25.710  -16.913  76.008 0.0000000000
68189  33.694  -4.223  61.703 0.0000000000
68204  33.731  -4.499  60.827 0.0000000000
68203  34.234  -3.825  60.580 0.0000000000
139369  34.572  -6.392  60.078 0.0000000000
63026  33.545  -9.430  65.336 0.0000000000
138502  33.968  -9.354  64.030 0.0000000000
130258  34.145  -8.844  63.404 0.0000000000
64978  37.894  -7.880  64.298 0.0000000000
64992  36.633  -7.679  63.452 0.0000000000
119458  37.473  -7.504  63.713 0.0000000000
66012  37.080  -7.101  63.097 0.0000000000
66031  36.395  -7.011  62.468 0.0000000000
66052  37.564  -6.915  61.803 0.0000000000
136950  36.635  -16.302  71.497 0.0000000000
119609  36.761  -15.798  70.992 0.0000000000
56885  37.374  -15.980  71.665 0.0000000000
119254  38.117  -15.457  71.676 0.0000000000
77285  53.414  4.389  45.345 0.0000000000
77295  53.486  4.748  44.477 0.0000000000
77304  53.731  5.080  43.803 0.0000000000
121674  54.138  4.681  44.225 0.0000000000
55749  18.571  -15.790  76.929 0.0000000000
56826  20.535  -14.267  76.567 0.0000000000
75402  47.465  2.423  49.596 0.0000000000
127567  47.406  2.287  50.528 0.0000000000
75377  46.883  2.064  51.189 0.0000000000
58970  36.973  -13.443  67.395 0.0000000000
58959  38.090  -13.486  68.594 0.0000000000
79107  45.465  6.257  49.055 0.0000000000
78202  46.406  5.685  47.456 0.0000000000
76310  46.107  3.361  47.979 0.0000000000
76309  46.846  3.062  48.046 0.0000000000
75411  47.363  2.706  48.685 0.0000000000
45329  8.218  -27.031  90.456 0.0000000000
74472  39.293  2.149  52.508 0.0000000000
73579  38.931  0.558  52.840 0.0000000000
71536  35.925  -1.763  55.985 0.0000000000
71549  36.357  -1.739  55.146 0.0000000000
70448  36.362  -2.573  55.252 0.0000000000
68267  38.051  -4.343  55.348 0.0000000000
68260  39.323  -4.757  56.104 0.0000000000
118773  39.994  -4.864  56.581 0.0000000000
68241  40.799  -5.142  57.662 0.0000000000
67143  41.245  -5.560  58.869 0.0000000000
67133  41.591  -5.691  59.487 0.0000000000
118517  32.940  -17.827  73.277 0.0000000000
54765  33.615  -17.892  73.514 0.0000000000
119373  33.145  -18.083  74.031 0.0000000000
51605  17.411  -21.506  80.100 0.0000000000
50620  17.147  -22.105  81.508 0.0000000000
49512  15.783  -23.792  84.876 0.0000000000
49513  14.806  -23.686  84.742 0.0000000000
48382  14.254  -23.875  85.425 0.0000000000
139217  12.967  -23.953  85.641 0.0000000000
130400  9.493  -21.178  87.282 0.0000000000
117134  30.034  -13.845  69.759 0.0000000000
119760  29.082  -13.938  70.033 0.0000000000
57907  28.392  -14.202  70.366 0.0000000000
55789  23.334  -16.821  73.889 0.0000000000
55788  24.171  -16.705  73.860 0.0000000000
55775  23.824  -17.175  74.380 0.0000000000
140815  24.837  -17.290  75.762 0.0000000000
141131  24.808  -17.547  76.551 0.0000000000
118511  43.799  -0.123  53.755 0.0000000000
73564  44.626  0.219  53.936 0.0000000000
67092  32.756  -5.635  62.285 0.0000000000
66034  32.643  -6.367  62.454 0.0000000000
63038  37.215  -9.455  64.918 0.0000000000
64034  37.765  -8.642  64.761 0.0000000000
64977  38.756  -7.467  64.491 0.0000000000
80000  52.239  7.472  44.231 0.0000000000
125735  50.647  3.980  45.824 0.0000000000
125351  38.964  1.399  57.196 0.0000000000
71522  36.362  -0.902  56.948 0.0000000000
70436  35.464  -3.289  56.490 0.0000000000
70408  35.221  -2.717  57.286 0.0000000000
68263  35.601  -4.229  56.500 0.0000000000
140221  36.157  -5.865  57.709 0.0000000000
120126  21.927  -18.964  79.008 0.0000000000
138011  20.903  -19.653  78.996 0.0000000000
52561  20.165  -19.801  78.676 0.0000000000
138684  19.739  -19.699  77.922 0.0000000000
137449  17.986  -20.666  78.942 0.0000000000
53611  17.661  -18.842  77.505 0.0000000000
51614  17.190  -20.589  78.967 0.0000000000
129305  16.995  -21.014  79.487 0.0000000000
124720  15.349  -20.583  79.827 0.0000000000
51598  14.031  -20.505  80.936 0.0000000000
59953  26.770  -12.188  72.401 0.0000000000
59938  26.500  -11.631  73.313 0.0000000000
59940  24.544  -12.314  73.428 0.0000000000
56863  23.356  -15.360  73.270 0.0000000000
121361  22.392  -13.989  74.511 0.0000000000
57862  22.541  -14.928  73.595 0.0000000000
55804  22.843  -16.022  73.567 0.0000000000
53633  21.900  -18.260  75.585 0.0000000000
53623  22.467  -18.402  76.043 0.0000000000
53606  22.374  -18.672  76.821 0.0000000000
116979  22.202  -18.841  77.626 0.0000000000
65971  33.853  -6.647  66.878 0.0000000000
64951  33.368  -7.904  66.684 0.0000000000
63024  36.723  -10.297  65.073 0.0000000000
62014  36.538  -11.108  65.443 0.0000000000
63023  37.673  -10.069  65.281 0.0000000000
127849  38.763  -10.295  66.055 0.0000000000
61989  39.193  -11.076  66.820 0.0000000000
62000  39.302  -10.482  66.482 0.0000000000
79989  49.626  7.631  46.354 0.0000000000
79125  49.161  6.786  45.960 0.0000000000
139520  46.872  5.279  46.935 0.0000000000
76327  48.062  4.264  46.566 0.0000000000
141439  43.488  2.215  49.694 0.0000000000
74485  43.090  1.237  50.787 0.0000000000
73575  43.277  0.089  53.005 0.0000000000
74488  40.394  2.294  51.556 0.0000000000
72590  43.496  -0.682  54.224 0.0000000000
72581  43.941  -0.962  54.999 0.0000000000
72582  43.192  -1.327  54.659 0.0000000000
74441  38.009  1.800  54.756 0.0000000000
73566  37.825  0.997  54.026 0.0000000000
70461  37.536  -2.050  54.284 0.0000000000
70460  38.425  -2.328  54.130 0.0000000000
71560  38.799  -1.685  53.683 0.0000000000
70445  41.712  -2.859  55.217 0.0000000000
70444  42.519  -2.626  55.511 0.0000000000
56886  35.965  -16.230  71.026 0.0000000000
78162  44.306  5.625  51.187 0.0000000000
77227  42.879  4.897  51.155 0.0000000000
52532  20.607  -20.118  81.348 0.0000000000
51596  18.700  -21.483  81.350 0.0000000000
52535  13.153  -18.908  81.424 0.0000000000
51591  12.995  -20.414  81.853 0.0000000000
52513  12.357  -19.146  82.830 0.0000000000
50610  12.449  -21.391  82.823 0.0000000000
49534  12.196  -22.610  84.010 0.0000000000
50573  11.479  -21.748  84.132 0.0000000000
137974  12.523  -23.735  85.198 0.0000000000
48367  12.420  -24.137  85.906 0.0000000000
47180  12.657  -25.033  88.258 0.0000000000
46192  10.543  -26.088  89.257 0.0000000000
45334  8.281  -26.553  89.684 0.0000000000
58964  33.437  -14.087  68.496 0.0000000000
56919  33.755  -14.955  68.603 0.0000000000
55852  32.272  -15.947  68.963 0.0000000000
56900  30.189  -14.893  69.674 0.0000000000
55844  30.571  -16.023  70.357 0.0000000000
135279  32.222  -17.730  73.145 0.0000000000
58910  26.483  -12.882  71.635 0.0000000000
58931  26.292  -13.677  71.343 0.0000000000
57896  25.690  -14.005  71.612 0.0000000000
57895  26.316  -14.502  71.509 0.0000000000
56852  26.152  -16.172  74.000 0.0000000000
117412  26.121  -16.728  75.520 0.0000000000
56851  26.773  -16.238  73.852 0.0000000000
55801  27.992  -16.695  73.337 0.0000000000
131925  28.334  -16.976  74.219 0.0000000000
69310  35.456  -2.520  59.989 0.0000000000
68233  34.140  -4.845  58.838 0.0000000000
125425  34.719  -5.269  58.086 0.0000000000
67148  35.750  -6.090  58.179 0.0000000000
66092  36.515  -6.775  58.697 0.0000000000
65983  33.140  -6.742  65.472 0.0000000000
65997  32.709  -6.669  64.634 0.0000000000
64048  32.734  -8.697  64.343 0.0000000000
64980  32.450  -7.805  64.030 0.0000000000
140629  32.474  -7.014  63.733 0.0000000000
66014  32.484  -6.713  63.045 0.0000000000
64045  35.906  -8.953  64.195 0.0000000000
64056  35.254  -8.616  63.566 0.0000000000
64993  35.789  -7.919  63.168 0.0000000000
64994  34.810  -8.131  62.931 0.0000000000
64057  33.775  -8.261  62.686 0.0000000000
65008  33.590  -7.623  62.189 0.0000000000
65020  33.530  -6.953  61.622 0.0000000000
66055  34.225  -6.684  61.075 0.0000000000
120182  35.927  -6.893  60.916 0.0000000000
66069  35.681  -6.852  60.095 0.0000000000
66081  36.039  -6.825  59.477 0.0000000000
139533  39.165  -6.786  59.649 0.0000000000
66050  39.077  -6.895  61.132 0.0000000000
66066  39.686  -6.802  60.354 0.0000000000
128891  40.432  -6.721  60.698 0.0000000000
57913  35.954  -15.035  69.088 0.0000000000
140657  36.527  -14.673  68.989 0.0000000000
56896  36.780  -15.342  70.321 0.0000000000
57912  37.159  -14.521  69.343 0.0000000000
59981  38.808  -13.118  69.009 0.0000000000
59980  39.566  -12.771  69.363 0.0000000000
60964  39.965  -12.100  68.979 0.0000000000
77287  51.241  4.373  45.525 0.0000000000
78243  53.726  6.166  42.809 0.0000000000
66064  41.071  -6.528  60.560 0.0000000000
138814  27.342  -16.660  74.847 0.0000000000
