#!ascii label  , from subject sub-v1s8x0051342_ses-1 vox2ras=TkReg
436
61662  19.301  -11.415  2.300 0.0000000000
67752  25.568  -5.243  -1.900 0.0000000000
74989  22.966  1.075  -4.872 0.0000000000
72090  19.140  -0.946  -2.193 0.0000000000
57596  22.898  -15.725  3.138 0.0000000000
60662  25.723  -12.522  2.275 0.0000000000
63734  22.530  -8.786  -1.394 0.0000000000
67755  19.696  -5.187  -1.232 0.0000000000
71020  23.863  -1.888  -3.579 0.0000000000
75888  26.396  1.969  -5.905 0.0000000000
130401  21.955  4.633  -6.266 0.0000000000
58664  21.001  -13.944  1.856 0.0000000000
58644  24.427  -14.552  2.433 0.0000000000
60676  22.252  -12.887  1.078 0.0000000000
66677  18.107  -6.050  1.336 0.0000000000
116718  17.280  -3.288  1.869 0.0000000000
74095  20.765  -0.001  -3.555 0.0000000000
72103  21.501  -1.483  -3.430 0.0000000000
73126  23.273  -0.344  -4.005 0.0000000000
74107  26.069  -0.035  -5.240 0.0000000000
74132  25.036  0.742  -6.141 0.0000000000
79587  20.928  6.677  -5.048 0.0000000000
78678  20.608  5.072  -5.007 0.0000000000
130253  21.414  6.236  -6.822 0.0000000000
65658  23.995  -7.338  -2.199 0.0000000000
64664  25.750  -8.738  0.095 0.0000000000
66685  27.445  -6.150  0.282 0.0000000000
74976  20.607  1.451  -3.920 0.0000000000
70995  27.428  -2.423  -1.737 0.0000000000
63676  18.361  -9.513  2.594 0.0000000000
61699  20.801  -10.669  0.812 0.0000000000
64667  18.972  -7.859  1.029 0.0000000000
65653  20.782  -7.180  -1.187 0.0000000000
67765  22.785  -5.817  -2.577 0.0000000000
69900  19.542  -3.229  -1.767 0.0000000000
68868  22.025  -4.001  -2.784 0.0000000000
69912  24.493  -3.550  -2.935 0.0000000000
72098  27.150  -1.461  -3.702 0.0000000000
130300  20.475  3.020  -4.147 0.0000000000
75890  22.575  2.492  -5.544 0.0000000000
78717  22.548  5.656  -9.416 0.0000000000
76838  24.146  3.752  -8.258 0.0000000000
134544  24.635  2.477  -7.326 0.0000000000
75919  26.192  2.415  -8.219 0.0000000000
61715  24.125  -11.366  -0.225 0.0000000000
62675  18.284  -10.789  3.394 0.0000000000
134830  19.123  -12.264  3.501 0.0000000000
60663  20.147  -12.955  1.976 0.0000000000
59680  21.535  -13.394  1.515 0.0000000000
60677  21.298  -12.373  1.241 0.0000000000
74111  21.667  0.527  -4.047 0.0000000000
74093  22.100  -0.423  -3.771 0.0000000000
74109  22.982  0.306  -4.368 0.0000000000
74123  24.697  0.439  -5.346 0.0000000000
134258  23.669  1.255  -5.312 0.0000000000
128854  21.171  7.355  -5.681 0.0000000000
79586  21.268  6.501  -5.932 0.0000000000
80445  21.355  7.508  -7.860 0.0000000000
66705  25.039  -6.519  -1.728 0.0000000000
66695  25.437  -6.777  -1.339 0.0000000000
129303  26.465  -5.833  -1.030 0.0000000000
134333  19.804  0.550  -3.195 0.0000000000
74963  20.011  1.434  -3.482 0.0000000000
57598  21.125  -15.626  3.221 0.0000000000
56630  22.126  -16.907  4.050 0.0000000000
56628  23.793  -16.734  4.322 0.0000000000
57580  24.736  -15.657  4.015 0.0000000000
59676  25.282  -13.163  1.977 0.0000000000
59633  25.860  -13.929  4.052 0.0000000000
64653  18.541  -8.236  1.634 0.0000000000
65620  18.399  -7.376  1.482 0.0000000000
67745  18.659  -5.877  -0.061 0.0000000000
66697  19.367  -6.422  -0.459 0.0000000000
66709  20.054  -6.055  -1.035 0.0000000000
65661  22.119  -6.782  -2.104 0.0000000000
67767  21.314  -5.504  -2.219 0.0000000000
134020  18.558  -2.147  -0.276 0.0000000000
71007  19.523  -2.219  -2.116 0.0000000000
120623  22.291  -2.059  -3.458 0.0000000000
69929  22.024  -2.739  -3.188 0.0000000000
69928  22.634  -2.924  -3.186 0.0000000000
68858  23.168  -4.254  -2.879 0.0000000000
69926  24.722  -2.764  -3.327 0.0000000000
71005  25.683  -2.683  -3.077 0.0000000000
129039  25.726  -1.650  -3.754 0.0000000000
74121  26.186  0.622  -5.670 0.0000000000
74106  26.850  0.400  -5.028 0.0000000000
77766  21.409  4.996  -5.736 0.0000000000
77753  20.386  4.407  -4.662 0.0000000000
122138  21.567  4.084  -5.817 0.0000000000
75891  21.658  2.600  -5.129 0.0000000000
76814  22.418  4.051  -6.366 0.0000000000
76825  24.414  3.066  -7.760 0.0000000000
75912  25.167  2.428  -8.112 0.0000000000
75911  25.785  2.103  -7.862 0.0000000000
62728  21.895  -9.960  -0.006 0.0000000000
62713  22.235  -10.919  0.216 0.0000000000
62726  23.316  -10.300  -0.457 0.0000000000
64662  27.036  -8.075  0.854 0.0000000000
63689  26.535  -9.478  1.319 0.0000000000
135240  20.356  -14.469  3.014 0.0000000000
58647  21.997  -15.063  2.129 0.0000000000
57615  23.323  -15.307  2.646 0.0000000000
58662  22.546  -14.386  1.755 0.0000000000
59678  23.750  -13.661  1.272 0.0000000000
60675  24.848  -12.685  1.170 0.0000000000
67708  16.388  -5.290  3.215 0.0000000000
68785  17.011  -4.008  2.168 0.0000000000
68821  18.169  -4.597  0.739 0.0000000000
73115  19.788  -0.489  -2.835 0.0000000000
133632  20.292  -1.127  -2.898 0.0000000000
134670  20.892  -1.110  -3.302 0.0000000000
72102  22.175  -1.132  -3.629 0.0000000000
73112  23.443  -0.938  -3.795 0.0000000000
72100  25.230  -1.110  -3.945 0.0000000000
73125  24.700  -0.547  -4.200 0.0000000000
74122  25.462  0.354  -5.677 0.0000000000
74987  25.635  0.893  -6.117 0.0000000000
78647  19.854  6.252  -3.258 0.0000000000
121488  20.622  5.968  -4.562 0.0000000000
78689  21.417  5.756  -6.106 0.0000000000
132223  21.790  5.387  -6.742 0.0000000000
64688  23.228  -8.118  -1.905 0.0000000000
125788  24.079  -9.103  -0.964 0.0000000000
65639  24.772  -7.905  -1.305 0.0000000000
65637  26.319  -7.419  -0.245 0.0000000000
128592  19.275  -0.446  -2.416 0.0000000000
74096  19.973  0.034  -3.234 0.0000000000
74112  21.060  0.598  -3.832 0.0000000000
138740  21.693  1.366  -4.541 0.0000000000
58616  25.194  -15.046  4.001 0.0000000000
68842  26.757  -3.798  -1.516 0.0000000000
68831  26.880  -4.602  -1.246 0.0000000000
136269  18.989  -10.751  2.329 0.0000000000
62700  20.156  -10.723  1.375 0.0000000000
62701  19.678  -10.013  1.458 0.0000000000
63706  20.355  -9.165  0.572 0.0000000000
64665  20.178  -8.505  0.254 0.0000000000
118028  18.461  -6.698  1.084 0.0000000000
64679  19.846  -7.902  -0.043 0.0000000000
64690  21.925  -8.095  -1.490 0.0000000000
65652  22.378  -7.396  -1.916 0.0000000000
66714  23.713  -6.633  -2.390 0.0000000000
67762  24.851  -5.201  -2.351 0.0000000000
69888  18.571  -3.754  -0.491 0.0000000000
68846  19.625  -4.223  -1.526 0.0000000000
71006  20.842  -2.571  -2.822 0.0000000000
69915  20.868  -3.482  -2.513 0.0000000000
68861  21.003  -4.429  -2.293 0.0000000000
68859  22.562  -4.815  -2.675 0.0000000000
130323  23.293  -5.051  -2.727 0.0000000000
68856  25.611  -3.918  -2.296 0.0000000000
69910  26.041  -3.219  -2.529 0.0000000000
72087  27.126  -1.917  -2.958 0.0000000000
73110  26.369  -1.172  -4.228 0.0000000000
125293  20.564  2.276  -4.247 0.0000000000
74975  21.189  1.870  -4.584 0.0000000000
74990  22.171  1.701  -4.920 0.0000000000
78701  21.826  6.098  -7.782 0.0000000000
77789  22.715  5.041  -7.647 0.0000000000
77799  22.892  5.174  -8.641 0.0000000000
77778  23.142  4.490  -7.042 0.0000000000
76813  23.324  3.826  -6.724 0.0000000000
75901  23.445  2.346  -6.136 0.0000000000
75002  23.969  1.638  -5.936 0.0000000000
75001  24.738  1.351  -6.439 0.0000000000
75011  25.794  1.890  -7.018 0.0000000000
75899  26.267  2.120  -6.743 0.0000000000
61698  21.385  -11.369  0.708 0.0000000000
61696  23.862  -12.055  -0.060 0.0000000000
60688  24.829  -12.073  0.706 0.0000000000
63704  24.521  -9.887  -0.295 0.0000000000
62698  26.119  -10.347  1.384 0.0000000000
61663  18.763  -11.162  2.874 0.0000000000
61649  18.736  -11.631  3.568 0.0000000000
60649  19.156  -11.899  2.934 0.0000000000
60648  19.493  -12.624  3.082 0.0000000000
60664  19.690  -12.306  2.262 0.0000000000
60678  20.349  -12.333  1.657 0.0000000000
74974  22.128  0.858  -4.439 0.0000000000
74110  22.160  0.166  -4.047 0.0000000000
74124  23.819  0.726  -4.914 0.0000000000
80435  21.265  7.198  -6.782 0.0000000000
67753  24.968  -5.926  -2.014 0.0000000000
66704  25.725  -6.022  -1.473 0.0000000000
67751  26.326  -5.245  -1.416 0.0000000000
57597  22.009  -15.564  3.049 0.0000000000
56650  21.596  -16.240  3.592 0.0000000000
56649  22.520  -16.316  3.559 0.0000000000
56629  22.996  -16.962  4.009 0.0000000000
56648  23.375  -16.313  3.632 0.0000000000
56627  24.391  -16.251  4.331 0.0000000000
56647  24.125  -16.144  3.743 0.0000000000
133555  25.823  -13.039  2.871 0.0000000000
60661  26.225  -12.165  2.773 0.0000000000
61648  26.723  -11.573  3.326 0.0000000000
133197  18.111  -7.862  2.017 0.0000000000
65621  17.941  -7.235  1.908 0.0000000000
68832  18.889  -5.112  -0.577 0.0000000000
67744  19.317  -5.713  -0.653 0.0000000000
67754  20.594  -5.801  -1.743 0.0000000000
122497  18.839  -2.152  -1.536 0.0000000000
71008  19.092  -1.676  -1.894 0.0000000000
71021  23.201  -2.390  -3.435 0.0000000000
122883  23.945  -2.670  -3.391 0.0000000000
140791  24.320  -2.304  -3.503 0.0000000000
71018  25.412  -2.207  -3.502 0.0000000000
71019  24.764  -1.870  -3.645 0.0000000000
74986  26.180  1.218  -5.959 0.0000000000
74973  26.618  1.359  -5.360 0.0000000000
76837  24.626  2.804  -8.727 0.0000000000
75921  25.127  2.412  -9.019 0.0000000000
75920  25.704  2.285  -8.692 0.0000000000
63719  22.286  -9.418  -0.769 0.0000000000
62727  22.646  -10.151  -0.402 0.0000000000
63718  22.993  -9.525  -1.144 0.0000000000
129329  27.545  -7.913  1.490 0.0000000000
64650  27.106  -8.669  1.424 0.0000000000
58649  20.153  -13.814  2.842 0.0000000000
58648  20.674  -14.215  2.436 0.0000000000
141888  20.869  -14.710  2.696 0.0000000000
119198  21.243  -14.636  2.180 0.0000000000
58663  21.741  -14.240  1.772 0.0000000000
59679  22.342  -13.680  1.455 0.0000000000
59691  23.049  -13.298  1.096 0.0000000000
59677  24.530  -13.480  1.498 0.0000000000
59690  23.666  -13.088  0.781 0.0000000000
69836  16.619  -3.376  2.582 0.0000000000
68806  18.013  -4.724  1.125 0.0000000000
120040  20.485  -0.552  -3.250 0.0000000000
73114  21.353  -0.662  -3.553 0.0000000000
73127  22.627  -0.222  -3.977 0.0000000000
73113  22.756  -0.766  -3.818 0.0000000000
136733  23.942  -0.517  -3.909 0.0000000000
79573  20.672  6.789  -4.168 0.0000000000
131018  20.295  6.258  -3.832 0.0000000000
65650  23.538  -7.821  -2.068 0.0000000000
63732  23.741  -8.523  -1.712 0.0000000000
65649  24.195  -7.975  -1.849 0.0000000000
66694  26.221  -6.630  -0.828 0.0000000000
66686  26.852  -6.743  -0.051 0.0000000000
65629  26.904  -7.444  0.389 0.0000000000
74079  19.017  0.205  -1.637 0.0000000000
74086  19.439  -0.022  -2.767 0.0000000000
73116  19.508  -0.007  -2.876 0.0000000000
74113  20.331  0.671  -3.489 0.0000000000
137845  21.378  1.091  -4.227 0.0000000000
140937  24.604  -14.784  2.859 0.0000000000
58629  24.784  -15.023  3.362 0.0000000000
69909  26.828  -3.037  -2.059 0.0000000000
63664  17.945  -9.957  3.283 0.0000000000
62702  18.965  -10.004  2.003 0.0000000000
64652  19.284  -8.651  1.233 0.0000000000
117921  19.873  -8.728  0.771 0.0000000000
64666  19.572  -8.184  0.613 0.0000000000
67722  17.836  -5.705  1.558 0.0000000000
133157  18.086  -6.708  1.597 0.0000000000
66696  20.171  -6.809  -0.805 0.0000000000
65641  19.530  -7.219  -0.283 0.0000000000
65640  20.333  -7.514  -0.610 0.0000000000
64691  21.090  -7.788  -1.061 0.0000000000
128269  21.536  -7.169  -1.671 0.0000000000
66716  22.438  -6.421  -2.411 0.0000000000
66715  22.979  -6.566  -2.490 0.0000000000
67763  24.255  -5.930  -2.417 0.0000000000
67764  23.454  -5.889  -2.570 0.0000000000
120145  18.646  -3.126  -0.976 0.0000000000
69873  18.445  -3.729  -0.133 0.0000000000
69901  18.926  -3.675  -1.125 0.0000000000
71023  20.839  -1.746  -3.146 0.0000000000
72088  20.183  -1.927  -2.644 0.0000000000
69914  21.568  -3.170  -2.834 0.0000000000
125029  21.442  -3.978  -2.573 0.0000000000
69916  20.270  -3.853  -2.064 0.0000000000
68860  21.763  -4.765  -2.467 0.0000000000
69913  23.875  -4.130  -2.861 0.0000000000
126549  24.755  -4.253  -2.546 0.0000000000
69911  25.184  -3.383  -2.769 0.0000000000
72099  26.294  -2.012  -3.389 0.0000000000
71004  26.520  -2.507  -2.723 0.0000000000
129302  27.745  -1.425  -3.122 0.0000000000
73124  25.715  -0.601  -4.587 0.0000000000
78662  20.283  5.214  -3.934 0.0000000000
76787  20.566  3.676  -4.697 0.0000000000
126674  20.224  3.947  -3.997 0.0000000000
75880  20.157  2.278  -3.808 0.0000000000
75879  20.991  2.852  -4.587 0.0000000000
134797  21.790  6.489  -8.732 0.0000000000
78709  22.285  5.938  -8.689 0.0000000000
78700  22.351  5.530  -8.033 0.0000000000
77806  23.700  4.282  -9.139 0.0000000000
127225  23.513  4.550  -7.919 0.0000000000
76826  23.853  3.917  -7.331 0.0000000000
76812  23.865  3.004  -6.873 0.0000000000
75900  24.311  2.092  -6.675 0.0000000000
75012  25.185  1.951  -7.123 0.0000000000
75910  26.217  2.242  -7.498 0.0000000000
61679  20.638  -11.507  1.266 0.0000000000
61716  23.626  -11.151  -0.228 0.0000000000
61697  23.041  -11.580  0.166 0.0000000000
61695  24.480  -11.738  0.198 0.0000000000
63716  24.902  -9.054  -0.493 0.0000000000
63703  25.417  -9.692  0.191 0.0000000000
63690  25.961  -9.897  0.809 0.0000000000
61677  26.278  -10.909  2.077 0.0000000000
59663  19.947  -13.107  2.626 0.0000000000
59662  20.405  -13.578  2.176 0.0000000000
59681  20.766  -13.115  1.727 0.0000000000
74094  21.534  0.026  -3.785 0.0000000000
74108  24.083  0.036  -4.437 0.0000000000
74988  24.359  1.003  -5.697 0.0000000000
79609  21.442  6.794  -7.504 0.0000000000
66706  24.461  -6.648  -2.161 0.0000000000
65648  24.747  -7.268  -1.709 0.0000000000
66693  26.947  -6.008  -0.505 0.0000000000
140579  20.417  -15.526  3.472 0.0000000000
128025  19.739  -15.766  3.935 0.0000000000
56651  20.691  -16.122  3.743 0.0000000000
56611  24.393  -16.555  4.972 0.0000000000
57566  24.816  -15.918  4.843 0.0000000000
59661  24.814  -13.927  2.167 0.0000000000
58643  25.033  -14.364  2.864 0.0000000000
59660  25.328  -13.683  2.599 0.0000000000
64642  18.154  -8.622  2.426 0.0000000000
63691  18.723  -9.081  1.860 0.0000000000
67735  18.313  -5.650  0.731 0.0000000000
66687  18.458  -6.206  0.688 0.0000000000
66708  20.751  -6.595  -1.520 0.0000000000
66707  21.397  -6.384  -2.003 0.0000000000
66717  21.931  -6.223  -2.276 0.0000000000
67766  22.154  -5.676  -2.440 0.0000000000
70996  18.968  -2.633  -1.547 0.0000000000
71022  21.495  -2.290  -3.216 0.0000000000
139314  22.187  -3.313  -2.976 0.0000000000
68867  22.672  -3.787  -2.927 0.0000000000
69927  23.384  -3.355  -3.136 0.0000000000
128092  24.092  -3.305  -3.186 0.0000000000
139102  26.392  -1.576  -3.794 0.0000000000
73123  26.705  -0.412  -4.726 0.0000000000
77767  20.805  4.278  -5.250 0.0000000000
76800  21.223  3.473  -5.215 0.0000000000
76799  22.051  3.319  -5.697 0.0000000000
63705  20.958  -9.816  0.254 0.0000000000
141276  21.419  -10.555  0.397 0.0000000000
62725  23.987  -10.571  -0.363 0.0000000000
64651  26.517  -8.749  0.758 0.0000000000
63702  26.085  -9.336  0.609 0.0000000000
57600  19.892  -15.008  3.483 0.0000000000
57599  20.700  -15.044  3.100 0.0000000000
57617  21.341  -15.118  2.725 0.0000000000
57616  22.580  -15.350  2.567 0.0000000000
58646  22.900  -14.907  2.147 0.0000000000
58645  23.737  -14.768  2.236 0.0000000000
58661  23.381  -14.329  1.756 0.0000000000
58660  24.150  -14.201  1.800 0.0000000000
127552  25.421  -12.436  1.722 0.0000000000
67723  17.857  -5.183  1.459 0.0000000000
67736  18.069  -5.220  1.171 0.0000000000
119283  18.383  -4.991  0.225 0.0000000000
72089  19.532  -1.205  -2.445 0.0000000000
72101  23.031  -1.519  -3.703 0.0000000000
138825  23.612  -1.365  -3.684 0.0000000000
73111  24.214  -1.123  -3.734 0.0000000000
73136  25.138  -0.078  -4.951 0.0000000000
78677  21.032  5.831  -5.391 0.0000000000
63733  23.147  -8.697  -1.630 0.0000000000
124072  23.479  -9.122  -1.354 0.0000000000
64676  24.442  -8.491  -1.221 0.0000000000
64675  25.174  -8.274  -0.650 0.0000000000
65638  25.476  -7.454  -0.900 0.0000000000
64674  25.836  -8.004  -0.269 0.0000000000
64663  26.414  -8.089  0.272 0.0000000000
73103  19.372  -0.440  -2.510 0.0000000000
141462  24.328  -15.574  3.408 0.0000000000
58628  25.372  -14.487  3.641 0.0000000000
68843  26.105  -4.427  -1.783 0.0000000000
61680  19.874  -11.540  1.721 0.0000000000
62686  19.441  -10.771  1.805 0.0000000000
62714  20.334  -9.909  0.969 0.0000000000
133400  19.296  -9.405  1.518 0.0000000000
63707  19.846  -9.276  1.110 0.0000000000
63721  20.785  -8.927  -0.107 0.0000000000
63735  21.930  -8.824  -1.022 0.0000000000
65631  18.797  -7.245  0.851 0.0000000000
65642  18.851  -6.779  0.236 0.0000000000
65630  19.235  -7.547  0.375 0.0000000000
64678  20.555  -8.225  -0.419 0.0000000000
64677  21.295  -8.535  -0.779 0.0000000000
64689  22.715  -8.069  -1.793 0.0000000000
65651  22.929  -7.605  -2.122 0.0000000000
65660  22.652  -7.032  -2.304 0.0000000000
65659  23.250  -7.206  -2.315 0.0000000000
116720  17.569  -2.253  1.581 0.0000000000
116719  18.191  -4.197  0.567 0.0000000000
68820  18.341  -4.197  0.124 0.0000000000
68833  18.648  -4.361  -0.492 0.0000000000
68847  19.142  -4.503  -0.977 0.0000000000
120366  20.182  -2.872  -2.349 0.0000000000
68845  20.406  -4.861  -1.888 0.0000000000
68857  24.047  -5.087  -2.588 0.0000000000
68844  25.396  -4.619  -2.223 0.0000000000
123043  26.281  -3.686  -2.039 0.0000000000
71003  27.167  -2.328  -2.390 0.0000000000
73109  27.354  -0.768  -4.227 0.0000000000
75889  23.147  1.764  -5.404 0.0000000000
79620  21.510  6.963  -8.321 0.0000000000
77790  22.142  5.362  -7.442 0.0000000000
77779  22.280  4.813  -6.942 0.0000000000
75902  22.938  3.178  -6.204 0.0000000000
75000  25.356  1.349  -6.527 0.0000000000
74999  25.936  1.501  -6.434 0.0000000000
138025  26.494  2.839  -7.681 0.0000000000
76811  26.589  2.859  -7.004 0.0000000000
76798  26.644  2.836  -6.158 0.0000000000
60691  22.216  -11.982  0.610 0.0000000000
60690  23.175  -12.542  0.540 0.0000000000
131082  23.889  -12.666  0.453 0.0000000000
61661  25.845  -11.778  2.037 0.0000000000
63717  23.677  -9.692  -0.700 0.0000000000
140973  25.051  -10.266  0.108 0.0000000000
62712  24.672  -10.848  0.060 0.0000000000
61678  25.675  -11.144  1.359 0.0000000000
61660  26.418  -11.429  2.616 0.0000000000
67743  27.031  -5.341  -0.963 0.0000000000
57595  23.727  -15.715  3.232 0.0000000000
57614  24.169  -15.169  2.816 0.0000000000
59644  25.580  -13.814  3.268 0.0000000000
59689  24.194  -13.068  0.846 0.0000000000
60689  24.331  -12.422  0.483 0.0000000000
61694  25.112  -11.409  0.655 0.0000000000
61717  22.994  -10.816  -0.135 0.0000000000
62699  25.463  -10.536  0.629 0.0000000000
63720  21.516  -9.253  -0.411 0.0000000000
66678  17.841  -6.402  1.702 0.0000000000
125584  25.309  -11.938  1.252 0.0000000000
140042  23.023  -13.874  1.467 0.0000000000
