#!ascii label  , from subject sub-v1s8x0051336_ses-1 vox2ras=TkReg
1578
6384  -17.328  -85.811  -0.911 0.5000000000
7938  -16.799  -82.616  -3.424 0.5000000000
9403  -18.003  -81.495  -3.675 0.5000000000
9404  -18.477  -81.305  -3.757 0.5000000000
119751  -16.031  -86.466  0.891 0.5000000000
5648  -16.487  -86.572  0.154 0.5000000000
6370  -16.685  -85.950  0.765 0.5000000000
7134  -18.051  -85.309  -0.514 0.5000000000
7119  -18.242  -84.858  0.282 0.6000000238
7152  -18.154  -84.566  -1.559 0.5000000000
9413  -18.300  -81.564  -4.300 0.5000000000
7929  -17.413  -83.491  -2.552 0.5000000000
9406  -19.919  -80.984  -3.720 0.5000000000
7939  -17.651  -82.598  -2.642 0.6000000238
10179  -19.746  -80.611  -3.051 0.6000000238
126057  -18.296  -82.291  -2.247 0.6000000238
9400  -19.136  -80.726  -3.088 0.6000000238
139419  -21.317  -80.499  -2.769 0.6999999881
9389  -19.063  -80.951  -1.983 0.6999999881
10174  -20.539  -80.328  -2.379 0.6999999881
124670  -19.769  -80.241  -1.761 0.6999999881
10160  -20.225  -80.077  -1.774 0.6999999881
6359  -16.842  -85.637  1.425 0.5000000000
6348  -17.254  -85.203  1.774 0.6000000238
7087  -16.929  -85.049  2.567 0.6000000238
117908  -17.467  -84.450  2.203 0.6000000238
7153  -18.481  -83.689  -1.454 0.5000000000
10181  -21.595  -80.711  -3.434 0.5000000000
130430  -22.551  -80.661  -3.684 0.5000000000
10178  -24.696  -80.185  -2.639 0.6999999881
132466  -22.215  -80.441  -2.934 0.6999999881
10177  -23.848  -80.194  -2.472 0.6999999881
132479  -18.250  -83.016  -2.046 0.6000000238
8684  -18.449  -82.822  -1.374 0.6999999881
120340  -23.106  -80.538  -2.146 0.6999999881
9388  -18.803  -81.277  -1.192 0.6999999881
10158  -18.989  -80.926  -0.959 0.6999999881
10140  -22.794  -80.885  -1.695 0.6999999881
11038  -20.056  -80.083  -1.253 0.6999999881
136515  -20.361  -80.134  -1.403 0.6999999881
10161  -20.756  -80.282  -1.748 0.6999999881
9372  -22.665  -81.640  -1.044 0.6999999881
117757  -20.978  -80.834  -0.376 0.6999999881
9371  -21.642  -81.703  -0.591 0.6999999881
8668  -21.551  -82.477  0.449 0.6999999881
6346  -15.705  -85.720  2.695 0.5000000000
137539  -16.267  -85.202  3.166 0.6000000238
7051  -16.832  -84.316  4.280 0.6000000238
125273  -16.929  -84.491  3.274 0.6000000238
7073  -17.291  -83.934  3.875 0.6000000238
7882  -17.844  -83.977  1.436 0.6000000238
7868  -17.375  -83.771  2.930 0.6000000238
7897  -18.241  -83.968  0.506 0.6000000238
9391  -25.575  -80.728  -2.181 0.6999999881
7913  -18.455  -83.409  -0.506 0.6999999881
9390  -24.790  -80.991  -1.635 0.6999999881
8685  -26.044  -81.496  -1.865 0.6999999881
8673  -26.276  -82.328  -1.274 0.6999999881
8653  -18.028  -83.019  0.291 0.6999999881
9374  -25.309  -81.401  -1.547 0.6999999881
7915  -26.658  -82.965  -0.469 0.6999999881
8667  -18.106  -82.316  -0.395 0.6999999881
141030  -17.943  -81.739  0.072 0.6999999881
9373  -23.875  -80.976  -1.325 0.6999999881
8671  -24.600  -81.728  -0.792 0.6999999881
7914  -25.893  -82.666  -0.251 0.6999999881
138686  -26.269  -83.191  0.598 0.6999999881
10137  -18.520  -80.903  -0.539 0.6999999881
11022  -18.531  -80.534  0.229 0.6999999881
8670  -23.460  -82.026  -0.499 0.6999999881
135772  -25.488  -82.879  0.518 0.6999999881
136097  -20.436  -80.296  -0.132 0.6999999881
8655  -23.048  -82.832  0.296 0.6999999881
8656  -24.098  -82.512  0.177 0.6999999881
9361  -21.188  -81.579  0.249 0.6999999881
8669  -22.387  -82.373  -0.203 0.6999999881
7899  -23.618  -83.210  0.881 0.6999999881
7883  -21.897  -83.230  1.028 0.6999999881
6336  -15.483  -85.274  3.208 0.5000000000
7071  -15.773  -84.778  3.687 0.6000000238
7032  -16.330  -83.859  5.283 0.6000000238
7838  -15.721  -83.778  4.804 0.5000000000
132670  -16.882  -83.686  5.693 0.6000000238
127574  -14.854  -83.260  3.134 0.5000000000
7855  -15.479  -84.244  4.043 0.5000000000
7033  -16.790  -84.070  5.073 0.6000000238
8577  -17.529  -83.067  6.736 0.6000000238
7839  -17.832  -83.240  5.037 0.6000000238
7819  -17.376  -83.706  5.447 0.6000000238
126058  -17.637  -83.450  2.052 0.6000000238
120200  -17.868  -83.174  1.120 0.6999999881
8628  -17.465  -82.786  2.640 0.6999999881
123637  -17.875  -82.190  0.696 0.6999999881
124727  -17.656  -82.464  1.756 0.6999999881
7121  -27.575  -83.896  0.250 0.6999999881
10122  -18.316  -80.711  0.514 0.6999999881
118615  -17.704  -80.779  2.082 0.6999999881
7120  -26.993  -83.777  1.069 0.6999999881
129485  -27.840  -84.224  0.995 0.6999999881
10989  -18.554  -79.948  1.613 0.6999999881
7123  -29.079  -84.818  0.010 0.6999999881
10105  -20.143  -80.404  0.869 0.6000000238
7886  -25.386  -83.236  1.244 0.6999999881
7104  -26.703  -83.954  1.910 0.6999999881
7106  -28.213  -84.504  1.674 0.6999999881
7122  -28.660  -84.645  0.857 0.6999999881
6371  -29.539  -85.057  0.700 0.6999999881
10123  -20.763  -80.911  0.663 0.6999999881
123246  -24.358  -83.284  1.736 0.6999999881
7872  -25.298  -83.564  2.150 0.6000000238
7090  -26.940  -84.246  2.624 0.6999999881
7105  -27.391  -84.205  1.790 0.6999999881
8641  -21.531  -82.637  1.296 0.6000000238
7898  -22.617  -83.372  0.923 0.6999999881
7885  -23.192  -83.405  1.677 0.6999999881
7871  -24.558  -83.538  2.675 0.6000000238
7075  -26.201  -84.197  3.326 0.6000000238
8630  -22.231  -82.919  2.830 0.6000000238
7869  -22.739  -83.398  2.537 0.6000000238
7870  -23.717  -83.455  2.645 0.6000000238
7074  -24.627  -84.162  4.222 0.5000000000
7088  -25.207  -83.914  3.227 0.5000000000
138050  -26.342  -84.369  4.025 0.5000000000
7857  -22.747  -83.321  3.508 0.6000000238
7841  -23.245  -83.551  4.147 0.5000000000
7053  -23.801  -84.043  4.204 0.5000000000
8589  -15.969  -83.266  5.452 0.6000000238
8604  -15.535  -82.844  4.822 0.6000000238
9286  -17.044  -82.177  7.304 0.5000000000
10029  -17.061  -81.282  7.678 0.6999999881
8618  -15.263  -83.295  3.985 0.5000000000
127229  -15.329  -82.175  3.998 0.6000000238
10041  -15.795  -81.206  5.369 0.6000000238
131542  -14.804  -81.895  2.754 0.6000000238
8617  -15.012  -82.453  3.283 0.6000000238
8568  -18.163  -82.743  7.299 0.4000000060
9320  -15.352  -81.157  3.918 0.6000000238
8578  -18.023  -83.164  6.480 0.5000000000
8591  -18.243  -82.880  5.810 0.6000000238
9308  -17.739  -82.532  4.137 0.6000000238
9333  -17.486  -81.784  2.365 0.6999999881
9321  -17.570  -81.584  3.634 0.6000000238
10973  -17.952  -79.955  2.204 0.6999999881
132160  -18.972  -79.872  1.284 0.6000000238
10974  -18.517  -79.421  2.352 0.6000000238
9348  -21.128  -81.101  1.522 0.6000000238
137524  -27.424  -84.489  2.951 0.6000000238
127334  -27.745  -84.494  2.440 0.6000000238
7091  -28.602  -84.779  2.360 0.6999999881
6360  -29.119  -84.840  1.522 0.6999999881
6361  -30.073  -85.165  1.386 0.6999999881
136160  -21.342  -81.887  1.653 0.6000000238
7076  -27.047  -84.472  3.543 0.6000000238
121540  -30.488  -86.104  0.594 0.6999999881
8621  -22.420  -82.647  3.612 0.6000000238
7055  -25.191  -84.219  4.957 0.4000000060
7056  -26.842  -84.452  4.519 0.4000000060
7057  -27.605  -84.717  4.289 0.5000000000
7077  -27.985  -84.760  3.253 0.6000000238
6349  -29.634  -85.006  2.179 0.6000000238
6362  -30.614  -85.720  1.374 0.6000000238
7840  -22.820  -83.058  4.117 0.5000000000
8606  -23.334  -82.946  4.751 0.5000000000
7842  -24.141  -83.374  5.094 0.5000000000
7054  -24.425  -83.962  4.851 0.5000000000
120471  -27.967  -84.800  5.225 0.4000000060
7058  -28.568  -85.077  4.223 0.6000000238
10884  -16.660  -80.285  7.336 0.6000000238
10034  -16.507  -81.201  6.844 0.6000000238
9273  -17.621  -81.248  8.190 0.6000000238
10048  -15.555  -80.573  4.617 0.6000000238
141421  -15.759  -80.336  5.345 0.5000000000
134717  -15.919  -78.707  5.837 0.6000000238
11741  -15.725  -78.890  5.199 0.6000000238
9287  -17.784  -82.234  7.892 0.6000000238
10062  -15.093  -80.756  3.182 0.6999999881
10932  -15.554  -79.045  4.464 0.6000000238
12495  -15.843  -77.684  4.393 0.6000000238
8569  -18.874  -82.439  7.476 0.5000000000
9288  -18.642  -82.242  7.969 0.6000000238
10083  -14.573  -79.872  2.146 0.6000000238
11776  -15.529  -78.346  3.971 0.6999999881
128128  -18.642  -82.055  5.676 0.5000000000
10972  -14.999  -79.019  2.772 0.6999999881
140822  -18.336  -81.513  5.018 0.6000000238
11805  -14.923  -78.032  1.582 0.6000000238
10064  -17.595  -80.594  3.626 0.6000000238
10049  -17.857  -81.493  4.375 0.6000000238
10065  -17.839  -79.747  3.861 0.6000000238
10954  -18.354  -79.197  3.374 0.6000000238
119487  -19.970  -79.370  2.352 0.6000000238
10991  -20.838  -79.931  2.129 0.6000000238
139235  -22.297  -80.280  3.747 0.6000000238
9334  -21.443  -81.298  2.449 0.6000000238
10067  -23.285  -80.424  4.046 0.6000000238
8605  -22.734  -82.326  4.235 0.6000000238
6338  -29.579  -85.390  3.807 0.6000000238
128667  -30.157  -85.381  2.856 0.6000000238
5630  -30.919  -85.966  2.392 0.6000000238
139418  -23.660  -82.296  4.922 0.5000000000
8592  -24.764  -83.013  5.555 0.5000000000
7822  -25.495  -83.487  5.861 0.5000000000
5631  -31.318  -86.808  3.165 0.6000000238
6313  -29.266  -85.077  5.884 0.4000000060
129730  -30.127  -85.656  4.433 0.6000000238
138382  -31.135  -86.002  3.479 0.6000000238
140507  -16.523  -79.509  6.979 0.6000000238
11713  -17.235  -78.498  7.564 0.5000000000
11702  -18.363  -78.581  8.870 0.5000000000
10902  -16.278  -80.051  6.565 0.6000000238
12477  -17.295  -77.148  6.548 0.6000000238
133094  -17.194  -80.339  8.026 0.5000000000
11701  -17.606  -79.327  8.321 0.5000000000
10867  -18.402  -79.873  9.077 0.5000000000
11725  -16.333  -78.159  6.230 0.5000000000
131876  -16.223  -79.108  6.410 0.6000000238
11759  -16.487  -77.227  4.896 0.5000000000
9274  -18.349  -81.617  8.429 0.6000000238
12503  -15.555  -77.490  3.449 0.6999999881
12504  -16.121  -77.006  3.818 0.6000000238
12512  -15.904  -76.885  2.687 0.6000000238
10043  -18.653  -80.995  5.458 0.5000000000
12519  -15.399  -77.139  1.321 0.5000000000
138057  -15.637  -76.960  1.998 0.6999999881
10051  -18.676  -79.921  5.163 0.5000000000
10955  -18.916  -78.902  3.821 0.5000000000
11790  -19.301  -79.104  2.901 0.6000000238
10956  -21.991  -79.606  3.509 0.6000000238
10976  -21.122  -79.717  2.999 0.5000000000
10066  -21.460  -80.369  3.129 0.6000000238
9312  -24.120  -81.599  4.793 0.5000000000
6301  -29.963  -85.185  6.559 0.5000000000
6326  -30.704  -85.903  4.988 0.5000000000
5618  -31.265  -86.199  4.439 0.6000000238
5619  -31.660  -86.750  3.998 0.6000000238
12465  -17.687  -77.520  7.448 0.6000000238
120147  -18.333  -77.647  8.252 0.6000000238
13196  -18.059  -76.740  6.843 0.6000000238
12485  -16.901  -76.995  5.781 0.6000000238
124253  -17.340  -76.629  4.969 0.6999999881
10018  -18.804  -81.029  8.992 0.6000000238
13229  -17.368  -76.543  3.421 0.6000000238
9275  -19.129  -81.669  8.505 0.6000000238
13242  -16.615  -76.370  2.268 0.6000000238
13243  -17.550  -76.332  2.564 0.6000000238
9299  -19.425  -82.100  7.140 0.5000000000
10934  -19.183  -79.037  4.688 0.5000000000
12531  -15.180  -77.001  0.545 0.5000000000
12520  -15.906  -76.425  1.669 0.6000000238
11791  -20.286  -79.215  3.024 0.5000000000
138107  -21.907  -78.969  3.426 0.6000000238
11792  -21.163  -79.221  3.207 0.5000000000
129766  -22.974  -79.535  3.550 0.5000000000
10086  -23.565  -79.744  3.625 0.5000000000
6327  -31.383  -86.168  5.411 0.6000000238
13181  -18.964  -76.497  7.064 0.6000000238
12466  -18.522  -76.978  7.669 0.5000000000
12467  -19.021  -77.115  8.389 0.5000000000
123193  -18.656  -76.334  6.015 0.6999999881
141203  -18.833  -77.738  8.845 0.5000000000
13207  -18.723  -76.084  4.945 0.6999999881
135316  -18.078  -76.328  5.284 0.6000000238
11703  -19.160  -78.262  9.397 0.5000000000
120182  -17.541  -76.503  4.088 0.6000000238
10849  -19.002  -79.297  9.536 0.5000000000
10020  -20.289  -80.859  9.028 0.6000000238
13244  -18.566  -76.119  2.451 0.6999999881
132353  -20.361  -80.969  8.148 0.6000000238
135663  -17.165  -76.001  2.033 0.6000000238
10036  -20.328  -80.688  7.180 0.6000000238
13966  -16.274  -75.327  1.574 0.6999999881
13256  -16.477  -75.880  1.727 0.6999999881
134853  -19.249  -79.585  5.558 0.5000000000
10035  -19.742  -81.184  6.729 0.5000000000
13965  -15.823  -75.755  1.024 0.6000000238
10935  -19.833  -79.038  5.396 0.5000000000
127564  -15.220  -75.265  0.644 0.5000000000
140358  -20.853  -78.629  4.189 0.6000000238
131244  -20.121  -78.705  4.435 0.5000000000
134050  -14.645  -75.742  0.490 0.6000000238
11777  -20.624  -78.822  3.635 0.5000000000
11794  -23.043  -79.226  3.460 0.6000000238
11795  -24.186  -79.123  3.412 0.5000000000
13198  -20.257  -75.815  6.817 0.6999999881
120524  -19.763  -76.131  7.470 0.5000000000
13168  -19.772  -76.621  8.457 0.5000000000
13926  -20.719  -75.742  4.738 0.8000000119
13209  -20.293  -75.767  5.785 0.6999999881
12456  -19.463  -77.362  9.129 0.5000000000
12444  -19.898  -77.979  9.751 0.5000000000
13246  -20.176  -76.039  2.604 0.6999999881
13217  -20.254  -75.934  3.777 0.6999999881
137820  -20.024  -75.821  4.855 0.8000000119
120769  -18.845  -76.423  3.953 0.6999999881
11689  -20.434  -78.640  10.047 0.5000000000
13949  -20.059  -75.792  2.157 0.6999999881
13245  -19.382  -76.086  2.529 0.6999999881
10006  -20.007  -80.481  9.559 0.6000000238
10851  -20.347  -79.544  9.858 0.5000000000
125337  -18.469  -74.734  1.903 0.6000000238
140644  -18.616  -75.799  2.136 0.6000000238
10886  -20.774  -80.151  7.732 0.6000000238
137236  -17.190  -74.731  1.887 0.6999999881
13967  -17.073  -75.383  1.838 0.6999999881
10904  -19.875  -79.925  6.256 0.6000000238
10905  -20.630  -79.688  6.827 0.6000000238
14715  -16.459  -74.825  1.745 0.6000000238
11743  -21.284  -78.744  5.428 0.6000000238
124158  -22.154  -78.668  3.972 0.6000000238
13964  -14.375  -75.035  0.815 0.6000000238
11779  -22.634  -78.941  3.482 0.6000000238
11780  -23.564  -78.910  3.629 0.5000000000
13919  -21.215  -75.590  5.540 0.6000000238
13912  -20.861  -75.702  6.361 0.5000000000
13199  -20.968  -75.978  7.115 0.5000000000
12457  -20.314  -77.257  9.319 0.5000000000
13938  -21.688  -75.815  3.245 0.8000000119
12446  -21.214  -77.701  9.806 0.5000000000
13950  -21.058  -76.096  1.873 0.6999999881
10007  -20.567  -80.220  9.497 0.6000000238
123659  -11.875  -72.490  4.476 0.6000000238
13969  -19.703  -75.405  2.021 0.8000000119
16354  -13.968  -72.262  4.577 0.6000000238
14716  -17.804  -74.370  1.936 0.6999999881
14717  -19.220  -74.813  1.930 0.8000000119
10030  -20.764  -80.484  8.546 0.6000000238
15497  -12.979  -73.625  3.459 0.6000000238
15516  -16.728  -74.080  2.069 0.6000000238
11727  -21.201  -78.982  6.432 0.6000000238
130237  -21.982  -78.549  5.894 0.6000000238
15508  -14.498  -73.928  2.582 0.6000000238
14703  -14.905  -74.168  1.738 0.6000000238
14704  -15.668  -74.182  1.848 0.6000000238
141663  -21.896  -78.576  4.901 0.6000000238
11744  -22.578  -78.493  4.905 0.6000000238
14713  -15.216  -74.452  1.012 0.5000000000
11781  -24.429  -78.592  3.559 0.5000000000
11763  -23.913  -78.473  4.203 0.5000000000
13920  -22.218  -75.363  5.271 0.5000000000
13913  -21.695  -75.628  6.325 0.5000000000
13928  -22.317  -75.382  3.967 0.6000000238
138136  -22.884  -75.119  4.557 0.5000000000
13233  -21.853  -76.241  2.085 0.8000000119
13939  -22.565  -75.881  2.707 0.6999999881
125059  -22.025  -75.984  1.427 0.8000000119
13970  -20.665  -75.624  1.770 0.8000000119
138475  -21.356  -78.075  10.595 0.5000000000
17242  -12.716  -71.278  5.581 0.6000000238
14719  -21.121  -75.269  1.448 0.8000000119
10831  -21.662  -79.248  10.604 0.5000000000
17253  -14.320  -71.127  4.767 0.6999999881
17252  -13.268  -71.605  4.991 0.6000000238
126807  -18.658  -73.979  1.913 0.8000000119
10887  -21.402  -79.927  8.288 0.6000000238
10868  -21.738  -79.927  9.168 0.6000000238
10852  -21.157  -79.711  9.853 0.6000000238
16355  -14.907  -72.013  4.273 0.6000000238
11728  -21.771  -78.700  7.023 0.6000000238
10906  -21.262  -79.403  7.322 0.6000000238
10888  -22.342  -79.559  8.407 0.6000000238
15498  -14.032  -73.602  3.446 0.6000000238
15517  -17.747  -73.725  2.083 0.5000000000
136695  -22.454  -78.535  6.639 0.6000000238
121660  -16.040  -73.684  2.279 0.6000000238
125475  -23.415  -78.366  4.974 0.6000000238
11730  -23.771  -78.240  5.910 0.6000000238
125474  -24.272  -78.220  5.043 0.5000000000
11764  -24.725  -78.150  4.183 0.5000000000
11782  -25.243  -78.136  3.287 0.5000000000
11765  -25.396  -78.017  4.121 0.5000000000
13929  -23.215  -75.346  3.609 0.6000000238
118890  -22.788  -76.056  1.585 0.6999999881
18166  -11.679  -70.746  7.151 0.6000000238
18181  -12.240  -71.065  6.321 0.6000000238
14720  -22.039  -75.538  1.161 0.8000000119
11673  -21.619  -78.611  10.888 0.5000000000
124524  -13.084  -70.600  6.180 0.6000000238
129545  -21.734  -74.761  1.161 0.8000000119
10832  -22.386  -79.465  10.716 0.5000000000
17243  -13.593  -70.779  5.446 0.6999999881
139978  -19.468  -73.801  2.006 0.8000000119
140810  -22.402  -79.733  9.311 0.6000000238
10853  -21.982  -79.731  10.028 0.6000000238
124159  -15.245  -70.946  4.262 0.8000000119
16401  -18.892  -73.130  2.143 0.6999999881
11715  -21.900  -79.364  7.680 0.6000000238
137152  -23.134  -79.408  9.037 0.6000000238
135555  -15.625  -71.607  3.636 0.6999999881
139332  -15.920  -72.131  2.999 0.6999999881
15509  -17.273  -73.175  2.313 0.6000000238
11716  -22.587  -78.864  7.467 0.6000000238
11704  -23.719  -78.856  8.352 0.6000000238
15500  -15.815  -72.984  2.666 0.6000000238
119791  -23.465  -78.601  7.581 0.5000000000
11746  -24.625  -78.191  5.945 0.5000000000
13940  -23.562  -75.639  2.406 0.6000000238
14683  -24.221  -75.167  3.367 0.5000000000
19051  -11.110  -69.907  9.046 0.6000000238
13952  -24.523  -74.951  1.374 0.6999999881
18139  -11.222  -70.256  8.340 0.6000000238
13972  -22.879  -75.675  0.940 0.6999999881
15521  -24.280  -74.391  0.943 0.6000000238
18167  -12.645  -70.428  6.989 0.6000000238
19078  -12.628  -69.913  8.244 0.6000000238
14721  -22.771  -75.114  0.724 0.6000000238
123591  -22.421  -74.148  0.965 0.6999999881
17244  -14.377  -70.117  5.291 0.8000000119
124931  -21.501  -73.709  1.416 0.6999999881
16387  -21.512  -72.656  1.900 0.6000000238
18197  -14.928  -70.318  4.749 0.8000000119
16402  -19.838  -73.111  2.231 0.8000000119
141250  -19.800  -72.157  2.634 0.6999999881
17254  -16.128  -70.641  3.811 0.6999999881
16371  -16.404  -71.510  3.198 0.6999999881
17290  -17.340  -71.643  3.020 0.6000000238
17292  -19.071  -72.358  2.597 0.8000000119
18107  -10.478  -70.149  9.976 0.6000000238
131904  -12.118  -69.785  8.874 0.6000000238
19094  -13.892  -69.449  7.509 0.6999999881
16388  -23.047  -72.438  2.107 0.6000000238
19109  -14.160  -69.613  6.801 0.6999999881
19110  -14.774  -69.649  6.255 0.6999999881
17294  -21.194  -71.862  2.654 0.6000000238
18183  -15.300  -69.826  5.423 0.8000000119
18199  -16.576  -70.070  4.624 0.6000000238
17255  -16.912  -70.340  4.046 0.5000000000
17273  -19.347  -71.379  3.070 0.6999999881
17274  -20.108  -70.853  3.508 0.6999999881
17276  -21.872  -71.654  3.213 0.6000000238
18198  -15.721  -70.168  4.657 0.8000000119
130829  -17.644  -70.474  4.029 0.6000000238
17272  -18.663  -70.870  3.276 0.6000000238
17167  -10.663  -70.661  10.738 0.6000000238
18108  -11.298  -70.105  10.252 0.6000000238
19053  -12.467  -69.719  9.119 0.6999999881
18123  -11.861  -69.823  9.691 0.6000000238
19065  -12.833  -69.712  8.627 0.6999999881
19079  -14.210  -69.341  7.829 0.6999999881
19095  -14.634  -69.312  7.167 0.6999999881
19096  -15.618  -69.533  6.676 0.6000000238
126110  -22.121  -72.061  2.322 0.6000000238
18184  -16.286  -69.649  5.491 0.6000000238
18200  -17.379  -70.003  4.652 0.6000000238
134550  -22.538  -71.361  3.675 0.5000000000
17256  -20.737  -70.920  4.123 0.6000000238
136861  -22.426  -70.935  4.283 0.5000000000
18205  -22.807  -70.553  4.749 0.5000000000
132055  -20.567  -70.776  4.936 0.6000000238
18204  -22.104  -70.829  4.916 0.5000000000
17150  -10.961  -71.515  11.365 0.6000000238
130510  -12.462  -69.894  9.790 0.6999999881
17169  -12.404  -71.068  10.868 0.6999999881
18124  -13.078  -69.854  9.424 0.6999999881
19054  -13.341  -69.599  8.751 0.6999999881
19068  -14.700  -69.503  7.753 0.6000000238
118970  -14.977  -69.344  7.236 0.5000000000
19081  -16.300  -69.791  6.534 0.6999999881
18155  -16.453  -70.589  6.924 0.6000000238
137861  -16.878  -69.642  6.212 0.6000000238
18170  -17.548  -69.907  6.079 0.6000000238
17229  -18.985  -71.213  6.475 0.6000000238
18202  -19.152  -70.174  4.591 0.6000000238
126055  -19.876  -70.733  5.227 0.5000000000
18187  -20.547  -70.788  5.877 0.5000000000
18173  -21.996  -70.291  6.433 0.5000000000
14611  -10.612  -74.454  14.856 0.6999999881
14612  -11.029  -74.592  14.437 0.6999999881
139076  -10.804  -74.377  15.219 0.6999999881
16252  -11.226  -72.566  11.939 0.6000000238
15373  -11.917  -74.316  13.630 0.6999999881
14600  -11.787  -74.468  14.721 0.6999999881
121316  -12.914  -73.965  15.042 0.6999999881
16217  -13.277  -73.281  14.983 0.6000000238
17151  -11.899  -71.774  11.367 0.6999999881
15388  -12.592  -74.086  12.563 0.6999999881
14624  -13.070  -74.622  13.378 0.6999999881
133503  -13.010  -74.356  14.673 0.6999999881
16274  -12.748  -72.060  11.164 0.6999999881
16253  -12.317  -73.014  11.762 0.6999999881
14625  -13.999  -74.606  13.228 0.6999999881
18125  -13.966  -69.972  9.023 0.6999999881
17200  -15.311  -71.294  8.296 0.6000000238
136995  -15.197  -70.117  7.826 0.6000000238
17214  -16.638  -71.832  7.475 0.6000000238
136306  -18.208  -72.448  8.194 0.6000000238
18169  -17.160  -70.166  6.555 0.6000000238
18156  -18.082  -70.722  6.634 0.6000000238
17216  -18.625  -71.923  7.451 0.6000000238
17218  -19.956  -71.278  7.388 0.6000000238
18142  -20.444  -70.700  7.761 0.6000000238
18171  -19.831  -71.048  6.374 0.5000000000
18172  -20.658  -70.885  6.896 0.5000000000
18158  -21.439  -70.378  7.235 0.5000000000
15363  -10.034  -73.791  14.842 0.6999999881
16216  -12.189  -73.424  15.134 0.6999999881
17098  -13.617  -72.125  14.502 0.6000000238
17099  -14.585  -72.365  14.444 0.6000000238
120003  -15.534  -72.641  14.476 0.4000000060
14615  -14.474  -74.630  13.875 0.6000000238
14601  -14.176  -74.382  14.374 0.5000000000
16218  -14.806  -73.328  14.639 0.5000000000
16220  -16.555  -72.848  14.335 0.4000000060
125342  -17.519  -71.750  14.355 0.5000000000
17170  -12.896  -70.529  10.263 0.6999999881
16254  -13.240  -72.938  11.314 0.8000000119
15380  -13.602  -74.209  12.344 0.6999999881
15374  -15.906  -74.169  13.594 0.5000000000
15375  -16.474  -73.787  13.843 0.4000000060
16228  -17.012  -73.218  14.037 0.4000000060
17116  -18.058  -72.269  13.717 0.4000000060
18079  -18.908  -71.387  12.853 0.4000000060
16275  -13.462  -72.246  10.766 0.8000000119
15403  -14.005  -73.070  10.857 0.8000000119
15390  -14.288  -73.823  11.569 0.8000000119
15391  -15.097  -73.937  11.795 0.8000000119
15392  -15.793  -73.768  12.203 0.6000000238
15383  -16.279  -73.856  13.028 0.5000000000
16239  -17.057  -73.273  13.278 0.4000000060
17133  -18.365  -71.992  13.144 0.4000000060
17184  -13.551  -70.619  9.688 0.6999999881
141165  -14.680  -70.916  8.859 0.8000000119
17186  -15.171  -71.938  9.078 0.6999999881
17187  -15.941  -72.239  8.793 0.5000000000
128089  -17.195  -72.866  12.392 0.5000000000
18078  -18.064  -71.779  12.177 0.4000000060
17202  -16.847  -72.451  7.940 0.5000000000
16309  -17.495  -72.589  8.348 0.5000000000
17203  -18.934  -72.336  8.567 0.6000000238
17217  -19.439  -71.801  7.911 0.6000000238
18141  -19.752  -70.722  8.461 0.6000000238
16215  -11.207  -73.212  15.384 0.6000000238
17096  -11.002  -72.163  15.048 0.5000000000
117574  -12.766  -72.473  14.857 0.5000000000
18043  -12.710  -71.286  14.368 0.4000000060
17114  -14.277  -71.353  13.992 0.5000000000
17115  -15.144  -71.655  14.153 0.5000000000
18044  -16.140  -71.899  14.360 0.5000000000
18045  -16.720  -71.103  14.328 0.5000000000
18046  -17.923  -71.036  14.423 0.5000000000
18985  -18.060  -69.980  14.518 0.5000000000
17102  -18.635  -71.351  14.160 0.5000000000
18987  -19.722  -69.950  14.150 0.5000000000
15404  -14.830  -73.426  10.919 0.6999999881
16255  -15.643  -73.447  11.366 0.6000000238
129551  -16.157  -73.033  11.111 0.5000000000
16256  -16.468  -73.301  12.103 0.5000000000
18080  -19.517  -70.676  13.033 0.5000000000
19003  -20.092  -70.031  13.368 0.5000000000
17185  -14.324  -71.628  9.570 0.8000000119
16293  -15.059  -72.459  9.690 0.6999999881
16294  -15.790  -72.571  9.568 0.6000000238
16257  -16.878  -72.651  11.406 0.5000000000
18093  -17.963  -71.112  11.049 0.4000000060
18094  -18.422  -70.379  11.268 0.5000000000
136426  -18.970  -70.464  12.069 0.4000000060
19017  -19.874  -70.167  12.314 0.5000000000
16295  -16.587  -72.508  9.370 0.5000000000
17188  -17.719  -71.964  9.963 0.5000000000
127699  -17.038  -72.340  10.671 0.6000000238
17172  -17.516  -71.813  10.516 0.5000000000
19030  -18.211  -70.273  10.514 0.5000000000
19031  -18.550  -69.769  10.866 0.5000000000
17189  -18.248  -72.225  9.374 0.5000000000
18126  -18.270  -70.784  9.765 0.5000000000
18110  -17.950  -70.971  10.271 0.5000000000
19042  -18.157  -70.131  10.054 0.5000000000
18127  -19.196  -70.767  9.163 0.6000000238
19056  -18.733  -69.757  9.374 0.6000000238
18041  -10.988  -70.535  14.992 0.5000000000
125169  -11.684  -70.179  14.785 0.5000000000
18062  -13.209  -70.204  13.835 0.4000000060
17113  -13.563  -71.015  13.941 0.4000000060
18061  -12.386  -70.206  14.272 0.4000000060
132319  -14.765  -70.837  13.795 0.5000000000
18064  -15.559  -70.905  14.064 0.6000000238
18065  -15.845  -70.041  14.016 0.5000000000
18984  -16.972  -70.056  14.317 0.5000000000
18986  -18.985  -69.785  14.471 0.4000000060
19866  -19.561  -69.071  14.475 0.4000000060
18983  -12.234  -69.486  14.594 0.4000000060
18998  -12.909  -69.388  13.945 0.4000000060
18999  -13.692  -69.393  13.599 0.4000000060
18063  -14.086  -70.304  13.549 0.5000000000
125067  -14.904  -70.081  13.620 0.5000000000
19001  -15.199  -69.209  13.485 0.5000000000
19878  -14.772  -68.523  13.313 0.4000000060
19002  -16.158  -69.130  13.953 0.4000000060
19864  -17.215  -69.081  14.281 0.4000000060
19865  -18.215  -69.025  14.481 0.4000000060
20714  -18.717  -68.266  14.510 0.4000000060
20710  -11.914  -68.308  15.675 0.4000000060
19863  -12.749  -68.698  14.339 0.4000000060
19877  -13.405  -68.633  13.893 0.4000000060
20712  -13.168  -67.402  14.674 0.4000000060
126077  -14.103  -68.610  13.543 0.4000000060
128163  -14.521  -67.861  13.474 0.4000000060
129985  -15.034  -67.841  13.220 0.5000000000
19879  -15.604  -68.271  13.394 0.5000000000
19880  -16.557  -68.410  13.828 0.4000000060
20713  -17.506  -68.062  14.103 0.4000000060
20727  -14.981  -67.181  13.283 0.4000000060
21581  -16.294  -66.748  12.974 0.4000000060
20729  -17.451  -66.976  13.430 0.4000000060
20730  -18.249  -67.414  14.100 0.4000000060
21554  -11.894  -66.847  16.170 0.4000000060
21555  -12.813  -66.370  15.803 0.3000000119
20725  -13.738  -67.286  14.242 0.3000000119
20726  -14.518  -67.073  13.780 0.4000000060
22457  -14.022  -64.586  15.150 0.4000000060
22464  -13.586  -65.677  15.422 0.3000000119
22465  -14.145  -65.699  14.734 0.3000000119
21578  -14.339  -66.419  14.283 0.4000000060
22498  -15.408  -64.996  13.097 0.5000000000
21597  -16.045  -65.810  12.747 0.4000000060
21598  -16.983  -66.122  12.876 0.4000000060
22479  -17.991  -66.177  13.007 0.4000000060
21583  -19.417  -66.050  13.711 0.3000000119
23464  -15.053  -64.218  13.152 0.5000000000
23465  -15.530  -64.205  12.767 0.5000000000
128105  -16.728  -65.505  12.566 0.4000000060
22501  -17.473  -65.590  12.548 0.4000000060
22502  -18.397  -65.462  12.529 0.3000000119
22453  -12.968  -65.434  16.150 0.4000000060
23431  -13.473  -63.589  15.194 0.4000000060
23432  -13.995  -63.736  14.521 0.4000000060
23443  -14.384  -64.039  13.983 0.5000000000
22478  -15.097  -65.080  13.455 0.5000000000
24393  -13.292  -63.030  14.488 0.4000000060
24408  -14.429  -63.480  13.369 0.5000000000
24426  -15.028  -63.472  12.749 0.5000000000
24427  -15.743  -63.474  12.140 0.4000000060
23486  -16.952  -63.641  11.706 0.4000000060
23468  -18.180  -64.676  11.963 0.3000000119
24425  -14.388  -62.780  12.931 0.3000000119
135431  -15.180  -62.854  12.256 0.3000000119
23424  -13.287  -64.431  15.987 0.4000000060
25388  -12.748  -62.430  14.593 0.3000000119
25389  -13.275  -62.348  14.014 0.4000000060
24444  -17.267  -63.123  11.405 0.3000000119
124720  -12.447  -61.146  14.830 0.3000000119
9302  -15.858  -82.282  5.454 0.6000000238
10042  -16.053  -80.668  5.991 0.5000000000
18203  -19.993  -70.432  4.214 0.6000000238
18214  -18.458  -70.439  3.880 0.6000000238
8698  -17.282  -81.921  -4.209 0.5000000000
9399  -18.775  -80.939  -3.036 0.6000000238
7135  -18.506  -84.380  -0.550 0.5000000000
10172  -19.390  -80.566  -2.406 0.6999999881
10175  -21.564  -80.417  -2.274 0.6999999881
10162  -21.861  -80.593  -1.918 0.6999999881
11024  -19.685  -80.145  -0.455 0.6999999881
140110  -22.116  -81.348  -1.283 0.6999999881
136758  -21.572  -80.964  -1.319 0.6999999881
7856  -17.487  -83.167  3.513 0.5000000000
8657  -25.062  -82.486  -0.062 0.6999999881
11005  -18.782  -80.237  0.734 0.6999999881
11007  -19.895  -79.989  0.133 0.6999999881
138406  -24.683  -82.965  0.772 0.6999999881
127808  -21.137  -81.872  0.947 0.6999999881
8590  -16.420  -82.764  6.115 0.6000000238
7089  -26.090  -83.887  2.477 0.6999999881
10990  -20.170  -79.875  1.730 0.6000000238
8629  -21.732  -82.366  2.206 0.6000000238
7858  -23.341  -83.656  3.519 0.5000000000
10063  -15.298  -80.220  3.765 0.6999999881
10085  -21.135  -80.379  2.203 0.6000000238
6337  -29.048  -85.097  3.102 0.6000000238
6350  -30.417  -85.369  1.983 0.6000000238
9323  -22.216  -81.800  3.759 0.5000000000
9305  -24.888  -82.209  5.303 0.5000000000
6325  -29.341  -85.323  4.831 0.5000000000
10918  -15.645  -79.693  4.953 0.6000000238
10951  -15.043  -79.874  2.923 0.6999999881
9289  -19.329  -82.047  7.929 0.6000000238
10975  -20.617  -79.571  2.520 0.5000000000
9310  -22.721  -81.298  4.125 0.6000000238
9322  -21.755  -81.167  3.407 0.5000000000
10052  -23.439  -81.188  4.428 0.5000000000
6302  -30.843  -85.164  6.846 0.5000000000
13230  -18.137  -76.413  3.407 0.6000000238
10830  -21.045  -78.991  10.287 0.5000000000
16367  -12.364  -73.001  3.940 0.6000000238
14712  -13.684  -74.786  1.585 0.6000000238
11762  -23.056  -78.625  4.076 0.6000000238
16368  -13.462  -73.032  4.083 0.6000000238
15519  -20.517  -74.221  1.680 0.8000000119
16370  -15.333  -72.543  3.506 0.6000000238
10889  -23.051  -79.081  8.163 0.6000000238
133802  -16.519  -73.258  2.356 0.6000000238
11729  -23.226  -78.455  6.722 0.6000000238
16403  -20.745  -73.256  1.891 0.8000000119
10854  -23.602  -79.620  9.903 0.6000000238
16385  -18.426  -72.598  2.512 0.6000000238
16383  -16.699  -72.431  2.695 0.6999999881
17270  -17.031  -70.922  3.531 0.6000000238
19112  -17.024  -69.775  5.207 0.6000000238
18215  -19.305  -70.492  3.653 0.6999999881
139475  -18.571  -70.040  5.156 0.6000000238
140267  -21.061  -70.711  5.518 0.5000000000
18140  -15.831  -71.024  7.565 0.5000000000
18186  -19.172  -70.620  5.594 0.6000000238
15379  -10.661  -74.073  13.540 0.6999999881
16238  -11.506  -73.637  12.642 0.6000000238
14613  -12.589  -74.577  14.212 0.6999999881
15389  -13.088  -73.626  11.842 0.8000000119
14626  -14.750  -74.514  13.209 0.6000000238
17097  -11.906  -72.266  14.930 0.6000000238
15368  -16.353  -73.567  14.239 0.5000000000
15367  -15.740  -74.106  14.219 0.5000000000
139897  -18.704  -70.006  11.430 0.5000000000
18042  -11.631  -71.087  14.760 0.5000000000
18048  -19.304  -70.446  14.139 0.5000000000
16277  -15.487  -73.003  10.377 0.6000000238
16278  -16.411  -72.671  10.331 0.6000000238
19055  -18.574  -69.532  9.711 0.5000000000
18982  -11.307  -69.785  15.302 0.5000000000
19000  -14.421  -69.341  13.379 0.6000000238
20702  -12.502  -67.368  15.384 0.4000000060
20711  -12.667  -68.094  14.841 0.4000000060
20724  -13.241  -67.990  14.287 0.4000000060
21563  -13.692  -66.705  14.610 0.3000000119
129667  -13.883  -67.909  13.879 0.4000000060
20728  -15.579  -67.356  13.138 0.5000000000
127221  -16.462  -67.621  13.423 0.4000000060
21580  -15.122  -66.404  13.349 0.4000000060
20743  -15.484  -66.514  13.041 0.4000000060
21582  -18.634  -66.635  13.775 0.4000000060
128634  -14.358  -64.632  14.501 0.3000000119
22477  -14.686  -65.191  14.099 0.5000000000
21595  -15.285  -65.686  13.303 0.4000000060
22499  -15.748  -65.014  12.782 0.5000000000
21596  -15.452  -65.742  13.037 0.4000000060
22480  -18.793  -66.010  13.164 0.4000000060
23485  -16.420  -63.886  11.968 0.5000000000
131100  -16.558  -64.533  12.227 0.4000000060
23467  -17.191  -64.418  11.933 0.4000000060
24394  -13.840  -63.210  13.951 0.5000000000
129026  -13.797  -62.788  13.608 0.5000000000
24443  -16.407  -63.066  11.536 0.4000000060
25401  -13.797  -62.301  13.456 0.4000000060
26364  -12.773  -61.871  14.410 0.3000000119
26365  -13.348  -61.771  13.903 0.3000000119
26380  -13.983  -61.624  13.413 0.3000000119
3600  -30.699  -90.302  -0.566 0.5000000000
137677  -31.386  -90.376  -0.485 0.5000000000
2550  -32.185  -91.091  -0.203 0.5000000000
3601  -32.017  -90.082  -0.426 0.5000000000
2551  -33.011  -91.016  -0.101 0.5000000000
3022  -32.692  -90.374  -0.404 0.5000000000
2552  -33.767  -90.901  0.164 0.6000000238
3584  -30.278  -89.668  -0.198 0.5000000000
3585  -31.190  -89.870  -0.109 0.5000000000
3602  -32.758  -89.735  -0.361 0.5000000000
2539  -34.513  -90.859  0.559 0.6000000238
3587  -33.269  -89.192  -0.276 0.6000000238
3023  -33.602  -90.340  -0.314 0.6000000238
4249  -29.762  -88.994  -0.511 0.4000000060
135967  -28.176  -84.803  -2.234 0.4000000060
6412  -29.752  -85.554  -1.962 0.4000000060
5682  -29.999  -86.085  -2.280 0.5000000000
5673  -30.346  -86.241  -1.847 0.5000000000
4954  -30.011  -87.563  -2.159 0.5000000000
4928  -30.010  -87.368  -1.054 0.5000000000
6388  -30.278  -85.963  -1.325 0.5000000000
4938  -30.025  -88.002  -1.753 0.5000000000
4915  -29.887  -87.893  -0.034 0.5000000000
125420  -35.175  -91.016  1.057 0.6000000238
2526  -35.940  -90.813  0.938 0.6000000238
4250  -30.096  -88.907  0.497 0.5000000000
3569  -30.672  -89.400  0.808 0.5000000000
132890  -30.256  -88.011  0.907 0.5000000000
3024  -35.064  -89.725  -0.365 0.6000000238
3570  -31.370  -89.491  0.942 0.5000000000
4251  -33.069  -88.931  0.132 0.6000000238
3588  -34.001  -89.037  -0.449 0.6000000238
3007  -36.250  -90.185  0.375 0.6000000238
133554  -34.456  -88.579  -0.293 0.6000000238
3589  -35.660  -89.083  -0.419 0.6000000238
3590  -36.455  -89.395  -0.089 0.6999999881
4253  -35.297  -88.373  -0.170 0.6000000238
4254  -36.290  -88.672  -0.108 0.6999999881
8687  -27.064  -82.484  -2.542 0.6000000238
7931  -27.323  -83.504  -1.969 0.6000000238
7916  -27.324  -83.576  -0.742 0.6000000238
7932  -27.821  -84.277  -2.317 0.5000000000
7158  -28.585  -85.081  -1.655 0.5000000000
7137  -28.564  -84.716  -0.626 0.6000000238
6402  -30.162  -85.739  -1.759 0.5000000000
7138  -29.377  -85.167  -0.848 0.5000000000
6387  -29.991  -85.582  -1.144 0.5000000000
5653  -30.161  -86.489  -0.436 0.5000000000
6373  -30.151  -85.867  -0.333 0.5000000000
2518  -36.084  -91.318  2.055 0.6999999881
134200  -36.257  -90.972  1.485 0.6000000238
2994  -36.870  -90.801  1.669 0.8000000119
4231  -31.119  -89.076  1.737 0.5000000000
140435  -31.584  -89.171  1.543 0.5000000000
4232  -32.296  -89.090  1.091 0.6000000238
118929  -36.702  -90.547  0.999 0.6999999881
2995  -37.516  -90.257  1.167 0.6999999881
4252  -33.793  -88.634  -0.145 0.6000000238
3591  -37.171  -88.928  0.227 0.6999999881
4234  -34.414  -88.144  0.226 0.6000000238
4235  -35.204  -87.853  0.729 0.6000000238
4891  -35.201  -87.490  1.763 0.6999999881
4217  -36.982  -88.218  1.052 0.6999999881
4218  -38.179  -88.508  1.341 0.6000000238
8697  -26.944  -81.634  -2.858 0.5000000000
7930  -26.875  -82.777  -1.579 0.6000000238
7136  -27.905  -84.248  -0.446 0.6000000238
6372  -29.717  -85.413  -0.176 0.6000000238
127838  -30.212  -85.590  0.625 0.6000000238
120154  -30.480  -86.892  0.701 0.5000000000
5641  -30.761  -86.413  1.468 0.6000000238
2511  -36.028  -91.478  2.619 0.6999999881
4901  -30.640  -87.572  1.573 0.5000000000
4888  -31.000  -87.163  2.342 0.5000000000
2981  -36.786  -91.015  2.250 0.5000000000
3542  -36.891  -90.548  3.380 0.6000000238
4212  -30.947  -88.338  2.190 0.6000000238
4214  -31.870  -88.832  2.149 0.5000000000
2982  -37.754  -90.513  1.945 0.6000000238
121119  -32.723  -88.629  1.837 0.5000000000
3008  -37.047  -89.817  0.514 0.6999999881
2996  -38.323  -89.922  1.437 0.6000000238
4215  -33.481  -88.182  2.096 0.5000000000
4236  -37.868  -88.827  0.733 0.6000000238
4890  -34.332  -87.709  2.470 0.5000000000
4873  -35.229  -87.294  2.892 0.6000000238
4892  -37.563  -87.737  2.053 0.5000000000
4874  -36.120  -86.978  3.391 0.5000000000
4876  -38.019  -87.472  2.904 0.5000000000
9392  -26.410  -81.115  -2.604 0.6000000238
8686  -26.672  -81.871  -2.230 0.6000000238
10184  -25.191  -80.321  -3.005 0.4000000060
2971  -37.401  -90.718  2.623 0.6000000238
4889  -31.387  -87.999  2.939 0.5000000000
123916  -38.195  -90.426  2.530 0.5000000000
4196  -32.588  -88.383  2.763 0.5000000000
2983  -38.677  -90.178  2.206 0.5000000000
3543  -37.965  -90.435  3.166 0.5000000000
4197  -33.436  -87.952  3.161 0.5000000000
3572  -38.492  -89.192  1.135 0.5000000000
129984  -39.295  -88.949  2.055 0.5000000000
130346  -34.304  -87.483  3.535 0.6000000238
4852  -34.213  -87.116  4.454 0.6000000238
4893  -38.670  -88.226  2.255 0.6000000238
4853  -35.212  -86.895  4.080 0.6000000238
5620  -36.109  -86.609  4.315 0.5000000000
10182  -23.239  -80.266  -3.096 0.4000000060
4871  -31.865  -87.649  3.614 0.5000000000
140912  -39.449  -90.168  3.195 0.5000000000
4872  -32.598  -87.822  3.662 0.5000000000
4851  -32.904  -87.373  4.566 0.5000000000
4220  -39.591  -89.406  2.635 0.5000000000
3544  -39.865  -89.926  3.398 0.5000000000
3526  -40.095  -90.203  4.315 0.5000000000
3527  -40.621  -89.870  4.963 0.5000000000
3513  -41.049  -89.365  5.486 0.5000000000
141523  -33.519  -87.206  4.719 0.6000000238
4198  -39.608  -88.576  2.764 0.5000000000
5603  -34.827  -86.506  5.109 0.6000000238
4854  -39.551  -86.932  4.436 0.5000000000
5589  -35.312  -85.762  5.599 0.5000000000
5590  -36.228  -85.579  5.443 0.5000000000
135998  -32.501  -86.081  6.228 0.5000000000
4199  -40.214  -89.137  3.324 0.5000000000
3545  -40.470  -89.613  4.161 0.5000000000
5585  -32.123  -86.432  5.667 0.5000000000
5572  -33.153  -85.957  6.316 0.6000000238
4878  -40.069  -87.991  3.666 0.5000000000
4879  -40.808  -88.668  4.049 0.5000000000
4176  -41.140  -89.113  4.797 0.5000000000
4177  -41.544  -88.728  5.384 0.5000000000
4178  -41.862  -88.307  5.651 0.5000000000
5588  -34.411  -86.054  5.769 0.5000000000
129059  -31.772  -85.061  6.794 0.5000000000
136053  -41.179  -87.301  4.391 0.5000000000
4855  -41.276  -88.224  4.402 0.5000000000
122448  -41.685  -88.243  4.776 0.5000000000
5611  -42.616  -87.323  4.737 0.4000000060
5610  -41.893  -87.355  4.534 0.4000000060
7070  -14.995  -84.742  3.363 0.4000000060
16339  -11.567  -72.246  5.126 0.5000000000
18165  -10.956  -70.659  7.676 0.5000000000
17227  -10.644  -71.163  6.927 0.5000000000
18120  -9.940  -70.337  8.929 0.5000000000
18152  -10.478  -70.552  7.987 0.5000000000
121381  -11.910  -71.668  5.628 0.5000000000
15371  -9.237  -73.479  13.965 0.5000000000
16213  -9.140  -72.984  14.291 0.5000000000
17095  -10.251  -72.110  14.799 0.5000000000
5601  -31.850  -86.698  4.869 0.5000000000
4849  -32.271  -87.247  4.318 0.5000000000
3005  -34.431  -90.344  -0.089 0.6000000238
3586  -32.290  -89.461  -0.021 0.6000000238
130922  -34.788  -88.997  -0.507 0.6000000238
4233  -33.465  -88.521  0.908 0.6000000238
128168  -36.111  -88.121  0.369 0.6999999881
7157  -27.955  -84.482  -1.326 0.6000000238
4213  -31.445  -88.574  2.435 0.5000000000
4216  -34.351  -87.925  1.336 0.6000000238
120025  -36.289  -87.332  2.141 0.6000000238
2970  -36.547  -91.146  2.851 0.6999999881
4195  -31.913  -88.345  3.028 0.5000000000
4877  -38.908  -87.544  3.557 0.5000000000
3556  -39.001  -89.520  1.897 0.5000000000
2984  -39.330  -90.002  2.694 0.5000000000
127894  -33.463  -87.561  4.040 0.5000000000
5604  -35.739  -86.301  5.049 0.5000000000
4850  -32.535  -86.949  5.133 0.5000000000
5602  -33.958  -86.731  5.219 0.5000000000
4834  -33.198  -86.978  5.292 0.5000000000
4856  -42.055  -88.037  5.119 0.5000000000
136883  -40.564  -87.466  4.255 0.4000000060
4131  -35.207  -89.150  5.998 0.5000000000
4152  -35.906  -89.215  5.397 0.6000000238
3509  -36.670  -89.484  4.788 0.6000000238
3508  -35.805  -89.694  4.801 0.6000000238
2954  -35.275  -90.266  5.358 0.4000000060
120117  -37.952  -89.421  5.005 0.4000000060
141296  -38.648  -90.029  4.407 0.4000000060
3524  -37.554  -89.988  4.026 0.5000000000
3525  -38.758  -90.299  3.739 0.4000000060
3523  -36.247  -90.094  4.160 0.5000000000
2960  -35.958  -90.967  3.692 0.6000000238
2969  -35.967  -91.595  3.060 0.6000000238
2510  -35.492  -91.754  3.224 0.6000000238
2517  -35.484  -91.616  2.689 0.6000000238
132014  -35.328  -91.536  2.157 0.6000000238
140027  -34.777  -91.751  2.094 0.6000000238
2101  -34.965  -91.397  1.698 0.5000000000
2524  -34.226  -91.592  1.638 0.5000000000
2108  -33.505  -91.451  1.193 0.4000000060
121784  -33.219  -91.270  0.480 0.5000000000
4857  -42.416  -87.681  5.306 0.3000000119
2549  -31.367  -91.031  -0.295 0.4000000060
10833  -23.214  -79.520  10.705 0.4000000060
10855  -24.412  -79.474  9.929 0.4000000060
10869  -24.064  -79.109  9.145 0.5000000000
19082  -20.872  -69.758  7.830 0.5000000000
19071  -19.911  -69.781  8.158 0.5000000000
19942  -20.973  -68.762  7.520 0.5000000000
19941  -19.917  -68.767  7.775 0.4000000060
19069  -18.907  -68.813  9.113 0.4000000060
22573  -22.677  -65.273  6.399 0.4000000060
141171  -19.008  -68.393  9.035 0.4000000060
20788  -19.043  -67.752  8.388 0.4000000060
19940  -18.931  -67.834  8.077 0.4000000060
19043  -18.441  -69.540  10.137 0.4000000060
20778  -19.059  -68.110  9.013 0.4000000060
22571  -20.593  -65.377  6.725 0.4000000060
20767  -19.092  -68.446  9.750 0.4000000060
21622  -19.683  -66.988  9.134 0.4000000060
23518  -20.578  -64.041  7.900 0.4000000060
133743  -19.414  -68.992  11.063 0.4000000060
19915  -19.906  -68.005  10.410 0.4000000060
19032  -20.124  -69.510  11.731 0.4000000060
19905  -20.235  -68.613  11.189 0.4000000060
18988  -20.295  -69.454  14.051 0.3000000119
19004  -20.644  -69.468  13.481 0.4000000060
136248  -19.865  -67.369  14.524 0.3000000119
20716  -20.494  -67.861  14.494 0.3000000119
135248  -21.434  -68.711  13.804 0.3000000119
19868  -21.125  -68.420  14.252 0.3000000119
21670  -20.904  -66.158  6.445 0.4000000060
22570  -19.897  -65.849  6.581 0.4000000060
21657  -19.555  -66.461  6.949 0.4000000060
20806  -20.328  -66.691  6.645 0.4000000060
22557  -19.562  -65.825  7.043 0.4000000060
21645  -19.569  -66.168  7.607 0.4000000060
23529  -21.672  -64.016  7.335 0.4000000060
22558  -19.990  -65.296  7.100 0.4000000060
21646  -19.831  -65.934  8.035 0.4000000060
21633  -19.570  -66.630  8.287 0.4000000060
6245  -37.844  -84.727  10.187 0.3000000119
134522  -37.933  -85.263  9.877 0.3000000119
6243  -35.925  -85.092  9.738 0.4000000060
128085  -37.536  -85.699  9.475 0.4000000060
6261  -34.355  -85.974  9.479 0.3000000119
6262  -35.442  -85.780  9.356 0.3000000119
6263  -36.522  -85.721  9.386 0.4000000060
5502  -33.469  -86.726  10.253 0.3000000119
5517  -34.986  -86.371  9.058 0.3000000119
5518  -35.962  -86.453  8.879 0.3000000119
4765  -33.584  -87.402  9.688 0.3000000119
5516  -34.291  -86.823  9.096 0.3000000119
5539  -34.999  -86.972  8.629 0.3000000119
4093  -33.625  -88.105  9.699 0.3000000119
4104  -33.660  -88.004  9.109 0.3000000119
4782  -34.982  -87.600  8.181 0.3000000119
3454  -33.763  -88.692  9.838 0.3000000119
3470  -33.701  -88.771  9.089 0.3000000119
4801  -34.538  -88.290  7.960 0.3000000119
3457  -36.000  -89.989  10.804 0.3000000119
3456  -35.021  -89.650  10.556 0.3000000119
3472  -34.655  -89.781  9.710 0.3000000119
2893  -34.142  -89.556  8.953 0.3000000119
4112  -34.352  -88.953  7.560 0.3000000119
2878  -35.583  -90.171  9.942 0.4000000060
141706  -34.138  -85.334  9.929 0.4000000060
5519  -37.119  -86.286  8.994 0.4000000060
6241  -33.628  -85.936  10.028 0.3000000119
5540  -36.770  -86.929  8.470 0.4000000060
4083  -33.775  -88.231  10.455 0.3000000119
4783  -35.815  -87.254  8.317 0.4000000060
4802  -35.621  -88.015  7.622 0.4000000060
4075  -34.968  -88.652  11.887 0.3000000119
129662  -34.716  -88.627  7.232 0.4000000060
3447  -36.320  -89.797  11.653 0.3000000119
3446  -35.633  -89.192  12.063 0.4000000060
122095  -34.411  -89.374  7.616 0.3000000119
124552  -37.287  -89.699  12.881 0.3000000119
6264  -38.453  -85.718  9.654 0.3000000119
6265  -39.322  -85.818  9.928 0.3000000119
6266  -40.170  -85.834  10.284 0.3000000119
5521  -38.978  -86.274  9.392 0.3000000119
5543  -39.374  -86.767  9.122 0.3000000119
6226  -33.494  -85.095  11.359 0.4000000060
5541  -37.758  -86.793  8.620 0.3000000119
4786  -39.399  -87.253  8.536 0.3000000119
126403  -33.471  -86.867  11.035 0.3000000119
5496  -33.429  -85.972  10.929 0.4000000060
4785  -38.433  -87.280  8.214 0.3000000119
4784  -37.413  -87.382  7.998 0.4000000060
4804  -38.137  -87.777  7.443 0.4000000060
4073  -33.728  -87.627  11.106 0.3000000119
4059  -34.891  -87.886  12.956 0.3000000119
4803  -36.796  -87.781  7.535 0.4000000060
4115  -37.334  -87.985  7.056 0.4000000060
4065  -35.252  -88.558  12.620 0.3000000119
4061  -36.343  -88.812  13.998 0.3000000119
4133  -37.104  -88.360  6.295 0.4000000060
4154  -37.931  -88.872  5.918 0.5000000000
4060  -35.579  -88.337  13.456 0.3000000119
4132  -36.039  -88.669  6.079 0.4000000060
4153  -36.907  -88.881  5.524 0.5000000000
3439  -38.858  -89.831  12.903 0.3000000119
119829  -39.859  -86.488  9.688 0.3000000119
5522  -40.701  -86.143  9.972 0.3000000119
5484  -33.773  -85.865  12.646 0.4000000060
4805  -39.178  -87.816  7.779 0.4000000060
4116  -39.011  -88.370  7.003 0.4000000060
4736  -34.543  -87.134  13.179 0.4000000060
132251  -38.069  -88.332  6.658 0.4000000060
4134  -38.872  -88.981  6.299 0.5000000000
3503  -39.642  -89.634  5.807 0.4000000060
4737  -35.294  -87.509  13.653 0.3000000119
3510  -38.734  -89.381  5.640 0.4000000060
4043  -36.913  -88.315  14.620 0.3000000119
132388  -39.184  -89.894  5.066 0.4000000060
119742  -39.507  -90.224  4.379 0.4000000060
3409  -37.279  -89.105  14.310 0.3000000119
3429  -37.911  -89.609  13.583 0.3000000119
3430  -39.172  -89.613  13.785 0.3000000119
141572  -40.022  -87.363  8.613 0.3000000119
4117  -39.963  -88.340  7.232 0.3000000119
5486  -35.087  -86.604  13.698 0.4000000060
4135  -39.835  -89.007  6.512 0.5000000000
3504  -40.586  -89.532  5.955 0.4000000060
4724  -35.936  -86.891  14.179 0.4000000060
3511  -40.167  -90.105  5.170 0.4000000060
4727  -38.383  -87.800  15.450 0.3000000119
4726  -37.596  -87.565  15.032 0.3000000119
4044  -37.844  -88.548  14.922 0.3000000119
4045  -38.647  -88.755  15.178 0.3000000119
3412  -40.044  -89.540  14.572 0.3000000119
3411  -39.479  -89.389  14.592 0.3000000119
4806  -40.168  -87.718  8.022 0.3000000119
128269  -40.682  -88.831  6.668 0.4000000060
4714  -39.035  -87.702  16.408 0.3000000119
4706  -39.093  -87.430  16.897 0.3000000119
4029  -38.938  -88.166  15.846 0.3000000119
4030  -39.172  -88.552  16.095 0.3000000119
4046  -39.095  -89.042  15.211 0.3000000119
121417  -39.028  -88.021  17.861 0.3000000119
4006  -38.964  -88.456  17.767 0.3000000119
4019  -39.146  -88.473  16.573 0.3000000119
3388  -39.313  -88.967  16.425 0.3000000119
3397  -39.462  -89.169  16.022 0.3000000119
4823  -41.683  -88.075  6.529 0.3000000119
4137  -41.383  -88.792  6.196 0.4000000060
3361  -38.797  -88.878  18.333 0.3000000119
2794  -38.706  -89.527  18.086 0.3000000119
4808  -42.159  -87.254  7.035 0.3000000119
4157  -41.774  -88.352  6.053 0.3000000119
5574  -42.824  -86.650  6.746 0.3000000119
4824  -42.341  -87.504  6.195 0.3000000119
4836  -42.792  -87.311  5.503 0.3000000119
19070  -19.232  -69.548  8.791 0.5000000000
19894  -20.952  -69.087  12.129 0.5000000000
19932  -19.163  -68.635  8.163 0.4000000060
2961  -39.491  -90.230  3.676 0.4000000060
3512  -40.715  -89.692  5.506 0.4000000060
4155  -41.063  -89.297  5.875 0.4000000060
4156  -41.412  -88.901  5.854 0.4000000060
4835  -42.203  -87.872  5.774 0.3000000119
19084  -21.966  -68.890  7.198 0.5000000000
20807  -21.556  -67.039  6.548 0.4000000060
23542  -21.644  -64.920  6.939 0.4000000060
6242  -34.870  -85.154  9.710 0.3000000119
3455  -34.264  -88.999  10.480 0.3000000119
125980  -35.577  -89.553  11.286 0.3000000119
117688  -33.740  -85.212  10.508 0.4000000060
4114  -36.356  -88.240  6.907 0.4000000060
5492  -33.510  -86.248  11.827 0.4000000060
4745  -34.277  -87.470  12.433 0.3000000119
4064  -34.630  -88.115  12.172 0.3000000119
3410  -38.372  -89.241  14.492 0.3000000119
4136  -41.099  -89.068  6.251 0.4000000060
4712  -38.158  -86.757  15.402 0.3000000119
4047  -39.618  -89.388  15.307 0.3000000119
4118  -41.253  -88.407  6.825 0.3000000119
2805  -39.041  -89.762  17.273 0.3000000119
2100  -34.284  -92.036  2.275 0.5000000000
2090  -34.348  -92.231  2.866 0.5000000000
1664  -34.706  -92.412  3.428 0.5000000000
2068  -35.424  -92.441  4.097 0.5000000000
117899  -35.594  -91.144  4.493 0.4000000060
6303  -32.596  -85.349  6.597 0.4000000060
3507  -35.360  -89.705  5.370 0.5000000000
3502  -34.931  -89.649  6.045 0.3000000119
2913  -35.207  -90.316  7.923 0.3000000119
4130  -34.725  -89.095  6.682 0.4000000060
2912  -34.485  -89.761  8.162 0.3000000119
128708  -37.438  -86.665  15.046 0.3000000119
5476  -35.816  -85.915  14.047 0.3000000119
6994  -35.347  -84.489  10.053 0.3000000119
6197  -36.321  -85.261  14.584 0.3000000119
6207  -34.923  -85.698  13.619 0.3000000119
5485  -34.324  -86.269  13.217 0.3000000119
6972  -33.470  -84.617  12.118 0.3000000119
7766  -34.131  -83.848  10.805 0.3000000119
6196  -35.578  -85.067  13.958 0.3000000119
133322  -34.043  -84.521  13.271 0.3000000119
6205  -33.699  -85.022  12.711 0.3000000119
6965  -33.651  -84.159  12.748 0.3000000119
6992  -33.802  -84.537  10.794 0.3000000119
142105  -35.705  -84.101  10.292 0.3000000119
6966  -34.609  -84.028  13.819 0.3000000119
7767  -35.067  -83.792  10.476 0.3000000119
7752  -34.555  -83.082  11.027 0.3000000119
2538  -32.469  -91.446  0.309 0.3000000119
2501  -35.634  -91.828  3.641 0.4000000060
2081  -35.145  -92.049  3.446 0.5000000000
2928  -34.679  -89.892  7.344 0.3000000119
24489  -22.391  -62.859  7.394 0.3000000119
23528  -20.657  -64.552  7.413 0.3000000119
20770  -21.079  -67.145  10.477 0.3000000119
2099  -33.461  -91.983  1.860 0.4000000060
1653  -33.891  -93.002  3.728 0.4000000060
1569  -36.867  -93.921  8.178 0.4000000060
124517  -35.594  -94.113  6.557 0.4000000060
125865  -36.174  -93.914  5.793 0.4000000060
139474  -35.918  -93.308  5.050 0.4000000060
1641  -36.072  -92.994  4.834 0.4000000060
1638  -34.331  -93.358  4.432 0.4000000060
1655  -35.136  -92.771  4.059 0.4000000060
1640  -35.582  -93.112  4.662 0.4000000060
118401  -37.328  -93.555  9.765 0.3000000119
1570  -37.777  -93.662  8.166 0.4000000060
121888  -37.429  -93.498  6.439 0.4000000060
1654  -34.623  -92.950  3.915 0.4000000060
1586  -36.359  -94.056  7.391 0.4000000060
1605  -35.335  -94.069  5.696 0.4000000060
123259  -37.169  -93.689  8.950 0.3000000119
1587  -37.462  -93.808  7.236 0.4000000060
128256  -36.766  -94.011  6.464 0.4000000060
1620  -35.608  -93.674  5.172 0.4000000060
1606  -36.862  -93.585  5.869 0.4000000060
1622  -36.705  -93.134  5.422 0.4000000060
142156  -38.110  -93.496  9.841 0.3000000119
1552  -38.078  -93.531  9.020 0.3000000119
1571  -38.587  -93.128  8.380 0.3000000119
2021  -37.530  -92.791  6.521 0.3000000119
2474  -36.047  -91.580  5.967 0.3000000119
2037  -37.163  -93.163  5.947 0.3000000119
2458  -35.353  -90.707  6.306 0.3000000119
2944  -34.932  -90.150  6.060 0.3000000119
2490  -35.460  -90.964  5.402 0.3000000119
2036  -36.755  -92.584  5.742 0.3000000119
138663  -35.737  -91.738  4.812 0.3000000119
2502  -35.753  -92.291  4.342 0.3000000119
4027  -30.482  -88.276  15.401 0.3000000119
5462  -30.841  -87.019  16.007 0.3000000119
140860  -38.990  -87.427  18.337 0.3000000119
139145  -32.682  -86.138  17.338 0.3000000119
5430  -33.626  -86.791  18.421 0.3000000119
4666  -34.318  -87.950  20.309 0.3000000119
3973  -35.762  -88.816  21.338 0.3000000119
3967  -36.658  -88.469  21.617 0.3000000119
4645  -37.084  -88.089  21.580 0.3000000119
4667  -38.139  -87.373  20.127 0.3000000119
5420  -38.388  -86.853  19.221 0.3000000119
4665  -33.775  -87.209  19.500 0.3000000119
4653  -33.628  -87.489  20.860 0.3000000119
4654  -34.358  -88.023  21.525 0.3000000119
3965  -35.221  -88.262  21.891 0.3000000119
132687  -36.249  -87.859  22.147 0.3000000119
1588  -38.049  -93.161  7.059 0.3000000119
4704  -31.615  -87.415  16.409 0.3000000119
3981  -34.959  -88.416  19.769 0.3000000119
4693  -33.725  -87.276  17.611 0.3000000119
4705  -32.448  -87.356  16.758 0.3000000119
4677  -34.171  -87.501  18.488 0.3000000119
4678  -34.432  -87.834  19.279 0.3000000119
4642  -33.804  -87.469  22.091 0.3000000119
1589  -38.133  -93.300  7.645 0.3000000119
1619  -34.641  -93.945  5.098 0.4000000060
1621  -36.287  -93.438  5.376 0.4000000060
1639  -35.050  -93.374  4.566 0.4000000060
1663  -34.135  -92.599  3.253 0.5000000000
2091  -34.854  -91.908  2.696 0.6000000238
2491  -36.175  -92.605  5.045 0.3000000119
2525  -35.644  -91.193  1.623 0.6000000238
2972  -38.919  -90.304  3.007 0.5000000000
3006  -35.340  -90.452  0.277 0.6000000238
3021  -31.810  -90.652  -0.463 0.5000000000
3025  -35.806  -89.809  -0.165 0.6000000238
3374  -39.018  -89.043  17.571 0.3000000119
3375  -39.171  -88.642  17.064 0.3000000119
3387  -39.300  -89.299  16.775 0.3000000119
3438  -36.537  -89.545  12.541 0.4000000060
3445  -34.951  -89.086  11.282 0.3000000119
3471  -34.018  -89.238  9.666 0.3000000119
3486  -34.062  -89.115  8.290 0.3000000119
3496  -34.673  -89.554  6.835 0.4000000060
3522  -35.604  -90.271  4.643 0.5000000000
3571  -37.850  -89.506  0.742 0.6999999881
3603  -33.422  -89.656  -0.386 0.6000000238
3604  -34.217  -89.631  -0.452 0.6000000238
3966  -36.003  -88.401  21.935 0.3000000119
3972  -34.992  -88.503  20.931 0.3000000119
4042  -36.072  -87.900  14.161 0.3000000119
4074  -34.315  -88.358  11.316 0.3000000119
4105  -33.975  -88.530  8.471 0.3000000119
4113  -35.244  -88.627  6.676 0.4000000060
4219  -38.874  -88.878  1.573 0.6000000238
4711  -30.853  -87.864  15.944 0.3000000119
4713  -38.752  -87.301  15.928 0.3000000119
4725  -36.744  -87.260  14.697 0.3000000119
4744  -33.755  -87.115  11.800 0.3000000119
4754  -34.127  -87.732  11.766 0.3000000119
4758  -33.547  -87.492  10.345 0.3000000119
4766  -33.801  -87.308  9.202 0.3000000119
4781  -34.192  -87.653  8.633 0.3000000119
4902  -35.932  -87.753  1.227 0.6999999881
4927  -29.755  -88.304  -0.930 0.5000000000
4939  -30.284  -87.033  -1.850 0.5000000000
4955  -30.237  -86.766  -2.131 0.5000000000
5390  -36.732  -87.478  21.774 0.3000000119
5432  -38.774  -86.844  18.339 0.3000000119
5433  -39.073  -87.281  17.796 0.3000000119
5443  -33.440  -86.672  17.800 0.3000000119
5454  -32.274  -86.645  16.840 0.3000000119
5493  -33.936  -86.716  12.577 0.4000000060
5515  -33.726  -86.676  9.585 0.3000000119
5520  -38.092  -86.246  9.172 0.3000000119
5542  -38.679  -86.742  8.836 0.3000000119
5586  -32.859  -86.577  5.858 0.5000000000
5587  -33.581  -86.375  5.854 0.5000000000
5639  -16.220  -86.058  1.529 0.5000000000
5649  -17.199  -85.943  -0.069 0.5000000000
5657  -16.716  -86.468  -0.878 0.5000000000
5663  -30.257  -86.492  -1.445 0.5000000000
6206  -34.174  -85.398  13.206 0.3000000119
6215  -33.463  -85.438  12.081 0.3000000119
6244  -37.036  -85.007  9.814 0.3000000119
6312  -28.701  -85.001  5.285 0.4000000060
6314  -30.754  -85.663  6.008 0.5000000000
6339  -30.460  -85.636  3.570 0.6000000238
6347  -16.479  -85.665  2.274 0.5000000000
6967  -34.742  -84.852  13.610 0.3000000119
6981  -33.598  -84.164  11.399 0.3000000119
6993  -34.409  -84.590  10.272 0.3000000119
7050  -16.180  -84.288  4.480 0.6000000238
7052  -17.317  -83.879  4.717 0.6000000238
7072  -16.379  -84.666  3.817 0.6000000238
7103  -17.795  -84.680  1.157 0.6000000238
7159  -29.559  -85.434  -1.579 0.4000000060
7169  -28.309  -85.020  -2.463 0.4000000060
7170  -28.836  -85.362  -1.928 0.4000000060
7737  -33.489  -83.752  12.105 0.3000000119
7768  -36.135  -83.712  10.488 0.3000000119
7801  -16.951  -83.328  6.297 0.6000000238
7802  -17.414  -83.396  6.102 0.6000000238
7820  -17.832  -83.357  5.788 0.6000000238
7821  -24.768  -83.590  5.365 0.5000000000
7854  -14.589  -83.983  2.919 0.5000000000
7859  -24.129  -83.877  3.525 0.6000000238
7873  -26.143  -83.571  1.598 0.6999999881
7884  -22.453  -83.342  1.551 0.6999999881
7900  -27.014  -83.422  0.185 0.6999999881
8567  -17.506  -82.713  7.290 0.4000000060
8576  -16.986  -82.827  6.840 0.5000000000
8607  -24.114  -82.591  5.147 0.5000000000
8619  -17.411  -82.161  3.188 0.6000000238
8620  -21.863  -82.092  3.112 0.5000000000
8642  -22.048  -83.121  1.892 0.6000000238
8654  -22.207  -83.010  0.515 0.6999999881
8672  -25.559  -81.991  -0.937 0.6999999881
8695  -16.768  -82.270  -4.025 0.5000000000
8696  -17.489  -81.944  -3.326 0.6000000238
9276  -19.762  -81.455  8.449 0.6000000238
9290  -19.922  -81.559  7.618 0.6000000238
9297  -16.612  -82.183  6.686 0.6000000238
9298  -18.731  -82.603  6.654 0.5000000000
9303  -16.203  -81.711  6.075 0.6000000238
9304  -19.111  -81.616  6.263 0.5000000000
9307  -15.556  -81.711  4.708 0.6000000238
9309  -18.213  -82.369  5.005 0.6000000238
9311  -23.275  -81.964  4.640 0.5000000000
9319  -15.089  -81.590  3.291 0.6000000238
9332  -14.793  -81.201  2.644 0.6999999881
9347  -17.772  -81.510  1.457 0.6999999881
9360  -17.978  -81.205  0.472 0.6999999881
9370  -18.184  -81.324  -0.458 0.6999999881
9398  -18.607  -81.531  -2.522 0.6000000238
9401  -25.911  -80.668  -2.787 0.4000000060
9405  -19.017  -81.045  -3.696 0.6000000238
9412  -17.762  -81.740  -4.349 0.5000000000
10005  -19.247  -80.342  9.422 0.5000000000
10017  -17.956  -80.578  8.563 0.6000000238
10019  -19.605  -81.107  9.062 0.6000000238
10021  -21.010  -80.272  9.156 0.6000000238
10044  -19.132  -80.475  5.968 0.5000000000
10050  -18.032  -80.460  4.621 0.5000000000
10084  -17.599  -80.384  2.763 0.6999999881
10104  -18.136  -80.307  1.644 0.6999999881
10106  -20.708  -80.463  1.520 0.6000000238
10138  -19.406  -80.462  -0.925 0.6999999881
10139  -20.755  -80.415  -1.163 0.6999999881
10159  -19.358  -80.621  -1.623 0.6999999881
10163  -23.737  -80.557  -1.951 0.6999999881
10164  -24.600  -80.422  -2.099 0.6999999881
10165  -25.228  -80.415  -2.556 0.4000000060
10173  -19.789  -80.364  -2.377 0.6999999881
10176  -22.726  -80.413  -2.454 0.6999999881
10180  -20.642  -80.653  -3.182 0.5000000000
10820  -22.095  -79.026  11.112 0.5000000000
10850  -19.650  -79.760  9.704 0.5000000000
10885  -16.894  -79.431  7.591 0.6000000238
10903  -16.687  -78.753  6.937 0.6000000238
10919  -15.882  -79.616  5.777 0.6000000238
10920  -20.523  -79.096  5.951 0.6000000238
10933  -18.383  -79.418  4.314 0.6000000238
10952  -15.292  -79.220  3.626 0.6999999881
10953  -17.823  -79.731  3.008 0.6000000238
10977  -23.965  -79.480  3.521 0.5000000000
11004  -18.493  -80.454  0.979 0.6999999881
11006  -19.260  -80.088  0.433 0.6999999881
11023  -18.974  -80.310  -0.105 0.6999999881
11025  -20.226  -80.119  -0.805 0.6999999881
11688  -19.686  -78.905  9.848 0.5000000000
11705  -24.513  -78.661  8.396 0.6000000238
11714  -17.794  -78.266  8.124 0.5000000000
11726  -16.982  -77.896  6.836 0.6000000238
11742  -15.934  -78.014  5.344 0.6000000238
11745  -22.912  -78.431  5.828 0.6000000238
11758  -15.697  -78.382  4.690 0.6000000238
11760  -19.738  -78.850  3.727 0.5000000000
11761  -21.403  -78.616  4.473 0.6000000238
11778  -21.395  -78.769  3.688 0.5000000000
11789  -14.895  -78.315  2.419 0.6000000238
11793  -21.960  -79.207  3.424 0.6000000238
12445  -20.703  -78.041  9.973 0.5000000000
12476  -16.733  -77.484  6.260 0.5000000000
12484  -16.409  -77.526  5.743 0.5000000000
12511  -15.254  -77.473  2.403 0.6999999881
13182  -19.214  -76.634  7.832 0.5000000000
13195  -17.687  -76.659  5.938 0.6000000238
13197  -19.557  -76.027  6.464 0.6999999881
13208  -19.446  -75.948  5.432 0.8000000119
13215  -16.841  -76.676  4.094 0.6000000238
13216  -19.465  -76.059  4.407 0.6999999881
13228  -16.734  -76.690  3.093 0.6000000238
13231  -19.505  -76.214  3.363 0.6999999881
13232  -20.982  -76.102  2.740 0.6999999881
13257  -17.979  -75.812  2.034 0.6000000238
13927  -21.523  -75.576  4.450 0.8000000119
13937  -21.012  -75.787  3.792 0.8000000119
13941  -24.469  -75.187  2.181 0.6000000238
13948  -19.159  -75.782  2.202 0.6999999881
13951  -23.742  -75.446  1.230 0.6999999881
13968  -18.723  -75.388  1.976 0.6000000238
13971  -21.432  -75.781  1.483 0.8000000119
14599  -11.010  -74.708  15.017 0.6999999881
14602  -14.956  -74.397  14.233 0.6000000238
14614  -13.578  -74.714  14.038 0.6999999881
14616  -15.256  -74.438  13.718 0.5000000000
14702  -14.046  -74.359  2.047 0.6000000238
14714  -15.902  -74.551  1.638 0.6000000238
14718  -20.172  -74.968  1.805 0.8000000119
14722  -23.623  -75.100  0.705 0.6000000238
15356  -11.273  -74.451  15.162 0.6999999881
15364  -12.006  -74.129  15.027 0.6999999881
15365  -13.897  -73.909  14.802 0.5000000000
15366  -14.913  -74.024  14.500 0.5000000000
15372  -10.086  -74.150  14.260 0.6999999881
15381  -14.529  -74.298  12.441 0.6000000238
15382  -15.413  -74.227  12.837 0.6000000238
15499  -14.954  -73.340  3.134 0.6000000238
15518  -19.608  -74.374  1.941 0.8000000119
16204  -10.713  -73.815  15.387 0.6999999881
16205  -11.307  -74.036  15.399 0.6999999881
16214  -10.427  -73.081  15.203 0.6000000238
16219  -15.697  -73.501  14.419 0.5000000000
16221  -17.500  -72.472  14.189 0.4000000060
16229  -17.539  -72.792  13.736 0.4000000060
16240  -17.780  -72.556  12.998 0.4000000060
16276  -14.598  -72.720  10.213 0.8000000119
16279  -17.080  -72.406  9.963 0.6000000238
16296  -17.421  -72.545  9.164 0.5000000000
16308  -16.718  -72.533  8.520 0.5000000000
16310  -18.119  -72.553  8.726 0.5000000000
16353  -12.875  -72.400  4.569 0.6000000238
16369  -14.515  -72.902  3.967 0.6000000238
16384  -17.706  -72.463  2.611 0.6000000238
16386  -20.530  -72.432  2.388 0.6999999881
16400  -18.122  -73.137  2.152 0.6999999881
16404  -22.301  -73.288  1.392 0.6000000238
17100  -16.966  -72.061  14.415 0.5000000000
17101  -18.135  -71.832  14.152 0.5000000000
17117  -18.598  -71.677  13.670 0.4000000060
17152  -17.476  -71.987  11.277 0.5000000000
17168  -11.586  -70.790  10.893 0.6000000238
17171  -13.572  -71.500  10.214 0.8000000119
17190  -19.011  -71.694  9.250 0.6000000238
17201  -16.081  -72.180  7.953 0.5000000000
17204  -19.460  -71.559  8.621 0.6000000238
17213  -10.314  -70.909  7.364 0.5000000000
17215  -17.561  -72.255  7.725 0.6000000238
17228  -11.384  -71.524  6.392 0.5000000000
17230  -19.376  -71.478  7.191 0.6000000238
17241  -11.288  -72.117  5.827 0.5000000000
17245  -21.291  -70.861  4.858 0.5000000000
17251  -12.317  -71.925  5.043 0.5000000000
17257  -21.680  -71.159  4.076 0.5000000000
17271  -17.918  -70.926  3.337 0.6000000238
17275  -20.948  -71.301  3.392 0.6000000238
17291  -18.343  -71.746  2.955 0.6000000238
17293  -20.320  -71.578  2.927 0.6000000238
18047  -18.780  -70.694  14.364 0.5000000000
18066  -19.173  -71.067  13.744 0.5000000000
18067  -19.563  -70.451  13.699 0.5000000000
18109  -12.100  -70.205  10.397 0.6999999881
18121  -10.498  -70.049  9.238 0.6000000238
18122  -11.154  -69.875  9.508 0.6000000238
18137  -9.976  -70.512  8.343 0.5000000000
18138  -10.668  -70.178  8.655 0.6000000238
18153  -11.796  -70.276  8.020 0.6000000238
18154  -12.363  -70.243  7.692 0.6000000238
18157  -19.816  -71.278  8.040 0.6000000238
18168  -13.483  -70.015  6.891 0.6999999881
18182  -13.897  -70.101  6.106 0.8000000119
18185  -17.755  -69.840  5.344 0.6000000238
18188  -21.704  -70.600  5.615 0.5000000000
18201  -18.226  -70.004  4.655 0.6000000238
19018  -20.546  -69.614  12.697 0.5000000000
19052  -11.706  -69.789  9.143 0.6000000238
19064  -11.501  -69.963  8.822 0.6000000238
19066  -13.574  -69.531  8.342 0.6999999881
19067  -14.048  -69.404  8.340 0.6999999881
19077  -12.039  -69.961  8.594 0.6000000238
19080  -15.566  -69.766  7.201 0.6000000238
19093  -13.106  -69.901  7.674 0.6000000238
19097  -16.314  -69.537  6.181 0.6000000238
19098  -17.008  -69.543  5.804 0.6000000238
19111  -15.645  -69.500  6.205 0.6000000238
19862  -12.124  -68.966  15.189 0.4000000060
19867  -20.389  -68.698  14.387 0.3000000119
19881  -21.241  -69.113  13.190 0.3000000119
19882  -21.806  -68.477  13.371 0.3000000119
19904  -18.866  -69.021  10.465 0.5000000000
19914  -19.398  -68.459  10.398 0.4000000060
19922  -18.864  -68.777  9.575 0.4000000060
19930  -18.969  -68.158  8.633 0.4000000060
19931  -18.985  -68.441  8.546 0.4000000060
19949  -21.159  -67.776  7.004 0.4000000060
20715  -19.692  -68.102  14.578 0.3000000119
20768  -19.423  -67.833  9.578 0.4000000060
20769  -20.163  -67.408  9.996 0.4000000060
20779  -19.269  -67.409  8.654 0.4000000060
20789  -19.244  -67.074  7.925 0.4000000060
20797  -19.270  -67.156  7.554 0.4000000060
21562  -13.264  -66.701  15.049 0.3000000119
21564  -19.089  -67.367  14.391 0.3000000119
21579  -14.964  -66.042  13.746 0.4000000060
21656  -19.460  -66.477  7.365 0.4000000060
22500  -16.313  -65.024  12.523 0.4000000060
22546  -19.894  -65.372  7.557 0.4000000060
22572  -21.812  -65.721  6.511 0.4000000060
23444  -14.761  -64.348  13.600 0.5000000000
23466  -16.020  -64.316  12.440 0.5000000000
118754  -29.982  -85.557  5.495 0.5000000000
119633  -17.485  -71.245  7.050 0.6000000238
119778  -18.102  -76.366  4.462 0.6000000238
120092  -33.911  -91.164  0.866 0.4000000060
120120  -19.543  -79.994  1.070 0.6000000238
120327  -19.080  -69.640  11.460 0.5000000000
120484  -33.067  -86.762  17.213 0.3000000119
121041  -13.413  -69.537  8.123 0.6999999881
121943  -23.756  -83.668  4.593 0.5000000000
122680  -17.499  -72.367  12.046 0.5000000000
122699  -15.342  -73.757  2.349 0.6000000238
122968  -24.131  -78.484  7.772 0.5000000000
123156  -28.840  -85.065  -1.234 0.5000000000
123272  -18.395  -70.447  5.838 0.6000000238
123573  -19.872  -67.570  7.234 0.4000000060
123714  -39.961  -87.051  9.066 0.3000000119
124274  -34.841  -90.092  6.674 0.3000000119
124469  -22.421  -72.626  1.797 0.6000000238
124976  -25.582  -84.243  4.103 0.4000000060
125026  -15.201  -69.328  6.782 0.6000000238
125106  -19.287  -79.426  1.888 0.6000000238
125131  -18.920  -76.394  3.087 0.6999999881
125817  -15.817  -74.951  1.130 0.5000000000
125928  -18.298  -80.791  -0.056 0.6999999881
126442  -17.894  -75.090  1.867 0.6000000238
127736  -18.481  -81.880  -1.411 0.6999999881
127807  -10.783  -71.333  14.863 0.5000000000
128157  -14.812  -80.503  2.587 0.6999999881
128339  -22.785  -79.735  9.994 0.6000000238
128396  -36.504  -87.486  8.017 0.4000000060
128475  -36.000  -91.896  5.321 0.3000000119
128501  -23.941  -79.564  10.544 0.4000000060
129317  -17.342  -81.167  2.947 0.6999999881
129621  -20.969  -69.103  13.968 0.3000000119
129809  -18.077  -80.784  1.180 0.6999999881
129872  -21.264  -70.623  6.297 0.5000000000
129986  -18.678  -80.664  -0.387 0.6999999881
130164  -17.567  -83.414  4.289 0.6000000238
130206  -36.325  -93.532  9.035 0.3000000119
130506  -30.537  -88.726  1.409 0.5000000000
130837  -15.464  -79.749  4.289 0.6999999881
130871  -16.498  -83.438  5.797 0.6000000238
131375  -20.678  -78.750  4.979 0.6000000238
131942  -13.357  -62.714  14.106 0.5000000000
132798  -15.180  -78.273  3.142 0.6999999881
133038  -15.555  -76.501  0.914 0.6000000238
133146  -13.655  -73.572  11.535 0.8000000119
133211  -14.476  -74.472  1.309 0.6000000238
134978  -39.152  -88.015  17.201 0.3000000119
135162  -20.214  -64.736  7.584 0.4000000060
135301  -19.151  -67.934  7.699 0.4000000060
135550  -14.627  -70.009  8.336 0.6000000238
135805  -39.115  -87.955  16.670 0.3000000119
136068  -14.066  -73.081  14.799 0.6000000238
136740  -24.221  -74.906  0.971 0.6000000238
136879  -17.671  -65.097  12.152 0.4000000060
137197  -12.971  -61.269  14.289 0.3000000119
137535  -21.052  -78.465  10.360 0.5000000000
137692  -16.987  -65.051  12.255 0.4000000060
138214  -13.059  -71.452  10.740 0.6999999881
138231  -9.781  -72.918  14.748 0.6999999881
138244  -33.438  -85.694  11.565 0.4000000060
138423  -17.547  -85.412  0.712 0.5000000000
138715  -31.708  -85.748  6.293 0.5000000000
138922  -20.296  -75.990  7.334 0.5000000000
139341  -14.788  -79.418  2.467 0.6999999881
139487  -28.259  -84.418  0.195 0.6000000238
139540  -37.433  -87.701  7.517 0.4000000060
139995  -22.845  -73.679  1.025 0.6999999881
140211  -13.699  -66.277  14.884 0.3000000119
140450  -34.457  -89.443  10.115 0.3000000119
140520  -18.833  -79.584  1.825 0.6000000238
140652  -18.888  -69.046  14.561 0.4000000060
140700  -14.006  -72.316  10.266 0.8000000119
140922  -11.832  -74.452  14.280 0.6999999881
141001  -17.307  -81.935  -4.588 0.5000000000
141232  -18.427  -70.992  11.861 0.5000000000
141283  -34.542  -91.184  1.205 0.5000000000
141507  -36.689  -88.471  0.289 0.6999999881
141534  -12.631  -74.053  2.911 0.6000000238
141620  -30.832  -85.807  4.119 0.6000000238
141701  -22.152  -81.127  3.803 0.6000000238
141799  -14.979  -83.958  3.549 0.5000000000
141884  -30.730  -85.729  3.023 0.6000000238
