#!ascii label  , from subject sub-v1s8x0051336_ses-1 vox2ras=TkReg
1163
5607  -38.591  -86.601  4.566 0.5000000000
5622  -37.840  -86.967  3.878 0.6000000238
4836  -42.792  -87.311  5.503 0.3000000119
4875  -37.093  -87.231  3.064 0.5000000000
5610  -41.893  -87.355  4.534 0.4000000060
5611  -42.616  -87.323  4.737 0.4000000060
119563  -43.342  -86.953  3.979 0.4000000060
4858  -43.158  -87.191  4.805 0.3000000119
5623  -42.575  -86.855  3.927 0.4000000060
7043  -37.197  -84.590  5.138 0.5000000000
128549  -37.409  -84.978  5.392 0.5000000000
6317  -36.705  -84.993  5.550 0.6000000238
5591  -37.108  -85.508  5.332 0.5000000000
5606  -37.641  -86.201  4.858 0.6000000238
5575  -43.229  -86.816  5.935 0.3000000119
5621  -36.883  -86.686  4.066 0.5000000000
6330  -41.069  -85.912  4.169 0.5000000000
6331  -41.650  -86.591  4.192 0.5000000000
5592  -43.671  -86.898  5.130 0.3000000119
5605  -36.624  -86.143  4.946 0.6000000238
6341  -41.929  -86.288  3.483 0.5000000000
136968  -43.328  -86.825  3.097 0.4000000060
5612  -44.065  -86.866  4.140 0.3000000119
6340  -41.187  -85.658  3.353 0.4000000060
133738  -42.860  -86.606  2.571 0.4000000060
132773  -42.002  -86.075  1.974 0.4000000060
135257  -35.620  -84.338  2.019 0.6999999881
7093  -36.231  -83.965  2.957 0.6999999881
7080  -36.845  -83.961  3.827 0.6999999881
7092  -34.751  -84.196  2.035 0.6999999881
126255  -35.294  -83.955  3.033 0.6999999881
7062  -36.565  -84.190  4.719 0.8000000119
7042  -36.250  -84.640  5.326 0.6999999881
123548  -39.152  -86.033  4.864 0.5000000000
7078  -35.000  -84.025  4.085 0.6999999881
138799  -39.468  -85.609  4.717 0.4000000060
6329  -40.196  -85.711  4.424 0.5000000000
128003  -43.798  -86.392  6.615 0.3000000119
7041  -35.311  -84.726  5.493 0.6000000238
7066  -40.362  -85.349  4.042 0.5000000000
125034  -44.217  -86.566  5.773 0.3000000119
6316  -35.803  -85.101  5.722 0.5000000000
7098  -40.499  -85.262  3.177 0.5000000000
6363  -40.390  -85.614  0.828 0.4000000060
6351  -40.991  -85.563  2.059 0.4000000060
5624  -43.874  -86.791  3.052 0.4000000060
6364  -41.325  -85.910  0.692 0.3000000119
7901  -33.078  -82.875  -0.304 0.5000000000
7887  -33.249  -82.962  0.675 0.6000000238
7902  -33.679  -83.479  -0.130 0.6000000238
7889  -34.460  -83.836  1.013 0.6000000238
9375  -31.331  -80.938  -0.890 0.5000000000
8674  -31.823  -81.766  -0.549 0.5000000000
8659  -32.375  -82.485  0.018 0.6000000238
7888  -33.776  -83.456  1.457 0.6000000238
126837  -34.119  -83.946  2.013 0.6999999881
7063  -37.966  -84.470  4.669 0.6000000238
5524  -42.568  -85.837  9.571 0.3000000119
9362  -29.938  -80.808  0.008 0.6999999881
9353  -30.950  -81.827  0.889 0.6000000238
8658  -31.662  -82.117  0.548 0.6000000238
8644  -32.384  -82.586  1.235 0.6000000238
7874  -33.062  -83.090  1.872 0.6999999881
7876  -34.254  -83.975  3.033 0.6999999881
7081  -37.822  -84.157  3.719 0.6000000238
7064  -38.595  -84.776  4.775 0.6000000238
10126  -30.030  -80.115  -0.541 0.6999999881
9352  -30.149  -81.558  0.868 0.6000000238
9339  -30.623  -82.009  1.795 0.6000000238
120828  -32.848  -83.431  2.827 0.6999999881
7846  -34.028  -84.122  4.226 0.6999999881
7065  -39.432  -85.047  4.526 0.5000000000
5574  -42.824  -86.650  6.746 0.3000000119
122067  -29.311  -80.076  -0.132 0.6999999881
9351  -29.276  -81.067  0.778 0.6000000238
120058  -29.809  -81.710  1.757 0.6999999881
140280  -31.620  -82.613  2.479 0.6000000238
126453  -32.283  -83.146  3.179 0.6000000238
7060  -34.750  -84.334  5.057 0.6999999881
7082  -38.758  -84.497  4.198 0.5000000000
7083  -39.668  -84.828  3.527 0.5000000000
8632  -31.081  -82.373  2.710 0.6000000238
7845  -33.193  -83.979  4.478 0.6000000238
7040  -34.333  -84.749  5.698 0.6000000238
6315  -34.741  -85.245  5.928 0.6000000238
7096  -39.371  -84.834  2.302 0.5000000000
5593  -44.627  -86.640  4.914 0.3000000119
136092  -29.099  -81.526  1.757 0.6999999881
9338  -29.450  -81.822  2.571 0.6000000238
8631  -30.244  -82.066  2.606 0.6000000238
8623  -31.189  -82.616  3.823 0.6000000238
8613  -31.969  -83.112  3.892 0.5000000000
7844  -32.386  -83.555  4.823 0.5000000000
6305  -33.847  -84.980  6.208 0.5000000000
7097  -40.095  -85.212  2.178 0.5000000000
6376  -40.603  -85.651  -0.145 0.3000000119
6377  -41.612  -85.902  0.008 0.3000000119
132797  -42.119  -86.109  0.668 0.3000000119
6352  -42.873  -86.427  1.260 0.4000000060
5632  -43.468  -86.639  2.234 0.4000000060
9376  -32.154  -81.322  -1.049 0.5000000000
8688  -33.001  -81.840  -0.930 0.5000000000
8676  -33.327  -82.584  -0.764 0.5000000000
11011  -31.403  -78.980  -0.041 0.5000000000
11027  -31.459  -79.677  -0.757 0.5000000000
8675  -32.577  -82.169  -0.624 0.5000000000
7917  -33.662  -83.171  -0.630 0.5000000000
7124  -34.765  -84.413  0.197 0.6000000238
7107  -35.196  -84.368  1.008 0.6000000238
11026  -30.814  -79.396  -0.468 0.5000000000
7108  -36.007  -84.717  0.949 0.6000000238
7094  -37.092  -84.032  2.814 0.8000000119
6250  -43.162  -85.477  10.450 0.3000000119
11819  -30.334  -78.944  0.103 0.6000000238
141871  -29.746  -79.705  -0.355 0.6000000238
9363  -30.639  -80.638  -0.441 0.6000000238
7109  -36.896  -84.762  0.920 0.4000000060
5525  -43.336  -85.767  9.481 0.3000000119
11010  -29.375  -79.218  0.019 0.6999999881
7095  -37.878  -84.395  2.397 0.5000000000
5560  -43.417  -86.182  7.587 0.3000000119
117966  -44.213  -85.961  7.185 0.3000000119
11009  -28.360  -78.953  0.124 0.6999999881
7110  -37.724  -84.824  1.137 0.4000000060
10110  -28.507  -80.301  0.382 0.6000000238
9350  -28.438  -81.091  1.243 0.6999999881
7111  -38.660  -84.852  1.476 0.4000000060
9349  -27.648  -80.412  0.688 0.6000000238
134605  -29.855  -82.163  3.360 0.6000000238
8612  -31.588  -83.050  4.749 0.5000000000
7039  -33.500  -84.513  6.024 0.6000000238
124010  -39.000  -85.358  0.118 0.4000000060
7112  -39.546  -85.292  1.085 0.4000000060
7921  -39.975  -84.607  -0.856 0.3000000119
7145  -40.262  -85.187  -0.673 0.3000000119
7129  -41.090  -85.341  -0.362 0.3000000119
7130  -42.042  -85.340  -0.214 0.3000000119
6378  -42.564  -85.895  0.275 0.4000000060
126418  -44.502  -86.637  3.455 0.3000000119
124803  -29.044  -81.934  3.380 0.6000000238
119485  -29.952  -82.587  5.203 0.5000000000
8598  -30.592  -82.876  5.721 0.5000000000
7843  -31.852  -83.394  5.481 0.5000000000
7038  -32.770  -84.232  6.242 0.5000000000
6304  -33.357  -85.310  6.444 0.6000000238
5573  -33.845  -85.627  6.126 0.5000000000
6375  -39.777  -85.577  -0.044 0.3000000119
6389  -39.894  -85.447  -0.643 0.3000000119
8611  -29.482  -82.281  4.224 0.5000000000
8599  -31.254  -83.081  5.619 0.5000000000
7024  -32.240  -84.512  6.614 0.5000000000
7023  -31.361  -84.480  6.933 0.5000000000
10997  -32.362  -79.301  0.737 0.5000000000
11012  -32.158  -79.525  -0.416 0.5000000000
9393  -32.861  -81.215  -1.117 0.5000000000
140978  -33.908  -81.023  -1.398 0.5000000000
8689  -33.686  -82.272  -1.211 0.5000000000
8677  -33.964  -83.054  -1.179 0.5000000000
10995  -30.863  -78.783  0.745 0.5000000000
11028  -32.087  -79.981  -0.993 0.5000000000
7919  -35.004  -84.268  -1.448 0.4000000060
7140  -35.429  -84.796  -1.037 0.4000000060
132420  -42.683  -85.306  10.944 0.3000000119
6251  -43.945  -85.284  10.889 0.3000000119
10994  -30.029  -78.443  0.816 0.6000000238
7125  -35.493  -84.856  -0.152 0.4000000060
7126  -36.461  -85.057  -0.142 0.4000000060
10979  -29.587  -78.576  1.643 0.6000000238
134478  -29.552  -78.684  0.501 0.6000000238
140317  -43.981  -85.652  9.319 0.3000000119
5547  -43.684  -85.841  8.596 0.3000000119
11808  -28.375  -78.303  0.868 0.6000000238
7127  -37.479  -85.162  -0.175 0.4000000060
11807  -27.423  -78.158  0.767 0.6000000238
117678  -37.665  -85.228  -1.129 0.4000000060
119858  -38.263  -85.176  0.294 0.4000000060
5576  -44.783  -86.074  6.452 0.3000000119
11008  -27.557  -78.796  0.176 0.6999999881
6374  -39.251  -85.350  -0.715 0.3000000119
7144  -39.475  -84.979  -1.033 0.3000000119
10127  -32.725  -80.041  -0.763 0.5000000000
10145  -33.188  -80.471  -0.933 0.5000000000
10146  -33.998  -80.632  -1.061 0.5000000000
9378  -34.610  -81.006  -1.524 0.4000000060
10996  -31.591  -78.952  0.879 0.5000000000
128409  -35.022  -82.013  -1.727 0.4000000060
125739  -34.903  -83.124  -1.944 0.4000000060
125361  -32.019  -79.097  1.742 0.6000000238
7935  -36.068  -83.864  -2.086 0.4000000060
7160  -35.819  -84.595  -1.657 0.4000000060
6268  -44.511  -85.439  9.610 0.3000000119
6267  -43.885  -85.521  10.088 0.3000000119
119064  -28.837  -78.316  1.424 0.6000000238
7141  -36.110  -85.202  -1.006 0.4000000060
131066  -36.887  -85.286  -0.906 0.4000000060
7920  -37.731  -84.683  -1.388 0.4000000060
7143  -38.570  -85.067  -1.149 0.3000000119
136166  -38.570  -84.410  -1.271 0.3000000119
10993  -26.871  -78.682  0.479 0.6000000238
11013  -32.995  -79.851  0.068 0.5000000000
10128  -33.510  -80.294  -0.503 0.5000000000
10129  -34.454  -80.463  -0.330 0.4000000060
10147  -34.997  -80.637  -1.106 0.4000000060
119215  -32.911  -79.402  1.958 0.5000000000
10998  -33.408  -79.739  1.197 0.5000000000
9379  -35.493  -80.952  -1.648 0.4000000060
130395  -31.293  -78.934  1.547 0.6000000238
10982  -32.425  -79.240  2.725 0.6000000238
9395  -36.010  -81.747  -1.866 0.4000000060
10980  -30.525  -78.905  1.848 0.6000000238
10981  -31.471  -79.023  2.565 0.6000000238
8692  -36.507  -82.793  -2.009 0.4000000060
7936  -36.949  -83.971  -1.825 0.4000000060
10958  -29.926  -78.827  2.758 0.6000000238
7142  -36.783  -84.920  -1.443 0.4000000060
7937  -37.819  -83.677  -1.488 0.4000000060
8678  -38.385  -83.194  -1.104 0.4000000060
5561  -44.134  -85.754  7.875 0.3000000119
6279  -45.343  -85.187  8.169 0.3000000119
11799  -29.037  -78.474  2.340 0.6000000238
5577  -45.573  -85.980  5.890 0.3000000119
6289  -44.902  -85.584  7.462 0.3000000119
134236  -28.060  -78.071  1.792 0.6000000238
11798  -26.891  -77.805  1.721 0.6000000238
120778  -27.871  -78.344  3.783 0.6999999881
121495  -29.152  -78.946  4.957 0.6999999881
120678  -27.405  -77.933  2.723 0.6000000238
11750  -28.679  -78.989  5.627 0.6999999881
119668  -26.906  -77.955  3.568 0.6000000238
140475  -29.280  -79.124  5.530 0.6999999881
10908  -29.513  -79.437  6.929 0.6000000238
11767  -27.350  -78.406  4.521 0.6999999881
10921  -28.752  -79.202  6.501 0.6999999881
10111  -33.912  -80.232  0.484 0.5000000000
10112  -34.899  -80.433  0.800 0.5000000000
10091  -33.863  -79.718  2.270 0.5000000000
10092  -34.631  -80.118  2.474 0.5000000000
133947  -34.349  -80.120  1.571 0.5000000000
10130  -35.442  -80.514  -0.194 0.5000000000
10148  -35.885  -80.539  -1.199 0.4000000060
133202  -32.003  -79.242  3.366 0.6000000238
10983  -33.333  -79.568  2.991 0.6000000238
10984  -34.375  -79.961  3.340 0.6000000238
127203  -30.721  -78.946  2.908 0.6000000238
10961  -33.663  -79.743  4.008 0.6000000238
139158  -29.875  -78.980  3.503 0.6000000238
120903  -31.239  -79.250  3.642 0.6000000238
120350  -32.109  -79.516  4.185 0.6000000238
135115  -33.463  -79.608  5.599 0.6000000238
10940  -33.993  -79.623  4.976 0.6000000238
8693  -37.342  -82.706  -1.732 0.4000000060
9382  -39.065  -81.149  -1.936 0.4000000060
123455  -29.831  -79.158  4.251 0.6000000238
10938  -31.389  -79.499  4.637 0.6000000238
10939  -32.357  -79.663  5.301 0.6000000238
134502  -33.773  -79.345  6.253 0.6000000238
10913  -34.188  -78.891  6.374 0.6000000238
8694  -37.923  -82.648  -1.425 0.4000000060
9381  -38.333  -81.990  -1.435 0.4000000060
10957  -29.344  -78.711  3.356 0.6000000238
10937  -30.642  -79.429  4.976 0.5000000000
10924  -31.398  -79.628  5.546 0.6000000238
10925  -33.029  -79.583  6.273 0.6000000238
10912  -33.522  -79.124  6.812 0.6000000238
12486  -34.241  -77.543  6.304 0.6999999881
11783  -28.441  -78.340  3.026 0.6999999881
10923  -30.694  -79.562  5.758 0.6000000238
130822  -32.100  -79.699  6.256 0.6000000238
12479  -33.918  -77.778  6.845 0.6000000238
13203  -33.485  -77.005  6.377 0.6000000238
13219  -32.756  -76.495  4.430 0.6000000238
126893  -31.968  -79.490  7.441 0.6000000238
10897  -33.149  -78.723  7.504 0.6000000238
12478  -33.227  -77.334  7.184 0.6000000238
13210  -31.939  -76.088  4.883 0.6000000238
124394  -30.296  -79.552  6.461 0.6000000238
10909  -31.160  -79.667  7.265 0.6000000238
11721  -32.585  -78.592  8.073 0.5000000000
13190  -32.426  -76.956  7.501 0.6000000238
136513  -32.193  -76.197  5.800 0.6000000238
10895  -31.651  -79.417  8.040 0.5000000000
11749  -27.758  -78.752  5.415 0.6999999881
10892  -28.829  -79.345  7.462 0.6999999881
136023  -29.604  -79.551  7.656 0.5000000000
10894  -30.828  -79.595  8.151 0.6000000238
10877  -31.975  -78.859  8.502 0.5000000000
12468  -32.101  -77.345  8.213 0.5000000000
11708  -31.418  -78.760  9.099 0.6000000238
119720  -23.003  -76.991  9.078 0.6000000238
12448  -22.970  -77.381  10.041 0.6000000238
12447  -21.951  -77.706  10.516 0.6000000238
125615  -35.306  -80.514  2.020 0.5000000000
10113  -35.991  -80.431  1.057 0.5000000000
118640  -36.644  -80.440  -1.321 0.5000000000
9380  -36.382  -80.819  -1.684 0.4000000060
122792  -34.816  -79.382  5.216 0.5000000000
10071  -35.293  -80.088  3.963 0.5000000000
10942  -35.990  -79.278  4.450 0.5000000000
10149  -37.215  -80.486  -1.763 0.4000000060
10150  -38.191  -79.968  -2.016 0.4000000060
10941  -35.354  -79.603  4.623 0.5000000000
11769  -35.768  -78.520  4.717 0.5000000000
9396  -36.999  -81.468  -1.814 0.4000000060
10167  -37.977  -80.732  -1.890 0.4000000060
10168  -38.861  -80.402  -2.220 0.4000000060
12487  -34.728  -77.641  5.805 0.5000000000
12496  -35.118  -77.625  5.264 0.5000000000
10928  -35.353  -78.965  5.094 0.5000000000
9397  -37.816  -81.718  -1.672 0.4000000060
13212  -34.032  -77.079  5.709 0.6000000238
13221  -34.568  -77.155  5.054 0.6000000238
13220  -33.718  -76.808  4.889 0.5000000000
13218  -31.672  -76.081  3.879 0.4000000060
13234  -31.547  -76.164  2.852 0.4000000060
13955  -31.584  -76.200  1.808 0.4000000060
13924  -31.031  -75.897  5.324 0.6000000238
13932  -30.740  -75.725  4.372 0.6000000238
13942  -30.550  -75.660  3.253 0.5000000000
13954  -30.811  -75.799  2.226 0.4000000060
138764  -30.882  -75.903  1.371 0.4000000060
14724  -30.294  -74.800  1.198 0.4000000060
11748  -26.767  -78.414  5.295 0.6999999881
131062  -31.768  -76.381  7.024 0.6000000238
13931  -29.840  -75.176  4.073 0.5000000000
15512  -30.365  -74.411  1.944 0.4000000060
10893  -29.361  -79.547  8.168 0.6000000238
12459  -31.719  -77.681  8.839 0.5000000000
13189  -31.515  -76.600  7.698 0.5000000000
126773  -29.893  -75.484  4.941 0.5000000000
14686  -29.895  -74.600  3.569 0.5000000000
14695  -30.117  -74.780  2.659 0.4000000060
15513  -30.665  -73.736  2.136 0.4000000060
10875  -30.456  -79.454  8.985 0.6000000238
140633  -29.609  -75.572  6.230 0.5000000000
13897  -23.731  -75.701  8.387 0.6999999881
127518  -23.584  -76.323  8.950 0.6000000238
125652  -24.083  -75.017  8.927 0.6999999881
13162  -23.800  -76.697  9.672 0.6000000238
14647  -24.138  -74.739  9.765 0.6000000238
12433  -22.766  -77.715  10.947 0.6000000238
13878  -24.199  -76.123  10.374 0.6000000238
14637  -24.045  -74.466  10.717 0.6000000238
15405  -23.968  -73.758  10.973 0.6000000238
15394  -24.982  -73.300  11.713 0.6000000238
12432  -21.992  -78.054  11.140 0.5000000000
13132  -24.220  -77.122  11.465 0.6000000238
13151  -24.320  -76.302  11.263 0.6000000238
122114  -24.287  -75.295  11.114 0.6000000238
14630  -24.267  -74.329  11.238 0.6000000238
10131  -36.400  -80.426  -0.253 0.5000000000
137455  -22.949  -78.566  11.418 0.5000000000
12414  -22.745  -78.136  11.335 0.5000000000
13872  -24.555  -75.798  11.663 0.5000000000
14631  -24.704  -74.216  11.549 0.5000000000
120472  -35.248  -80.184  3.032 0.4000000060
10093  -35.846  -80.357  2.721 0.5000000000
10132  -37.328  -80.149  -0.745 0.5000000000
11648  -24.278  -78.292  11.907 0.5000000000
125889  -24.162  -77.746  11.750 0.5000000000
127494  -25.655  -75.898  12.061 0.5000000000
13873  -25.103  -75.067  11.754 0.5000000000
10072  -35.966  -80.070  3.521 0.5000000000
11029  -39.129  -79.606  -1.411 0.4000000060
11030  -40.021  -79.473  -1.836 0.4000000060
10822  -23.906  -79.274  11.319 0.5000000000
11649  -24.980  -78.234  12.335 0.5000000000
13114  -24.918  -76.843  12.345 0.6000000238
13134  -26.331  -76.072  11.681 0.6000000238
11039  -39.348  -79.899  -2.338 0.4000000060
10824  -25.839  -79.161  11.532 0.6000000238
11650  -25.835  -78.097  12.462 0.6000000238
12406  -26.163  -77.325  12.524 0.6999999881
13222  -35.156  -77.351  4.682 0.4000000060
13237  -34.622  -77.040  4.029 0.5000000000
11717  -24.805  -78.375  7.591 0.6000000238
13236  -33.562  -76.830  3.926 0.5000000000
13258  -32.572  -76.390  1.310 0.4000000060
11718  -25.585  -78.449  7.434 0.6000000238
13247  -32.487  -76.446  2.450 0.4000000060
11719  -26.381  -78.655  7.246 0.6000000238
11720  -27.224  -78.833  7.046 0.6000000238
13985  -31.000  -75.466  -0.062 0.4000000060
10873  -28.665  -79.460  8.504 0.6000000238
10907  -28.028  -79.080  6.828 0.6999999881
10861  -30.461  -79.074  9.646 0.6000000238
12450  -30.635  -77.922  9.849 0.6000000238
12451  -31.348  -78.090  9.350 0.5000000000
13175  -31.296  -76.911  8.509 0.5000000000
14658  -24.003  -74.669  8.114 0.6999999881
14646  -24.159  -74.190  9.059 0.6999999881
16297  -24.052  -72.789  9.681 0.6000000238
16280  -24.037  -72.909  10.745 0.6000000238
128555  -24.204  -72.121  10.135 0.6000000238
16258  -24.521  -72.644  11.416 0.6000000238
16260  -25.993  -72.207  11.800 0.6999999881
124339  -25.636  -72.828  11.713 0.6000000238
10094  -36.488  -80.206  2.705 0.5000000000
10114  -36.757  -80.423  1.859 0.5000000000
126771  -36.978  -80.261  0.766 0.5000000000
14632  -25.356  -74.228  11.588 0.6000000238
141657  -26.422  -72.961  11.614 0.5000000000
10115  -37.544  -80.068  1.634 0.5000000000
10133  -38.295  -79.799  -0.438 0.5000000000
13875  -26.496  -75.562  10.867 0.6000000238
13874  -25.838  -75.114  11.376 0.6000000238
15407  -27.050  -73.472  10.966 0.5000000000
11770  -36.419  -78.692  4.159 0.5000000000
10870  -25.044  -78.902  9.217 0.6000000238
10856  -25.115  -79.353  10.069 0.4000000060
10835  -25.478  -79.386  10.758 0.6000000238
11651  -26.829  -77.993  12.279 0.6000000238
13117  -27.041  -76.891  11.757 0.6000000238
13879  -26.355  -74.854  10.749 0.6000000238
13238  -35.640  -77.342  3.864 0.4000000060
137510  -36.333  -77.609  3.315 0.4000000060
127230  -25.863  -78.703  8.895 0.5000000000
10857  -25.954  -79.083  9.825 0.5000000000
10836  -26.368  -79.316  10.824 0.6000000238
11661  -26.292  -78.669  12.050 0.6999999881
11662  -27.862  -78.169  11.788 0.6000000238
13135  -27.652  -76.698  11.178 0.6000000238
13152  -26.992  -76.014  10.420 0.6000000238
118481  -34.075  -76.814  2.959 0.5000000000
11706  -25.340  -78.536  8.280 0.6000000238
133132  -27.315  -79.251  11.126 0.6000000238
137102  -27.865  -78.842  11.455 0.6000000238
12434  -28.578  -77.181  11.163 0.6000000238
13153  -27.912  -76.404  10.417 0.6000000238
13881  -27.264  -75.540  9.702 0.6000000238
10871  -26.782  -78.988  9.021 0.5000000000
132166  -27.000  -79.286  10.139 0.6000000238
10826  -28.213  -79.175  11.026 0.6000000238
13154  -28.919  -76.943  10.431 0.6000000238
13163  -28.119  -76.082  9.556 0.6000000238
10890  -27.023  -78.919  7.958 0.6000000238
10858  -27.859  -79.440  9.626 0.6000000238
134110  -29.305  -79.221  10.414 0.6000000238
12435  -29.372  -77.738  10.956 0.6000000238
10838  -29.903  -78.871  10.201 0.6000000238
10874  -29.585  -79.590  8.911 0.6000000238
13174  -30.352  -76.588  8.681 0.5000000000
138794  -29.533  -75.700  6.995 0.5000000000
15444  -24.055  -73.935  7.427 0.6999999881
15432  -24.075  -73.611  8.335 0.6999999881
15460  -24.313  -73.398  5.776 0.6999999881
16323  -24.566  -72.500  7.272 0.6999999881
16322  -24.107  -72.982  7.761 0.6999999881
16298  -24.283  -72.131  9.164 0.6999999881
17191  -24.663  -71.580  9.626 0.6000000238
17173  -25.379  -71.259  10.934 0.6000000238
18095  -26.136  -71.047  11.257 0.5000000000
17154  -25.605  -71.651  11.549 0.6999999881
17155  -26.413  -71.538  11.710 0.5000000000
16261  -26.953  -72.123  11.812 0.5000000000
141498  -27.226  -72.779  11.606 0.5000000000
10095  -37.612  -79.713  2.318 0.4000000060
10096  -38.101  -79.571  1.815 0.5000000000
10986  -38.878  -79.096  1.451 0.5000000000
11014  -39.090  -79.409  0.337 0.5000000000
10999  -39.738  -78.833  0.585 0.4000000060
11784  -36.816  -78.801  3.654 0.4000000060
10985  -38.139  -79.104  2.116 0.4000000060
15408  -27.847  -73.395  10.516 0.6000000238
13889  -27.112  -74.656  9.573 0.6000000238
14648  -27.234  -73.952  9.881 0.6000000238
13890  -27.625  -75.100  8.879 0.6000000238
14649  -27.612  -74.256  9.011 0.6000000238
12449  -29.757  -77.510  10.162 0.6000000238
13172  -28.437  -75.804  8.785 0.6000000238
15433  -28.104  -73.776  8.640 0.6000000238
12436  -29.928  -78.247  10.364 0.6000000238
121744  -28.127  -75.167  8.265 0.5000000000
13165  -30.103  -77.097  9.411 0.6000000238
13173  -29.312  -76.296  8.715 0.5000000000
13187  -29.451  -75.920  7.900 0.5000000000
15474  -25.101  -73.029  5.312 0.6999999881
16329  -24.756  -72.749  6.297 0.6999999881
17219  -25.072  -71.791  7.695 0.6999999881
16312  -24.343  -72.227  8.188 0.6999999881
17206  -25.447  -71.384  8.340 0.6000000238
17205  -24.767  -71.683  8.685 0.6999999881
133060  -25.315  -71.092  10.083 0.4000000060
15489  -25.470  -73.239  4.258 0.6999999881
16330  -25.545  -72.416  5.836 0.6999999881
119743  -25.810  -71.736  7.041 0.6000000238
17220  -26.148  -71.340  7.627 0.6000000238
18111  -26.886  -70.586  10.921 0.5000000000
14694  -25.380  -74.032  2.602 0.6999999881
16356  -25.980  -72.628  3.797 0.6999999881
18097  -27.888  -70.711  12.027 0.5000000000
15522  -25.141  -73.361  1.985 0.6999999881
17156  -27.160  -71.429  11.836 0.5000000000
16390  -24.876  -72.934  2.022 0.6000000238
17297  -24.824  -72.008  2.502 0.6000000238
17278  -24.445  -71.313  2.897 0.6000000238
17258  -23.082  -70.883  3.993 0.5000000000
18206  -23.543  -70.344  4.353 0.5000000000
11801  -38.765  -78.420  1.633 0.4000000060
11811  -39.611  -78.308  1.075 0.4000000060
15446  -28.230  -73.929  7.966 0.6000000238
18143  -26.259  -71.012  8.556 0.5000000000
121974  -26.268  -70.700  9.563 0.5000000000
16340  -26.311  -71.988  5.315 0.6000000238
120375  -26.751  -71.558  5.770 0.6000000238
140975  -26.936  -71.193  7.235 0.6000000238
17221  -27.285  -70.906  7.773 0.6000000238
142113  -27.118  -70.443  9.530 0.5000000000
18129  -26.953  -70.434  10.134 0.5000000000
119695  -27.544  -70.273  11.358 0.5000000000
16372  -25.699  -72.607  3.092 0.6999999881
16357  -26.581  -72.047  4.260 0.6000000238
18175  -27.612  -71.029  5.668 0.6000000238
126576  -27.590  -70.952  6.807 0.6000000238
19085  -28.361  -69.723  7.125 0.6000000238
18098  -28.326  -69.785  12.283 0.5000000000
16392  -25.859  -72.024  3.190 0.6999999881
17260  -27.101  -71.455  3.899 0.6000000238
134912  -27.593  -70.585  3.902 0.6000000238
18191  -28.048  -70.341  5.220 0.6000000238
19102  -28.236  -69.612  5.925 0.6000000238
18223  -25.863  -71.234  3.144 0.6000000238
17279  -26.488  -71.420  3.452 0.6000000238
137117  -27.224  -70.169  3.635 0.6000000238
19115  -27.798  -69.494  4.940 0.6000000238
18222  -25.253  -71.257  2.926 0.6000000238
18217  -25.892  -70.386  3.233 0.6000000238
19124  -26.524  -69.040  3.420 0.6000000238
19974  -27.351  -68.689  4.577 0.6000000238
18216  -24.940  -70.596  3.307 0.5000000000
18207  -24.359  -70.040  3.874 0.5000000000
19131  -25.313  -69.755  3.541 0.5000000000
135481  -26.020  -68.479  3.118 0.6000000238
19973  -26.820  -68.283  3.760 0.6000000238
11810  -39.516  -77.541  1.017 0.4000000060
18189  -22.512  -70.295  5.615 0.5000000000
19122  -24.677  -69.219  3.966 0.5000000000
19123  -25.594  -68.843  3.482 0.6000000238
19979  -26.092  -67.922  3.199 0.6000000238
19113  -23.108  -69.691  5.895 0.5000000000
19114  -23.610  -69.305  5.259 0.5000000000
19970  -24.164  -68.746  4.553 0.4000000060
19971  -25.059  -68.274  3.942 0.5000000000
20829  -26.042  -67.386  3.340 0.6000000238
18130  -27.798  -70.074  9.585 0.6000000238
19057  -28.173  -69.436  10.082 0.5000000000
18112  -27.636  -70.044  10.530 0.5000000000
18145  -28.138  -70.042  8.783 0.6000000238
131464  -28.134  -68.861  10.468 0.5000000000
141897  -27.962  -69.893  11.750 0.5000000000
19943  -28.172  -68.624  7.591 0.6999999881
20781  -27.743  -68.119  9.257 0.6999999881
19952  -28.107  -68.747  6.466 0.6000000238
20799  -27.568  -67.941  7.421 0.6999999881
19961  -27.696  -68.689  5.458 0.6000000238
122228  -27.762  -68.142  6.804 0.6999999881
20822  -27.077  -67.790  4.633 0.6000000238
20810  -27.325  -67.898  5.871 0.6999999881
20821  -26.524  -67.079  4.415 0.6000000238
21671  -26.802  -66.962  5.841 0.6999999881
19099  -22.218  -69.816  7.049 0.5000000000
19101  -23.338  -68.987  5.916 0.5000000000
128127  -24.321  -67.746  4.578 0.4000000060
20828  -25.482  -67.503  3.808 0.6000000238
120422  -26.131  -67.152  3.796 0.6000000238
19100  -22.823  -69.149  6.619 0.5000000000
19960  -23.651  -68.414  5.273 0.4000000060
20820  -24.873  -67.098  4.544 0.5000000000
19033  -28.044  -69.204  11.829 0.5000000000
19916  -27.938  -68.626  11.233 0.5000000000
19923  -28.182  -68.769  9.692 0.6000000238
120992  -27.096  -66.827  11.676 0.5000000000
20791  -27.724  -67.997  8.262 0.6999999881
124915  -26.836  -67.328  7.678 0.6999999881
20798  -27.039  -67.614  6.697 0.6000000238
21685  -26.533  -66.445  5.254 0.6999999881
21658  -26.394  -66.681  6.713 0.6000000238
21697  -25.855  -67.001  4.079 0.6000000238
22598  -26.241  -66.027  5.190 0.6000000238
20808  -22.710  -67.386  6.244 0.5000000000
20819  -23.897  -67.006  5.039 0.4000000060
21696  -25.147  -66.601  4.795 0.6000000238
20818  -22.202  -66.541  6.341 0.4000000060
135005  -23.181  -66.827  5.841 0.4000000060
21683  -23.731  -66.367  5.494 0.5000000000
122694  -24.617  -65.980  5.256 0.5000000000
20780  -26.988  -67.421  9.785 0.6000000238
135838  -26.966  -67.187  10.789 0.5000000000
21636  -26.594  -66.636  9.292 0.6000000238
21626  -26.737  -66.643  10.125 0.5000000000
21647  -26.454  -66.578  8.352 0.6000000238
132832  -26.447  -65.616  7.933 0.6000000238
22538  -26.891  -65.049  9.402 0.5000000000
22559  -26.368  -65.566  6.989 0.6000000238
22574  -26.550  -65.677  6.047 0.6999999881
23530  -26.812  -64.580  6.572 0.5000000000
123588  -25.262  -65.445  5.350 0.5000000000
128819  -22.895  -66.075  6.121 0.4000000060
23556  -25.309  -64.582  5.513 0.5000000000
19895  -21.649  -68.626  12.574 0.4000000060
19883  -22.151  -68.234  12.883 0.3000000119
20744  -22.051  -68.072  12.151 0.4000000060
22528  -26.989  -65.226  10.386 0.5000000000
20756  -20.726  -67.881  10.829 0.3000000119
21611  -21.992  -66.855  10.983 0.4000000060
22549  -26.912  -64.875  8.410 0.5000000000
23503  -27.595  -64.474  9.928 0.5000000000
21623  -20.501  -66.668  9.606 0.3000000119
136107  -21.331  -66.324  10.188 0.4000000060
23519  -27.632  -64.179  7.913 0.5000000000
21634  -20.046  -66.250  8.720 0.3000000119
23545  -26.742  -64.575  6.108 0.6000000238
23557  -26.254  -64.474  5.604 0.6999999881
23546  -27.164  -63.904  6.286 0.6000000238
23555  -24.422  -65.116  5.629 0.5000000000
24517  -25.862  -63.826  5.629 0.4000000060
24505  -26.393  -63.217  5.830 0.4000000060
20717  -21.325  -67.640  14.364 0.3000000119
20732  -22.380  -67.834  13.478 0.3000000119
21599  -23.039  -67.356  12.967 0.3000000119
20758  -22.592  -67.344  11.941 0.3000000119
21612  -22.688  -66.362  11.502 0.4000000060
23511  -27.562  -64.354  8.891 0.5000000000
21624  -21.480  -65.430  9.941 0.4000000060
21625  -22.046  -65.918  10.779 0.4000000060
23520  -28.123  -63.838  8.397 0.5000000000
22536  -20.880  -64.961  8.930 0.4000000060
22537  -21.540  -64.521  9.647 0.4000000060
133991  -27.602  -63.887  6.977 0.5000000000
124995  -28.380  -63.339  8.061 0.5000000000
22547  -20.367  -64.662  8.034 0.4000000060
133785  -28.111  -63.380  6.973 0.5000000000
123328  -27.064  -63.402  5.951 0.5000000000
24506  -27.660  -63.346  6.382 0.5000000000
23543  -22.562  -64.439  6.775 0.3000000119
133998  -24.031  -63.674  6.374 0.4000000060
24504  -25.441  -63.176  6.077 0.4000000060
25499  -27.547  -62.694  6.226 0.4000000060
21566  -20.521  -66.912  14.478 0.3000000119
21584  -22.928  -67.140  13.867 0.3000000119
21613  -23.294  -66.629  12.307 0.4000000060
22515  -23.222  -65.640  11.825 0.4000000060
23490  -28.353  -64.366  11.535 0.4000000060
22514  -22.559  -65.555  11.248 0.4000000060
24448  -29.013  -63.651  11.379 0.4000000060
23500  -22.182  -64.208  10.421 0.4000000060
23512  -28.172  -63.889  9.387 0.4000000060
24490  -28.484  -63.027  7.367 0.5000000000
23509  -20.922  -64.052  8.576 0.4000000060
24487  -21.094  -63.605  7.837 0.3000000119
133827  -28.382  -62.506  7.000 0.5000000000
134266  -23.781  -62.365  6.990 0.3000000119
20718  -22.188  -67.476  14.220 0.3000000119
21585  -23.563  -66.523  13.358 0.3000000119
21600  -23.830  -65.898  12.585 0.4000000060
22516  -23.852  -65.010  12.109 0.4000000060
23488  -24.044  -64.058  11.946 0.3000000119
23487  -23.366  -64.402  11.555 0.4000000060
24434  -29.850  -63.810  12.583 0.4000000060
24435  -30.574  -63.448  12.927 0.4000000060
23501  -22.800  -64.037  11.016 0.4000000060
24458  -29.209  -63.217  10.560 0.4000000060
24477  -28.481  -63.342  8.833 0.4000000060
23510  -21.590  -63.478  9.300 0.3000000119
125975  -28.649  -62.795  8.266 0.4000000060
24463  -21.096  -63.375  8.311 0.3000000119
132818  -21.466  -62.823  8.699 0.3000000119
25482  -22.700  -62.191  7.485 0.3000000119
25498  -26.917  -62.536  6.049 0.4000000060
22468  -21.830  -65.818  14.704 0.3000000119
22483  -24.067  -65.833  13.310 0.4000000060
22503  -24.334  -65.275  12.866 0.4000000060
125050  -24.514  -64.548  12.484 0.4000000060
24415  -32.405  -63.315  14.118 0.4000000060
25423  -31.097  -62.842  12.940 0.4000000060
23502  -23.421  -63.453  11.116 0.4000000060
25444  -29.724  -63.114  11.333 0.4000000060
24457  -22.444  -63.354  10.280 0.4000000060
24466  -29.268  -62.691  9.902 0.4000000060
25454  -29.747  -62.462  10.656 0.4000000060
24464  -21.923  -62.481  9.366 0.3000000119
25461  -28.850  -62.729  9.095 0.4000000060
26435  -22.122  -61.155  8.821 0.3000000119
25473  -28.712  -62.193  7.710 0.5000000000
25481  -21.998  -62.523  7.924 0.3000000119
25472  -22.616  -61.334  7.951 0.3000000119
26475  -25.442  -61.773  6.691 0.3000000119
26477  -27.328  -61.972  6.264 0.4000000060
24503  -24.384  -63.102  6.469 0.4000000060
138517  -22.749  -65.966  14.677 0.3000000119
24432  -24.892  -63.835  12.310 0.3000000119
24446  -24.383  -63.192  11.700 0.3000000119
24414  -31.800  -62.915  13.611 0.4000000060
25452  -23.816  -62.474  11.040 0.3000000119
25422  -30.589  -62.831  12.371 0.4000000060
134294  -31.472  -62.164  13.062 0.3000000119
25451  -22.891  -62.521  10.264 0.3000000119
137902  -29.496  -62.216  10.048 0.4000000060
25445  -30.309  -62.476  11.631 0.4000000060
27452  -22.914  -59.915  8.604 0.3000000119
27465  -23.195  -60.189  7.953 0.3000000119
26451  -29.015  -61.619  8.517 0.4000000060
131554  -23.321  -61.687  7.440 0.3000000119
26463  -26.045  -60.933  6.654 0.3000000119
26464  -26.805  -60.475  6.380 0.3000000119
27470  -27.974  -60.770  6.978 0.3000000119
25453  -24.613  -61.395  11.448 0.3000000119
26428  -23.881  -60.926  10.539 0.3000000119
122315  -30.881  -62.256  12.368 0.3000000119
26420  -30.227  -61.700  11.025 0.4000000060
26403  -31.101  -61.495  12.579 0.4000000060
28394  -23.292  -59.358  8.630 0.3000000119
26429  -29.692  -61.615  10.168 0.4000000060
140000  -30.482  -61.090  11.374 0.4000000060
27466  -24.062  -60.202  7.539 0.3000000119
27467  -25.174  -60.271  7.197 0.3000000119
27455  -28.921  -60.751  8.559 0.3000000119
27469  -27.306  -60.275  6.469 0.3000000119
28395  -23.513  -58.871  8.908 0.3000000119
27453  -23.548  -59.617  7.979 0.3000000119
27432  -30.058  -60.785  10.697 0.3000000119
27419  -30.351  -60.360  11.489 0.3000000119
28418  -24.732  -59.411  7.397 0.3000000119
27443  -29.287  -60.359  9.356 0.3000000119
130477  -26.795  -59.605  6.423 0.3000000119
27454  -28.352  -60.234  7.750 0.3000000119
29283  -24.725  -57.353  8.167 0.3000000119
134872  -25.126  -56.447  8.194 0.3000000119
28408  -24.833  -58.446  7.339 0.3000000119
27431  -29.687  -60.070  10.091 0.3000000119
30167  -25.393  -56.627  7.421 0.3000000119
30154  -25.663  -55.682  7.979 0.3000000119
129167  -26.355  -61.872  6.309 0.4000000060
25483  -24.299  -61.717  7.164 0.3000000119
131846  -37.296  -84.207  4.502 0.6000000238
6319  -37.987  -84.855  5.106 0.5000000000
6318  -37.924  -85.398  5.279 0.5000000000
134055  -38.446  -85.867  5.065 0.5000000000
5609  -41.010  -86.467  4.357 0.5000000000
7079  -35.948  -83.967  3.969 0.6999999881
124258  -36.494  -84.393  1.957 0.6999999881
7061  -35.679  -84.238  4.905 0.6999999881
5608  -40.084  -86.385  4.531 0.4000000060
120358  -44.991  -86.376  5.596 0.3000000119
7139  -34.839  -84.457  -0.565 0.6000000238
7903  -34.233  -84.062  0.011 0.6000000238
7918  -34.302  -83.738  -0.822 0.5000000000
138722  -30.594  -81.261  0.237 0.6000000238
7875  -33.548  -83.706  2.439 0.6999999881
5546  -42.770  -86.174  8.537 0.3000000119
8643  -31.498  -82.360  1.741 0.6000000238
8633  -32.205  -82.881  2.348 0.6000000238
7861  -33.399  -83.840  3.436 0.6999999881
133075  -38.738  -84.457  3.043 0.5000000000
6328  -38.749  -85.257  5.001 0.5000000000
7860  -32.675  -83.525  3.760 0.6000000238
7059  -33.809  -84.328  5.224 0.6999999881
8622  -30.552  -82.334  3.317 0.5000000000
7826  -33.011  -84.077  5.495 0.5000000000
5594  -45.577  -86.272  4.913 0.3000000119
9337  -28.529  -81.622  2.393 0.6000000238
7825  -32.342  -83.773  5.865 0.5000000000
121547  -37.210  -84.455  1.880 0.5000000000
5613  -45.015  -86.588  4.097 0.3000000119
7809  -31.721  -84.057  6.692 0.5000000000
8691  -35.611  -82.941  -2.054 0.4000000060
6278  -44.522  -85.519  8.597 0.3000000119
10936  -28.822  -78.722  4.037 0.6999999881
10922  -29.892  -79.314  5.431 0.6000000238
119190  -30.248  -79.637  7.462 0.6000000238
124778  -33.043  -79.634  4.617 0.6000000238
10054  -35.803  -79.834  4.174 0.5000000000
10926  -34.294  -79.330  5.830 0.6000000238
10927  -34.773  -78.830  5.789 0.5000000000
10911  -32.648  -79.428  7.073 0.6000000238
13235  -32.542  -76.470  3.453 0.4000000060
11733  -26.571  -78.577  6.332 0.6000000238
10891  -27.922  -79.109  7.730 0.6999999881
13150  -23.863  -77.123  10.655 0.6000000238
130824  -36.106  -80.605  2.135 0.4000000060
12498  -36.155  -77.995  4.162 0.4000000060
13975  -31.503  -76.065  0.617 0.4000000060
13917  -30.243  -75.711  5.821 0.4000000060
11747  -25.896  -78.265  5.643 0.6000000238
13887  -24.091  -75.740  9.433 0.6000000238
13133  -24.564  -76.476  11.903 0.6000000238
10116  -38.306  -79.700  1.058 0.5000000000
11659  -24.499  -78.789  11.863 0.5000000000
14638  -26.059  -74.277  11.146 0.6000000238
10859  -28.907  -79.571  9.581 0.5000000000
12505  -35.958  -77.239  2.460 0.5000000000
12418  -28.793  -77.939  11.490 0.6000000238
136455  -28.544  -79.415  10.417 0.5000000000
16389  -24.012  -72.806  1.840 0.6000000238
18190  -23.269  -70.047  5.128 0.5000000000
18159  -28.183  -70.375  8.040 0.5000000000
17247  -27.677  -70.880  4.371 0.6000000238
18176  -28.123  -70.390  6.321 0.6000000238
19072  -28.374  -69.523  8.257 0.6000000238
18218  -26.645  -70.686  3.368 0.6000000238
18174  -22.598  -69.915  6.399 0.5000000000
20771  -27.717  -68.166  10.408 0.5000000000
19951  -23.138  -68.272  6.124 0.5000000000
22587  -26.433  -65.233  5.761 0.6000000238
19906  -21.279  -68.387  11.665 0.3000000119
22527  -26.637  -65.905  9.840 0.5000000000
127372  -23.487  -64.808  6.202 0.3000000119
23489  -27.669  -64.700  10.899 0.4000000060
134071  -28.393  -63.916  10.503 0.4000000060
24516  -24.898  -63.783  5.904 0.4000000060
24502  -23.255  -63.082  6.863 0.3000000119
26478  -27.864  -62.274  6.571 0.5000000000
24450  -30.131  -63.202  12.089 0.4000000060
21568  -22.489  -66.667  14.482 0.3000000119
25459  -21.802  -61.770  9.008 0.3000000119
25462  -29.295  -62.062  9.358 0.4000000060
27480  -27.197  -61.148  6.315 0.3000000119
25460  -22.392  -61.666  9.474 0.3000000119
26466  -28.214  -61.772  7.036 0.4000000060
23435  -23.051  -64.593  14.871 0.3000000119
27441  -23.018  -59.558  9.180 0.3000000119
26438  -29.315  -61.213  9.338 0.4000000060
29298  -24.234  -58.189  8.160 0.3000000119
120471  -27.967  -84.800  5.225 0.5000000000
7037  -28.440  -84.612  6.207 0.5000000000
6300  -29.238  -84.704  6.609 0.5000000000
140385  -30.178  -84.936  7.031 0.4000000060
131891  -26.086  -84.285  4.795 0.5000000000
7036  -27.397  -84.402  6.055 0.5000000000
117896  -27.905  -84.170  6.600 0.5000000000
7021  -28.767  -84.226  6.917 0.5000000000
7014  -29.525  -84.058  7.120 0.5000000000
126033  -31.067  -83.860  6.889 0.4000000060
127149  -25.871  -84.093  5.728 0.4000000060
7804  -26.422  -83.670  6.361 0.5000000000
7806  -28.795  -83.748  6.921 0.5000000000
7823  -30.815  -83.312  6.396 0.4000000060
7803  -26.048  -83.075  6.291 0.5000000000
8579  -26.770  -82.987  6.503 0.5000000000
7020  -27.189  -84.007  6.535 0.5000000000
130485  -26.855  -82.446  6.013 0.5000000000
8580  -28.196  -83.242  6.604 0.5000000000
8595  -27.604  -82.653  6.191 0.5000000000
8596  -28.557  -82.706  6.025 0.5000000000
123819  -29.029  -82.430  5.137 0.4000000060
8593  -25.529  -82.759  5.782 0.5000000000
8609  -27.323  -82.159  5.259 0.5000000000
8610  -28.177  -82.248  5.240 0.5000000000
9317  -28.639  -82.076  4.278 0.5000000000
10068  -24.150  -80.127  3.659 0.5000000000
9306  -25.724  -82.084  5.330 0.5000000000
9313  -25.140  -81.463  4.700 0.5000000000
9314  -26.013  -81.571  4.500 0.5000000000
9325  -25.391  -81.021  3.685 0.5000000000
9315  -26.907  -81.802  4.339 0.5000000000
123698  -26.333  -81.305  3.273 0.5000000000
9316  -27.794  -81.921  4.323 0.5000000000
9327  -28.206  -81.790  3.410 0.5000000000
10069  -24.927  -80.241  3.154 0.5000000000
10087  -24.635  -79.635  3.055 0.5000000000
117653  -24.835  -78.740  2.842 0.5000000000
10070  -25.580  -80.571  2.592 0.5000000000
10978  -25.146  -79.128  2.266 0.5000000000
11796  -25.463  -78.314  2.368 0.5000000000
142266  -26.207  -80.846  2.137 0.5000000000
10089  -25.792  -80.113  1.677 0.5000000000
10107  -25.601  -79.404  1.708 0.5000000000
9335  -26.975  -81.322  2.352 0.5000000000
10090  -26.683  -80.521  1.223 0.5000000000
9326  -27.353  -81.632  3.400 0.5000000000
127682  -27.760  -81.557  2.658 0.5000000000
125473  -25.146  -78.111  5.059 0.5000000000
11766  -25.912  -78.048  4.642 0.6000000238
11782  -25.243  -78.136  3.287 0.5000000000
10992  -25.788  -78.609  1.663 0.5000000000
119398  -25.988  -77.878  3.556 0.5000000000
11806  -26.479  -78.192  1.139 0.5000000000
11797  -26.065  -77.854  1.931 0.5000000000
10109  -27.014  -79.526  0.295 0.5000000000
9336  -27.654  -81.222  1.694 0.5000000000
121042  -24.161  -78.271  6.906 0.5000000000
11732  -25.779  -78.443  6.565 0.5000000000
136461  -26.558  -78.120  4.302 0.6000000238
117719  -20.537  -76.685  8.531 0.5000000000
13170  -22.190  -77.000  8.497 0.6000000238
13183  -20.390  -76.241  7.845 0.5000000000
13184  -21.381  -76.517  7.967 0.5000000000
13171  -23.033  -76.504  8.344 0.6000000238
13186  -23.065  -76.044  7.679 0.6000000238
13185  -22.210  -76.053  7.140 0.5000000000
13904  -23.079  -75.631  7.100 0.6000000238
140561  -23.320  -74.816  6.068 0.5000000000
13905  -23.585  -75.334  7.555 0.6000000238
13915  -23.473  -75.046  6.810 0.6000000238
14678  -23.678  -74.492  5.323 0.5000000000
15459  -23.814  -74.172  6.362 0.6000000238
15445  -24.268  -73.282  6.813 0.6000000238
122293  -23.615  -74.864  4.423 0.5000000000
15472  -24.112  -74.010  5.279 0.5000000000
14693  -25.004  -74.727  3.026 0.5000000000
15510  -25.230  -73.905  1.795 0.6000000238
16405  -23.206  -73.187  1.364 0.6000000238
15520  -23.440  -74.257  0.785 0.5000000000
15488  -25.217  -74.000  3.689 0.6000000238
15473  -24.807  -73.750  4.774 0.5000000000
16407  -24.857  -73.785  1.416 0.5000000000
17295  -22.839  -71.964  2.978 0.6000000238
17277  -23.430  -71.456  3.276 0.6000000238
5625  -45.198  -86.229  3.260 0.3000000119
6355  -45.511  -85.010  1.907 0.3000000119
6353  -43.700  -86.251  1.519 0.3000000119
7880  -44.919  -83.287  1.151 0.3000000119
6365  -43.407  -85.816  0.645 0.3000000119
5633  -43.953  -86.540  2.261 0.3000000119
5634  -44.502  -86.423  2.736 0.3000000119
8582  -29.931  -83.072  6.328 0.4000000060
10108  -26.172  -79.245  0.983 0.5000000000
118994  -26.421  -77.757  2.615 0.5000000000
13161  -22.063  -77.392  9.473 0.5000000000
7807  -29.487  -83.586  6.898 0.4000000060
8581  -29.030  -83.200  6.571 0.5000000000
8608  -26.518  -82.103  5.272 0.5000000000
10053  -23.922  -80.745  4.270 0.5000000000
9324  -24.595  -80.805  4.082 0.5000000000
139090  -24.673  -79.251  2.960 0.5000000000
10088  -25.239  -79.828  2.260 0.5000000000
118971  -25.815  -77.859  2.683 0.5000000000
6342  -45.193  -85.821  2.508 0.3000000119
7114  -43.887  -84.822  0.283 0.3000000119
7099  -45.426  -84.019  1.391 0.3000000119
6354  -44.591  -85.866  1.874 0.3000000119
6366  -44.292  -85.401  0.970 0.3000000119
7893  -44.202  -83.660  0.645 0.3000000119
121066  -30.720  -60.883  12.062 0.3000000119
5504  -42.286  -85.580  10.294 0.3000000119
6249  -41.966  -85.397  10.842 0.3000000119
7015  -30.392  -84.419  7.096 0.4000000060
7022  -29.666  -84.611  7.010 0.5000000000
7025  -33.112  -84.753  6.436 0.5000000000
7034  -25.134  -83.921  5.370 0.4000000060
7035  -26.663  -84.133  6.165 0.5000000000
7115  -44.748  -84.291  0.815 0.3000000119
7128  -38.418  -85.315  -0.666 0.4000000060
7161  -36.397  -84.414  -1.831 0.4000000060
7805  -27.883  -83.797  6.779 0.5000000000
7808  -30.211  -83.692  6.937 0.4000000060
7810  -32.181  -83.998  6.404 0.5000000000
7824  -31.637  -83.600  6.268 0.5000000000
7933  -34.629  -83.525  -1.620 0.4000000060
7934  -35.247  -83.860  -2.033 0.4000000060
8594  -26.217  -82.549  6.007 0.5000000000
8597  -29.311  -82.752  5.902 0.5000000000
8690  -34.346  -82.700  -1.591 0.4000000060
9364  -31.195  -81.358  -0.009 0.6000000238
9377  -34.156  -81.718  -1.493 0.5000000000
9394  -33.472  -81.470  -1.233 0.5000000000
10055  -36.222  -79.710  3.998 0.5000000000
10074  -37.037  -79.733  2.830 0.5000000000
10124  -27.923  -79.542  0.184 0.6999999881
10125  -28.674  -79.570  0.059 0.6999999881
10141  -30.160  -79.572  -0.429 0.6000000238
10142  -30.799  -80.125  -0.800 0.6000000238
10143  -31.658  -80.473  -1.041 0.5000000000
10144  -32.527  -80.595  -1.159 0.5000000000
10166  -33.313  -80.836  -1.208 0.5000000000
10821  -22.855  -79.064  11.260 0.5000000000
10823  -24.907  -79.265  11.546 0.4000000060
10825  -26.618  -79.091  11.534 0.6000000238
10834  -24.625  -79.497  10.724 0.4000000060
10837  -27.788  -79.381  10.481 0.6000000238
10839  -30.405  -78.580  9.929 0.6000000238
10860  -29.793  -79.325  9.658 0.6000000238
10872  -27.746  -79.258  8.640 0.6000000238
10876  -31.264  -79.285  8.723 0.6000000238
10896  -32.409  -79.126  7.847 0.6000000238
10910  -31.834  -79.636  6.884 0.6000000238
10943  -36.569  -79.283  3.952 0.5000000000
10959  -30.370  -79.111  3.561 0.6000000238
10960  -32.752  -79.476  3.646 0.6000000238
10962  -34.599  -79.837  4.420 0.6000000238
11652  -27.349  -77.534  11.984 0.6000000238
11657  -22.295  -78.579  11.295 0.5000000000
11658  -23.651  -78.751  11.548 0.5000000000
11660  -25.355  -78.745  12.102 0.6000000238
11663  -28.570  -78.659  11.328 0.6000000238
11674  -29.319  -78.576  10.922 0.6000000238
11690  -30.936  -78.638  9.585 0.6000000238
11707  -26.163  -78.608  8.153 0.6000000238
11731  -25.043  -78.239  6.756 0.5000000000
11734  -27.403  -78.784  6.177 0.6999999881
11735  -33.811  -78.476  6.880 0.6000000238
11736  -34.487  -78.240  6.291 0.6000000238
11751  -35.158  -78.258  5.478 0.5000000000
11768  -28.276  -78.703  4.738 0.6999999881
11809  -29.204  -78.367  0.865 0.6000000238
11817  -28.058  -78.550  0.420 0.6000000238
11818  -28.789  -78.665  0.457 0.6000000238
12404  -24.707  -77.646  12.244 0.5000000000
12405  -25.367  -77.463  12.528 0.5000000000
12415  -23.513  -78.246  11.564 0.5000000000
12416  -24.520  -77.156  12.015 0.5000000000
12417  -27.971  -77.400  11.593 0.6000000238
12458  -31.057  -77.315  9.253 0.5000000000
12460  -32.272  -78.159  8.477 0.5000000000
12469  -32.914  -77.879  7.912 0.5000000000
12470  -33.505  -78.065  7.358 0.6000000238
12497  -35.543  -77.837  4.783 0.4000000060
12506  -36.760  -78.156  3.408 0.4000000060
13115  -25.581  -76.634  12.466 0.6000000238
13116  -26.295  -76.652  12.261 0.6000000238
13164  -29.122  -76.662  9.523 0.6000000238
13169  -21.252  -77.189  8.872 0.6000000238
13188  -30.499  -76.214  7.822 0.5000000000
13200  -30.622  -76.032  6.826 0.5000000000
13201  -31.414  -76.085  6.247 0.6000000238
13202  -32.554  -76.561  6.651 0.6000000238
13211  -33.053  -76.544  5.478 0.6000000238
13248  -33.426  -76.652  2.062 0.4000000060
13861  -24.948  -75.920  12.137 0.5000000000
13880  -26.725  -75.144  10.161 0.6000000238
13888  -24.203  -75.272  10.311 0.6000000238
13914  -22.731  -75.328  6.357 0.5000000000
13921  -23.055  -74.960  5.383 0.5000000000
13953  -30.315  -75.271  2.485 0.4000000060
13973  -30.459  -75.374  1.647 0.4000000060
14636  -23.987  -73.724  10.090 0.6000000238
14639  -26.683  -74.308  10.492 0.6000000238
14659  -27.990  -74.502  8.224 0.6000000238
14665  -23.797  -74.673  7.269 0.6000000238
14684  -24.444  -74.479  4.266 0.5000000000
14705  -25.040  -74.567  1.966 0.5000000000
14706  -30.274  -74.907  1.976 0.4000000060
14723  -24.758  -74.409  1.296 0.6000000238
15393  -24.324  -73.503  11.347 0.6000000238
15395  -25.793  -73.539  11.558 0.6000000238
15406  -26.389  -73.720  11.153 0.5000000000
15420  -24.107  -73.398  9.166 0.6999999881
15421  -27.944  -73.626  9.515 0.6000000238
15501  -30.236  -74.239  2.817 0.4000000060
15511  -25.388  -73.316  2.431 0.6999999881
16259  -25.223  -72.383  11.672 0.6999999881
16311  -24.114  -72.779  8.692 0.6999999881
16373  -26.371  -72.002  3.573 0.6999999881
16391  -25.382  -72.588  2.602 0.6999999881
16406  -24.263  -73.576  1.178 0.5000000000
17153  -24.883  -71.896  11.273 0.6999999881
17192  -25.387  -71.220  9.146 0.6999999881
17231  -25.253  -72.173  6.772 0.6999999881
17232  -26.065  -71.911  6.276 0.6000000238
17233  -26.724  -71.440  6.654 0.6000000238
17246  -27.024  -71.437  4.849 0.6000000238
17259  -23.963  -70.760  3.599 0.5000000000
17296  -23.887  -72.090  2.524 0.6000000238
17298  -25.295  -71.981  2.704 0.6000000238
17299  -25.709  -71.842  3.080 0.6999999881
18096  -26.970  -70.985  11.551 0.5000000000
18128  -26.059  -70.732  10.545 0.4000000060
18144  -27.349  -70.519  8.833 0.6000000238
18208  -27.299  -70.886  3.696 0.6000000238
19044  -27.923  -69.459  11.031 0.5000000000
19083  -21.579  -69.588  7.442 0.5000000000
19121  -23.922  -69.666  4.553 0.4000000060
19125  -27.336  -69.317  3.988 0.6000000238
19132  -26.059  -69.345  3.218 0.6000000238
19933  -28.199  -68.708  8.716 0.6999999881
19950  -22.340  -68.068  6.737 0.5000000000
19972  -25.910  -67.899  3.170 0.6000000238
20731  -21.822  -68.200  14.012 0.3000000119
20745  -22.509  -67.827  12.691 0.3000000119
20757  -21.667  -67.648  11.326 0.4000000060
20770  -21.079  -67.145  10.477 0.4000000060
20790  -26.916  -67.447  8.772 0.6000000238
20809  -23.481  -67.574  5.487 0.4000000060
20830  -26.344  -67.469  3.657 0.6000000238
21635  -20.789  -65.860  9.239 0.4000000060
21684  -24.423  -66.631  5.021 0.5000000000
21686  -26.938  -67.185  5.149 0.6999999881
21698  -26.197  -66.662  4.511 0.6000000238
22469  -23.417  -65.492  14.603 0.3000000119
22525  -22.067  -65.057  10.651 0.4000000060
22526  -22.746  -64.824  11.292 0.4000000060
22535  -20.242  -65.453  8.349 0.3000000119
22548  -26.514  -65.756  8.878 0.6000000238
22560  -26.860  -64.685  7.450 0.6000000238
22585  -23.636  -65.620  5.850 0.4000000060
22586  -25.962  -65.323  5.377 0.5000000000
22597  -25.712  -66.170  4.908 0.6000000238
23434  -22.489  -65.189  14.783 0.3000000119
23531  -28.154  -63.610  7.534 0.5000000000
23544  -24.260  -64.342  6.036 0.4000000060
23558  -26.826  -64.182  5.896 0.6000000238
24449  -29.564  -63.549  11.919 0.4000000060
24465  -28.731  -63.311  9.716 0.4000000060
24476  -21.473  -62.910  8.148 0.3000000119
24488  -21.775  -63.146  7.632 0.3000000119
24501  -22.493  -63.582  7.121 0.3000000119
24518  -26.565  -63.809  5.753 0.5000000000
25471  -22.085  -61.843  8.288 0.3000000119
25474  -28.946  -62.266  8.556 0.4000000060
25484  -28.100  -62.922  6.695 0.5000000000
25496  -24.900  -62.463  6.605 0.4000000060
25497  -25.977  -62.514  6.163 0.4000000060
26402  -30.662  -61.669  11.800 0.4000000060
26427  -23.324  -61.649  10.297 0.3000000119
26436  -22.799  -60.597  9.368 0.3000000119
26449  -22.646  -60.567  8.320 0.3000000119
26450  -28.594  -61.231  7.713 0.3000000119
26461  -23.473  -60.922  7.622 0.3000000119
26462  -24.797  -61.004  7.281 0.3000000119
26465  -27.629  -61.405  6.537 0.4000000060
26476  -26.865  -61.501  6.257 0.3000000119
28407  -23.862  -58.919  8.035 0.3000000119
29299  -25.035  -57.496  7.186 0.3000000119
118663  -27.703  -70.191  4.293 0.6000000238
119332  -29.394  -79.286  6.077 0.6999999881
120570  -30.049  -79.646  8.259 0.6000000238
121076  -33.224  -76.653  3.013 0.5000000000
121339  -25.824  -72.550  4.776 0.6000000238
121393  -22.378  -76.505  7.865 0.5000000000
123405  -24.079  -61.740  11.032 0.3000000119
124040  -26.498  -69.927  3.353 0.6000000238
124139  -29.647  -60.811  9.939 0.4000000060
125144  -24.487  -72.516  2.227 0.6000000238
126031  -31.247  -79.685  6.361 0.6000000238
126351  -25.284  -78.243  5.988 0.5000000000
126527  -23.530  -77.726  11.301 0.5000000000
126846  -27.162  -78.714  11.782 0.6999999881
127098  -27.882  -72.388  11.964 0.5000000000
128115  -26.664  -84.340  5.471 0.5000000000
128485  -23.332  -63.983  6.529 0.4000000060
128918  -27.134  -83.561  6.636 0.5000000000
129787  -21.697  -62.326  8.598 0.3000000119
130147  -31.724  -82.780  3.075 0.6000000238
130486  -28.284  -69.442  9.189 0.6000000238
130673  -25.567  -73.306  3.228 0.6999999881
130763  -44.988  -84.927  1.340 0.3000000119
132625  -24.676  -75.113  11.547 0.5000000000
132974  -31.778  -78.334  8.873 0.5000000000
133147  -30.675  -79.346  4.211 0.6000000238
133839  -31.249  -63.421  13.458 0.4000000060
133931  -30.319  -82.453  4.112 0.5000000000
135044  -24.352  -72.172  10.891 0.6000000238
135836  -37.693  -79.973  0.543 0.5000000000
136098  -24.708  -71.623  10.525 0.6000000238
136474  -26.763  -77.275  12.217 0.6000000238
136476  -28.887  -79.097  10.944 0.6000000238
136599  -25.612  -58.826  6.952 0.3000000119
137336  -28.090  -70.554  7.231 0.5000000000
137515  -37.135  -80.172  2.315 0.4000000060
137838  -27.487  -83.270  6.608 0.5000000000
137946  -33.923  -83.502  0.571 0.6000000238
138047  -30.855  -82.693  4.880 0.5000000000
138353  -30.960  -79.132  9.269 0.6000000238
139259  -26.269  -66.397  7.531 0.6000000238
139396  -23.260  -64.959  11.766 0.4000000060
139463  -27.332  -62.992  6.054 0.4000000060
139616  -28.296  -79.494  9.092 0.6000000238
140222  -34.130  -76.959  4.512 0.6000000238
140554  -38.451  -81.129  -1.955 0.4000000060
140738  -27.289  -84.545  5.118 0.5000000000
140816  -30.048  -75.116  3.195 0.4000000060
141355  -28.111  -79.006  6.107 0.6999999881
141514  -32.874  -76.522  6.103 0.6000000238
142273  -26.843  -76.284  11.135 0.6000000238
