#!ascii label  , from subject sub-v1s8x0051336_ses-1 vox2ras=TkReg
1224
57204  -26.760  -29.632  10.537 0.4285714328
59157  -27.840  -27.867  9.359 0.2857142985
58206  -27.598  -28.588  9.847 0.4285714328
58207  -28.330  -28.072  10.077 0.4285714328
58208  -29.190  -27.687  10.308 0.4285714328
59183  -28.208  -27.152  8.887 0.2857142985
59158  -28.666  -27.406  9.610 0.4285714328
59160  -30.751  -27.197  9.680 0.4285714328
60167  -29.405  -26.118  8.102 0.4285714328
126038  -30.115  -26.228  8.484 0.4285714328
61104  -29.952  -25.674  7.624 0.4285714328
61105  -30.775  -25.441  7.605 0.4285714328
62060  -29.936  -24.262  6.144 0.5714285970
62023  -31.006  -24.827  7.073 0.5714285970
129094  -31.450  -25.225  7.581 0.4285714328
62025  -32.723  -25.038  7.320 0.2857142985
62048  -31.643  -24.186  6.767 0.7142857313
62049  -32.549  -24.407  6.837 0.7142857313
63932  -32.893  -23.118  6.206 0.7142857313
62937  -34.023  -23.915  7.107 0.4285714328
62957  -32.272  -23.663  6.466 0.7142857313
62958  -33.150  -23.907  6.564 0.5714285970
63933  -34.261  -22.546  6.351 0.5714285970
63951  -32.643  -22.359  5.832 0.5714285970
64935  -34.010  -21.873  5.932 0.5714285970
64955  -33.758  -21.185  5.601 0.5714285970
64936  -34.768  -21.902  6.220 0.5714285970
63952  -33.222  -21.768  5.724 0.5714285970
63934  -35.534  -21.895  6.518 0.4285714328
120751  -35.078  -20.654  5.590 0.5714285970
66913  -35.683  -19.447  5.461 0.5714285970
65933  -33.098  -20.014  4.865 0.7142857313
66912  -34.844  -19.846  5.277 0.7142857313
67886  -35.084  -18.906  5.167 0.7142857313
67887  -36.004  -18.614  5.377 0.5714285970
66911  -33.868  -19.866  5.151 0.5714285970
66924  -31.691  -19.927  4.202 0.5714285970
123501  -33.739  -18.367  4.429 0.8571428657
67904  -35.257  -18.091  4.907 0.7142857313
121681  -36.665  -18.158  5.422 0.5714285970
67902  -32.731  -18.645  4.238 0.7142857313
69709  -35.673  -16.851  4.393 0.7142857313
68805  -36.857  -17.520  5.299 0.5714285970
67903  -34.561  -18.424  4.767 0.7142857313
68817  -35.433  -17.354  4.581 0.7142857313
69710  -36.277  -16.428  4.495 0.5714285970
68816  -34.485  -17.676  4.422 0.7142857313
70625  -36.538  -15.587  4.648 0.5714285970
68815  -33.660  -17.619  4.075 0.5714285970
69707  -33.905  -16.954  4.023 0.7142857313
118027  -35.392  -16.350  4.340 0.7142857313
71529  -35.557  -14.699  4.555 0.7142857313
120175  -36.054  -15.147  4.544 0.7142857313
70634  -34.296  -15.449  3.742 0.7142857313
70623  -34.760  -15.903  4.265 0.7142857313
71528  -34.699  -14.927  4.267 0.7142857313
72361  -35.355  -13.073  4.537 0.7142857313
127027  -35.945  -13.871  4.604 0.5714285970
71534  -34.051  -14.742  3.419 0.7142857313
69718  -33.329  -16.341  3.380 0.5714285970
73225  -35.918  -12.125  4.596 0.5714285970
74071  -36.625  -11.609  4.482 0.5714285970
130514  -34.176  -14.035  3.991 0.8571428657
74070  -36.048  -11.112  4.794 0.7142857313
74069  -35.331  -11.367  4.594 0.7142857313
72360  -34.367  -13.187  4.264 0.8571428657
73224  -34.784  -12.281  4.438 0.7142857313
75812  -34.861  -9.762  4.229 0.8571428657
75799  -36.276  -10.070  5.188 0.5714285970
74929  -34.953  -10.551  4.291 0.8571428657
135675  -34.237  -10.896  3.596 0.8571428657
73240  -33.929  -12.402  3.664 0.8571428657
74084  -34.451  -11.499  4.020 0.8571428657
76751  -34.169  -8.528  4.238 0.8571428657
133293  -34.308  -7.554  4.382 0.8571428657
77740  -33.518  -6.547  3.208 0.8571428657
74945  -34.176  -10.226  3.739 0.8571428657
77723  -33.565  -7.975  3.574 0.8571428657
77754  -32.282  -7.246  1.412 1.0000000000
77739  -33.217  -7.307  2.772 1.0000000000
76750  -33.518  -8.998  3.388 0.8571428657
78732  -32.842  -6.854  1.921 1.0000000000
76783  -32.606  -7.955  1.949 1.0000000000
79687  -31.904  -5.592  0.918 1.0000000000
139335  -30.059  -4.616  -0.970 0.7142857313
79653  -33.007  -5.981  1.907 1.0000000000
78757  -31.618  -6.276  0.487 1.0000000000
80559  -31.611  -4.876  0.581 1.0000000000
83348  -29.754  -1.578  -1.353 1.0000000000
117365  -28.972  -1.762  -3.356 0.8571428657
117366  -28.672  0.252  -2.783 0.8571428657
117368  -29.522  -0.288  -2.001 1.0000000000
87697  -29.658  3.338  -1.805 0.8571428657
117523  -29.129  1.675  -1.882 0.8571428657
117373  -29.977  1.581  -1.193 1.0000000000
89319  -30.731  5.954  -1.648 0.8571428657
126493  -31.178  5.260  -1.629 0.8571428657
90082  -30.287  6.547  -1.580 0.7142857313
126338  -28.794  4.816  -2.245 0.5714285970
90096  -29.657  6.926  -1.735 0.7142857313
90820  -30.269  7.252  -1.226 0.5714285970
90105  -27.207  6.430  -2.484 0.5714285970
89340  -28.055  5.673  -2.225 0.5714285970
90838  -26.634  7.323  -2.713 0.4285714328
92462  -27.207  9.129  -3.430 0.4285714328
125697  -28.622  9.870  -2.788 0.4285714328
92434  -25.849  8.828  -0.824 0.2857142985
91655  -26.842  8.723  0.027 0.2857142985
92449  -25.811  9.244  -1.663 0.2857142985
92436  -26.991  9.893  0.790 0.2857142985
65919  -34.267  -20.569  5.437 0.5714285970
68804  -36.056  -17.737  5.111 0.5714285970
74915  -36.493  -10.364  4.977 0.5714285970
75813  -35.710  -9.700  4.995 0.8571428657
76738  -35.892  -8.723  5.329 0.8571428657
76752  -35.152  -8.068  4.882 0.8571428657
138302  -33.713  -7.028  3.760 0.8571428657
81465  -30.868  -3.447  0.128 0.8571428657
93171  -27.459  10.256  2.464 0.1428571492
59182  -27.359  -27.493  8.648 0.2857142985
60142  -27.815  -26.731  8.073 0.2857142985
59184  -28.919  -26.832  9.177 0.2857142985
60143  -29.510  -26.482  8.898 0.4285714328
60144  -30.923  -26.329  8.564 0.4285714328
60166  -28.549  -26.279  7.687 0.2857142985
61125  -30.320  -25.236  7.146 0.4285714328
121987  -28.721  -26.572  8.481 0.4285714328
61079  -31.423  -25.766  8.103 0.4285714328
61124  -29.655  -25.309  6.937 0.5714285970
62955  -30.726  -24.142  6.401 0.5714285970
62976  -30.605  -23.525  5.859 0.2857142985
62956  -31.393  -23.518  6.258 0.7142857313
131663  -33.456  -22.478  6.097 0.4285714328
64953  -32.433  -21.631  5.393 0.5714285970
64938  -36.662  -20.966  6.495 0.4285714328
64972  -32.369  -20.960  4.963 0.7142857313
65917  -32.892  -20.596  5.002 0.7142857313
64957  -35.278  -21.282  6.056 0.7142857313
141018  -35.539  -20.104  5.591 0.5714285970
65920  -35.870  -20.607  6.061 0.4285714328
67901  -31.879  -18.948  4.040 0.5714285970
66925  -32.518  -19.498  4.455 0.5714285970
68814  -33.005  -17.895  3.825 0.5714285970
69698  -37.047  -16.853  5.088 0.5714285970
69719  -34.134  -16.148  3.806 0.7142857313
69708  -34.781  -16.776  4.335 0.7142857313
71530  -36.596  -14.701  4.698 0.5714285970
74944  -33.706  -10.753  3.034 1.0000000000
133836  -31.420  -4.972  -0.093 0.8571428657
81471  -29.425  -3.361  -2.063 0.7142857313
81464  -30.115  -3.373  -0.639 1.0000000000
81454  -31.219  -2.836  0.443 1.0000000000
82409  -29.314  -2.285  -2.337 0.7142857313
82400  -30.637  -2.664  0.019 1.0000000000
133593  -29.733  -3.143  -3.780 0.7142857313
133631  -29.403  -1.240  -2.141 0.8571428657
86016  -28.648  2.238  -2.387 0.8571428657
117374  -29.454  0.739  -1.745 1.0000000000
118365  -29.853  0.047  -1.085 1.0000000000
89342  -29.700  5.138  -2.432 0.7142857313
131545  -26.947  7.992  -2.914 0.7142857313
90106  -28.137  6.618  -2.254 0.7142857313
90841  -29.121  7.661  -2.074 0.7142857313
89339  -26.619  5.958  -1.894 0.4285714328
92450  -26.547  9.670  -2.050 0.2857142985
92470  -27.178  9.850  -3.246 0.4285714328
91665  -29.441  8.508  -1.972 0.4285714328
93256  -27.938  10.285  -3.012 0.4285714328
131585  -27.392  9.251  -0.283 0.2857142985
93244  -26.791  10.055  -2.818 0.4285714328
131086  -30.845  -22.188  5.078 0.4285714328
64971  -31.551  -21.406  4.887 0.4285714328
91675  -26.184  9.087  -2.967 0.4285714328
90839  -27.459  7.385  -2.649 0.7142857313
92461  -26.346  9.712  -2.932 0.2857142985
93218  -27.282  9.666  -1.087 0.2857142985
57205  -27.488  -29.141  10.482 0.4285714328
57206  -28.060  -28.628  10.490 0.4285714328
123196  -26.915  -28.394  9.135 0.2857142985
58186  -29.675  -28.235  10.826 0.4285714328
59159  -29.641  -26.990  9.695 0.4285714328
61103  -29.111  -25.771  7.354 0.2857142985
139757  -29.994  -25.995  8.069 0.4285714328
61078  -30.523  -25.901  8.087 0.4285714328
62047  -30.187  -24.789  6.660 0.4285714328
141435  -30.270  -23.915  5.979 0.2857142985
62024  -31.914  -24.767  7.309 0.4285714328
63931  -32.008  -22.916  6.062 0.5714285970
127552  -31.777  -22.225  5.487 0.5714285970
64954  -33.019  -21.099  5.372 0.5714285970
65918  -33.484  -20.550  5.265 0.5714285970
64937  -35.907  -21.278  6.443 0.4285714328
66927  -34.220  -19.076  5.007 0.7142857313
140958  -36.415  -19.296  5.586 0.5714285970
65932  -32.415  -20.294  4.648 0.7142857313
66926  -33.367  -19.239  4.702 0.7142857313
124247  -31.842  -20.685  4.562 0.7142857313
68818  -36.222  -17.090  4.718 0.5714285970
70624  -35.579  -15.596  4.405 0.7142857313
68832  -33.161  -17.163  3.544 0.7142857313
130419  -34.890  -13.978  4.506 0.7142857313
70633  -33.534  -15.413  3.206 0.8571428657
74930  -35.792  -10.543  4.891 0.8571428657
75834  -34.058  -9.449  4.038 0.8571428657
76737  -35.072  -9.014  4.528 0.8571428657
74083  -33.768  -11.534  3.254 0.8571428657
76769  -33.097  -8.452  2.682 1.0000000000
79686  -31.526  -5.569  0.098 1.0000000000
134834  -29.765  -4.124  -1.270 0.8571428657
87698  -30.200  3.925  -2.092 0.8571428657
88525  -30.178  4.637  -2.358 0.8571428657
89331  -29.859  6.023  -2.101 0.7142857313
89341  -28.972  5.811  -2.254 0.5714285970
90840  -28.286  7.574  -2.361 0.5714285970
90104  -26.261  6.736  -2.271 0.4285714328
129629  -26.193  8.209  -2.667 0.4285714328
91677  -27.568  8.386  -2.990 0.4285714328
91643  -26.150  8.540  0.640 0.2857142985
134681  -25.654  8.806  -2.282 0.2857142985
92418  -26.711  10.140  2.280 0.1428571492
63950  -31.139  -22.861  5.709 0.2857142985
82399  -29.907  -2.322  -0.884 1.0000000000
91678  -28.538  8.431  -2.547 0.5714285970
94519  -28.811  13.400  -4.111 0.2857142985
94527  -28.094  14.702  -4.033 0.1428571492
93247  -28.931  11.472  -3.048 0.2857142985
94520  -30.319  13.568  -3.582 0.2857142985
94526  -27.869  14.139  -4.039 0.1428571492
95163  -28.320  14.770  -3.819 0.1428571492
93231  -27.705  10.715  -1.870 0.1428571492
93246  -28.418  11.267  -2.786 0.2857142985
93887  -28.221  11.408  -1.664 0.1428571492
93888  -31.839  11.179  -1.915 0.2857142985
133964  -29.823  12.079  -3.117 0.2857142985
91668  -35.575  8.284  -0.985 0.2857142985
93223  -33.310  10.191  -0.745 0.2857142985
94509  -28.671  13.225  -1.748 0.1428571492
92464  -29.294  10.321  -2.614 0.2857142985
91657  -32.204  8.225  -0.459 0.2857142985
93249  -30.993  11.048  -2.266 0.2857142985
90086  -35.785  6.622  -0.112 0.1428571492
138650  -32.989  8.649  -0.250 0.2857142985
93221  -32.019  9.644  -0.986 0.2857142985
94508  -28.350  12.718  -2.374 0.1428571492
92453  -31.229  9.709  -1.402 0.2857142985
137422  -30.040  10.796  -2.473 0.2857142985
88541  -35.023  4.054  -4.300 0.1428571492
89343  -36.170  5.540  -2.013 0.1428571492
132207  -34.416  7.924  -0.047 0.4285714328
91666  -30.334  8.188  -1.208 0.2857142985
117477  -33.191  3.193  -0.099 0.2857142985
89313  -32.581  5.397  0.095 0.4285714328
90822  -31.822  7.529  -0.483 0.2857142985
140794  -28.820  9.099  -2.589 0.2857142985
117546  -35.192  2.653  0.183 0.1428571492
89321  -34.978  4.792  0.148 0.2857142985
90085  -32.258  6.832  -0.202 0.4285714328
117499  -32.689  4.630  -0.239 0.5714285970
89320  -31.675  5.882  -1.236 0.7142857313
85988  -34.642  1.482  1.289 0.1428571492
86869  -34.367  2.559  0.150 0.1428571492
89312  -32.329  5.256  -0.938 0.7142857313
90821  -31.072  7.432  -0.941 0.4285714328
133590  -32.415  2.984  -0.136 0.4285714328
85058  -34.877  0.169  1.930 0.2857142985
85068  -33.388  0.710  1.821 0.7142857313
117376  -31.093  3.798  -1.347 0.7142857313
117556  -30.408  -0.132  -0.629 0.8571428657
117548  -31.876  1.293  0.383 0.8571428657
117420  -31.671  2.629  -0.245 0.5714285970
118786  -35.118  -1.314  2.416 0.2857142985
84140  -34.512  -0.619  2.248 0.2857142985
133621  -28.637  2.100  -3.885 0.5714285970
83281  -35.688  -1.945  2.715 0.1428571492
84155  -32.448  -0.303  1.410 0.7142857313
134063  -35.336  -2.659  2.975 0.1428571492
75885  -31.318  -9.122  -0.459 0.5714285970
78748  -31.697  -7.080  0.811 0.8571428657
78767  -31.254  -6.368  -0.495 0.8571428657
77774  -31.239  -7.263  -0.678 0.4285714328
135398  -30.484  -5.744  -0.945 0.5714285970
81443  -31.975  -3.511  1.619 0.8571428657
83336  -30.393  -1.397  -0.554 0.8571428657
81410  -35.120  -3.269  3.217 0.2857142985
82366  -32.162  -1.983  1.070 0.8571428657
130627  -31.594  -1.026  0.682 0.8571428657
117379  -30.736  1.591  -0.551 0.8571428657
80510  -36.142  -4.077  3.636 0.4285714328
82345  -33.628  -2.342  2.633 0.7142857313
124690  -32.799  -0.924  1.844 0.7142857313
74985  -31.517  -10.050  -0.304 0.2857142985
77753  -31.828  -8.049  1.104 0.5714285970
76796  -31.484  -8.573  0.311 0.5714285970
80545  -31.692  -4.043  1.076 0.8571428657
81455  -31.506  -3.382  0.597 0.8571428657
82387  -31.795  -2.536  0.777 0.8571428657
82386  -31.227  -2.161  0.384 0.8571428657
80531  -34.690  -4.543  3.557 0.4285714328
81427  -33.602  -3.485  2.559 0.8571428657
82367  -32.270  -2.669  1.628 0.8571428657
129619  -36.236  -4.768  3.894 0.4285714328
70648  -31.753  -15.134  1.359 0.7142857313
71547  -31.869  -14.623  0.540 0.4285714328
71541  -32.610  -14.616  1.852 0.7142857313
72377  -33.467  -12.747  2.054 0.8571428657
73250  -32.955  -12.622  1.000 0.5714285970
136369  -31.986  -11.674  0.130 0.5714285970
124026  -31.317  -11.719  -0.606 0.4285714328
74096  -32.821  -11.236  1.859 0.8571428657
74116  -32.254  -11.183  0.738 0.5714285970
75833  -33.674  -9.900  3.074 0.8571428657
75851  -32.469  -9.653  1.789 0.7142857313
75862  -31.957  -9.628  1.183 0.5714285970
132222  -34.417  -6.738  4.409 0.7142857313
78713  -34.127  -6.121  3.813 0.7142857313
79654  -33.497  -5.556  2.541 0.7142857313
80529  -32.943  -4.332  2.233 0.8571428657
123584  -37.540  -6.900  3.162 0.2857142985
78715  -36.631  -6.004  4.522 0.4285714328
79631  -35.880  -5.400  4.438 0.5714285970
68831  -32.398  -17.424  3.177 0.4285714328
69727  -31.942  -16.159  2.240 0.4285714328
70647  -31.330  -15.613  0.832 0.4285714328
72372  -33.795  -13.300  3.495 0.7142857313
72370  -33.358  -13.748  2.071 0.7142857313
138328  -33.468  -12.801  2.976 0.7142857313
74957  -33.217  -10.553  2.393 0.8571428657
77708  -35.962  -7.770  5.284 0.7142857313
77725  -37.568  -7.715  3.716 0.2857142985
77709  -36.747  -7.645  4.694 0.5714285970
67920  -32.168  -18.189  3.581 0.4285714328
68839  -30.919  -17.263  2.182 0.5714285970
70640  -32.137  -15.399  2.049 0.5714285970
131743  -33.728  -13.978  2.987 0.7142857313
75815  -37.138  -9.991  4.744 0.4285714328
76740  -37.283  -9.077  4.865 0.4285714328
76753  -37.716  -8.739  3.848 0.4285714328
138968  -37.195  -8.311  4.547 0.4285714328
65931  -31.206  -20.771  4.210 0.5714285970
68806  -37.707  -17.417  5.355 0.4285714328
70612  -37.239  -16.164  4.932 0.4285714328
73227  -37.746  -12.800  4.398 0.4285714328
72362  -36.428  -13.059  4.632 0.4285714328
73241  -38.466  -12.652  3.867 0.4285714328
74931  -37.105  -10.815  4.207 0.4285714328
61080  -32.351  -25.906  8.206 0.1428571492
71531  -37.715  -14.529  4.911 0.4285714328
124301  -38.057  -13.908  4.939 0.4285714328
136373  -38.388  -13.590  4.689 0.4285714328
61108  -33.493  -25.297  7.664 0.1428571492
61109  -34.417  -25.180  7.851 0.1428571492
63918  -35.895  -22.527  6.910 0.2857142985
132508  -38.422  -19.153  6.613 0.2857142985
121907  -39.276  -16.952  6.922 0.2857142985
68796  -38.781  -17.607  6.354 0.2857142985
135120  -37.033  -19.563  5.912 0.4285714328
69685  -38.945  -16.236  6.320 0.2857142985
68807  -38.251  -17.225  5.656 0.2857142985
67889  -38.106  -18.081  5.869 0.2857142985
70614  -38.697  -15.675  5.731 0.2857142985
71515  -38.322  -15.128  5.279 0.4285714328
61082  -34.072  -25.863  8.202 0.1428571492
61106  -32.109  -25.351  7.744 0.1428571492
62007  -35.740  -24.555  7.881 0.2857142985
62028  -35.581  -23.851  7.438 0.2857142985
131777  -37.632  -22.463  7.975 0.2857142985
65894  -38.174  -20.556  7.365 0.2857142985
65904  -37.886  -20.436  6.799 0.2857142985
64923  -37.140  -21.628  6.895 0.2857142985
65905  -38.351  -19.817  6.924 0.2857142985
61083  -34.958  -25.673  8.269 0.1428571492
62925  -37.199  -23.936  8.345 0.2857142985
61084  -35.880  -25.387  8.278 0.2857142985
63908  -37.063  -23.084  7.841 0.2857142985
62029  -36.394  -23.882  7.857 0.2857142985
62027  -34.840  -24.447  7.525 0.2857142985
59140  -30.195  -27.598  10.334 0.2857142985
60120  -32.220  -27.033  9.054 0.1428571492
60119  -31.304  -26.896  9.056 0.2857142985
60146  -32.748  -26.506  8.643 0.1428571492
57187  -27.442  -29.721  11.119 0.2857142985
59161  -31.703  -27.511  9.505 0.2857142985
118050  -28.238  -29.104  11.111 0.1428571492
56194  -26.623  -30.172  11.190 0.2857142985
56193  -25.777  -30.572  11.029 0.1428571492
139911  -35.173  -25.053  7.963 0.1428571492
62008  -36.541  -24.648  8.286 0.2857142985
63909  -37.861  -23.138  8.554 0.2857142985
66887  -38.350  -19.870  7.644 0.2857142985
64924  -37.753  -21.232  7.253 0.2857142985
139312  -38.912  -18.433  6.987 0.2857142985
67888  -37.405  -18.142  5.575 0.4285714328
69699  -37.928  -16.735  5.074 0.4285714328
69700  -38.440  -16.474  5.583 0.2857142985
71516  -39.031  -14.826  5.830 0.2857142985
72384  -32.570  -13.755  0.802 0.7142857313
74965  -32.259  -10.407  1.305 0.5714285970
73226  -36.845  -12.518  4.587 0.4285714328
75814  -36.575  -9.419  5.352 0.4285714328
75853  -38.128  -9.410  2.836 0.2857142985
76770  -38.119  -8.411  2.661 0.2857142985
78700  -37.050  -6.823  4.184 0.5714285970
79655  -34.079  -5.306  3.314 0.7142857313
84173  -30.712  -0.659  -0.294 0.8571428657
127373  -28.852  3.864  -2.037 0.4285714328
87707  -29.376  3.649  -2.116 0.5714285970
117472  -30.343  3.161  -1.460 0.7142857313
79632  -36.732  -5.260  3.828 0.2857142985
84174  -31.318  -0.484  0.289 0.8571428657
117377  -30.504  2.322  -1.058 0.8571428657
84139  -33.573  -0.726  2.265 0.5714285970
122734  -30.003  9.015  -1.553 0.2857142985
133637  -33.665  2.685  -0.007 0.4285714328
133569  -33.559  4.110  0.180 0.4285714328
90809  -35.105  7.184  0.069 0.2857142985
89322  -35.571  5.841  0.106 0.1428571492
93234  -32.732  10.905  -1.342 0.2857142985
57216  -26.870  -29.160  9.811 0.2857142985
58187  -30.655  -28.263  10.749 0.1428571492
60118  -30.371  -26.627  9.109 0.2857142985
60147  -33.734  -26.622  8.635 0.1428571492
60149  -35.563  -26.216  8.543 0.1428571492
60150  -36.323  -26.028  8.604 0.1428571492
62938  -35.392  -23.224  6.970 0.2857142985
62939  -36.196  -23.176  7.368 0.2857142985
63920  -37.408  -22.006  7.478 0.2857142985
65880  -38.251  -20.630  8.123 0.2857142985
63935  -36.354  -21.810  6.745 0.2857142985
126488  -38.693  -19.057  7.122 0.2857142985
68830  -31.649  -17.794  2.776 0.5714285970
142340  -36.613  -20.241  6.127 0.2857142985
64939  -37.408  -20.944  6.730 0.2857142985
69734  -31.190  -16.488  0.853 0.2857142985
72349  -39.172  -13.978  5.557 0.2857142985
132767  -31.748  -13.470  -0.238 0.4285714328
72363  -38.968  -13.855  5.110 0.4285714328
75902  -30.870  -9.748  -1.140 0.2857142985
74115  -31.774  -10.941  -0.096 0.5714285970
73228  -39.299  -13.449  4.414 0.2857142985
134201  -37.031  -13.836  4.700 0.4285714328
74108  -32.777  -11.691  1.162 0.7142857313
76823  -30.799  -8.700  -1.247 0.2857142985
74085  -38.907  -12.197  3.225 0.1428571492
134139  -38.271  -11.372  2.816 0.4285714328
130094  -37.578  -10.664  3.609 0.4285714328
75854  -38.464  -10.135  1.896 0.1428571492
80546  -31.946  -4.888  1.388 0.8571428657
78699  -36.292  -6.838  4.996 0.5714285970
122388  -35.536  -4.651  3.928 0.5714285970
84194  -30.987  0.106  -0.169 0.8571428657
81412  -36.719  -3.669  3.143 0.2857142985
82347  -36.530  -2.956  2.723 0.1428571492
131543  -27.250  10.133  -2.010 0.2857142985
82329  -34.726  -2.089  2.736 0.4285714328
81411  -35.915  -3.268  3.231 0.4285714328
84142  -36.022  -1.245  2.326 0.1428571492
86860  -33.241  1.872  0.634 0.5714285970
84141  -35.481  -0.530  2.081 0.1428571492
85069  -34.278  0.852  1.818 0.1428571492
86000  -34.943  2.031  0.677 0.1428571492
117435  -33.070  2.449  0.062 0.5714285970
85989  -35.492  1.509  1.124 0.1428571492
120226  -34.739  3.122  -0.114 0.1428571492
90807  -33.080  6.994  0.037 0.2857142985
127798  -33.792  5.837  0.522 0.2857142985
117371  -34.670  3.772  -0.132 0.2857142985
133619  -35.939  4.110  -1.264 0.1428571492
117461  -36.136  4.162  -2.317 0.1428571492
117446  -36.102  4.790  -1.684 0.1428571492
90824  -35.139  8.049  -0.375 0.2857142985
90832  -35.802  7.709  -1.490 0.2857142985
125694  -35.950  6.872  -2.761 0.1428571492
120171  -36.148  5.816  -2.890 0.1428571492
58172  -31.068  -28.830  11.204 0.1428571492
141739  -33.900  -27.273  9.033 0.1428571492
67859  -38.767  -18.291  7.573 0.2857142985
77741  -38.083  -7.442  2.296 0.2857142985
88540  -34.182  4.559  -4.647 0.1428571492
90846  -35.588  7.426  -3.612 0.2857142985
57203  -26.091  -29.663  9.982 0.2857142985
132745  -28.749  -28.372  10.756 0.1428571492
61081  -33.202  -25.965  8.180 0.1428571492
62959  -34.574  -23.222  6.742 0.4285714328
118633  -34.898  -23.744  7.134 0.2857142985
62026  -33.320  -24.604  7.064 0.1428571492
126566  -35.079  -22.582  6.588 0.2857142985
125309  -36.929  -18.799  5.610 0.4285714328
70632  -32.680  -15.806  2.733 0.5714285970
69717  -32.548  -16.628  2.917 0.4285714328
74072  -37.231  -11.712  4.148 0.4285714328
71533  -33.367  -14.553  2.664 0.7142857313
74097  -33.302  -11.487  2.427 0.7142857313
78734  -33.646  -5.961  3.067 0.7142857313
75852  -33.091  -9.553  2.427 0.8571428657
75863  -32.648  -8.908  2.164 0.8571428657
118861  -33.022  -5.187  2.181 0.8571428657
81466  -31.338  -4.235  0.140 0.8571428657
86893  -28.932  2.932  -1.861 0.5714285970
88505  -31.650  4.525  -1.590 0.7142857313
90083  -30.934  6.613  -1.192 0.5714285970
90831  -29.711  7.719  -1.511 0.2857142985
91656  -31.451  8.323  -0.910 0.2857142985
63919  -36.793  -22.422  7.223 0.2857142985
70626  -37.448  -15.348  4.897 0.4285714328
76782  -32.088  -8.874  1.648 0.5714285970
83319  -31.057  -1.326  0.252 0.8571428657
117372  -31.152  0.964  -0.041 0.8571428657
93245  -27.641  10.458  -2.648 0.2857142985
92451  -29.446  9.418  -2.269 0.2857142985
132139  -28.540  10.697  -2.859 0.2857142985
138957  -33.312  -12.100  2.196 0.8571428657
93898  -28.657  12.575  -3.689 0.2857142985
94528  -28.149  14.323  -4.191 0.1428571492
94518  -28.101  13.387  -4.073 0.2857142985
95157  -28.333  13.914  -3.176 0.1428571492
93897  -28.534  12.498  -3.380 0.2857142985
93899  -31.207  12.020  -2.540 0.2857142985
94517  -28.194  13.444  -3.635 0.1428571492
93886  -28.108  11.164  -2.383 0.1428571492
92441  -35.065  8.797  -0.708 0.2857142985
93222  -32.528  10.160  -0.933 0.2857142985
92438  -32.780  9.524  -0.590 0.2857142985
130582  -32.177  8.913  -0.682 0.2857142985
91645  -33.962  8.664  -0.094 0.2857142985
90823  -32.624  7.690  -0.182 0.2857142985
93248  -30.863  10.324  -1.840 0.2857142985
93233  -31.769  10.399  -1.501 0.2857142985
90072  -33.483  6.329  0.305 0.2857142985
90097  -35.979  6.668  -1.080 0.1428571492
121849  -36.052  5.977  -1.318 0.1428571492
92437  -31.587  9.076  -1.143 0.2857142985
88533  -35.523  4.591  -3.643 0.1428571492
133602  -35.817  5.361  -0.281 0.1428571492
124409  -35.647  5.512  -3.452 0.1428571492
90825  -35.711  7.424  -0.640 0.1428571492
88506  -32.351  4.493  -1.304 0.5714285970
88501  -32.958  4.812  0.382 0.4285714328
90070  -32.133  6.046  -0.360 0.5714285970
86875  -35.920  2.842  -0.475 0.1428571492
86861  -34.099  1.949  0.671 0.1428571492
89315  -33.705  5.146  0.495 0.2857142985
117422  -35.901  4.725  -0.654 0.2857142985
133646  -32.877  4.129  0.053 0.4285714328
133615  -32.666  3.717  -0.746 0.5714285970
117375  -31.951  3.429  -0.904 0.7142857313
85986  -32.781  1.156  1.193 0.4285714328
117433  -33.011  2.046  0.265 0.5714285970
84156  -33.106  -0.085  1.964 0.5714285970
85067  -32.226  0.383  1.034 0.7142857313
85080  -32.211  0.964  0.692 0.7142857313
133649  -31.414  1.826  -0.008 0.7142857313
83280  -34.093  -1.434  2.497 0.5714285970
120376  -34.475  -2.909  2.947 0.4285714328
83298  -32.146  -1.176  1.161 0.8571428657
75872  -31.686  -9.443  0.377 0.5714285970
77763  -31.349  -7.662  0.261 0.5714285970
78782  -31.041  -6.909  -1.497 0.4285714328
76807  -31.221  -8.170  -0.568 0.4285714328
134089  -32.125  -4.215  1.870 0.8571428657
81426  -32.856  -2.833  2.392 0.8571428657
81428  -34.525  -3.744  3.135 0.4285714328
80509  -35.331  -3.885  3.554 0.5714285970
83279  -33.163  -1.539  2.323 0.8571428657
80530  -33.848  -4.596  2.687 0.7142857313
70639  -31.565  -15.880  1.472 0.5714285970
139071  -31.470  -14.967  0.900 0.4285714328
131454  -32.791  -13.964  1.423 0.7142857313
72376  -33.118  -13.211  1.446 0.7142857313
126972  -33.125  -12.048  1.711 0.7142857313
123927  -32.390  -13.093  0.352 0.4285714328
74107  -32.497  -12.108  0.523 0.5714285970
74975  -31.905  -10.295  0.559 0.5714285970
73259  -31.867  -12.473  -0.044 0.4285714328
73267  -30.996  -12.817  -0.619 0.2857142985
74966  -32.506  -11.028  1.420 0.7142857313
74956  -32.701  -10.429  1.863 0.8571428657
78714  -35.048  -6.059  4.648 0.5714285970
79630  -34.841  -5.300  4.086 0.7142857313
68840  -31.755  -16.930  2.489 0.5714285970
75835  -37.635  -9.704  3.829 0.4285714328
70613  -38.114  -15.981  5.065 0.4285714328
120145  -37.426  -13.262  4.666 0.4285714328
74946  -37.732  -11.639  3.540 0.4285714328
67877  -38.677  -18.441  6.562 0.2857142985
67876  -38.162  -18.816  6.200 0.2857142985
128076  -38.728  -16.910  6.165 0.2857142985
66914  -37.618  -18.835  5.872 0.2857142985
66901  -37.868  -19.568  6.339 0.2857142985
72348  -38.617  -14.381  5.325 0.4285714328
60122  -34.420  -26.999  8.901 0.1428571492
60148  -34.660  -26.387  8.587 0.1428571492
64910  -37.898  -21.752  7.905 0.2857142985
62918  -37.742  -24.015  9.043 0.2857142985
123558  -28.189  -29.880  11.609 0.1428571492
56178  -27.348  -30.348  11.936 0.1428571492
57188  -28.849  -29.542  11.494 0.1428571492
74958  -38.126  -10.406  2.833 0.2857142985
94502  -28.836  11.880  -0.968 0.1428571492
58170  -29.177  -28.878  11.256 0.1428571492
93881  -28.556  11.180  -0.117 0.1428571492
133620  -28.668  0.352  -5.332 0.5714285970
83358  -27.622  -1.529  -5.168 0.4285714328
83357  -27.130  -0.841  -5.745 0.4285714328
133578  -28.620  -1.722  -4.581 0.4285714328
117539  -28.238  -0.204  -3.758 0.5714285970
117480  -28.480  1.350  -2.950 0.4285714328
81474  -30.076  -3.928  -3.871 0.4285714328
140800  -29.364  -2.501  -3.535 0.4285714328
81476  -28.709  -3.026  -4.656 0.4285714328
132580  -28.628  -2.183  -4.557 0.5714285970
117471  -28.711  -0.759  -2.898 0.5714285970
79695  -30.350  -5.142  -0.828 0.5714285970
69662  -39.028  -16.220  7.650 0.1428571492
120172  -39.227  -16.060  6.933 0.1428571492
71497  -39.085  -14.680  6.371 0.1428571492
62059  -29.146  -24.149  5.962 0.2857142985
127288  -39.072  -17.900  6.923 0.1428571492
69637  -38.395  -16.885  9.955 0.1428571492
118279  -38.688  -16.927  8.904 0.1428571492
70547  -38.409  -15.533  10.346 0.1428571492
69644  -38.720  -16.353  8.464 0.1428571492
71442  -38.439  -14.727  10.230 0.1428571492
62045  -28.595  -24.681  6.300 0.2857142985
65855  -38.464  -20.011  9.595 0.1428571492
67815  -38.416  -18.407  9.824 0.1428571492
125831  -38.398  -19.106  8.093 0.1428571492
68735  -38.563  -17.639  9.364 0.1428571492
128538  -38.456  -16.973  12.341 0.1428571492
68720  -38.331  -17.623  10.477 0.1428571492
71413  -40.098  -14.262  12.626 0.1428571492
70532  -38.697  -15.242  12.196 0.1428571492
71412  -39.391  -13.858  12.471 0.1428571492
61123  -28.865  -25.367  6.709 0.2857142985
61131  -27.303  -24.904  6.032 0.2857142985
123983  -38.325  -22.647  9.126 0.1428571492
64892  -38.437  -21.762  9.355 0.1428571492
63910  -38.147  -22.220  8.520 0.1428571492
65863  -38.407  -20.781  9.016 0.1428571492
66822  -38.416  -18.993  11.259 0.1428571492
133784  -38.521  -20.040  10.444 0.1428571492
67770  -38.347  -18.468  12.078 0.1428571492
66845  -38.434  -19.236  10.324 0.1428571492
68673  -38.770  -17.709  13.256 0.1428571492
69595  -39.782  -16.312  13.262 0.1428571492
70515  -40.143  -15.224  12.916 0.1428571492
124891  -39.326  -15.685  12.883 0.1428571492
61122  -27.967  -25.366  6.450 0.2857142985
60173  -27.593  -26.184  6.724 0.2857142985
60172  -26.778  -26.312  6.657 0.2857142985
62907  -38.411  -23.494  10.305 0.1428571492
117838  -38.464  -22.606  10.014 0.1428571492
140918  -38.533  -22.327  10.679 0.1428571492
65849  -38.500  -19.834  12.053 0.1428571492
140129  -38.576  -21.072  10.755 0.1428571492
66792  -38.684  -19.099  13.545 0.1428571492
68674  -39.468  -17.207  13.365 0.1428571492
72257  -40.812  -13.857  12.156 0.1428571492
71414  -40.874  -14.741  12.343 0.1428571492
62009  -37.225  -24.697  8.769 0.1428571492
62000  -38.150  -24.164  9.788 0.1428571492
61992  -38.014  -24.941  10.112 0.1428571492
62887  -38.498  -23.627  11.270 0.1428571492
61993  -38.336  -24.296  10.637 0.1428571492
128490  -38.491  -21.871  13.334 0.1428571492
63877  -38.526  -22.850  10.895 0.1428571492
121314  -38.467  -20.931  13.163 0.1428571492
63856  -38.482  -22.231  12.386 0.1428571492
64856  -38.691  -20.493  13.861 0.1428571492
69586  -40.463  -16.839  13.380 0.1428571492
66767  -39.510  -19.290  13.966 0.1428571492
70516  -41.040  -15.613  12.574 0.1428571492
68666  -41.286  -17.450  13.347 0.1428571492
61058  -37.742  -25.701  10.459 0.1428571492
61085  -36.735  -25.398  8.632 0.1428571492
61964  -38.491  -24.755  12.620 0.1428571492
61048  -38.366  -25.276  11.853 0.1428571492
61059  -38.172  -25.072  10.975 0.1428571492
62873  -38.509  -23.770  12.498 0.1428571492
61980  -38.439  -24.454  11.609 0.1428571492
63824  -39.529  -22.600  14.680 0.1428571492
128897  -39.162  -23.422  14.425 0.1428571492
64839  -39.221  -21.025  14.254 0.1428571492
120325  -40.172  -20.848  14.419 0.1428571492
133762  -38.671  -21.212  13.828 0.1428571492
68665  -40.308  -17.724  13.583 0.1428571492
134405  -38.810  -19.767  13.915 0.1428571492
61015  -38.808  -26.014  13.728 0.1428571492
130786  -38.333  -26.009  12.034 0.1428571492
61047  -37.986  -25.848  11.296 0.1428571492
61938  -39.666  -24.650  14.724 0.1428571492
61951  -38.673  -25.084  13.657 0.1428571492
62832  -39.791  -23.348  14.927 0.1428571492
65802  -40.510  -20.006  14.142 0.1428571492
63825  -40.465  -22.328  14.786 0.1428571492
62860  -38.559  -24.309  13.424 0.1428571492
63857  -38.497  -22.823  13.002 0.1428571492
64855  -38.485  -21.497  12.315 0.1428571492
64911  -38.246  -21.398  8.435 0.1428571492
71415  -41.707  -15.146  12.068 0.1428571492
72271  -41.590  -13.394  11.710 0.1428571492
139991  -39.933  -15.781  13.167 0.1428571492
68693  -38.254  -17.640  11.640 0.1428571492
69594  -39.023  -16.566  12.903 0.1428571492
68774  -39.047  -17.549  7.439 0.1428571492
70566  -38.614  -15.542  8.519 0.1428571492
141829  -27.930  -26.449  7.227 0.2857142985
66768  -41.341  -19.576  13.753 0.1428571492
71430  -41.639  -14.304  11.851 0.1428571492
117888  -29.410  -4.271  -2.322 0.4285714328
72270  -40.745  -13.043  11.943 0.1428571492
70514  -39.373  -14.732  12.691 0.1428571492
72256  -40.082  -13.437  12.396 0.1428571492
72284  -38.546  -13.975  11.161 0.1428571492
72255  -39.479  -13.116  12.184 0.1428571492
71479  -38.880  -14.685  7.119 0.1428571492
122514  -39.245  -14.177  5.973 0.1428571492
133625  -28.525  1.098  -5.949 0.4285714328
86892  -28.423  2.456  -2.615 0.4285714328
137750  -34.372  6.400  -4.416 0.1428571492
117459  -28.795  1.479  -4.819 0.4285714328
61102  -28.367  -26.033  6.925 0.2857142985
91685  -35.624  8.364  -3.175 0.1428571492
61999  -37.658  -24.777  9.405 0.1428571492
138671  -37.248  -25.346  9.062 0.1428571492
66867  -38.382  -19.946  8.590 0.1428571492
72350  -39.829  -13.748  4.968 0.1428571492
73242  -39.664  -12.887  3.675 0.1428571492
67833  -38.557  -18.374  8.708 0.1428571492
118778  -38.961  -16.939  7.921 0.1428571492
70582  -38.906  -15.425  7.429 0.1428571492
70559  -38.461  -16.117  9.432 0.1428571492
69611  -38.385  -16.754  11.205 0.1428571492
68750  -38.714  -17.616  8.282 0.1428571492
118340  -38.491  -15.805  11.305 0.1428571492
126135  -38.451  -13.757  8.836 0.1428571492
121677  -38.512  -14.934  11.252 0.1428571492
66853  -38.433  -19.182  9.176 0.1428571492
69612  -38.599  -16.136  12.244 0.1428571492
141721  -38.729  -17.181  12.999 0.1428571492
67798  -38.308  -18.391  10.931 0.1428571492
71428  -38.729  -14.341  12.086 0.1428571492
63896  -38.221  -23.359  9.443 0.1428571492
64875  -38.544  -21.715  10.503 0.1428571492
119946  -38.589  -20.473  11.137 0.1428571492
66823  -38.463  -19.206  11.864 0.1428571492
64870  -38.574  -21.248  11.371 0.1428571492
67746  -38.479  -18.353  13.131 0.1428571492
66791  -38.406  -19.115  12.758 0.1428571492
67747  -39.241  -18.249  13.634 0.1428571492
126946  -38.533  -22.107  11.414 0.1428571492
63862  -38.529  -22.899  11.886 0.1428571492
65828  -38.453  -19.955  13.177 0.1428571492
65827  -38.501  -20.647  12.217 0.1428571492
65815  -39.392  -20.186  14.254 0.1428571492
67734  -40.287  -18.579  13.703 0.1428571492
61067  -37.490  -25.547  9.660 0.1428571492
64821  -38.936  -21.828  14.229 0.1428571492
63840  -38.657  -22.667  14.049 0.1428571492
129751  -41.150  -20.745  14.403 0.1428571492
62861  -38.593  -23.554  13.709 0.1428571492
61952  -39.027  -24.345  14.255 0.1428571492
55181  -24.950  -30.996  10.696 0.1428571492
56203  -26.094  -30.035  10.606 0.1428571492
56201  -24.402  -30.890  9.962 0.1428571492
56202  -25.319  -30.330  10.164 0.1428571492
57215  -25.325  -29.659  9.582 0.1428571492
58205  -26.114  -29.113  9.334 0.1428571492
133655  -26.472  -27.745  8.471 0.1428571492
59180  -25.787  -27.922  8.411 0.1428571492
59189  -25.872  -27.243  7.943 0.1428571492
59181  -26.817  -26.973  8.026 0.1428571492
58219  -24.567  -27.948  8.529 0.1428571492
59188  -25.002  -27.036  7.933 0.1428571492
60164  -26.346  -26.794  7.193 0.1428571492
61101  -25.005  -26.104  6.785 0.1428571492
61120  -25.583  -25.568  6.357 0.1428571492
61130  -26.719  -25.195  6.014 0.1428571492
62057  -27.570  -24.310  5.510 0.2857142985
62044  -27.908  -24.560  6.145 0.1428571492
62058  -28.342  -24.164  5.754 0.1428571492
62975  -29.801  -23.693  5.586 0.1428571492
63949  -30.284  -22.953  5.286 0.2857142985
66940  -30.855  -19.819  2.733 0.4285714328
67919  -31.559  -18.639  3.095 0.4285714328
78780  -29.674  -6.347  -2.350 0.2857142985
130551  -29.452  -5.272  -3.497 0.2857142985
80575  -29.589  -5.005  -1.665 0.2857142985
129066  -25.920  -1.080  -2.795 0.2857142985
84232  -26.682  -0.657  -5.310 0.2857142985
117503  -27.758  -0.137  -6.428 0.2857142985
140052  -26.798  0.239  -6.814 0.4285714328
62971  -26.263  -23.793  4.942 0.1428571492
62973  -28.103  -23.953  4.891 0.2857142985
58204  -25.256  -28.958  9.105 0.1428571492
59179  -25.210  -27.646  8.286 0.1428571492
61129  -26.110  -25.051  5.932 0.1428571492
62056  -26.713  -24.510  5.506 0.1428571492
142313  -27.284  -23.281  4.523 0.2857142985
62989  -28.592  -23.340  4.507 0.2857142985
63964  -28.155  -22.734  4.081 0.2857142985
62990  -29.451  -23.195  4.794 0.2857142985
63966  -29.990  -22.421  4.509 0.2857142985
64970  -30.573  -21.571  4.190 0.4285714328
65930  -30.650  -20.879  3.651 0.4285714328
65961  -30.138  -19.988  2.329 0.2857142985
77788  -30.460  -7.377  -2.146 0.2857142985
79712  -29.270  -6.121  -3.207 0.2857142985
79706  -29.473  -5.654  -2.593 0.2857142985
79714  -29.008  -5.514  -3.975 0.2857142985
80583  -29.524  -4.619  -4.272 0.2857142985
133580  -30.056  -3.392  -4.419 0.2857142985
82412  -27.197  -1.837  -3.682 0.2857142985
81472  -25.586  -2.682  -2.032 0.2857142985
83355  -27.167  -0.803  -3.873 0.2857142985
78792  -29.700  -6.899  -2.567 0.2857142985
78794  -28.986  -6.150  -3.673 0.2857142985
78791  -29.064  -6.751  -3.148 0.2857142985
80579  -27.371  -4.882  -3.245 0.2857142985
80577  -26.122  -3.308  -2.352 0.2857142985
117500  -29.361  -3.906  -4.649 0.2857142985
122585  -28.469  -3.645  -4.365 0.2857142985
82413  -27.919  -2.022  -4.606 0.2857142985
79710  -26.441  -5.292  -2.177 0.2857142985
123012  -25.995  -4.226  -2.033 0.2857142985
80578  -26.737  -4.041  -2.655 0.2857142985
65950  -31.041  -20.235  3.542 0.4285714328
66941  -31.366  -19.432  3.424 0.4285714328
60165  -27.224  -26.623  7.257 0.1428571492
58221  -26.004  -28.512  8.720 0.1428571492
140490  -27.477  -1.397  -4.338 0.2857142985
81475  -27.796  -2.881  -4.153 0.2857142985
62974  -28.920  -23.825  5.153 0.1428571492
127627  -26.386  -25.744  6.276 0.1428571492
60171  -25.924  -26.310  6.667 0.1428571492
58220  -25.243  -28.310  8.622 0.1428571492
60163  -25.452  -26.733  7.244 0.1428571492
60162  -24.543  -26.471  7.476 0.1428571492
62972  -27.215  -23.850  4.835 0.2857142985
65949  -30.396  -20.569  2.870 0.4285714328
82411  -26.425  -1.567  -3.134 0.2857142985
80576  -25.404  -3.742  -1.679 0.2857142985
118814  -30.214  -17.586  1.798 0.2857142985
67932  -30.756  -18.204  2.444 0.2857142985
69726  -31.295  -16.597  1.724 0.2857142985
129658  -35.170  11.606  -4.095 0.1428571492
93257  -35.142  10.693  -3.983 0.1428571492
93237  -35.416  10.849  -1.989 0.1428571492
128922  -35.332  10.139  -1.716 0.1428571492
128787  -35.467  9.436  -1.815 0.1428571492
93259  -35.201  10.929  -5.025 0.1428571492
93236  -34.754  10.632  -1.459 0.1428571492
93889  -32.305  11.799  -2.095 0.1428571492
95166  -31.729  15.615  -4.293 0.1428571492
68838  -30.688  -17.069  1.197 0.2857142985
122614  -35.404  8.361  -4.230 0.1428571492
91696  -34.850  9.466  -5.553 0.1428571492
141480  -35.383  8.944  -1.258 0.1428571492
131901  -35.473  10.126  -2.336 0.1428571492
129158  -35.517  9.247  -2.741 0.1428571492
92439  -33.634  9.422  -0.389 0.1428571492
93890  -33.358  11.712  -1.737 0.1428571492
92454  -34.956  9.615  -1.131 0.1428571492
139253  -34.517  12.368  -2.255 0.1428571492
94522  -33.017  13.965  -2.995 0.1428571492
94510  -32.682  12.733  -2.465 0.1428571492
95164  -29.004  14.834  -4.196 0.1428571492
93900  -31.667  12.782  -2.732 0.1428571492
93224  -34.167  10.048  -0.744 0.1428571492
93235  -33.828  10.861  -1.190 0.1428571492
66956  -31.087  -19.099  2.704 0.2857142985
93250  -35.341  11.040  -2.891 0.1428571492
93905  -35.437  12.512  -3.192 0.1428571492
126076  -35.352  10.002  -3.374 0.1428571492
93891  -34.451  11.646  -1.791 0.1428571492
93892  -35.160  11.394  -1.910 0.1428571492
93909  -35.532  12.511  -4.414 0.1428571492
91692  -35.231  9.085  -4.691 0.1428571492
78789  -26.834  -6.557  -2.431 0.1428571492
78790  -28.649  -6.678  -3.290 0.1428571492
79711  -27.334  -5.810  -2.973 0.1428571492
81438  -21.475  -3.484  1.230 0.1428571492
141484  -21.228  -2.801  0.841 0.1428571492
139004  -29.876  -7.464  -2.463 0.1428571492
81470  -24.784  -3.114  -1.083 0.1428571492
82359  -20.642  -2.004  1.204 0.1428571492
119486  -22.369  -1.994  0.385 0.1428571492
83314  -23.300  -1.719  0.040 0.2857142985
72389  -32.130  -14.087  0.112 0.2857142985
128098  -31.666  -14.288  -0.366 0.1428571492
75901  -30.091  -9.721  -1.825 0.1428571492
76822  -30.174  -8.786  -1.816 0.1428571492
77806  -28.745  -7.297  -2.744 0.1428571492
82408  -25.228  -1.847  -1.673 0.1428571492
135625  -25.718  -0.386  -2.735 0.1428571492
83334  -24.147  -1.481  -0.539 0.1428571492
84191  -24.625  -0.830  -1.285 0.2857142985
86028  -25.668  1.367  -4.221 0.2857142985
88511  -25.372  4.451  -1.014 0.2857142985
87694  -25.048  3.850  -0.994 0.2857142985
89329  -25.809  5.636  -1.423 0.2857142985
137114  -27.670  10.148  -1.178 0.1428571492
91635  -25.966  8.671  1.786 0.1428571492
117455  -27.209  0.885  -6.640 0.2857142985
124199  -25.312  0.288  -2.512 0.2857142985
86900  -26.214  2.233  -5.427 0.2857142985
87706  -27.884  2.914  -2.109 0.2857142985
129922  -25.895  2.534  -3.519 0.2857142985
125284  -25.947  3.130  -2.234 0.2857142985
88514  -27.772  4.819  -1.887 0.2857142985
87695  -25.934  3.566  -1.509 0.2857142985
136065  -25.593  3.105  -1.317 0.2857142985
138708  -27.354  5.585  -2.087 0.2857142985
90819  -24.983  7.835  -1.192 0.1428571492
88504  -24.584  4.660  -0.635 0.2857142985
93219  -28.026  9.804  0.040 0.1428571492
93203  -27.059  11.464  2.042 0.1428571492
86873  -24.606  1.886  -0.509 0.1428571492
83294  -21.928  -1.642  0.675 0.2857142985
130978  -24.804  7.051  -0.872 0.1428571492
90094  -25.075  6.307  -1.213 0.2857142985
90805  -25.234  8.036  0.198 0.1428571492
122750  -24.815  7.039  0.011 0.1428571492
83274  -19.755  -1.381  3.012 0.2857142985
88500  -24.163  4.763  -0.132 0.1428571492
90065  -26.132  7.379  2.416 0.1428571492
137872  -25.149  6.577  0.779 0.1428571492
82303  -17.007  -1.822  5.182 0.1428571492
133759  -37.222  -4.160  2.642 0.1428571492
76784  -38.033  -8.228  1.071 0.1428571492
74993  -30.522  -10.618  -1.535 0.1428571492
76835  -28.998  -8.157  -2.185 0.1428571492
79633  -37.325  -5.038  2.750 0.1428571492
76833  -28.170  -7.998  -2.173 0.1428571492
79704  -25.492  -5.830  -1.388 0.1428571492
130216  -24.292  -5.101  -0.362 0.1428571492
79709  -25.470  -4.804  -1.505 0.1428571492
80540  -22.138  -3.687  0.903 0.1428571492
81463  -23.748  -3.039  -0.264 0.1428571492
82338  -19.596  -2.344  2.893 0.1428571492
82398  -24.499  -2.117  -0.737 0.1428571492
83291  -20.362  -1.268  2.600 0.2857142985
85112  -25.811  0.885  -3.069 0.1428571492
86021  -25.581  1.344  -2.853 0.1428571492
86022  -25.677  2.004  -3.787 0.2857142985
86015  -25.375  1.879  -2.293 0.1428571492
89311  -24.341  5.474  0.556 0.1428571492
90069  -24.481  6.147  0.253 0.1428571492
90798  -25.538  7.223  0.876 0.1428571492
91654  -25.100  8.408  -0.583 0.1428571492
90799  -25.568  7.684  1.940 0.1428571492
90806  -25.858  7.975  1.052 0.1428571492
78716  -37.333  -6.005  3.364 0.1428571492
78735  -37.958  -6.493  2.157 0.1428571492
88523  -28.074  3.976  -1.763 0.2857142985
91642  -25.790  8.564  -0.124 0.1428571492
91644  -26.551  9.272  1.228 0.1428571492
130303  -25.932  4.939  -1.134 0.2857142985
131319  -25.394  7.103  -1.678 0.2857142985
92424  -27.130  10.969  1.251 0.1428571492
133570  -28.559  2.219  -5.134 0.2857142985
74994  -31.193  -10.737  -0.897 0.1428571492
139097  -30.778  -11.310  -1.313 0.1428571492
124475  -28.669  3.098  -1.856 0.2857142985
121416  -30.446  -8.116  -1.800 0.1428571492
76771  -38.286  -9.171  1.590 0.1428571492
117466  -27.468  2.885  -5.130 0.2857142985
123827  -26.543  -0.171  -3.762 0.1428571492
84242  -25.810  -0.038  -5.081 0.1428571492
77805  -28.059  -7.279  -2.769 0.1428571492
80566  -24.162  -4.072  -0.319 0.1428571492
79705  -26.170  -6.279  -1.668 0.1428571492
77804  -27.343  -7.165  -2.512 0.1428571492
80565  -23.325  -3.954  0.006 0.1428571492
81451  -22.742  -3.374  0.176 0.1428571492
82360  -21.165  -2.366  0.670 0.1428571492
82380  -22.106  -2.703  0.519 0.1428571492
76836  -29.890  -8.033  -2.290 0.1428571492
83292  -20.768  -1.879  2.048 0.1428571492
82397  -23.719  -2.174  -0.271 0.1428571492
83335  -24.691  -1.381  -1.218 0.1428571492
76821  -29.546  -8.910  -2.044 0.1428571492
84231  -26.019  0.253  -3.221 0.2857142985
84210  -24.633  -0.139  -1.910 0.2857142985
86029  -25.427  1.704  -5.152 0.2857142985
86034  -26.306  1.682  -6.342 0.2857142985
85129  -25.473  0.906  -5.738 0.2857142985
89330  -26.791  5.027  -1.636 0.2857142985
87693  -24.626  3.340  -0.652 0.1428571492
89328  -24.927  5.388  -0.935 0.2857142985
90790  -26.267  8.342  2.274 0.1428571492
86890  -26.202  2.450  -4.230 0.2857142985
86891  -26.926  2.642  -3.361 0.2857142985
86883  -25.949  3.381  -3.028 0.2857142985
87696  -26.705  3.347  -1.903 0.2857142985
86881  -25.462  2.439  -0.972 0.1428571492
88513  -27.255  4.214  -1.683 0.2857142985
133516  -24.796  7.742  -0.452 0.1428571492
89318  -24.293  5.441  -0.357 0.2857142985
93204  -27.531  11.910  1.782 0.1428571492
90081  -24.559  6.231  -0.606 0.2857142985
122884  -24.932  -0.378  -0.779 0.1428571492
86014  -24.954  1.089  -1.896 0.2857142985
62986  -25.863  -22.906  4.689 0.1428571492
63963  -27.345  -22.652  4.251 0.1428571492
63978  -27.773  -22.111  3.877 0.1428571492
64967  -25.651  -21.000  4.403 0.1428571492
64985  -26.711  -20.815  3.895 0.1428571492
65945  -26.826  -20.325  3.688 0.1428571492
64986  -27.831  -21.466  3.550 0.1428571492
65958  -27.574  -20.466  2.941 0.1428571492
65947  -27.868  -20.848  3.074 0.1428571492
63980  -28.931  -21.906  3.558 0.1428571492
136531  -28.297  -19.817  2.251 0.1428571492
65960  -29.128  -20.169  2.307 0.1428571492
64989  -30.054  -21.245  3.351 0.1428571492
141089  -29.860  -20.445  2.481 0.1428571492
66952  -27.493  -19.804  2.750 0.1428571492
66953  -28.824  -19.258  1.985 0.1428571492
66954  -29.628  -19.269  2.072 0.1428571492
67938  -29.723  -17.641  1.425 0.1428571492
69733  -31.078  -17.287  0.170 0.1428571492
70653  -31.408  -16.331  -0.089 0.1428571492
84146  -21.174  -1.342  2.281 0.1428571492
63979  -28.343  -22.060  3.682 0.1428571492
64969  -29.664  -21.912  3.748 0.1428571492
63961  -25.637  -21.887  4.565 0.1428571492
87689  -24.250  4.044  -0.491 0.1428571492
70654  -31.397  -15.273  0.378 0.1428571492
66955  -30.427  -19.143  2.302 0.1428571492
62987  -26.732  -23.165  4.565 0.1428571492
63965  -29.025  -22.567  4.059 0.1428571492
64988  -29.214  -21.387  3.219 0.1428571492
67931  -29.920  -18.361  2.048 0.1428571492
63962  -26.501  -22.261  4.375 0.1428571492
64968  -27.137  -21.620  3.993 0.1428571492
123282  -26.322  -21.439  4.256 0.1428571492
65944  -26.146  -20.427  4.189 0.1428571492
128530  -27.381  -20.980  3.525 0.1428571492
65959  -28.114  -20.428  2.524 0.1428571492
65948  -28.660  -20.855  2.798 0.1428571492
64987  -28.439  -21.409  3.289 0.1428571492
127270  -28.040  -19.103  2.183 0.1428571492
140694  -26.986  -19.260  3.238 0.1428571492
63948  -24.856  -22.397  5.121 0.1428571492
56200  -23.874  -30.408  9.666 0.1428571492
57189  -29.618  -29.525  11.592 0.1428571492
60145  -31.828  -26.408  8.621 0.1428571492
61107  -32.792  -25.543  7.768 0.1428571492
61121  -27.127  -25.683  6.315 0.1428571492
62046  -29.410  -24.767  6.452 0.4285714328
62988  -27.804  -23.357  4.469 0.2857142985
64822  -39.859  -21.665  14.589 0.1428571492
64925  -38.079  -21.127  7.802 0.2857142985
64956  -34.541  -21.263  5.762 0.5714285970
65848  -38.518  -19.635  11.160 0.1428571492
65903  -37.265  -20.277  6.402 0.2857142985
65921  -36.210  -19.890  5.761 0.5714285970
65946  -27.275  -20.588  3.363 0.1428571492
66744  -40.566  -19.265  13.804 0.1428571492
68694  -38.415  -17.693  12.650 0.1428571492
69587  -41.347  -16.500  12.922 0.1428571492
70504  -40.435  -16.035  13.101 0.1428571492
70598  -39.056  -15.385  6.500 0.1428571492
70641  -32.832  -15.120  2.510 0.5714285970
71548  -32.172  -14.536  1.103 0.4285714328
72371  -33.536  -13.341  2.646 0.7142857313
73239  -33.458  -12.176  2.767 0.8571428657
74057  -36.351  -10.788  4.783 0.5714285970
74058  -36.704  -10.823  4.570 0.4285714328
74914  -36.184  -10.524  5.005 0.5714285970
74916  -36.829  -10.358  4.826 0.4285714328
75800  -36.697  -10.030  5.182 0.4285714328
75910  -28.867  -9.082  -2.039 0.1428571492
76739  -36.600  -8.488  5.168 0.4285714328
76781  -31.779  -8.925  0.972 0.5714285970
77724  -35.299  -6.979  4.973 0.7142857313
77789  -30.940  -7.734  -1.381 0.4285714328
77807  -29.356  -7.408  -2.585 0.1428571492
78733  -33.284  -6.344  2.486 0.8571428657
78749  -32.347  -6.345  1.261 1.0000000000
78781  -30.498  -6.662  -2.015 0.2857142985
78793  -28.683  -6.172  -3.615 0.1428571492
79656  -37.687  -5.734  2.171 0.1428571492
79673  -32.505  -5.547  1.578 0.8571428657
79696  -31.042  -5.550  -0.536 0.5714285970
79703  -24.811  -5.436  -0.967 0.1428571492
79707  -29.984  -5.909  -1.515 0.2857142985
79708  -30.766  -6.266  -1.165 0.5714285970
79713  -28.197  -5.592  -3.490 0.1428571492
79715  -29.265  -5.332  -3.848 0.2857142985
80511  -36.796  -4.451  3.418 0.4285714328
80567  -30.600  -4.236  -0.520 0.7142857313
80568  -31.046  -4.807  -0.363 0.8571428657
80574  -24.853  -4.350  -0.882 0.1428571492
80580  -29.820  -4.597  -4.062 0.2857142985
80581  -27.646  -3.798  -3.497 0.2857142985
80582  -28.585  -4.570  -3.971 0.2857142985
81420  -20.429  -3.451  2.426 0.1428571492
81444  -32.530  -3.512  2.168 0.8571428657
81473  -26.903  -3.002  -3.168 0.2857142985
82340  -21.221  -2.962  0.994 0.1428571492
82344  -32.796  -2.204  2.262 0.7142857313
82346  -36.011  -2.555  2.861 0.1428571492
82361  -21.485  -2.804  0.775 0.1428571492
82379  -21.396  -2.083  0.546 0.1428571492
82381  -22.886  -2.517  -0.012 0.1428571492
82410  -25.831  -1.882  -2.523 0.2857142985
83275  -20.208  -1.806  2.496 0.1428571492
83293  -21.311  -1.876  0.614 0.1428571492
83299  -32.556  -1.747  1.707 0.8571428657
83320  -31.743  -1.731  0.678 0.8571428657
83347  -24.892  -0.987  -2.133 0.1428571492
83356  -27.318  -1.387  -5.134 0.2857142985
84154  -31.847  -0.379  0.865 0.8571428657
84211  -24.966  -0.291  -2.264 0.2857142985
84212  -29.995  -0.749  -1.086 0.8571428657
84243  -26.441  -0.070  -6.340 0.4285714328
85057  -33.926  0.112  2.170 0.5714285970
85079  -31.654  0.386  0.432 0.7142857313
85096  -24.980  0.619  -2.269 0.1428571492
85128  -25.940  0.772  -4.323 0.2857142985
85130  -25.983  0.865  -6.771 0.2857142985
85987  -33.708  1.424  1.366 0.1428571492
85999  -32.571  1.613  0.575 0.5714285970
86001  -35.683  1.996  0.489 0.1428571492
86030  -25.579  1.611  -5.894 0.2857142985
86882  -25.592  2.538  -2.716 0.2857142985
86884  -29.511  2.517  -1.516 0.8571428657
86889  -25.606  2.108  -4.697 0.2857142985
86906  -26.854  2.270  -5.717 0.2857142985
87690  -32.113  3.967  -1.377 0.7142857313
88512  -26.402  4.270  -1.373 0.2857142985
88515  -30.779  4.582  -1.815 0.8571428657
88524  -29.592  4.365  -2.341 0.4285714328
88532  -34.666  4.763  -4.157 0.1428571492
88547  -33.892  4.323  -5.184 0.1428571492
89314  -33.101  5.570  0.475 0.4285714328
89316  -34.603  5.759  0.334 0.2857142985
89332  -30.418  5.259  -2.156 0.8571428657
89333  -36.008  5.985  -0.473 0.1428571492
89344  -36.313  4.954  -2.936 0.1428571492
90071  -32.680  6.147  0.146 0.5714285970
90073  -34.398  6.456  0.340 0.2857142985
90074  -35.223  6.392  0.223 0.1428571492
90084  -31.568  6.708  -0.634 0.4285714328
90095  -25.838  6.346  -1.674 0.2857142985
90107  -29.030  6.755  -2.096 0.7142857313
90108  -36.147  6.339  -2.146 0.1428571492
90115  -35.661  6.396  -3.411 0.1428571492
90123  -34.991  6.779  -4.192 0.1428571492
90808  -33.531  7.870  -0.007 0.2857142985
90842  -35.803  7.655  -2.489 0.2857142985
91664  -25.323  8.583  -1.450 0.1428571492
91667  -30.884  8.975  -1.419 0.2857142985
91674  -25.326  7.995  -2.089 0.2857142985
91676  -26.756  8.706  -3.267 0.4285714328
91679  -35.590  8.513  -1.965 0.1428571492
91684  -26.680  9.410  -3.293 0.4285714328
92407  -28.125  9.831  2.755 0.1428571492
92435  -26.773  9.090  -0.998 0.2857142985
92440  -34.408  9.219  -0.462 0.1428571492
92452  -30.246  9.800  -1.855 0.2857142985
92460  -26.024  9.362  -2.443 0.2857142985
92463  -27.942  9.321  -3.142 0.4285714328
92469  -26.644  9.846  -3.178 0.4285714328
92472  -35.200  9.913  -4.614 0.1428571492
93190  -27.037  11.002  2.217 0.1428571492
93896  -28.448  12.079  -2.760 0.1428571492
94511  -33.805  12.540  -2.269 0.1428571492
95162  -27.928  14.318  -3.927 0.1428571492
95173  -28.428  15.120  -4.100 0.1428571492
95830  -28.540  15.241  -4.109 0.1428571492
117364  -35.522  4.028  -0.425 0.1428571492
117367  -35.359  3.274  -0.281 0.1428571492
117369  -30.334  0.689  -0.681 1.0000000000
117370  -27.644  -0.680  -4.697 0.4285714328
117378  -34.038  3.230  -0.120 0.4285714328
117438  -29.523  -2.651  -4.373 0.4285714328
117443  -36.068  5.388  -0.992 0.1428571492
117478  -33.572  2.246  0.220 0.1428571492
117492  -36.173  4.161  -3.127 0.1428571492
117545  -30.062  -3.954  -4.513 0.4285714328
118661  -31.332  -6.922  0.147 0.8571428657
118811  -19.027  -1.936  3.654 0.2857142985
118932  -38.404  -16.227  10.429 0.1428571492
121638  -30.628  -1.949  -0.054 0.8571428657
121707  -35.412  9.127  -3.814 0.1428571492
122424  -33.717  -23.203  6.502 0.4285714328
122732  -34.011  7.133  0.143 0.2857142985
123809  -41.713  -18.259  13.329 0.1428571492
123989  -29.574  -20.834  2.760 0.1428571492
124330  -26.272  -2.346  -2.835 0.2857142985
124534  -33.996  -24.690  7.469 0.1428571492
124680  -33.888  6.077  -4.663 0.1428571492
124845  -36.053  7.096  -1.866 0.1428571492
125720  -29.667  -4.844  -3.208 0.4285714328
129050  -32.017  5.100  -1.504 0.7142857313
132934  -27.930  -6.515  -3.134 0.1428571492
133568  -32.967  3.676  0.008 0.4285714328
133577  -32.250  2.150  0.280 0.7142857313
133589  -31.077  2.959  -0.835 0.7142857313
133609  -29.640  -3.237  -4.601 0.2857142985
133613  -28.581  0.671  -3.970 0.5714285970
133618  -27.596  1.939  -5.942 0.2857142985
133626  -28.033  2.364  -3.777 0.2857142985
133650  -28.544  -1.143  -4.131 0.5714285970
134164  -38.515  -20.842  10.096 0.1428571492
134487  -32.740  0.403  1.538 0.7142857313
134601  -30.470  -9.242  -1.520 0.2857142985
135623  -34.604  8.545  -0.299 0.2857142985
136859  -33.264  -12.626  1.495 0.7142857313
137421  -36.046  6.347  -2.846 0.1428571492
137488  -37.240  -22.506  7.617 0.2857142985
138825  -40.054  -23.675  15.137 0.1428571492
139515  -27.802  -1.711  -4.954 0.2857142985
140454  -25.805  2.329  -3.816 0.2857142985
140586  -32.464  -4.886  1.917 0.8571428657
141063  -25.910  7.466  -2.360 0.4285714328
141176  -27.513  3.630  -1.761 0.2857142985
141319  -31.093  2.241  -0.545 0.8571428657
141492  -35.941  7.240  -1.239 0.1428571492
141768  -35.885  -6.161  4.983 0.4285714328
141949  -27.214  -20.268  3.273 0.1428571492
141993  -31.845  -3.185  1.059 0.8571428657
