#!ascii label  , from subject sub-v1s8x0051336_ses-1 vox2ras=TkReg
822
43412  27.326  -45.242  86.047 0.0000000000
60008  44.641  -28.573  66.477 0.0000000000
64757  52.691  -23.834  67.326 0.0000000000
50278  45.701  -38.778  75.444 0.0000000000
41396  33.213  -48.028  78.427 0.0000000000
40338  31.524  -47.717  84.193 0.0000000000
144680  47.489  -24.889  66.774 0.0000000000
59949  48.701  -28.699  71.779 0.0000000000
46355  42.566  -42.394  77.603 0.0000000000
39536  37.883  -49.982  77.713 0.0000000000
66861  58.901  -21.820  57.371 0.0000000000
63873  54.988  -24.812  62.575 0.0000000000
52277  41.994  -36.360  72.503 0.0000000000
56209  45.465  -33.089  73.237 0.0000000000
42381  30.963  -46.447  82.824 0.0000000000
42354  29.523  -46.116  85.547 0.0000000000
61849  45.048  -26.486  66.236 0.0000000000
62746  47.498  -26.075  70.156 0.0000000000
59977  46.187  -28.272  69.269 0.0000000000
40451  43.437  -48.356  74.974 0.0000000000
40380  35.162  -49.059  81.244 0.0000000000
40420  35.923  -48.599  77.784 0.0000000000
134997  36.458  -50.152  79.540 0.0000000000
66864  57.154  -21.312  57.933 0.0000000000
63905  58.964  -23.959  58.693 0.0000000000
65748  57.633  -22.872  60.344 0.0000000000
62826  51.089  -25.265  64.444 0.0000000000
62874  52.990  -26.242  61.830 0.0000000000
141733  54.436  -24.050  64.786 0.0000000000
63848  55.851  -24.705  64.337 0.0000000000
62782  54.772  -25.596  66.703 0.0000000000
48371  43.824  -40.288  77.324 0.0000000000
50280  42.381  -38.859  74.920 0.0000000000
51196  43.676  -37.519  75.253 0.0000000000
54256  43.671  -35.084  72.993 0.0000000000
53265  45.811  -35.721  75.399 0.0000000000
54232  47.007  -34.284  74.338 0.0000000000
128678  46.445  -37.832  73.847 0.0000000000
41353  33.544  -47.616  81.954 0.0000000000
62829  48.321  -25.438  64.223 0.0000000000
64759  50.234  -24.179  67.004 0.0000000000
63760  49.349  -24.949  70.296 0.0000000000
123150  49.416  -27.850  70.885 0.0000000000
41416  41.376  -47.372  76.485 0.0000000000
42436  42.440  -46.326  77.816 0.0000000000
44445  44.150  -44.485  76.478 0.0000000000
46390  44.812  -41.975  75.108 0.0000000000
47428  45.261  -40.257  73.734 0.0000000000
143745  39.297  -48.189  75.153 0.0000000000
143886  39.711  -50.432  76.878 0.0000000000
64889  58.690  -22.970  55.997 0.0000000000
63896  55.827  -24.237  60.003 0.0000000000
64801  56.978  -23.923  62.032 0.0000000000
61878  57.027  -26.743  62.784 0.0000000000
131485  46.095  -31.161  69.806 0.0000000000
58219  47.279  -30.857  72.424 0.0000000000
56217  48.631  -32.762  72.027 0.0000000000
41289  26.844  -46.929  87.268 0.0000000000
43400  28.372  -45.800  86.202 0.0000000000
41311  27.985  -47.385  86.286 0.0000000000
123226  44.807  -27.739  66.604 0.0000000000
60870  45.582  -27.567  68.053 0.0000000000
60871  45.327  -28.317  67.685 0.0000000000
39486  35.776  -49.866  80.680 0.0000000000
66865  56.187  -21.796  57.458 0.0000000000
66857  57.375  -21.958  59.200 0.0000000000
65792  56.597  -22.683  59.115 0.0000000000
64774  52.353  -24.138  66.266 0.0000000000
63850  52.540  -24.861  64.793 0.0000000000
122308  53.308  -23.913  66.435 0.0000000000
64772  54.976  -24.257  65.652 0.0000000000
48390  44.569  -39.934  76.641 0.0000000000
50267  43.738  -38.608  76.685 0.0000000000
136674  44.511  -38.122  76.555 0.0000000000
52237  44.653  -36.424  75.475 0.0000000000
51181  45.922  -36.866  75.532 0.0000000000
52236  46.517  -36.466  75.043 0.0000000000
50288  46.230  -38.634  74.268 0.0000000000
42395  32.337  -46.944  82.619 0.0000000000
41335  32.583  -47.554  83.359 0.0000000000
40353  33.564  -48.344  82.869 0.0000000000
62811  46.240  -25.555  65.121 0.0000000000
136373  47.233  -25.854  63.330 0.0000000000
63854  47.803  -25.244  64.835 0.0000000000
121452  49.264  -24.782  65.767 0.0000000000
63817  48.171  -24.734  66.677 0.0000000000
64735  49.894  -24.089  68.609 0.0000000000
63786  48.195  -24.590  68.202 0.0000000000
60843  48.124  -27.473  71.357 0.0000000000
61778  48.580  -26.422  71.149 0.0000000000
59948  49.016  -28.007  71.533 0.0000000000
59118  49.433  -29.513  70.773 0.0000000000
59098  49.142  -29.581  71.865 0.0000000000
40414  42.084  -47.966  76.713 0.0000000000
42438  41.950  -46.313  77.709 0.0000000000
40413  42.475  -47.982  76.569 0.0000000000
141691  43.494  -46.114  75.563 0.0000000000
45423  44.855  -43.452  75.549 0.0000000000
40405  37.013  -49.583  78.228 0.0000000000
40431  37.644  -48.979  76.224 0.0000000000
40430  38.539  -49.016  75.938 0.0000000000
40429  40.113  -48.759  76.060 0.0000000000
39535  38.888  -50.224  77.277 0.0000000000
67917  58.063  -20.181  56.918 0.0000000000
65803  59.041  -22.021  56.923 0.0000000000
122587  58.453  -24.716  59.924 0.0000000000
62854  54.490  -25.543  61.992 0.0000000000
61903  53.014  -26.478  60.857 0.0000000000
62872  54.639  -25.635  61.000 0.0000000000
63897  55.114  -24.856  59.512 0.0000000000
63886  55.961  -24.008  61.198 0.0000000000
64818  56.764  -23.456  61.203 0.0000000000
64810  56.378  -23.797  61.991 0.0000000000
61871  56.245  -26.230  64.672 0.0000000000
62824  56.395  -25.607  63.844 0.0000000000
45409  41.716  -43.109  76.528 0.0000000000
47408  42.130  -41.271  75.695 0.0000000000
51215  42.083  -37.796  73.641 0.0000000000
50296  41.387  -38.765  73.062 0.0000000000
55203  44.867  -33.921  73.325 0.0000000000
55222  44.154  -34.113  71.381 0.0000000000
56230  45.221  -32.975  71.355 0.0000000000
56246  45.650  -32.196  69.460 0.0000000000
57283  46.036  -31.833  71.644 0.0000000000
58234  46.606  -31.134  71.427 0.0000000000
57253  46.426  -31.939  73.365 0.0000000000
53294  47.566  -35.545  73.409 0.0000000000
55202  47.818  -33.743  73.312 0.0000000000
139418  48.351  -34.805  72.082 0.0000000000
129150  48.682  -34.066  71.048 0.0000000000
141788  30.560  -45.938  84.452 0.0000000000
41323  30.270  -47.255  85.011 0.0000000000
40340  29.729  -48.051  84.762 0.0000000000
40325  29.344  -47.327  85.431 0.0000000000
62783  46.270  -25.470  66.887 0.0000000000
63787  47.036  -25.239  68.234 0.0000000000
62773  46.046  -26.210  68.102 0.0000000000
60852  47.000  -27.319  70.181 0.0000000000
59961  47.170  -28.586  70.970 0.0000000000
41376  34.523  -47.958  79.977 0.0000000000
41417  35.063  -48.377  78.129 0.0000000000
40399  35.812  -48.957  79.584 0.0000000000
40398  36.400  -49.489  79.126 0.0000000000
39525  37.343  -50.181  78.299 0.0000000000
38651  38.161  -50.927  77.798 0.0000000000
141029  36.878  -51.120  78.451 0.0000000000
66862  58.611  -21.484  57.611 0.0000000000
64848  59.094  -23.222  58.327 0.0000000000
66845  58.450  -21.864  58.718 0.0000000000
64817  58.286  -23.172  59.948 0.0000000000
129675  58.179  -23.798  60.488 0.0000000000
128772  50.308  -25.957  63.266 0.0000000000
62839  52.405  -25.724  63.466 0.0000000000
62838  53.351  -25.539  63.246 0.0000000000
130927  54.718  -24.649  63.323 0.0000000000
64797  55.497  -24.056  63.804 0.0000000000
64786  55.409  -24.037  64.584 0.0000000000
136901  55.423  -25.118  65.660 0.0000000000
47375  43.379  -41.172  77.558 0.0000000000
48392  42.380  -40.686  76.315 0.0000000000
49308  42.897  -39.582  76.806 0.0000000000
129397  43.339  -38.202  75.449 0.0000000000
52255  42.939  -37.029  74.358 0.0000000000
53296  42.638  -35.964  72.942 0.0000000000
53287  43.947  -35.885  74.049 0.0000000000
54246  45.265  -34.865  74.361 0.0000000000
55183  45.741  -34.422  74.461 0.0000000000
56196  46.275  -33.031  73.861 0.0000000000
53274  46.595  -34.997  74.600 0.0000000000
52234  47.117  -35.814  74.192 0.0000000000
51213  47.011  -36.858  73.360 0.0000000000
41366  30.775  -47.570  80.302 0.0000000000
41365  32.308  -47.383  80.923 0.0000000000
41377  33.652  -47.693  80.244 0.0000000000
123258  34.155  -48.028  81.827 0.0000000000
39471  33.894  -49.256  82.336 0.0000000000
62827  50.131  -25.373  64.453 0.0000000000
141591  50.784  -24.608  65.628 0.0000000000
64758  51.665  -23.982  66.851 0.0000000000
64733  51.571  -23.949  68.683 0.0000000000
63771  50.613  -24.683  69.660 0.0000000000
139554  50.195  -26.192  70.464 0.0000000000
62745  48.288  -25.656  70.420 0.0000000000
62733  49.530  -26.079  70.697 0.0000000000
143868  40.219  -46.429  75.470 0.0000000000
44446  40.817  -45.295  76.253 0.0000000000
44435  41.849  -44.681  77.391 0.0000000000
44427  42.620  -44.434  77.913 0.0000000000
133605  43.327  -47.415  76.079 0.0000000000
43498  43.048  -45.336  77.329 0.0000000000
45377  43.313  -43.334  78.035 0.0000000000
46369  44.537  -41.927  77.331 0.0000000000
46379  45.151  -42.098  75.845 0.0000000000
48400  45.301  -40.481  75.134 0.0000000000
48409  45.729  -39.971  74.196 0.0000000000
121046  44.651  -41.217  73.956 0.0000000000
41435  40.582  -47.766  75.905 0.0000000000
40415  41.297  -48.993  76.354 0.0000000000
38663  41.091  -50.157  76.235 0.0000000000
37667  38.754  -51.013  77.450 0.0000000000
37684  39.850  -50.817  76.685 0.0000000000
137585  59.205  -21.280  55.271 0.0000000000
123361  55.907  -23.410  58.714 0.0000000000
64828  56.762  -22.980  59.916 0.0000000000
65737  57.336  -23.245  61.028 0.0000000000
62852  57.407  -24.776  61.815 0.0000000000
64795  56.515  -24.161  62.807 0.0000000000
132790  56.849  -24.946  62.624 0.0000000000
61902  57.602  -25.912  61.513 0.0000000000
48410  42.144  -40.393  74.500 0.0000000000
58291  45.283  -30.904  67.562 0.0000000000
59144  45.550  -30.197  67.912 0.0000000000
59129  46.234  -29.841  69.377 0.0000000000
59119  46.992  -29.337  70.946 0.0000000000
59101  47.771  -29.960  71.957 0.0000000000
57235  47.245  -32.359  73.801 0.0000000000
57250  47.655  -31.676  72.863 0.0000000000
126819  48.881  -31.068  72.300 0.0000000000
57282  49.305  -31.902  71.789 0.0000000000
49326  46.081  -38.811  73.958 0.0000000000
50305  46.032  -38.474  72.960 0.0000000000
127674  26.923  -45.652  86.664 0.0000000000
42335  26.284  -46.764  87.357 0.0000000000
43402  26.135  -45.786  86.766 0.0000000000
43401  27.735  -45.704  86.446 0.0000000000
60900  44.482  -27.929  65.988 0.0000000000
59996  44.922  -28.219  67.093 0.0000000000
126224  44.946  -28.940  67.246 0.0000000000
65791  56.761  -21.938  58.438 0.0000000000
65799  55.910  -22.761  58.021 0.0000000000
63831  52.929  -24.362  65.571 0.0000000000
144304  54.106  -23.954  66.776 0.0000000000
123087  53.671  -23.987  67.153 0.0000000000
49306  45.201  -39.334  76.233 0.0000000000
50266  45.115  -38.327  76.374 0.0000000000
51182  45.105  -37.369  76.227 0.0000000000
50265  45.712  -37.807  75.546 0.0000000000
50277  46.250  -38.306  74.822 0.0000000000
49316  46.061  -39.180  74.676 0.0000000000
41321  31.596  -47.103  84.224 0.0000000000
41320  32.089  -47.187  83.796 0.0000000000
40337  32.156  -47.611  83.815 0.0000000000
40356  31.140  -48.631  83.816 0.0000000000
63836  46.908  -25.234  65.632 0.0000000000
63855  47.056  -25.357  64.900 0.0000000000
63835  47.608  -24.938  66.013 0.0000000000
63834  48.440  -24.827  65.901 0.0000000000
63798  48.732  -24.475  67.463 0.0000000000
63799  47.831  -24.745  67.407 0.0000000000
60831  48.417  -28.091  71.598 0.0000000000
60830  48.660  -27.328  71.449 0.0000000000
126715  48.820  -27.837  71.581 0.0000000000
59947  49.131  -28.607  71.522 0.0000000000
133006  48.970  -28.850  71.810 0.0000000000
120237  42.155  -48.918  76.385 0.0000000000
39532  42.702  -48.597  76.239 0.0000000000
40418  37.397  -49.258  77.224 0.0000000000
40417  38.316  -49.513  76.858 0.0000000000
67906  58.761  -20.998  56.908 0.0000000000
67916  58.634  -20.407  56.424 0.0000000000
67905  58.846  -21.338  56.907 0.0000000000
66869  59.010  -21.254  56.417 0.0000000000
144706  58.910  -21.584  56.911 0.0000000000
63880  55.242  -24.944  61.616 0.0000000000
63887  55.283  -24.951  60.547 0.0000000000
63879  55.707  -24.169  62.296 0.0000000000
141909  56.256  -26.950  65.070 0.0000000000
46370  42.220  -42.349  76.854 0.0000000000
46380  41.797  -42.216  75.927 0.0000000000
47397  42.223  -41.479  76.503 0.0000000000
52268  41.864  -37.173  72.890 0.0000000000
52278  41.334  -36.720  72.110 0.0000000000
55212  44.764  -33.532  72.692 0.0000000000
56219  45.322  -32.815  72.422 0.0000000000
144684  45.657  -32.455  71.755 0.0000000000
56218  45.869  -32.130  72.388 0.0000000000
128405  45.928  -32.274  73.075 0.0000000000
53304  47.678  -35.719  72.838 0.0000000000
53293  48.016  -34.997  72.788 0.0000000000
53303  48.116  -35.317  72.176 0.0000000000
53312  47.983  -35.440  71.555 0.0000000000
120788  29.437  -45.939  85.430 0.0000000000
43423  30.035  -45.930  84.827 0.0000000000
43410  30.016  -46.124  85.163 0.0000000000
42353  30.223  -46.250  85.057 0.0000000000
41309  29.919  -46.588  85.361 0.0000000000
41310  29.167  -46.477  85.813 0.0000000000
61864  44.820  -26.564  65.548 0.0000000000
61872  44.618  -26.599  64.883 0.0000000000
62813  44.986  -25.981  65.193 0.0000000000
133083  45.578  -25.788  65.577 0.0000000000
130149  45.564  -25.909  66.402 0.0000000000
62784  45.795  -26.009  67.289 0.0000000000
61848  45.369  -26.425  66.862 0.0000000000
60861  45.956  -27.566  68.837 0.0000000000
61817  45.905  -26.886  68.445 0.0000000000
60860  46.512  -27.496  69.510 0.0000000000
59976  46.786  -28.172  70.145 0.0000000000
41362  34.976  -48.503  80.704 0.0000000000
41375  35.196  -48.473  79.829 0.0000000000
40391  35.657  -49.060  80.548 0.0000000000
38623  35.980  -50.048  80.101 0.0000000000
39501  36.088  -49.882  80.100 0.0000000000
39515  36.605  -49.969  79.657 0.0000000000
39526  36.788  -49.928  78.900 0.0000000000
39514  36.725  -50.332  78.927 0.0000000000
38636  36.788  -50.675  78.709 0.0000000000
67909  56.690  -20.952  57.147 0.0000000000
67908  57.677  -20.715  57.474 0.0000000000
66863  58.068  -21.228  58.198 0.0000000000
66856  57.921  -21.699  58.923 0.0000000000
66846  57.907  -22.305  59.558 0.0000000000
65747  58.000  -22.852  60.175 0.0000000000
132865  57.973  -23.245  60.545 0.0000000000
62841  50.593  -25.700  63.848 0.0000000000
62840  51.408  -25.803  63.608 0.0000000000
63849  53.463  -24.570  64.804 0.0000000000
63867  52.982  -25.205  64.082 0.0000000000
63866  54.022  -24.837  63.893 0.0000000000
63865  54.869  -24.101  63.924 0.0000000000
64755  54.863  -24.540  66.073 0.0000000000
63830  55.321  -24.592  65.545 0.0000000000
62810  55.748  -25.615  65.297 0.0000000000
61842  55.314  -25.808  66.082 0.0000000000
48372  43.510  -40.565  77.402 0.0000000000
48381  42.891  -39.953  77.132 0.0000000000
48380  43.395  -39.852  77.276 0.0000000000
51183  43.885  -37.980  76.069 0.0000000000
51184  43.595  -38.618  76.027 0.0000000000
51197  42.838  -37.644  74.857 0.0000000000
52239  43.345  -37.063  74.813 0.0000000000
52254  43.621  -36.514  74.522 0.0000000000
52238  44.047  -36.789  75.028 0.0000000000
53266  45.207  -36.117  75.565 0.0000000000
53276  44.852  -35.776  75.280 0.0000000000
53275  45.361  -35.442  75.208 0.0000000000
54233  45.538  -34.902  74.808 0.0000000000
55182  46.017  -34.391  74.633 0.0000000000
53264  46.278  -35.406  75.003 0.0000000000
51194  46.706  -36.936  74.461 0.0000000000
52235  46.786  -36.145  74.533 0.0000000000
52253  46.960  -36.518  74.075 0.0000000000
51206  46.970  -36.754  73.703 0.0000000000
51214  46.646  -37.449  73.638 0.0000000000
42397  30.549  -46.705  81.861 0.0000000000
42411  30.137  -47.137  80.989 0.0000000000
42410  31.062  -47.060  81.263 0.0000000000
41354  32.801  -47.255  81.868 0.0000000000
122117  33.142  -47.539  81.066 0.0000000000
121576  32.637  -47.622  80.163 0.0000000000
41364  33.835  -47.712  81.218 0.0000000000
135643  33.743  -47.876  82.488 0.0000000000
62844  48.026  -25.758  63.374 0.0000000000
62860  48.682  -25.967  62.882 0.0000000000
62828  49.231  -25.385  64.372 0.0000000000
63815  49.800  -24.510  66.422 0.0000000000
63833  50.101  -24.704  65.706 0.0000000000
63814  50.695  -24.316  66.391 0.0000000000
119959  50.951  -23.922  67.331 0.0000000000
122930  51.085  -23.841  68.107 0.0000000000
64746  50.255  -23.980  67.820 0.0000000000
64736  49.535  -24.389  69.274 0.0000000000
64725  50.379  -24.295  69.337 0.0000000000
63772  49.981  -24.680  69.921 0.0000000000
62742  50.669  -25.069  69.833 0.0000000000
63759  50.096  -25.125  70.154 0.0000000000
62771  47.180  -25.478  68.898 0.0000000000
62756  47.622  -25.504  69.590 0.0000000000
61776  49.208  -26.657  71.076 0.0000000000
62734  49.062  -26.136  70.997 0.0000000000
60840  49.368  -27.134  71.046 0.0000000000
61775  49.602  -26.487  70.721 0.0000000000
60851  49.636  -27.083  70.615 0.0000000000
42459  40.649  -46.676  76.110 0.0000000000
43509  40.384  -45.866  75.905 0.0000000000
130530  41.432  -46.448  76.830 0.0000000000
140013  42.471  -46.627  77.957 0.0000000000
43487  41.898  -45.379  77.977 0.0000000000
44428  42.244  -44.741  77.754 0.0000000000
43486  42.625  -45.284  77.883 0.0000000000
40427  43.162  -48.185  76.066 0.0000000000
40426  43.355  -47.950  75.662 0.0000000000
43507  43.752  -45.097  76.199 0.0000000000
124489  43.222  -45.375  76.570 0.0000000000
43497  43.534  -44.798  76.930 0.0000000000
44425  43.733  -43.880  77.771 0.0000000000
44434  43.958  -44.215  77.214 0.0000000000
45376  43.904  -43.054  77.864 0.0000000000
44433  44.463  -43.805  76.717 0.0000000000
121788  44.765  -42.849  75.053 0.0000000000
47396  45.163  -41.176  75.812 0.0000000000
47407  44.910  -41.184  75.144 0.0000000000
47418  44.776  -41.157  74.614 0.0000000000
46399  44.606  -42.144  74.469 0.0000000000
41437  35.263  -48.524  76.985 0.0000000000
40441  38.680  -48.537  75.202 0.0000000000
41455  38.937  -47.967  74.695 0.0000000000
41454  39.621  -47.579  74.912 0.0000000000
42468  40.186  -47.216  75.363 0.0000000000
41436  39.866  -48.057  75.480 0.0000000000
40416  40.330  -49.605  76.431 0.0000000000
39534  40.901  -49.881  76.367 0.0000000000
37700  40.288  -50.872  76.376 0.0000000000
65815  59.160  -21.726  56.055 0.0000000000
65816  58.999  -22.364  55.833 0.0000000000
65817  58.498  -22.611  55.379 0.0000000000
138838  52.261  -26.506  62.179 0.0000000000
142464  51.635  -26.854  61.213 0.0000000000
61887  52.465  -26.581  61.512 0.0000000000
63908  54.859  -24.682  58.534 0.0000000000
63907  55.590  -24.162  59.003 0.0000000000
64849  55.301  -23.823  58.012 0.0000000000
64829  56.178  -23.493  59.525 0.0000000000
64809  56.958  -23.649  61.688 0.0000000000
64808  57.418  -23.563  61.356 0.0000000000
63870  57.402  -23.943  61.625 0.0000000000
64785  55.751  -24.310  64.093 0.0000000000
64796  56.057  -24.006  63.310 0.0000000000
64784  56.145  -24.427  63.600 0.0000000000
62837  56.799  -25.828  62.915 0.0000000000
61886  57.324  -26.391  62.164 0.0000000000
62853  57.214  -25.541  62.215 0.0000000000
49319  42.652  -39.520  75.485 0.0000000000
48401  42.403  -40.361  75.371 0.0000000000
49327  42.250  -39.619  74.712 0.0000000000
55228  44.699  -33.604  70.821 0.0000000000
134180  45.877  -31.808  69.791 0.0000000000
57326  45.327  -31.825  68.087 0.0000000000
58276  45.737  -30.873  68.337 0.0000000000
58258  45.985  -30.647  69.159 0.0000000000
59143  45.883  -29.988  68.578 0.0000000000
58246  46.349  -30.463  69.792 0.0000000000
128851  47.006  -30.753  71.963 0.0000000000
58233  46.986  -30.173  71.238 0.0000000000
128734  47.369  -30.182  71.814 0.0000000000
59108  47.465  -29.330  71.475 0.0000000000
58218  47.726  -30.544  72.323 0.0000000000
56181  46.813  -33.593  74.242 0.0000000000
56195  46.666  -32.848  73.881 0.0000000000
55191  47.105  -33.597  74.151 0.0000000000
56205  48.120  -33.055  72.798 0.0000000000
56193  47.674  -33.159  73.365 0.0000000000
56206  47.907  -32.323  72.878 0.0000000000
58206  48.281  -30.966  72.456 0.0000000000
134878  48.618  -31.971  72.309 0.0000000000
57266  49.291  -31.288  72.036 0.0000000000
55227  49.089  -33.329  70.786 0.0000000000
132967  46.030  -39.243  74.182 0.0000000000
49334  45.850  -39.490  73.836 0.0000000000
131071  28.620  -45.566  85.568 0.0000000000
42355  28.782  -46.032  86.100 0.0000000000
41299  28.395  -46.579  86.312 0.0000000000
42344  28.058  -46.143  86.522 0.0000000000
41300  27.552  -46.902  86.908 0.0000000000
61865  44.415  -27.043  65.266 0.0000000000
61832  45.042  -27.003  66.781 0.0000000000
60882  45.535  -26.790  67.555 0.0000000000
60883  45.174  -27.583  67.307 0.0000000000
59985  45.770  -28.346  68.439 0.0000000000
38597  34.790  -49.726  81.337 0.0000000000
39502  35.743  -49.539  80.703 0.0000000000
38609  35.228  -50.030  81.003 0.0000000000
38608  35.578  -50.233  80.460 0.0000000000
127570  57.512  -21.568  58.591 0.0000000000
65770  57.292  -22.549  59.836 0.0000000000
63851  51.255  -24.741  65.167 0.0000000000
129229  51.772  -24.901  64.754 0.0000000000
119846  52.048  -24.597  65.406 0.0000000000
64773  53.831  -23.953  65.622 0.0000000000
137833  54.527  -23.949  65.652 0.0000000000
128590  54.067  -23.913  66.356 0.0000000000
64756  54.545  -24.165  66.356 0.0000000000
49298  44.002  -39.693  77.178 0.0000000000
50255  43.689  -39.007  77.102 0.0000000000
49307  44.370  -38.927  76.768 0.0000000000
139235  44.025  -38.404  76.802 0.0000000000
52219  44.346  -37.263  75.678 0.0000000000
52218  44.943  -36.853  76.061 0.0000000000
52217  45.491  -36.466  75.636 0.0000000000
52216  46.200  -36.042  75.339 0.0000000000
51195  46.452  -37.364  75.009 0.0000000000
50276  46.460  -37.836  74.249 0.0000000000
42396  31.471  -46.716  82.233 0.0000000000
42380  31.730  -46.671  83.257 0.0000000000
42379  32.315  -47.079  83.412 0.0000000000
41346  33.072  -47.532  82.786 0.0000000000
41345  33.639  -48.054  82.811 0.0000000000
41334  33.149  -47.923  83.021 0.0000000000
62832  45.869  -25.792  64.398 0.0000000000
62831  46.591  -25.600  64.432 0.0000000000
62830  47.346  -25.554  64.097 0.0000000000
138312  48.659  -25.057  65.057 0.0000000000
63797  49.569  -24.329  67.177 0.0000000000
140995  49.481  -24.208  67.894 0.0000000000
64747  49.049  -24.321  68.427 0.0000000000
63785  48.629  -24.626  69.074 0.0000000000
61789  47.505  -26.758  70.519 0.0000000000
61788  48.084  -26.246  70.823 0.0000000000
60842  48.511  -26.899  71.303 0.0000000000
60829  48.841  -27.172  71.372 0.0000000000
59959  49.212  -27.812  71.274 0.0000000000
59958  49.272  -28.367  71.245 0.0000000000
138457  49.312  -29.230  71.331 0.0000000000
138754  49.442  -30.104  71.513 0.0000000000
57281  49.596  -31.021  71.494 0.0000000000
119759  41.873  -47.976  76.779 0.0000000000
41415  41.959  -47.015  77.382 0.0000000000
41414  42.128  -47.058  77.267 0.0000000000
41392  42.344  -46.811  77.640 0.0000000000
124707  42.513  -46.661  77.301 0.0000000000
41453  43.461  -47.508  75.506 0.0000000000
43506  44.281  -44.706  75.802 0.0000000000
44444  44.619  -44.013  76.036 0.0000000000
44459  44.593  -44.171  75.379 0.0000000000
123893  44.692  -43.599  75.059 0.0000000000
127597  36.444  -48.948  78.308 0.0000000000
132918  36.048  -48.712  77.018 0.0000000000
40419  36.627  -48.891  77.528 0.0000000000
40443  37.003  -48.780  75.516 0.0000000000
40442  37.869  -48.745  75.347 0.0000000000
40440  39.313  -48.720  75.683 0.0000000000
133356  39.354  -49.475  76.508 0.0000000000
142732  39.617  -49.989  76.899 0.0000000000
65804  59.059  -22.508  56.526 0.0000000000
63895  58.605  -23.908  59.550 0.0000000000
62855  53.622  -25.829  62.357 0.0000000000
62873  53.780  -25.988  61.409 0.0000000000
62882  53.875  -25.997  60.415 0.0000000000
62881  54.609  -25.534  59.999 0.0000000000
128847  56.457  -23.487  60.418 0.0000000000
64802  56.526  -23.915  62.468 0.0000000000
62809  55.960  -25.275  64.523 0.0000000000
63847  56.195  -24.887  63.817 0.0000000000
61870  56.651  -26.550  63.617 0.0000000000
124642  41.227  -43.873  76.193 0.0000000000
51198  42.225  -38.231  74.424 0.0000000000
50289  41.808  -38.958  74.297 0.0000000000
50295  41.747  -38.513  73.711 0.0000000000
51216  41.555  -38.025  72.986 0.0000000000
55204  44.171  -34.532  73.187 0.0000000000
54265  43.768  -34.695  72.198 0.0000000000
128273  44.338  -34.033  72.160 0.0000000000
55221  44.743  -33.531  71.804 0.0000000000
56239  45.226  -32.975  70.411 0.0000000000
56247  45.252  -32.765  69.580 0.0000000000
56238  45.718  -32.360  70.114 0.0000000000
57298  46.113  -31.660  70.592 0.0000000000
131663  46.553  -30.766  70.487 0.0000000000
57268  46.501  -31.486  72.580 0.0000000000
57267  46.831  -31.467  73.076 0.0000000000
54245  47.385  -34.697  74.014 0.0000000000
55190  47.469  -33.877  73.821 0.0000000000
54255  47.677  -34.849  73.480 0.0000000000
54254  48.019  -34.303  73.054 0.0000000000
55211  48.294  -33.606  72.522 0.0000000000
134003  48.650  -33.567  71.626 0.0000000000
133124  48.467  -34.339  71.671 0.0000000000
42382  30.112  -46.422  82.506 0.0000000000
43447  29.825  -46.061  83.200 0.0000000000
43446  30.545  -46.205  83.298 0.0000000000
43422  30.849  -46.312  84.408 0.0000000000
41307  30.831  -46.546  84.565 0.0000000000
41322  30.975  -47.143  84.620 0.0000000000
40339  30.690  -47.903  84.491 0.0000000000
40341  28.696  -48.130  84.866 0.0000000000
139871  28.697  -47.065  85.951 0.0000000000
62812  45.505  -25.807  64.940 0.0000000000
62796  46.224  -25.482  66.010 0.0000000000
63818  46.895  -25.127  66.441 0.0000000000
63800  47.025  -25.072  67.356 0.0000000000
123377  46.427  -25.596  67.744 0.0000000000
62772  46.654  -25.807  68.532 0.0000000000
61816  46.428  -26.425  68.859 0.0000000000
61801  46.868  -26.693  69.672 0.0000000000
60844  47.443  -27.597  70.894 0.0000000000
59960  47.740  -28.313  71.405 0.0000000000
39542  42.430  -49.334  76.076 0.0000000000
129998  33.873  -47.857  79.181 0.0000000000
133713  34.082  -48.172  78.245 0.0000000000
41395  34.701  -48.117  79.044 0.0000000000
41394  35.344  -48.452  79.038 0.0000000000
40406  35.886  -48.695  78.680 0.0000000000
40390  36.054  -49.632  80.035 0.0000000000
39524  38.120  -50.612  77.858 0.0000000000
38652  37.378  -50.689  78.247 0.0000000000
37648  37.481  -50.944  78.118 0.0000000000
37649  37.460  -51.172  78.043 0.0000000000
67907  58.350  -20.828  57.284 0.0000000000
65789  59.070  -22.519  57.777 0.0000000000
66855  58.866  -21.991  58.060 0.0000000000
65790  58.836  -22.505  58.608 0.0000000000
64827  58.739  -23.178  59.107 0.0000000000
65769  58.370  -22.584  59.410 0.0000000000
137961  58.152  -24.641  60.610 0.0000000000
62858  50.990  -26.288  62.936 0.0000000000
62857  51.902  -26.259  62.900 0.0000000000
62856  52.741  -25.997  62.656 0.0000000000
62825  52.027  -25.300  64.186 0.0000000000
63874  54.221  -25.272  62.914 0.0000000000
63872  55.360  -24.215  63.193 0.0000000000
64771  55.603  -24.414  64.835 0.0000000000
134792  55.008  -23.948  65.053 0.0000000000
135406  55.325  -24.190  65.153 0.0000000000
63829  55.662  -24.906  65.059 0.0000000000
61860  55.874  -26.590  65.609 0.0000000000
47376  42.822  -41.490  77.550 0.0000000000
143866  42.430  -40.898  76.864 0.0000000000
137253  42.685  -40.742  77.181 0.0000000000
49309  42.675  -39.974  76.201 0.0000000000
49318  43.089  -39.496  76.092 0.0000000000
50268  43.328  -39.109  76.570 0.0000000000
50279  43.104  -38.936  75.593 0.0000000000
128312  42.672  -38.328  75.039 0.0000000000
138052  42.470  -37.546  74.228 0.0000000000
52267  42.378  -36.578  73.162 0.0000000000
52266  43.045  -36.378  73.747 0.0000000000
53295  43.400  -35.640  73.334 0.0000000000
123546  44.075  -35.164  73.629 0.0000000000
53277  44.302  -35.883  74.936 0.0000000000
54247  44.604  -35.326  74.304 0.0000000000
55195  44.819  -34.715  73.741 0.0000000000
55194  45.529  -34.136  73.884 0.0000000000
56197  45.858  -33.309  73.744 0.0000000000
56208  45.750  -32.587  73.423 0.0000000000
55193  46.020  -33.783  74.222 0.0000000000
55181  46.539  -34.313  74.494 0.0000000000
53273  47.033  -34.952  74.342 0.0000000000
52215  46.519  -35.725  74.875 0.0000000000
135494  46.825  -35.464  74.466 0.0000000000
144139  47.161  -35.250  74.221 0.0000000000
52252  47.278  -36.078  73.810 0.0000000000
52265  47.316  -36.238  73.390 0.0000000000
129643  31.547  -47.350  80.817 0.0000000000
127387  32.071  -47.807  79.400 0.0000000000
127408  32.965  -47.776  79.310 0.0000000000
41363  34.373  -47.971  80.915 0.0000000000
41352  34.632  -48.485  81.367 0.0000000000
41344  34.018  -48.239  82.416 0.0000000000
40369  34.032  -48.781  82.402 0.0000000000
39470  34.550  -49.246  81.692 0.0000000000
63853  49.629  -24.974  65.032 0.0000000000
63852  50.480  -24.875  65.030 0.0000000000
63832  51.452  -24.392  65.933 0.0000000000
64732  53.026  -24.046  68.068 0.0000000000
64745  51.879  -23.786  67.889 0.0000000000
63784  51.851  -24.290  68.883 0.0000000000
64734  50.730  -23.967  68.702 0.0000000000
64724  50.981  -24.218  69.167 0.0000000000
143899  47.517  -24.870  68.006 0.0000000000
63774  48.339  -25.078  69.735 0.0000000000
63761  48.890  -25.268  70.298 0.0000000000
62735  48.643  -26.018  70.921 0.0000000000
62744  48.757  -25.551  70.769 0.0000000000
62743  49.522  -25.660  70.530 0.0000000000
44447  40.298  -45.261  75.592 0.0000000000
44460  40.748  -44.612  75.873 0.0000000000
43499  41.480  -45.522  77.031 0.0000000000
44436  41.309  -44.631  76.625 0.0000000000
45394  41.730  -43.879  77.021 0.0000000000
124971  42.151  -43.157  77.390 0.0000000000
129678  42.432  -43.144  77.839 0.0000000000
41434  43.024  -47.547  76.445 0.0000000000
42449  42.823  -45.887  76.771 0.0000000000
121485  43.450  -46.810  75.804 0.0000000000
42448  42.817  -45.989  76.547 0.0000000000
142770  43.234  -45.199  77.869 0.0000000000
123414  43.163  -45.007  77.914 0.0000000000
45378  42.665  -43.574  77.971 0.0000000000
46354  42.823  -42.706  78.070 0.0000000000
46353  43.274  -41.959  77.928 0.0000000000
130002  43.782  -41.545  77.748 0.0000000000
47387  44.381  -41.197  77.107 0.0000000000
45408  44.972  -43.153  76.226 0.0000000000
46368  44.860  -41.608  76.564 0.0000000000
47386  44.693  -40.810  76.515 0.0000000000
48389  45.257  -40.324  76.008 0.0000000000
49317  45.660  -39.725  75.303 0.0000000000
48399  45.810  -39.895  74.596 0.0000000000
47406  45.236  -40.443  74.619 0.0000000000
47417  45.091  -40.463  74.229 0.0000000000
142035  44.531  -42.042  73.914 0.0000000000
46409  44.467  -42.056  73.391 0.0000000000
41418  34.295  -48.390  77.283 0.0000000000
40433  35.856  -48.651  76.403 0.0000000000
42477  39.757  -46.704  74.774 0.0000000000
40428  41.068  -48.484  76.221 0.0000000000
121111  41.761  -48.929  76.449 0.0000000000
39533  41.838  -49.808  76.126 0.0000000000
38666  38.870  -50.819  77.445 0.0000000000
38665  39.409  -50.857  77.054 0.0000000000
37685  39.213  -51.053  77.136 0.0000000000
38664  40.205  -50.571  76.491 0.0000000000
38677  40.624  -50.564  76.303 0.0000000000
43413  26.404  -45.339  86.237 0.0000000000
66888  58.992  -21.305  54.299 0.0000000000
65749  57.100  -22.992  60.536 0.0000000000
65736  57.731  -23.229  60.754 0.0000000000
64807  57.746  -23.568  61.007 0.0000000000
63878  57.826  -24.189  61.153 0.0000000000
62871  57.883  -25.242  60.996 0.0000000000
64803  55.978  -23.927  62.891 0.0000000000
138550  56.536  -25.198  63.289 0.0000000000
63864  56.470  -24.569  63.092 0.0000000000
63871  56.900  -24.291  62.325 0.0000000000
128517  57.999  -27.554  60.853 0.0000000000
59169  44.385  -29.338  66.046 0.0000000000
47419  42.137  -41.115  74.768 0.0000000000
56254  45.346  -32.359  68.874 0.0000000000
58305  44.731  -30.863  66.845 0.0000000000
59159  44.979  -29.934  67.272 0.0000000000
59168  44.677  -29.367  66.708 0.0000000000
59986  45.531  -29.259  67.979 0.0000000000
120935  45.959  -29.110  68.910 0.0000000000
59968  46.450  -29.026  69.709 0.0000000000
59120  46.678  -29.809  70.257 0.0000000000
134840  46.791  -28.970  70.427 0.0000000000
59950  48.119  -28.995  71.723 0.0000000000
59100  48.299  -29.654  72.020 0.0000000000
56207  46.495  -32.322  73.621 0.0000000000
57252  46.752  -31.843  73.404 0.0000000000
57251  47.080  -31.788  73.372 0.0000000000
140565  47.186  -33.112  73.875 0.0000000000
58208  47.150  -31.299  72.876 0.0000000000
58207  47.614  -31.126  72.629 0.0000000000
58217  48.287  -30.307  72.254 0.0000000000
59099  48.781  -29.515  72.056 0.0000000000
57265  49.323  -30.547  72.007 0.0000000000
56236  49.581  -31.835  70.949 0.0000000000
56228  49.207  -32.651  71.304 0.0000000000
50287  46.245  -38.420  74.160 0.0000000000
50294  46.285  -38.163  73.808 0.0000000000
49345  45.729  -39.295  73.355 0.0000000000
49344  46.053  -38.690  73.672 0.0000000000
50304  46.411  -37.930  73.471 0.0000000000
51222  46.790  -37.290  73.265 0.0000000000
39456  33.318  -48.818  82.843 0.0000000000
39487  35.230  -49.587  81.047 0.0000000000
40352  33.813  -48.445  82.776 0.0000000000
40354  32.795  -48.140  83.240 0.0000000000
40381  34.423  -48.665  81.864 0.0000000000
40412  42.815  -47.927  76.424 0.0000000000
40438  43.445  -48.018  75.308 0.0000000000
41308  30.383  -47.001  85.053 0.0000000000
41355  31.981  -46.991  81.609 0.0000000000
41393  42.041  -46.882  77.904 0.0000000000
41412  42.922  -46.842  76.694 0.0000000000
41413  42.564  -47.238  76.812 0.0000000000
42345  27.168  -46.281  86.959 0.0000000000
42346  26.493  -46.116  87.046 0.0000000000
42362  30.432  -46.220  84.788 0.0000000000
42437  42.461  -46.161  78.002 0.0000000000
42458  43.321  -45.923  76.001 0.0000000000
43411  28.838  -45.833  85.896 0.0000000000
43433  30.487  -45.962  84.051 0.0000000000
43484  43.464  -44.693  77.714 0.0000000000
43485  42.999  -45.716  77.964 0.0000000000
43508  40.878  -45.932  76.461 0.0000000000
44395  26.569  -45.077  85.625 0.0000000000
44426  43.203  -44.174  77.896 0.0000000000
44472  44.468  -44.084  74.802 0.0000000000
45392  44.866  -42.461  76.731 0.0000000000
45393  44.245  -43.503  77.390 0.0000000000
46352  44.026  -42.177  77.907 0.0000000000
47374  43.933  -40.935  77.472 0.0000000000
48379  44.211  -40.465  77.089 0.0000000000
48391  42.620  -40.255  76.830 0.0000000000
48411  41.640  -39.769  73.918 0.0000000000
50256  43.194  -39.237  77.037 0.0000000000
51207  46.703  -37.237  73.912 0.0000000000
52256  42.471  -37.093  73.672 0.0000000000
53286  47.402  -35.390  73.896 0.0000000000
54225  45.914  -35.083  75.045 0.0000000000
54234  44.920  -35.307  74.899 0.0000000000
54244  47.726  -34.257  73.488 0.0000000000
54264  48.323  -34.286  72.325 0.0000000000
55192  46.411  -33.651  74.230 0.0000000000
55213  44.309  -34.117  72.795 0.0000000000
56194  47.200  -33.074  74.094 0.0000000000
56229  45.735  -32.434  70.958 0.0000000000
57234  47.315  -32.478  73.500 0.0000000000
57236  46.738  -32.205  73.612 0.0000000000
57314  45.776  -31.573  69.044 0.0000000000
58216  48.883  -30.283  72.235 0.0000000000
60841  49.168  -27.319  71.251 0.0000000000
60899  44.689  -27.205  65.942 0.0000000000
61777  48.849  -26.694  71.279 0.0000000000
61779  48.039  -26.837  71.080 0.0000000000
61802  46.272  -26.989  69.079 0.0000000000
62757  46.992  -25.960  69.315 0.0000000000
62797  45.120  -26.055  65.783 0.0000000000
62843  48.920  -25.690  63.620 0.0000000000
63773  49.161  -24.820  69.855 0.0000000000
63812  55.004  -25.060  66.172 0.0000000000
63816  48.987  -24.600  66.553 0.0000000000
121071  50.044  -25.590  70.287 0.0000000000
122116  49.352  -28.627  70.865 0.0000000000
122207  28.203  -45.506  86.042 0.0000000000
125497  44.177  -41.535  77.594 0.0000000000
127551  44.454  -42.725  77.443 0.0000000000
128190  43.220  -46.688  76.225 0.0000000000
129704  41.561  -49.556  76.259 0.0000000000
130874  47.713  -24.971  68.839 0.0000000000
130888  43.025  -40.583  77.406 0.0000000000
131835  47.985  -24.987  65.414 0.0000000000
136282  42.504  -41.542  77.120 0.0000000000
136634  45.453  -33.597  73.508 0.0000000000
137540  43.460  -42.642  78.074 0.0000000000
138098  46.295  -34.861  74.738 0.0000000000
138174  44.405  -37.819  76.397 0.0000000000
139035  45.028  -42.709  75.532 0.0000000000
139065  48.069  -33.924  73.020 0.0000000000
139477  51.863  -26.759  61.649 0.0000000000
140330  44.671  -43.165  76.915 0.0000000000
140717  42.192  -43.901  77.726 0.0000000000
141563  55.041  -23.955  64.424 0.0000000000
141831  48.257  -31.574  72.527 0.0000000000
141947  52.537  -23.849  68.022 0.0000000000
142121  42.816  -42.140  77.864 0.0000000000
142209  42.286  -47.248  76.925 0.0000000000
143267  47.468  -25.130  65.351 0.0000000000
143813  49.456  -29.827  71.142 0.0000000000
144148  50.828  -25.941  63.412 0.0000000000
