#!ascii label  , from subject sub-v1s8x0051336_ses-1 vox2ras=TkReg
1206
5898  22.570  -86.853  -3.541 0.5000000000
11530  15.946  -79.399  1.541 0.6000000238
11522  16.301  -79.603  2.457 0.6000000238
121691  15.116  -80.263  3.408 0.6000000238
134335  15.859  -79.928  3.243 0.6999999881
11521  16.917  -79.264  2.996 0.6999999881
11513  16.556  -79.708  3.649 0.6000000238
6672  17.635  -85.405  -2.976 0.5000000000
7520  16.838  -84.177  -5.757 0.6000000238
7507  17.143  -84.595  -4.897 0.6000000238
7495  17.534  -84.843  -3.602 0.5000000000
6741  16.848  -84.854  -6.779 0.5000000000
6727  16.931  -84.861  -6.367 0.4000000060
125744  17.062  -85.378  -5.391 0.5000000000
6698  17.386  -85.020  -4.269 0.6000000238
8212  14.458  -82.961  1.923 0.5000000000
6724  21.369  -85.227  -6.875 0.4000000060
8979  14.238  -82.256  1.459 0.5000000000
8213  13.812  -82.713  2.488 0.5000000000
9791  14.029  -81.703  1.580 0.6000000238
11531  14.776  -80.360  1.491 0.6000000238
11536  15.939  -78.915  0.801 0.6000000238
12393  16.930  -78.693  0.831 0.6999999881
127905  15.508  -79.939  1.925 0.6000000238
11529  16.635  -79.099  1.555 0.6999999881
139827  18.499  -78.211  0.943 0.6000000238
12392  17.428  -78.773  1.530 0.6999999881
142675  19.508  -77.681  0.974 0.6000000238
12390  19.013  -78.017  1.316 0.6000000238
129281  17.702  -78.700  2.183 0.6999999881
13259  19.548  -77.483  1.651 0.6999999881
11515  14.880  -80.374  4.562 0.6000000238
7473  17.778  -84.554  -1.534 0.5000000000
7496  17.249  -84.482  -4.138 0.6000000238
7485  17.629  -84.468  -2.611 0.5000000000
7535  16.733  -84.005  -6.387 0.6000000238
7536  16.144  -83.437  -6.262 0.6999999881
6740  17.073  -84.981  -7.358 0.4000000060
8984  14.704  -82.178  0.408 0.5000000000
6697  22.355  -85.651  -4.998 0.5000000000
9790  14.406  -81.661  0.800 0.5000000000
143339  15.173  -80.063  -0.414 0.6999999881
139521  14.496  -81.129  0.395 0.6000000238
11543  15.913  -79.120  -0.227 0.6999999881
141738  15.449  -79.552  0.376 0.6000000238
10649  14.865  -80.398  0.522 0.6000000238
11537  15.357  -79.633  1.102 0.6000000238
12401  16.613  -78.819  0.214 0.6999999881
12400  18.291  -78.028  0.320 0.6000000238
139037  17.492  -78.459  0.072 0.6000000238
130394  19.606  -77.543  0.317 0.6000000238
122851  17.800  -78.432  0.862 0.6000000238
14186  20.051  -76.770  -0.086 0.6000000238
14175  20.242  -76.078  0.605 0.6999999881
11502  17.203  -79.505  4.409 0.6999999881
11505  14.668  -80.249  5.915 0.5000000000
12383  18.916  -77.948  2.126 0.6999999881
12384  18.213  -78.321  2.582 0.6999999881
11503  16.406  -79.787  4.804 0.6000000238
8267  15.880  -83.303  -3.629 0.5000000000
8257  16.877  -83.591  -2.445 0.5000000000
8288  15.212  -83.128  -5.402 0.6999999881
7486  16.970  -83.954  -3.429 0.6000000238
7546  16.378  -83.695  -6.964 0.5000000000
7547  15.921  -83.306  -6.811 0.6999999881
8303  15.429  -83.040  -6.357 0.6999999881
7508  16.196  -83.698  -5.150 0.6000000238
8277  16.605  -83.813  -4.364 0.6000000238
6752  18.087  -84.599  -8.414 0.4000000060
7544  17.287  -84.433  -7.712 0.4000000060
126623  16.748  -84.347  -6.778 0.5000000000
8983  14.921  -81.912  -0.485 0.5000000000
134158  14.849  -80.739  -0.903 0.5000000000
9805  14.813  -81.424  -0.940 0.5000000000
10663  14.691  -80.902  -0.243 0.5000000000
11557  16.312  -79.052  -1.294 0.6000000238
134987  17.041  -78.659  -1.246 0.6999999881
13288  18.781  -77.674  -1.975 0.6000000238
12409  17.693  -78.568  -0.882 0.6999999881
12410  16.902  -78.865  -0.591 0.6999999881
13301  19.367  -77.233  -2.260 0.6000000238
12422  18.542  -78.164  -1.337 0.6000000238
15233  20.146  -75.696  -1.922 0.6999999881
13287  19.520  -77.644  -1.370 0.6000000238
12408  18.346  -78.166  -0.418 0.6000000238
124202  19.909  -73.775  -1.532 0.6000000238
15214  20.151  -74.805  -1.298 0.6999999881
137043  20.081  -77.074  -0.951 0.6999999881
18388  19.412  -72.597  -0.731 0.6000000238
16354  19.943  -73.972  -0.802 0.6000000238
14196  20.216  -75.995  -0.929 0.6999999881
11483  16.125  -79.519  5.830 0.6000000238
122147  20.123  -74.831  -0.332 0.6999999881
12376  18.334  -78.481  3.489 0.6999999881
17410  18.937  -72.710  -0.175 0.6999999881
17399  19.434  -73.563  -0.023 0.6000000238
15196  20.189  -75.306  0.360 0.8000000119
14164  20.316  -76.110  1.456 0.6999999881
14165  20.049  -76.781  1.970 0.6999999881
13253  18.986  -77.995  2.996 0.6999999881
130504  16.118  -83.391  -2.929 0.6000000238
130424  14.899  -82.577  -6.627 0.6999999881
8289  14.680  -82.707  -5.659 0.6999999881
8278  15.342  -83.154  -4.511 0.6000000238
8315  15.702  -82.720  -7.687 0.5000000000
8304  15.196  -82.725  -7.304 0.6999999881
7554  17.889  -83.995  -8.187 0.4000000060
7555  17.138  -83.665  -7.571 0.5000000000
9001  14.924  -82.016  -1.423 0.5000000000
8990  15.307  -82.296  -0.917 0.5000000000
11558  15.647  -79.614  -1.823 0.6000000238
12424  16.759  -78.393  -1.952 0.6000000238
11544  15.626  -79.585  -1.013 0.6999999881
12437  17.483  -78.308  -2.572 0.6999999881
13302  18.842  -77.864  -2.803 0.6000000238
12423  17.502  -78.234  -1.717 0.6999999881
16380  20.353  -73.940  -2.867 0.6999999881
15250  20.269  -75.586  -2.738 0.6999999881
14206  19.905  -76.495  -2.641 0.6999999881
12326  18.039  -78.179  6.299 0.6000000238
139679  19.899  -72.827  -2.124 0.6000000238
16369  20.158  -74.593  -2.200 0.6999999881
132055  19.964  -76.744  -1.714 0.6999999881
19345  21.328  -71.611  0.059 0.6000000238
19356  20.143  -71.828  -0.357 0.6000000238
19377  20.381  -72.098  -1.302 0.6000000238
17415  19.677  -73.072  -1.640 0.6000000238
126721  19.968  -73.631  -2.113 0.6999999881
12350  17.446  -78.787  5.917 0.6000000238
19357  19.171  -71.890  -0.312 0.6000000238
19378  19.767  -72.313  -0.987 0.6000000238
129555  20.195  -76.716  2.971 0.6999999881
14149  20.130  -76.946  3.806 0.6000000238
12366  18.402  -78.623  4.479 0.6999999881
12367  17.799  -79.169  4.965 0.6000000238
122791  20.492  -71.607  0.742 0.5000000000
123094  19.286  -71.445  0.351 0.6000000238
18381  18.506  -72.284  0.286 0.8000000119
132313  19.235  -73.502  1.144 0.8000000119
16315  19.971  -74.519  1.524 0.8000000119
13252  19.593  -77.416  2.511 0.6999999881
13245  19.662  -77.465  3.438 0.6999999881
15178  20.230  -75.310  1.061 0.8000000119
8279  14.575  -82.741  -4.887 0.6999999881
8268  14.945  -82.868  -3.650 0.6999999881
8259  14.838  -82.652  -3.041 0.6999999881
8247  15.818  -83.044  -2.175 0.6000000238
139230  14.712  -82.420  -7.484 0.6999999881
9013  15.036  -82.789  -2.435 0.6000000238
8316  14.970  -82.466  -8.211 0.6000000238
9000  15.167  -82.582  -1.765 0.5000000000
132837  17.205  -75.270  7.539 0.6000000238
9815  14.694  -81.653  -1.940 0.5000000000
10692  15.101  -80.358  -2.187 0.5000000000
137260  18.431  -75.558  7.422 0.6000000238
139621  16.159  -79.056  -3.034 0.6999999881
12446  18.250  -78.269  -3.144 0.6999999881
11569  16.206  -79.022  -2.276 0.6999999881
14123  18.844  -76.764  7.027 0.6000000238
13311  19.304  -77.211  -3.094 0.6999999881
17429  20.781  -73.037  -3.552 0.6999999881
141180  20.538  -74.622  -3.706 0.6999999881
143271  20.096  -76.095  -3.149 0.6999999881
13227  19.277  -77.363  5.702 0.6000000238
13207  19.203  -76.922  6.587 0.6000000238
18406  20.441  -72.951  -2.776 0.6000000238
130706  20.447  -74.880  -3.006 0.6999999881
122687  19.969  -76.839  5.137 0.6000000238
137322  17.294  -78.159  6.439 0.6000000238
19375  22.076  -71.753  -1.704 0.6000000238
18395  19.962  -72.470  -1.834 0.6000000238
14141  20.473  -76.022  4.320 0.6999999881
13236  19.668  -77.383  4.495 0.6000000238
139498  18.624  -77.975  5.889 0.6000000238
140361  20.948  -71.771  -0.816 0.6000000238
121904  18.771  -73.370  1.953 0.6000000238
16291  19.765  -74.320  2.897 0.6000000238
131874  20.456  -75.810  3.102 0.6999999881
14148  20.392  -76.297  3.738 0.6000000238
13237  18.880  -78.003  4.993 0.6000000238
17390  17.925  -72.439  1.435 0.6000000238
16290  20.146  -74.712  2.357 0.8000000119
18374  17.892  -72.241  0.773 0.6000000238
14156  20.400  -76.039  2.313 0.8000000119
9881  14.446  -81.769  -6.269 0.6999999881
9868  14.207  -81.912  -5.171 0.6999999881
9025  14.507  -82.466  -3.739 0.6999999881
10775  13.983  -81.182  -8.072 0.6999999881
9071  14.675  -82.078  -6.953 0.6999999881
144895  14.607  -82.276  -3.192 0.6000000238
9014  14.779  -82.324  -2.376 0.6000000238
16190  17.726  -74.055  9.172 0.6000000238
16191  16.887  -74.477  9.004 0.6000000238
16207  17.688  -74.732  8.452 0.6000000238
16208  16.563  -74.923  8.131 0.6000000238
9829  14.554  -81.801  -2.880 0.6000000238
124394  18.420  -74.622  8.136 0.5000000000
11575  15.658  -79.176  -3.689 0.6999999881
11570  15.496  -79.605  -2.798 0.6999999881
16205  19.492  -74.072  7.479 0.4000000060
15077  18.096  -75.148  7.787 0.5000000000
13313  17.851  -77.875  -3.997 0.6999999881
12448  16.538  -78.727  -3.618 0.8000000119
15075  19.589  -75.126  7.207 0.5000000000
13312  18.651  -77.486  -3.608 0.6000000238
12438  16.731  -78.601  -2.790 0.6999999881
15110  20.104  -75.099  6.323 0.6000000238
14215  19.662  -76.491  -3.551 0.6999999881
125392  19.101  -76.967  -3.609 0.6999999881
15109  20.437  -75.042  5.195 0.6999999881
15093  19.517  -76.105  6.790 0.6000000238
121416  21.064  -72.754  -4.071 0.6999999881
16390  20.666  -73.691  -3.806 0.6999999881
16249  20.158  -74.259  4.709 0.5000000000
132374  19.761  -76.550  5.897 0.6000000238
19397  22.376  -71.950  -2.641 0.6000000238
19416  20.913  -72.489  -2.923 0.6000000238
18418  20.801  -72.739  -3.290 0.6999999881
14134  20.370  -76.076  5.079 0.6999999881
19398  21.427  -72.118  -2.368 0.6000000238
18405  20.374  -72.661  -2.523 0.6000000238
17369  18.952  -73.858  2.676 0.5000000000
16269  19.998  -74.353  3.756 0.6000000238
19355  21.776  -71.656  -0.850 0.6000000238
132123  17.261  -72.330  1.138 0.6000000238
16268  20.333  -74.917  3.226 0.6999999881
19339  17.784  -71.489  1.078 0.6000000238
10739  14.446  -81.249  -5.709 0.6999999881
10726  14.300  -81.161  -4.836 0.6999999881
9856  14.136  -81.546  -4.263 0.6000000238
10710  14.398  -81.129  -3.450 0.6000000238
16172  17.039  -74.003  9.564 0.4000000060
16192  15.899  -74.565  8.725 0.5000000000
142771  14.561  -80.409  -3.563 0.6000000238
17261  18.193  -73.304  8.867 0.5000000000
16210  14.508  -74.726  7.627 0.6000000238
11585  15.253  -79.612  -4.530 0.6999999881
12456  16.243  -78.857  -4.556 0.6999999881
10709  14.803  -80.388  -3.003 0.6000000238
16206  18.885  -74.209  8.030 0.5000000000
12455  17.107  -78.368  -4.286 0.6999999881
17284  19.686  -73.538  6.766 0.4000000060
15303  20.138  -74.791  -5.233 0.6999999881
122090  19.465  -75.493  -5.311 0.6999999881
14225  18.794  -76.265  -5.250 0.6999999881
17293  19.888  -73.812  6.104 0.6000000238
18434  21.505  -72.498  -4.784 0.6999999881
17458  20.750  -73.301  -5.127 0.6999999881
14224  19.609  -75.997  -4.448 0.6999999881
14216  18.944  -76.691  -4.174 0.6999999881
17320  18.866  -73.470  4.863 0.5000000000
16235  20.196  -74.270  5.709 0.5000000000
18417  21.787  -72.423  -4.073 0.6000000238
142869  21.208  -72.558  -4.398 0.6999999881
17443  20.850  -73.106  -4.379 0.6999999881
16399  20.465  -74.420  -4.439 0.6999999881
17319  19.744  -73.780  5.250 0.5000000000
19373  23.905  -71.527  -1.968 0.5000000000
124046  22.871  -71.959  -3.259 0.6000000238
19415  21.609  -72.334  -3.217 0.6000000238
10738  15.062  -80.616  -6.275 0.6999999881
10725  14.778  -80.488  -5.140 0.6999999881
17246  16.566  -73.520  9.994 0.4000000060
11593  15.574  -79.930  -5.671 0.6999999881
138284  14.419  -80.494  -4.174 0.6999999881
16174  15.359  -74.172  9.164 0.4000000060
11584  15.981  -79.268  -5.270 0.6999999881
16193  14.929  -74.461  8.471 0.6000000238
133681  16.916  -78.357  -5.060 0.8000000119
12463  16.581  -78.754  -5.604 0.6999999881
13329  18.248  -77.038  -5.710 0.6000000238
13323  17.703  -77.879  -5.127 0.6000000238
17275  12.031  -73.853  7.097 0.6000000238
136798  19.492  -75.156  -5.885 0.6999999881
14234  18.901  -75.550  -6.004 0.6999999881
13322  18.366  -77.238  -4.650 0.6000000238
17457  21.104  -73.077  -5.407 0.6000000238
18433  22.558  -72.433  -4.681 0.6000000238
18302  11.650  -72.623  5.081 0.5000000000
19430  22.738  -72.171  -3.918 0.6000000238
19413  23.591  -71.971  -3.575 0.5000000000
17248  14.846  -73.712  9.579 0.4000000060
12462  17.232  -78.206  -5.926 0.8000000119
16175  14.606  -74.096  8.955 0.5000000000
13338  18.277  -76.988  -6.739 0.8000000119
17262  12.868  -73.913  8.573 0.4000000060
144388  14.145  -73.857  9.176 0.4000000060
13330  17.771  -77.568  -6.250 0.6999999881
136937  12.165  -73.924  7.920 0.4000000060
16195  12.914  -74.393  7.947 0.5000000000
17456  21.830  -73.136  -5.627 0.6000000238
15302  20.056  -74.789  -6.069 0.6000000238
17263  11.580  -73.213  8.291 0.4000000060
18449  23.128  -72.700  -5.375 0.6000000238
18451  21.370  -72.675  -5.176 0.6000000238
18303  11.319  -72.477  5.963 0.4000000060
17296  11.953  -73.250  5.676 0.6000000238
19429  23.432  -72.222  -4.324 0.6000000238
19412  24.525  -71.891  -3.800 0.5000000000
136521  24.968  -71.689  -3.048 0.5000000000
17231  14.703  -73.160  10.247 0.4000000060
12473  16.732  -78.503  -6.818 0.8000000119
120943  13.992  -73.550  9.841 0.4000000060
131409  17.344  -77.904  -6.804 0.6999999881
17250  12.679  -73.388  9.162 0.4000000060
15318  19.483  -75.263  -6.683 0.6000000238
14235  18.575  -76.270  -6.243 0.6999999881
17471  21.561  -73.811  -6.018 0.6000000238
15317  20.230  -74.738  -6.841 0.6000000238
18248  11.083  -72.422  8.792 0.4000000060
18262  11.020  -72.672  7.841 0.4000000060
18432  23.490  -72.412  -4.910 0.6000000238
18275  10.803  -71.920  6.495 0.4000000060
19428  24.241  -72.153  -4.690 0.4000000060
18220  14.471  -72.572  10.874 0.4000000060
14243  18.687  -76.447  -7.167 0.6999999881
18236  13.178  -73.100  9.930 0.4000000060
15332  20.251  -75.431  -7.490 0.6999999881
14242  18.943  -75.872  -6.714 0.6000000238
138435  12.363  -72.886  9.677 0.4000000060
17470  22.416  -73.712  -6.353 0.6000000238
16422  21.992  -74.323  -6.871 0.6000000238
18249  10.584  -72.089  8.146 0.4000000060
18448  24.054  -72.450  -5.522 0.6000000238
19254  10.194  -71.449  6.946 0.3000000119
19435  24.941  -72.065  -5.522 0.4000000060
136918  26.044  -71.630  -4.363 0.4000000060
19434  25.832  -71.750  -5.378 0.4000000060
18222  12.549  -72.185  10.352 0.4000000060
19232  10.967  -71.594  9.562 0.4000000060
17469  23.309  -73.504  -6.720 0.6000000238
18459  24.696  -72.470  -6.498 0.6000000238
132408  24.178  -73.161  -7.136 0.6000000238
18446  26.604  -71.808  -6.173 0.4000000060
18457  26.236  -72.202  -7.067 0.5000000000
129668  27.280  -71.765  -5.555 0.4000000060
21928  9.342  -69.571  8.018 0.3000000119
18445  27.581  -72.025  -6.348 0.4000000060
20123  14.137  -70.133  11.228 0.4000000060
21906  10.296  -68.454  9.558 0.3000000119
22896  8.130  -67.708  8.024 0.4000000060
124485  16.479  -69.198  11.441 0.4000000060
21875  14.334  -68.760  11.207 0.4000000060
21895  11.231  -68.129  10.180 0.3000000119
21894  11.758  -68.507  10.422 0.3000000119
123389  9.271  -68.325  8.763 0.3000000119
21916  9.689  -68.729  9.019 0.3000000119
21929  8.754  -68.732  8.178 0.3000000119
21874  15.124  -68.743  11.464 0.4000000060
141401  13.980  -68.160  11.084 0.4000000060
21885  12.711  -68.600  10.728 0.4000000060
22872  10.696  -67.535  9.539 0.3000000119
22873  10.167  -67.755  9.306 0.3000000119
23996  7.994  -66.126  4.829 0.4000000060
26170  8.133  -64.996  5.106 0.3000000119
26157  7.749  -64.529  5.461 0.3000000119
22882  9.804  -67.450  8.830 0.3000000119
22895  9.188  -67.253  8.174 0.3000000119
22856  14.058  -67.376  11.003 0.4000000060
22848  13.349  -67.957  10.792 0.4000000060
22857  12.518  -67.780  10.459 0.3000000119
22866  11.225  -67.473  9.831 0.3000000119
23938  11.246  -66.617  9.127 0.3000000119
23980  7.977  -66.762  5.310 0.3000000119
23939  10.449  -66.869  8.941 0.3000000119
25086  8.297  -65.419  4.888 0.3000000119
23947  10.031  -66.457  8.189 0.3000000119
129017  9.661  -64.950  4.370 0.4000000060
26169  8.724  -64.635  4.670 0.3000000119
26168  10.284  -64.264  3.939 0.3000000119
130125  9.414  -63.997  4.344 0.3000000119
23917  13.240  -67.139  10.476 0.4000000060
23930  12.432  -66.957  10.092 0.4000000060
23931  11.806  -66.830  9.638 0.3000000119
23979  8.852  -66.253  5.385 0.4000000060
23978  9.358  -66.353  6.276 0.3000000119
141004  9.490  -65.685  4.734 0.4000000060
25070  9.872  -65.925  5.295 0.4000000060
27183  10.003  -63.282  4.030 0.3000000119
23916  13.947  -66.522  10.465 0.4000000060
23929  13.133  -66.263  9.930 0.4000000060
25014  12.728  -65.725  9.185 0.4000000060
25027  11.764  -65.841  8.134 0.4000000060
23946  10.924  -66.098  8.153 0.3000000119
25053  11.263  -65.822  6.103 0.3000000119
25054  10.245  -65.948  6.180 0.3000000119
25069  10.837  -65.767  5.178 0.3000000119
25083  11.185  -65.411  4.340 0.5000000000
25084  10.296  -65.544  4.529 0.4000000060
26167  10.655  -64.934  4.019 0.4000000060
27182  10.592  -63.021  3.378 0.3000000119
25013  13.521  -65.463  9.449 0.4000000060
25026  12.501  -65.494  8.312 0.4000000060
25038  12.350  -65.394  7.340 0.3000000119
25051  13.064  -65.156  6.641 0.3000000119
26142  12.928  -65.226  5.521 0.3000000119
26155  13.614  -64.497  4.817 0.3000000119
25039  11.491  -65.647  7.178 0.3000000119
25052  12.202  -65.531  6.280 0.3000000119
25068  11.913  -65.587  5.079 0.3000000119
131698  12.663  -65.079  4.419 0.3000000119
26164  13.062  -64.407  3.708 0.3000000119
26165  12.199  -64.766  3.557 0.3000000119
26180  10.911  -64.445  3.469 0.3000000119
124351  10.060  -62.220  3.855 0.3000000119
24996  16.526  -65.324  10.674 0.3000000119
24997  15.600  -65.486  10.581 0.3000000119
25012  14.297  -65.178  9.768 0.3000000119
26119  14.643  -64.319  8.458 0.3000000119
26128  14.587  -64.264  7.496 0.3000000119
27169  14.409  -64.061  5.548 0.3000000119
26108  14.037  -64.860  8.978 0.3000000119
26120  13.925  -64.758  8.051 0.3000000119
26129  13.843  -64.713  7.069 0.3000000119
26141  13.757  -64.690  6.029 0.3000000119
139443  14.275  -63.777  4.723 0.3000000119
27181  13.862  -63.794  3.877 0.3000000119
26178  12.455  -64.150  3.104 0.3000000119
27195  12.183  -63.442  2.781 0.3000000119
27196  10.727  -63.791  3.300 0.3000000119
28101  10.915  -62.308  3.286 0.3000000119
134391  18.317  -65.441  10.917 0.3000000119
26094  16.040  -64.678  10.178 0.3000000119
26107  14.792  -64.483  9.343 0.3000000119
27145  15.227  -63.675  6.997 0.3000000119
27180  14.481  -63.111  4.273 0.3000000119
28099  13.861  -62.794  3.384 0.3000000119
28114  12.874  -62.658  2.796 0.3000000119
29040  10.331  -61.095  3.782 0.3000000119
27157  15.049  -63.544  6.079 0.3000000119
27168  14.804  -63.308  5.188 0.3000000119
28113  14.035  -61.957  3.505 0.3000000119
29052  12.461  -61.721  2.951 0.3000000119
28100  11.429  -61.543  3.329 0.3000000119
131768  11.083  -60.689  3.723 0.3000000119
27156  15.300  -62.810  5.755 0.3000000119
28098  14.471  -62.290  3.980 0.3000000119
28052  16.541  -62.416  7.624 0.3000000119
28085  15.688  -62.341  6.325 0.3000000119
141375  15.425  -62.194  5.571 0.3000000119
29024  14.743  -61.712  4.322 0.3000000119
29037  13.883  -61.211  3.590 0.3000000119
29967  12.967  -61.042  3.370 0.3000000119
29959  11.359  -60.020  3.859 0.3000000119
5915  22.489  -86.185  -4.227 0.5000000000
127526  21.080  -86.083  -5.209 0.5000000000
6712  21.726  -85.500  -5.703 0.4000000060
11528  17.133  -79.135  2.254 0.6999999881
11512  17.226  -79.314  3.597 0.6999999881
6739  17.988  -85.302  -8.199 0.4000000060
13278  19.718  -77.610  -0.524 0.6000000238
10677  15.151  -80.224  -1.325 0.5000000000
11576  14.887  -79.812  -3.620 0.6999999881
19396  23.339  -71.786  -2.686 0.5000000000
16398  20.557  -73.850  -4.771 0.6999999881
17276  11.522  -73.320  7.459 0.4000000060
18460  23.712  -72.913  -6.183 0.6000000238
19411  25.433  -71.631  -3.680 0.4000000060
15316  20.793  -74.883  -7.270 0.6000000238
16421  22.901  -74.175  -7.204 0.6000000238
19242  10.483  -71.572  8.746 0.3000000119
18447  25.608  -71.971  -6.329 0.4000000060
18458  25.483  -72.406  -7.032 0.4000000060
144933  15.219  -69.329  11.484 0.4000000060
24999  13.889  -65.827  10.038 0.3000000119
14254  21.119  -76.344  -7.997 0.5000000000
143841  19.426  -76.537  -8.022 0.5000000000
13347  18.728  -76.661  -8.053 0.6999999881
13349  17.435  -77.261  -7.973 0.6999999881
14255  19.371  -76.067  -7.480 0.6000000238
13339  17.696  -77.391  -7.264 0.6000000238
10763  14.265  -80.399  -8.132 0.6000000238
10753  14.673  -81.137  -6.878 0.6000000238
13358  17.640  -77.657  -8.518 0.6999999881
12490  16.380  -78.529  -8.366 0.6000000238
11609  15.061  -79.763  -7.894 0.6000000238
12481  16.879  -77.838  -8.169 0.6999999881
12482  16.361  -78.339  -7.862 0.6000000238
10752  14.651  -80.444  -7.479 0.6000000238
128830  22.050  -75.339  -7.722 0.5000000000
12491  17.701  -79.098  -9.083 0.6999999881
12492  16.835  -79.097  -8.788 0.6999999881
11619  16.497  -79.828  -8.698 0.6000000238
140976  14.789  -80.376  -8.423 0.6000000238
12488  18.169  -78.483  -9.051 0.6000000238
12489  17.214  -78.386  -8.748 0.6999999881
11615  15.123  -79.789  -8.255 0.6000000238
125036  19.806  -78.302  -8.861 0.6000000238
15330  22.842  -75.606  -8.071 0.5000000000
15331  21.285  -75.426  -7.669 0.5000000000
12487  19.206  -78.877  -9.019 0.6999999881
11618  17.319  -79.715  -8.844 0.6000000238
9893  15.035  -81.770  -8.570 0.6000000238
132439  24.319  -75.638  -8.436 0.5000000000
16433  22.443  -74.821  -7.544 0.5000000000
16429  26.266  -74.448  -8.664 0.5000000000
16432  23.482  -74.948  -7.921 0.5000000000
17477  27.186  -73.512  -8.389 0.4000000060
142327  14.661  -80.581  3.830 0.4000000060
11523  15.519  -79.965  2.669 0.4000000060
125716  14.307  -80.788  3.207 0.4000000060
11524  14.860  -80.333  2.434 0.5000000000
10631  13.725  -81.366  2.872 0.5000000000
17475  24.727  -73.806  -7.878 0.5000000000
10630  14.189  -81.058  2.088 0.5000000000
8197  12.680  -83.818  4.807 0.6000000238
17474  25.622  -73.704  -8.150 0.4000000060
10640  14.352  -81.062  1.095 0.5000000000
136525  13.690  -82.113  2.018 0.5000000000
8206  13.092  -83.004  3.631 0.5000000000
9775  13.466  -81.183  3.888 0.5000000000
9776  12.674  -81.586  4.507 0.5000000000
9783  13.258  -81.777  3.272 0.5000000000
133225  13.628  -81.761  2.320 0.5000000000
9784  12.906  -82.276  3.946 0.5000000000
8964  12.402  -82.896  4.738 0.5000000000
17468  25.055  -72.968  -7.476 0.5000000000
8972  13.395  -82.243  2.825 0.5000000000
16428  27.833  -74.208  -8.385 0.4000000060
18462  26.751  -72.758  -7.812 0.4000000060
18461  27.588  -72.763  -7.807 0.4000000060
11484  15.276  -79.660  6.256 0.5000000000
9771  11.524  -81.666  5.250 0.5000000000
18463  25.916  -72.897  -7.657 0.4000000060
11468  15.887  -79.094  6.447 0.5000000000
12329  15.078  -78.363  6.331 0.5000000000
12368  13.649  -77.865  5.459 0.5000000000
11469  15.089  -79.044  6.572 0.5000000000
12327  16.527  -78.497  6.403 0.5000000000
123557  16.505  -77.903  6.430 0.5000000000
13230  15.296  -77.500  5.701 0.5000000000
130507  14.159  -77.530  4.359 0.5000000000
13249  13.206  -77.838  4.275 0.4000000060
13228  16.585  -77.020  6.217 0.5000000000
127086  14.672  -77.401  5.043 0.6000000238
121866  13.184  -77.627  3.254 0.6000000238
142292  18.233  -77.189  6.831 0.5000000000
13229  15.946  -76.788  5.521 0.5000000000
13239  14.705  -76.911  3.959 0.6000000238
13254  13.536  -77.114  2.650 0.6000000238
121330  13.015  -77.268  1.954 0.6000000238
13261  12.324  -77.696  1.707 0.5000000000
13279  11.972  -77.174  -0.087 0.5000000000
13289  12.246  -77.170  -1.055 0.5000000000
14124  18.292  -76.373  7.021 0.5000000000
14125  17.508  -76.160  6.764 0.5000000000
14135  16.864  -76.207  6.289 0.5000000000
14136  16.263  -76.173  5.587 0.5000000000
14143  15.597  -76.231  4.930 0.6000000238
13247  14.238  -76.717  3.142 0.6000000238
14167  13.389  -76.623  1.737 0.6000000238
13260  12.873  -77.070  1.213 0.6000000238
14187  12.988  -76.982  -0.560 0.5000000000
18407  14.923  -72.469  -2.344 0.5000000000
14197  13.415  -76.172  -2.163 0.5000000000
15094  18.976  -75.888  7.334 0.5000000000
15095  17.728  -75.659  7.224 0.5000000000
15111  16.402  -75.735  5.861 0.6000000238
15112  15.758  -75.679  5.290 0.6000000238
144288  14.539  -75.494  3.818 0.6000000238
15141  14.156  -76.007  2.769 0.6000000238
136530  13.775  -76.452  2.513 0.6000000238
15179  13.657  -75.530  1.481 0.6000000238
14177  13.320  -76.564  0.729 0.6000000238
123850  13.417  -76.568  -0.171 0.5000000000
142361  13.491  -76.274  -1.498 0.5000000000
15235  13.814  -75.701  -1.498 0.5000000000
124813  14.099  -75.161  -1.294 0.5000000000
15252  13.860  -75.248  -2.347 0.5000000000
15234  14.094  -74.729  -2.037 0.5000000000
15097  16.049  -75.290  6.100 0.6000000238
15113  14.774  -75.336  5.081 0.6000000238
139626  14.614  -75.458  4.314 0.6000000238
16270  13.806  -74.889  3.097 0.6000000238
139951  13.990  -75.339  2.738 0.6000000238
15158  13.774  -75.426  2.128 0.6000000238
16292  13.607  -74.765  2.217 0.6000000238
128793  13.676  -75.306  0.690 0.5000000000
134893  13.692  -74.678  0.832 0.5000000000
15216  13.782  -75.848  -0.700 0.5000000000
17401  14.114  -73.816  -0.206 0.5000000000
16370  14.392  -74.293  -1.626 0.5000000000
17411  14.499  -73.585  -1.111 0.5000000000
18382  14.289  -72.636  -0.476 0.5000000000
19359  14.139  -70.581  -0.646 0.5000000000
122480  13.722  -75.031  5.008 0.6000000238
16271  13.009  -74.592  3.659 0.6000000238
16293  13.119  -74.299  2.739 0.6000000238
16337  13.760  -74.050  0.598 0.6000000238
126891  13.787  -72.384  0.277 0.6000000238
18390  14.072  -71.591  -0.158 0.5000000000
138474  13.470  -74.752  5.690 0.6000000238
17391  13.472  -73.550  1.152 0.6000000238
18383  13.463  -71.781  0.591 0.6000000238
19347  13.637  -70.855  0.157 0.5000000000
16212  12.599  -74.448  7.226 0.6000000238
16225  13.260  -74.689  6.409 0.6000000238
17323  12.518  -74.133  4.940 0.6000000238
123694  12.503  -73.830  3.324 0.6000000238
17392  12.804  -73.023  1.690 0.6000000238
18376  12.988  -71.990  1.365 0.5000000000
17295  12.363  -73.865  5.456 0.6000000238
17348  12.049  -73.265  3.885 0.6000000238
18331  11.705  -72.772  4.331 0.6000000238
18361  12.258  -72.856  2.305 0.6000000238
135628  11.653  -72.356  3.606 0.6000000238
19341  11.869  -71.407  2.155 0.5000000000
19301  11.259  -72.109  4.383 0.4000000060
11600  15.544  -79.963  -6.865 0.6000000238
12472  17.051  -77.793  -7.625 0.6999999881
16434  21.560  -74.828  -7.347 0.5000000000
17476  23.830  -74.002  -7.513 0.5000000000
15328  25.174  -75.749  -8.622 0.5000000000
16431  24.464  -74.769  -8.174 0.5000000000
126186  12.242  -82.179  4.869 0.6000000238
14144  15.073  -76.278  4.234 0.6000000238
15125  14.919  -75.894  3.858 0.6000000238
14176  13.622  -75.952  0.207 0.6000000238
16355  14.268  -74.561  -0.760 0.5000000000
16250  12.961  -74.700  4.566 0.6000000238
18362  12.055  -72.183  2.716 0.6000000238
19340  12.384  -71.242  1.570 0.6000000238
5897  23.371  -86.705  -3.616 0.4000000060
6693  26.485  -85.440  -4.323 0.5000000000
7506  26.188  -84.948  -4.943 0.5000000000
6694  25.837  -85.718  -4.477 0.4000000060
5913  24.495  -86.058  -4.331 0.4000000060
6695  24.056  -85.452  -4.743 0.4000000060
5914  23.652  -86.097  -4.247 0.4000000060
7505  26.959  -84.641  -4.850 0.5000000000
7504  27.692  -84.141  -4.660 0.5000000000
7517  25.553  -84.342  -5.678 0.5000000000
6710  23.617  -84.917  -5.448 0.5000000000
6696  23.127  -85.563  -4.832 0.4000000060
8276  27.446  -83.773  -5.489 0.5000000000
8286  26.960  -83.107  -6.213 0.5000000000
141858  24.864  -84.280  -5.984 0.5000000000
7518  24.208  -84.288  -6.416 0.5000000000
6711  22.685  -85.163  -5.586 0.4000000060
7519  23.174  -84.625  -6.431 0.4000000060
8287  26.028  -83.382  -6.418 0.5000000000
8301  25.531  -82.821  -7.337 0.5000000000
7530  25.058  -83.629  -6.702 0.5000000000
7531  24.380  -83.706  -7.701 0.5000000000
6723  22.269  -84.970  -6.578 0.4000000060
9095  15.717  -82.265  -8.262 0.5000000000
121714  16.562  -82.799  -7.705 0.4000000060
8314  17.665  -83.292  -7.744 0.4000000060
125536  18.501  -83.773  -8.302 0.4000000060
7553  18.770  -84.231  -8.632 0.4000000060
6751  18.927  -84.913  -8.616 0.4000000060
8302  24.935  -83.159  -7.772 0.5000000000
7543  20.601  -84.524  -8.449 0.4000000060
6737  20.152  -85.296  -8.095 0.4000000060
6736  21.255  -84.950  -7.994 0.4000000060
8306  24.408  -83.200  -8.178 0.4000000060
7540  23.827  -83.747  -8.266 0.5000000000
7534  21.990  -84.791  -7.519 0.4000000060
7533  22.766  -84.507  -7.488 0.4000000060
9094  17.003  -82.504  -7.770 0.4000000060
9093  19.848  -83.329  -8.299 0.4000000060
8312  20.344  -83.872  -8.708 0.4000000060
9878  24.959  -81.842  -6.906 0.4000000060
7551  21.567  -84.279  -8.322 0.4000000060
7542  22.323  -84.306  -8.096 0.4000000060
9078  24.365  -82.662  -8.156 0.4000000060
8307  23.697  -83.255  -8.401 0.4000000060
8308  22.873  -83.288  -8.489 0.4000000060
137747  23.183  -84.119  -8.085 0.4000000060
139506  15.803  -81.663  -8.609 0.5000000000
9891  16.456  -81.922  -8.276 0.4000000060
9084  17.677  -82.592  -7.608 0.4000000060
9070  18.452  -82.342  -7.165 0.4000000060
9083  19.256  -82.692  -7.302 0.4000000060
9092  20.961  -83.389  -8.443 0.4000000060
9081  21.460  -82.885  -8.119 0.4000000060
134365  21.316  -83.868  -8.559 0.4000000060
9065  23.615  -82.302  -7.513 0.4000000060
9066  22.615  -82.456  -7.534 0.4000000060
9091  21.972  -83.361  -8.502 0.4000000060
10777  16.174  -80.479  -8.677 0.5000000000
10772  16.979  -81.126  -8.476 0.5000000000
10776  16.866  -80.421  -8.671 0.6000000238
10762  17.538  -81.038  -7.967 0.5000000000
9068  19.915  -82.378  -6.577 0.4000000060
132147  21.623  -82.414  -6.315 0.4000000060
9048  21.984  -82.233  -5.204 0.4000000060
10751  18.058  -81.002  -7.296 0.4000000060
142213  18.144  -79.884  -8.745 0.5000000000
9880  18.632  -81.458  -6.732 0.4000000060
9051  19.837  -81.842  -5.843 0.4000000060
10750  18.633  -80.620  -7.002 0.5000000000
10737  19.227  -80.968  -6.210 0.4000000060
9867  19.377  -81.473  -6.162 0.4000000060
9050  20.333  -81.834  -5.117 0.4000000060
11607  19.049  -79.921  -7.880 0.6000000238
10770  18.705  -79.573  -8.757 0.6000000238
130995  20.152  -80.023  -6.142 0.5000000000
11583  20.471  -80.139  -5.213 0.4000000060
133954  17.962  -77.014  -8.209 0.5000000000
15078  16.236  -75.197  7.115 0.5000000000
16224  14.248  -74.843  6.667 0.5000000000
16211  13.464  -74.723  7.433 0.5000000000
16223  15.298  -74.954  6.823 0.5000000000
15098  15.140  -75.013  5.862 0.5000000000
7516  26.585  -84.114  -5.605 0.5000000000
137982  25.450  -85.091  -4.969 0.5000000000
8309  18.637  -83.204  -7.931 0.4000000060
9079  23.333  -82.809  -8.306 0.4000000060
9885  17.858  -81.739  -7.401 0.4000000060
9069  19.204  -82.039  -6.539 0.4000000060
9067  20.911  -82.565  -7.041 0.4000000060
136657  21.819  -82.575  -7.581 0.4000000060
10761  18.104  -80.247  -7.971 0.5000000000
134421  20.530  -82.278  -5.862 0.4000000060
141362  19.889  -79.639  -7.892 0.6000000238
122057  20.136  -80.789  -4.967 0.5000000000
137849  27.834  -76.205  -5.901 0.3000000119
126602  26.499  -76.161  -6.713 0.3000000119
15314  26.895  -76.366  -7.743 0.3000000119
16409  27.579  -76.342  -6.965 0.3000000119
15279  29.425  -76.043  -5.727 0.3000000119
120778  28.989  -75.827  -4.473 0.3000000119
15301  25.498  -75.994  -6.143 0.3000000119
15315  25.562  -76.951  -7.147 0.4000000060
14241  25.471  -77.176  -7.963 0.4000000060
15299  26.956  -75.699  -5.848 0.3000000119
14250  25.035  -77.124  -8.435 0.4000000060
14240  26.142  -76.773  -7.656 0.4000000060
15329  23.746  -76.075  -8.458 0.4000000060
14253  22.234  -76.263  -8.152 0.4000000060
15281  27.525  -75.722  -4.779 0.3000000119
122608  27.580  -76.268  -7.835 0.3000000119
15327  25.989  -75.587  -8.805 0.4000000060
124422  29.955  -76.585  -6.888 0.3000000119
15325  27.910  -75.897  -8.181 0.3000000119
13337  24.174  -78.169  -7.487 0.4000000060
12469  23.596  -78.596  -7.996 0.4000000060
12484  22.166  -78.598  -8.515 0.4000000060
13354  21.697  -78.121  -8.602 0.4000000060
128386  25.169  -77.321  -7.296 0.4000000060
13345  24.074  -78.095  -8.423 0.4000000060
13353  22.806  -78.182  -8.853 0.4000000060
14259  22.020  -77.327  -8.504 0.4000000060
15300  26.162  -75.688  -5.630 0.3000000119
13344  24.741  -77.596  -7.969 0.4000000060
13352  23.664  -77.845  -8.797 0.4000000060
13356  19.761  -77.265  -8.456 0.4000000060
15282  26.483  -75.392  -4.645 0.3000000119
14251  23.866  -77.092  -8.766 0.4000000060
15264  27.764  -75.369  -3.748 0.3000000119
15335  26.660  -75.387  -8.683 0.4000000060
130980  22.877  -78.898  -6.261 0.4000000060
11598  21.348  -79.333  -7.555 0.4000000060
124121  23.406  -78.692  -5.399 0.4000000060
12460  23.512  -78.566  -6.810 0.4000000060
12470  22.905  -78.968  -7.341 0.4000000060
11606  20.733  -79.202  -8.304 0.4000000060
15266  25.182  -75.406  -3.908 0.3000000119
13327  24.456  -77.299  -5.591 0.4000000060
16378  26.416  -74.949  -2.747 0.3000000119
16388  26.448  -75.037  -3.643 0.3000000119
14260  20.911  -77.314  -8.344 0.4000000060
15247  27.977  -75.077  -3.040 0.3000000119
123532  20.389  -79.620  -7.145 0.4000000060
11590  22.115  -79.303  -6.491 0.4000000060
16435  27.071  -74.529  -8.626 0.3000000119
15333  28.399  -75.075  -8.153 0.3000000119
15334  27.273  -75.444  -8.509 0.3000000119
13357  18.756  -77.696  -8.701 0.4000000060
12486  20.304  -78.879  -8.797 0.4000000060
11613  19.710  -79.336  -8.615 0.4000000060
127170  21.051  -79.600  -6.381 0.4000000060
15298  28.679  -76.272  -6.586 0.3000000119
13336  24.667  -77.591  -6.817 0.4000000060
14249  25.745  -76.584  -8.523 0.4000000060
13351  24.358  -77.433  -8.598 0.4000000060
14257  24.700  -76.665  -8.648 0.4000000060
14258  23.065  -77.335  -8.762 0.4000000060
14256  26.384  -76.104  -8.601 0.4000000060
13328  24.001  -78.035  -6.176 0.4000000060
12479  22.792  -78.780  -8.361 0.4000000060
13346  23.458  -78.338  -8.626 0.4000000060
15284  25.143  -75.839  -4.888 0.3000000119
16397  25.833  -75.134  -4.054 0.3000000119
14223  24.729  -76.426  -4.939 0.3000000119
16389  25.759  -75.099  -3.287 0.3000000119
5866  25.997  -86.846  -1.400 0.3000000119
5119  26.792  -87.594  -0.897 0.3000000119
5873  25.440  -85.932  -1.798 0.3000000119
5120  26.177  -87.073  -0.639 0.3000000119
5872  25.820  -86.444  -2.087 0.3000000119
5129  26.214  -87.292  -1.677 0.3000000119
7471  25.495  -84.786  -1.636 0.3000000119
7472  24.531  -84.902  -1.129 0.3000000119
5867  25.328  -86.394  -1.225 0.3000000119
7470  26.471  -84.377  -2.090 0.3000000119
6657  25.830  -85.478  -2.146 0.3000000119
5895  25.363  -86.716  -3.521 0.3000000119
135665  25.203  -84.407  -0.111 0.3000000119
126242  24.347  -84.649  -0.539 0.3000000119
7460  25.953  -84.240  -1.312 0.3000000119
7461  25.087  -84.469  -1.032 0.3000000119
5868  24.327  -85.984  -1.024 0.3000000119
6670  26.420  -85.624  -2.926 0.3000000119
7494  27.017  -84.875  -4.107 0.3000000119
6684  26.125  -86.293  -3.889 0.3000000119
8231  26.674  -83.971  -1.470 0.3000000119
6671  26.213  -84.947  -2.371 0.3000000119
8256  27.340  -84.028  -2.709 0.3000000119
7483  27.633  -84.204  -3.738 0.3000000119
6683  26.557  -85.639  -3.681 0.3000000119
9861  27.958  -81.555  -6.176 0.4000000060
8275  28.208  -83.256  -5.345 0.4000000060
4433  25.215  -87.753  3.758 0.3000000119
4411  25.677  -88.128  5.329 0.3000000119
5121  25.117  -86.722  -0.465 0.3000000119
5106  25.951  -87.329  0.244 0.3000000119
6634  22.729  -85.221  0.605 0.3000000119
5837  22.931  -86.365  0.947 0.3000000119
5084  23.908  -87.365  2.061 0.3000000119
124566  24.498  -87.632  2.946 0.3000000119
4423  25.989  -87.946  4.462 0.3000000119
7429  24.626  -84.498  1.325 0.3000000119
5854  23.313  -86.005  0.135 0.3000000119
127056  23.529  -86.990  1.329 0.3000000119
5070  25.598  -87.769  2.945 0.3000000119
4432  26.224  -87.914  3.668 0.3000000119
7462  23.759  -85.036  -0.528 0.3000000119
5853  24.003  -86.363  -0.275 0.3000000119
5095  25.558  -87.456  1.224 0.3000000119
5083  26.279  -87.814  2.117 0.3000000119
5107  24.751  -87.022  0.420 0.3000000119
5094  26.787  -87.765  0.999 0.3000000119
5136  25.817  -86.993  -2.388 0.3000000119
7447  24.431  -84.512  0.338 0.3000000119
7484  26.806  -84.816  -3.155 0.3000000119
5071  24.106  -87.700  3.886 0.3000000119
125371  27.164  -88.053  1.759 0.3000000119
7449  23.168  -84.924  0.193 0.3000000119
5085  22.972  -86.943  1.831 0.3000000119
5108  23.725  -86.707  0.595 0.3000000119
120771  25.006  -87.582  2.109 0.3000000119
123709  27.153  -88.423  2.570 0.3000000119
8266  28.489  -83.388  -4.316 0.3000000119
127823  25.112  -80.952  -1.504 0.3000000119
144474  25.702  -80.845  -1.218 0.3000000119
122019  26.447  -80.655  -3.054 0.3000000119
10723  26.363  -81.067  -4.735 0.4000000060
9851  25.751  -81.387  -5.199 0.4000000060
132758  26.382  -81.601  -6.658 0.3000000119
9063  25.678  -82.274  -7.377 0.3000000119
10690  24.381  -81.216  -2.022 0.3000000119
9824  24.848  -81.362  -2.996 0.4000000060
9852  24.733  -81.645  -4.853 0.4000000060
9865  23.836  -81.886  -5.088 0.4000000060
139810  24.452  -82.147  -7.460 0.3000000119
9037  22.288  -82.053  -4.273 0.4000000060
9036  22.964  -82.013  -5.239 0.4000000060
125454  22.765  -82.193  -6.345 0.3000000119
9049  21.033  -82.274  -5.114 0.3000000119
10645  26.576  -80.676  0.623 0.3000000119
10661  25.796  -80.672  0.082 0.3000000119
126442  26.437  -80.675  -1.987 0.4000000060
10705  27.117  -80.656  -4.154 0.3000000119
9850  26.692  -81.231  -5.980 0.3000000119
9849  27.695  -81.170  -5.953 0.3000000119
121492  24.637  -80.680  0.528 0.3000000119
138634  23.962  -80.739  0.127 0.3000000119
10675  23.880  -80.974  -0.962 0.3000000119
9813  23.363  -81.258  -1.864 0.3000000119
9825  23.770  -81.609  -2.581 0.3000000119
9853  23.606  -81.705  -4.004 0.4000000060
10676  23.294  -80.761  -1.302 0.3000000119
9814  22.771  -81.122  -1.975 0.3000000119
9826  22.870  -81.706  -2.517 0.3000000119
126391  22.689  -81.980  -3.368 0.4000000060
143577  23.061  -81.956  -4.339 0.4000000060
140500  21.827  -80.755  -2.600 0.3000000119
9840  21.805  -81.778  -3.545 0.4000000060
9038  21.452  -82.012  -4.399 0.4000000060
11582  21.063  -80.015  -4.385 0.3000000119
10708  21.133  -80.581  -3.829 0.4000000060
9854  21.090  -81.555  -4.077 0.4000000060
9039  20.815  -81.858  -4.596 0.4000000060
11581  21.862  -79.533  -4.368 0.3000000119
10724  20.614  -80.647  -4.454 0.4000000060
11591  21.389  -79.550  -5.276 0.3000000119
8961  29.204  -82.721  3.213 0.3000000119
9779  29.419  -81.993  1.953 0.3000000119
9787  29.785  -81.743  1.242 0.3000000119
9794  29.545  -81.037  -0.170 0.3000000119
10626  26.632  -81.060  1.983 0.3000000119
10635  27.181  -80.827  1.186 0.3000000119
10644  27.734  -80.653  0.245 0.3000000119
10657  29.472  -80.624  -1.070 0.3000000119
120700  24.609  -80.298  2.125 0.3000000119
10627  25.774  -80.824  2.164 0.3000000119
10659  27.831  -80.397  -0.628 0.3000000119
10673  28.379  -80.143  -2.169 0.3000000119
10687  28.388  -80.041  -3.098 0.3000000119
10720  29.064  -80.719  -4.597 0.3000000119
128919  28.325  -81.240  -5.734 0.3000000119
9034  29.017  -81.690  -5.302 0.3000000119
8274  28.769  -82.590  -5.136 0.3000000119
10638  24.371  -80.356  1.502 0.3000000119
11568  21.830  -79.913  -2.744 0.3000000119
10707  21.463  -80.593  -3.111 0.3000000119
12435  22.489  -79.168  -2.842 0.3000000119
11574  21.488  -79.977  -3.571 0.3000000119
12453  23.404  -78.594  -4.238 0.3000000119
12461  22.434  -79.186  -5.331 0.3000000119
8953  28.854  -82.940  4.243 0.3000000119
8962  28.324  -82.268  2.909 0.3000000119
130766  27.933  -81.713  2.374 0.3000000119
9795  29.147  -81.261  0.747 0.3000000119
9781  27.003  -81.384  2.622 0.3000000119
10634  28.171  -80.987  0.989 0.3000000119
9024  29.391  -82.273  -4.479 0.3000000119
8183  29.367  -83.397  4.985 0.3000000119
8963  28.145  -82.552  3.745 0.3000000119
8955  27.409  -82.176  4.536 0.3000000119
9773  27.397  -81.838  3.433 0.3000000119
9782  26.037  -80.979  2.789 0.3000000119
124454  28.640  -82.902  5.099 0.3000000119
8951  27.625  -82.260  5.350 0.3000000119
9770  26.601  -81.601  4.518 0.3000000119
9774  26.362  -81.256  3.586 0.3000000119
9035  28.396  -82.143  -5.866 0.3000000119
9047  27.273  -82.110  -6.501 0.3000000119
9062  26.422  -81.907  -6.905 0.3000000119
9863  25.610  -81.452  -6.290 0.3000000119
9879  23.882  -81.895  -6.403 0.4000000060
9855  20.464  -81.290  -4.611 0.4000000060
13321  24.083  -78.174  -4.894 0.3000000119
121659  24.974  -80.761  -0.523 0.3000000119
10689  25.524  -81.007  -2.495 0.3000000119
126411  26.235  -80.728  -0.882 0.3000000119
9837  25.272  -81.239  -4.124 0.4000000060
9864  24.592  -81.559  -5.987 0.4000000060
10646  25.435  -80.685  0.969 0.3000000119
10660  26.968  -80.633  -0.316 0.3000000119
128363  27.595  -80.222  -2.359 0.3000000119
10674  27.418  -80.395  -1.367 0.3000000119
10704  28.268  -80.424  -4.016 0.4000000060
10721  28.209  -80.867  -5.124 0.3000000119
10647  24.051  -80.538  0.869 0.3000000119
10648  23.769  -80.393  0.473 0.3000000119
10662  23.625  -80.534  -0.340 0.3000000119
130322  22.261  -81.734  -2.883 0.4000000060
11573  22.137  -79.410  -3.528 0.3000000119
10643  28.625  -80.849  0.275 0.3000000119
10658  28.624  -80.538  -0.529 0.3000000119
10672  29.199  -80.367  -1.874 0.3000000119
12444  23.172  -78.519  -3.215 0.3000000119
5096  24.370  -87.259  1.288 0.3000000119
5855  22.851  -85.695  0.491 0.3000000119
5874  24.797  -85.672  -1.394 0.3000000119
5884  26.113  -86.258  -2.675 0.3000000119
5912  25.308  -86.291  -4.155 0.4000000060
6645  24.248  -85.322  -1.082 0.3000000119
6646  23.222  -85.341  0.029 0.3000000119
6658  24.970  -85.215  -1.518 0.3000000119
6709  24.643  -84.788  -5.314 0.4000000060
7448  23.716  -84.742  -0.062 0.3000000119
7521  16.100  -83.417  -5.879 0.6000000238
7532  23.637  -84.206  -7.568 0.4000000060
7541  23.111  -83.705  -8.318 0.4000000060
7545  16.943  -84.090  -7.387 0.5000000000
7550  22.241  -83.752  -8.393 0.4000000060
7552  19.680  -84.402  -8.703 0.4000000060
8245  17.372  -83.882  -1.841 0.5000000000
8258  15.274  -83.050  -2.918 0.6000000238
8285  27.785  -82.750  -6.047 0.5000000000
8300  26.320  -82.473  -6.876 0.5000000000
8305  25.061  -82.700  -7.912 0.5000000000
8310  16.381  -83.339  -7.348 0.5000000000
8311  15.120  -82.696  -7.783 0.6000000238
8313  19.349  -83.816  -8.553 0.4000000060
8950  28.154  -82.570  5.693 0.3000000119
8954  28.128  -82.589  4.742 0.3000000119
8956  11.614  -82.675  5.253 0.6000000238
8971  29.117  -82.220  2.548 0.3000000119
9040  14.252  -82.298  -4.419 0.6999999881
9046  28.529  -81.428  -5.710 0.4000000060
9052  14.396  -82.346  -5.901 0.6999999881
9064  25.155  -82.300  -7.645 0.4000000060
9080  22.403  -82.888  -8.265 0.4000000060
9082  20.374  -82.829  -7.798 0.4000000060
9085  14.625  -82.470  -7.950 0.6999999881
9086  14.242  -81.962  -7.866 0.6999999881
9780  28.700  -81.879  2.275 0.3000000119
9788  28.672  -81.492  1.619 0.3000000119
9789  27.618  -81.214  1.772 0.3000000119
9796  14.661  -81.554  -0.012 0.5000000000
9827  22.271  -81.315  -2.465 0.4000000060
9828  21.760  -81.326  -2.927 0.4000000060
9838  24.229  -81.553  -3.553 0.4000000060
9839  23.369  -81.912  -3.055 0.4000000060
9841  21.295  -81.196  -3.512 0.4000000060
9842  20.871  -81.076  -4.049 0.4000000060
9843  14.267  -81.972  -3.695 0.6000000238
9848  29.009  -81.173  -5.158 0.3000000119
9862  27.105  -81.583  -6.397 0.3000000119
9866  19.825  -81.247  -5.416 0.5000000000
9877  25.792  -81.834  -7.160 0.3000000119
9886  17.159  -81.853  -7.986 0.5000000000
9887  14.372  -81.487  -7.393 0.6999999881
9892  16.311  -81.130  -8.648 0.5000000000
9894  14.331  -81.869  -8.270 0.6000000238
10629  24.595  -80.045  2.597 0.3000000119
10636  26.126  -80.772  1.465 0.3000000119
10637  25.055  -80.640  1.766 0.3000000119
10688  27.358  -80.291  -3.114 0.3000000119
10693  14.675  -81.121  -2.508 0.6000000238
10703  29.285  -80.290  -3.850 0.3000000119
10706  25.915  -80.975  -3.568 0.4000000060
10722  27.291  -80.915  -5.323 0.3000000119
10736  19.805  -80.609  -5.674 0.4000000060
10749  19.478  -80.196  -6.740 0.5000000000
10764  14.088  -80.820  -7.807 0.6000000238
10771  17.582  -80.250  -8.611 0.6000000238
10773  15.399  -80.929  -8.686 0.5000000000
10774  14.363  -81.014  -8.417 0.6000000238
10778  15.625  -80.086  -8.557 0.6000000238
11470  14.268  -78.777  6.466 0.5000000000
11482  16.982  -79.359  5.385 0.6000000238
11485  14.441  -79.600  6.471 0.5000000000
11504  15.546  -80.024  5.323 0.5000000000
11514  15.792  -80.149  4.157 0.6000000238
11592  16.167  -79.305  -6.243 0.6999999881
11599  16.011  -79.185  -7.401 0.6000000238
11608  15.793  -79.123  -8.064 0.6000000238
11614  16.009  -79.345  -8.424 0.6000000238
11616  18.423  -79.172  -9.101 0.6999999881
11617  18.061  -79.656  -8.999 0.6000000238
12328  15.778  -78.521  6.434 0.5000000000
12349  18.229  -78.530  5.469 0.6000000238
12351  16.653  -79.026  6.138 0.5000000000
12352  14.320  -78.041  6.049 0.5000000000
12377  17.844  -79.129  3.999 0.6999999881
12385  17.538  -78.794  3.017 0.6999999881
12391  18.220  -78.358  1.645 0.6000000238
12399  19.052  -77.963  0.637 0.6000000238
12407  19.014  -77.867  -0.051 0.6000000238
12421  19.144  -78.015  -0.774 0.6000000238
12436  18.244  -78.080  -2.255 0.6000000238
12445  22.776  -78.941  -3.613 0.3000000119
12447  17.369  -78.405  -3.416 0.6999999881
12454  22.746  -79.102  -4.401 0.3000000119
12471  22.184  -79.196  -7.635 0.4000000060
12480  21.835  -79.060  -8.319 0.4000000060
12485  21.292  -78.749  -8.517 0.4000000060
13208  18.572  -77.482  6.556 0.6000000238
13209  17.922  -77.717  6.669 0.6000000238
13210  17.420  -77.251  6.618 0.5000000000
13211  15.873  -77.760  6.258 0.5000000000
13238  15.290  -76.728  4.819 0.6000000238
13246  19.049  -78.062  3.963 0.6999999881
13248  13.992  -77.384  3.500 0.6000000238
13268  19.976  -76.959  0.977 0.6999999881
13269  12.941  -77.038  0.309 0.6000000238
13270  12.168  -77.255  0.838 0.5000000000
13348  18.054  -76.859  -7.713 0.6999999881
13355  20.676  -78.182  -8.640 0.6000000238
14142  20.243  -76.617  4.431 0.6999999881
14150  14.646  -76.265  3.545 0.6000000238
14157  13.709  -75.989  1.971 0.6000000238
14166  13.581  -76.002  1.133 0.6000000238
14198  13.014  -76.781  -1.476 0.5000000000
14233  24.935  -76.536  -6.286 0.4000000060
14248  26.462  -76.448  -8.294 0.4000000060
14252  23.184  -76.507  -8.504 0.4000000060
15076  18.893  -74.971  7.719 0.4000000060
15096  16.868  -75.621  6.607 0.6000000238
15123  20.485  -75.493  4.517 0.6999999881
15124  15.282  -75.903  4.482 0.6000000238
15126  13.931  -75.060  3.959 0.6000000238
15140  20.470  -75.539  3.840 0.6999999881
15157  20.395  -75.344  2.570 0.6999999881
15177  20.331  -75.332  1.872 0.8000000119
15215  13.883  -75.284  -0.355 0.5000000000
15251  14.166  -74.409  -3.031 0.5000000000
15265  27.072  -75.224  -3.969 0.3000000119
15268  20.232  -75.611  -3.616 0.6999999881
15283  25.689  -75.582  -4.807 0.3000000119
15285  20.154  -75.199  -4.507 0.6999999881
15326  27.037  -76.073  -8.333 0.4000000060
16173  16.271  -74.144  9.431 0.5000000000
16194  13.838  -74.286  8.436 0.5000000000
16209  15.544  -74.815  7.816 0.5000000000
16222  20.006  -74.254  6.666 0.6000000238
16226  12.374  -74.027  6.271 0.6000000238
16236  14.079  -74.899  5.789 0.5000000000
16237  12.922  -74.482  5.504 0.6000000238
16248  20.371  -74.842  4.189 0.6000000238
16316  13.672  -74.982  1.467 0.6000000238
16317  13.528  -74.369  1.320 0.6000000238
16335  19.950  -74.450  0.608 0.8000000119
16336  13.870  -74.657  0.103 0.5000000000
16377  27.224  -74.899  -3.123 0.3000000119
16410  20.900  -73.864  -5.783 0.6000000238
16411  20.507  -74.226  -5.511 0.6999999881
16423  21.048  -74.441  -6.636 0.6000000238
16430  25.381  -74.671  -8.488 0.5000000000
17232  13.926  -73.056  10.398 0.4000000060
17247  15.717  -73.806  9.684 0.4000000060
17249  13.452  -73.695  9.168 0.4000000060
17285  11.665  -73.305  6.549 0.6000000238
17324  12.153  -73.372  4.832 0.6000000238
17372  13.051  -74.023  1.848 0.6000000238
17373  12.515  -73.580  2.433 0.6000000238
17400  18.575  -72.766  0.521 0.8000000119
17402  13.805  -73.197  0.397 0.6000000238
17409  19.568  -73.237  -0.795 0.6000000238
17423  20.067  -73.243  -2.388 0.6000000238
17430  20.502  -73.311  -3.044 0.6999999881
17442  20.993  -72.650  -4.827 0.6999999881
17455  22.767  -73.136  -5.869 0.6000000238
17473  27.935  -73.427  -8.134 0.4000000060
18237  11.698  -72.326  9.688 0.4000000060
18247  11.901  -73.019  9.057 0.4000000060
18263  10.642  -72.033  7.345 0.4000000060
18274  11.150  -72.621  6.942 0.4000000060
18344  12.183  -73.008  3.052 0.6000000238
18375  13.431  -72.654  0.969 0.6000000238
18377  12.313  -72.182  1.940 0.6000000238
18389  18.822  -72.114  -0.163 0.6999999881
18394  20.614  -72.300  -2.114 0.6000000238
18396  14.748  -72.517  -1.577 0.5000000000
18450  22.122  -72.703  -5.243 0.6000000238
18456  27.145  -72.161  -7.144 0.5000000000
19243  10.157  -71.473  7.933 0.3000000119
19329  11.691  -71.385  3.072 0.5000000000
19376  21.173  -71.892  -1.546 0.6000000238
19380  14.397  -70.292  -1.458 0.5000000000
19414  22.274  -72.191  -3.429 0.6000000238
19427  25.173  -71.855  -4.586 0.4000000060
20978  15.364  -69.813  11.518 0.4000000060
20979  14.728  -69.508  11.401 0.4000000060
21884  13.556  -68.701  10.984 0.4000000060
21905  10.781  -68.234  9.963 0.3000000119
21930  7.821  -68.505  7.639 0.4000000060
22847  14.601  -68.028  11.336 0.4000000060
22865  11.748  -67.589  10.164 0.3000000119
23894  14.830  -67.351  11.295 0.4000000060
23937  12.005  -66.080  9.018 0.4000000060
24995  17.545  -65.157  10.718 0.3000000119
24998  14.651  -65.781  10.450 0.3000000119
25011  15.095  -64.869  10.089 0.3000000119
25025  13.238  -65.130  8.646 0.4000000060
25082  11.898  -65.254  4.130 0.5000000000
25085  8.824  -65.409  4.825 0.4000000060
26140  14.529  -64.206  6.525 0.3000000119
26166  11.387  -64.898  3.641 0.3000000119
26179  11.545  -64.186  3.045 0.3000000119
27144  15.587  -62.971  6.618 0.3000000119
27194  13.135  -63.619  3.101 0.3000000119
28086  14.984  -62.451  4.849 0.3000000119
28115  11.838  -62.492  2.834 0.3000000119
28116  11.231  -63.250  2.881 0.3000000119
29036  14.354  -61.675  3.811 0.3000000119
29039  11.946  -60.874  3.501 0.3000000119
29051  13.422  -61.871  3.083 0.3000000119
121473  20.115  -75.792  5.899 0.6000000238
121597  20.099  -76.439  -7.989 0.5000000000
121907  24.600  -80.598  1.163 0.3000000119
122623  23.137  -87.462  3.870 0.3000000119
124211  24.233  -71.760  -2.863 0.5000000000
124445  14.359  -82.441  -5.162 0.6999999881
125049  24.975  -85.572  -4.625 0.5000000000
125250  14.165  -80.769  4.248 0.4000000060
125913  15.701  -69.253  11.488 0.4000000060
126567  19.388  -73.951  4.235 0.5000000000
126573  21.154  -72.583  -3.752 0.6000000238
126664  19.499  -74.060  2.093 0.8000000119
129141  14.579  -82.671  -4.239 0.6999999881
129347  24.698  -75.840  -4.163 0.3000000119
129848  14.781  -80.962  -1.612 0.5000000000
129874  20.197  -75.811  -0.086 0.6999999881
130596  23.722  -85.611  -0.550 0.3000000119
131612  16.852  -84.522  -7.138 0.5000000000
131792  26.429  -73.520  -8.323 0.4000000060
133167  15.698  -82.678  -0.320 0.5000000000
134834  28.373  -80.279  -1.270 0.3000000119
135190  12.471  -74.046  4.212 0.6000000238
136401  10.918  -71.759  5.827 0.4000000060
137460  12.224  -73.548  8.613 0.4000000060
137983  27.700  -75.051  -8.442 0.3000000119
137991  7.558  -65.234  5.242 0.3000000119
138012  13.498  -76.388  -0.967 0.5000000000
138417  14.391  -75.579  3.361 0.6000000238
139572  12.387  -66.363  9.573 0.3000000119
140319  15.747  -83.020  -7.265 0.5000000000
140808  20.558  -74.453  -6.171 0.6000000238
141946  23.961  -72.084  -4.107 0.5000000000
142029  13.937  -75.188  -1.766 0.5000000000
142067  28.900  -80.396  -1.165 0.3000000119
142627  16.959  -78.630  6.265 0.6000000238
142672  16.914  -77.989  6.499 0.5000000000
143194  24.964  -75.948  -5.686 0.4000000060
143214  26.714  -73.944  -8.575 0.4000000060
143405  19.654  -72.704  -1.493 0.6000000238
143736  21.800  -85.935  -4.859 0.5000000000
144291  27.921  -82.082  -6.251 0.5000000000
144433  21.717  -79.362  -7.036 0.4000000060
