#!ascii label  , from subject sub-v1s8x0051332_ses-1 vox2ras=TkReg
1088
168479  11.412  -11.629  88.230 0.0000000000
191273  1.938  -21.399  70.712 0.0000000000
68820  0.253  -16.653  88.851 0.0000000000
74954  -0.749  -11.743  80.736 0.0000000000
74984  5.075  -11.325  74.600 0.0000000000
72494  5.391  -13.326  91.605 0.0000000000
76071  2.108  -10.129  88.543 0.0000000000
70108  15.328  -15.268  88.495 0.0000000000
68805  9.740  -16.207  89.500 0.0000000000
67600  4.300  -17.815  88.967 0.0000000000
82861  0.615  -4.765  82.076 0.0000000000
76179  0.054  -10.553  76.610 0.0000000000
84159  4.127  -3.221  77.000 0.0000000000
65335  -0.586  -19.759  83.704 0.0000000000
66516  0.494  -17.917  80.308 0.0000000000
71386  -0.823  -14.205  84.684 0.0000000000
79496  0.210  -7.679  85.361 0.0000000000
68913  0.880  -16.527  75.931 0.0000000000
71512  0.054  -15.073  71.344 0.0000000000
70263  5.435  -15.324  69.599 0.0000000000
162239  3.195  -11.415  70.192 0.0000000000
74851  9.063  -11.912  90.450 0.0000000000
76053  6.398  -10.750  89.062 0.0000000000
176767  13.782  -13.565  89.242 0.0000000000
70101  12.834  -15.757  89.297 0.0000000000
173021  11.214  -13.745  90.483 0.0000000000
71356  8.049  -14.650  91.200 0.0000000000
84147  1.834  -3.994  79.199 0.0000000000
66449  -0.876  -18.409  86.047 0.0000000000
169302  -0.503  -17.198  84.418 0.0000000000
71378  -0.588  -15.014  86.935 0.0000000000
77270  3.549  -9.197  86.201 0.0000000000
77261  0.784  -9.541  87.230 0.0000000000
189017  2.371  -17.501  89.537 0.0000000000
65307  2.386  -19.602  87.772 0.0000000000
66432  0.229  -18.620  88.038 0.0000000000
64230  -0.269  -20.666  85.681 0.0000000000
168281  0.026  -15.128  80.391 0.0000000000
67700  1.789  -16.888  78.106 0.0000000000
71446  -0.315  -14.284  78.004 0.0000000000
76189  2.314  -10.511  75.773 0.0000000000
72621  0.157  -13.576  73.968 0.0000000000
73821  2.054  -12.828  72.896 0.0000000000
71529  1.786  -14.926  70.008 0.0000000000
72646  5.328  -12.984  72.380 0.0000000000
70097  2.508  -14.771  90.952 0.0000000000
72509  0.383  -13.565  89.396 0.0000000000
74856  3.182  -11.451  90.331 0.0000000000
76084  5.506  -10.384  87.200 0.0000000000
67614  16.859  -16.857  85.991 0.0000000000
66465  15.849  -17.474  83.559 0.0000000000
67616  14.504  -17.129  86.522 0.0000000000
67619  11.318  -17.298  86.686 0.0000000000
166631  7.013  -16.486  89.331 0.0000000000
68799  4.463  -16.095  90.501 0.0000000000
78444  -0.658  -8.160  81.318 0.0000000000
167065  -0.698  -11.043  78.628 0.0000000000
79518  -0.018  -7.688  79.161 0.0000000000
80615  2.031  -6.996  77.229 0.0000000000
79540  4.080  -7.390  75.517 0.0000000000
175671  14.242  -11.754  87.005 0.0000000000
70127  20.707  -15.469  83.970 0.0000000000
71376  22.642  -14.390  85.952 0.0000000000
70106  17.983  -15.001  87.950 0.0000000000
72517  15.721  -13.557  88.422 0.0000000000
63168  -0.568  -21.647  81.377 0.0000000000
64301  -0.209  -20.501  79.566 0.0000000000
66489  -0.350  -18.326  82.428 0.0000000000
68852  -0.327  -15.987  82.913 0.0000000000
72552  -0.818  -13.059  82.649 0.0000000000
74898  -0.436  -11.763  87.770 0.0000000000
76117  -0.671  -10.939  85.132 0.0000000000
77303  -0.680  -9.360  83.266 0.0000000000
81706  -0.231  -6.128  83.795 0.0000000000
64328  0.748  -20.511  77.547 0.0000000000
65433  2.538  -19.140  75.610 0.0000000000
65466  2.053  -18.957  73.355 0.0000000000
175222  -0.254  -13.842  76.217 0.0000000000
191436  -0.253  -16.213  73.890 0.0000000000
189565  -0.292  -17.813  71.451 0.0000000000
70287  -0.093  -16.252  69.150 0.0000000000
69022  1.960  -16.468  67.201 0.0000000000
84202  5.613  -4.173  73.137 0.0000000000
80640  5.159  -7.390  72.434 0.0000000000
78491  2.585  -8.612  71.854 0.0000000000
76220  5.032  -10.906  72.650 0.0000000000
73838  7.934  -12.152  71.592 0.0000000000
163718  9.924  -11.560  89.399 0.0000000000
74882  9.121  -11.303  89.250 0.0000000000
74896  10.258  -11.257  87.690 0.0000000000
73725  12.733  -12.230  88.797 0.0000000000
71353  12.094  -13.828  90.167 0.0000000000
73712  11.444  -12.382  89.770 0.0000000000
73696  10.285  -12.700  90.573 0.0000000000
62102  1.282  -22.349  70.032 0.0000000000
64443  1.139  -20.683  69.453 0.0000000000
67625  -0.616  -17.419  87.130 0.0000000000
68831  -0.610  -16.543  86.916 0.0000000000
70116  -0.470  -15.821  87.488 0.0000000000
178773  17.208  -17.298  81.888 0.0000000000
67592  0.872  -17.030  89.311 0.0000000000
66427  1.470  -18.364  88.754 0.0000000000
184439  -0.007  -17.917  88.273 0.0000000000
66433  -0.329  -18.152  87.641 0.0000000000
188496  -0.686  -13.045  80.812 0.0000000000
71432  -0.270  -14.410  79.896 0.0000000000
73769  -0.657  -12.885  79.902 0.0000000000
76197  4.295  -10.928  75.242 0.0000000000
74995  2.029  -11.891  73.932 0.0000000000
73809  3.963  -12.080  73.351 0.0000000000
72631  4.099  -12.984  72.464 0.0000000000
166463  4.912  -12.083  73.498 0.0000000000
71351  3.787  -13.930  91.493 0.0000000000
72497  2.795  -13.174  91.238 0.0000000000
73694  4.449  -12.073  91.078 0.0000000000
76067  6.302  -10.555  87.764 0.0000000000
76115  5.547  -9.927  84.923 0.0000000000
68823  16.370  -16.311  87.237 0.0000000000
67615  15.270  -17.046  86.528 0.0000000000
171691  15.064  -16.465  87.655 0.0000000000
68803  11.316  -16.085  89.411 0.0000000000
67593  11.924  -17.033  87.926 0.0000000000
67595  10.349  -16.830  88.116 0.0000000000
68806  7.949  -16.308  89.447 0.0000000000
72493  6.985  -13.578  91.590 0.0000000000
70084  6.564  -15.098  91.140 0.0000000000
70086  4.874  -14.837  91.326 0.0000000000
70096  3.332  -15.164  91.093 0.0000000000
81719  -0.158  -5.818  81.779 0.0000000000
187856  -0.302  -7.489  79.991 0.0000000000
187602  0.381  -5.594  80.508 0.0000000000
84145  3.342  -3.483  78.303 0.0000000000
82908  1.969  -5.109  78.002 0.0000000000
175451  2.773  -4.886  77.046 0.0000000000
79533  2.740  -7.631  76.781 0.0000000000
82934  3.400  -5.399  75.817 0.0000000000
70119  18.791  -15.682  86.758 0.0000000000
64260  -0.420  -20.778  82.483 0.0000000000
64259  -0.366  -20.073  81.948 0.0000000000
65334  -0.487  -19.050  83.064 0.0000000000
70128  -0.550  -15.734  84.383 0.0000000000
68844  -0.455  -16.418  83.769 0.0000000000
70129  -0.651  -14.877  84.144 0.0000000000
179198  -0.552  -14.499  82.670 0.0000000000
72535  -0.941  -13.438  84.316 0.0000000000
74870  1.622  -11.520  89.605 0.0000000000
73727  0.112  -12.717  89.092 0.0000000000
74884  0.598  -11.250  88.618 0.0000000000
78396  0.599  -8.255  86.097 0.0000000000
76116  -0.195  -9.875  86.186 0.0000000000
77279  -0.240  -9.298  85.612 0.0000000000
76129  -0.683  -10.602  84.331 0.0000000000
78424  -0.409  -8.269  84.655 0.0000000000
79501  -0.593  -7.921  83.941 0.0000000000
189840  -0.110  -7.238  84.806 0.0000000000
162674  14.078  -18.085  83.418 0.0000000000
66483  14.485  -17.976  82.010 0.0000000000
66423  5.338  -18.038  87.581 0.0000000000
163535  5.488  -18.352  86.774 0.0000000000
66430  4.629  -18.859  87.262 0.0000000000
64216  2.099  -20.221  87.316 0.0000000000
187211  2.625  -20.508  86.938 0.0000000000
64240  -0.541  -20.439  84.299 0.0000000000
64247  -0.464  -20.635  83.384 0.0000000000
66533  0.252  -18.824  80.023 0.0000000000
64315  -0.131  -20.691  78.781 0.0000000000
65388  0.559  -19.057  79.251 0.0000000000
68904  1.718  -16.771  77.171 0.0000000000
66561  1.974  -18.177  77.196 0.0000000000
67742  2.007  -17.813  75.984 0.0000000000
65450  2.581  -18.899  74.820 0.0000000000
66592  1.606  -17.656  75.103 0.0000000000
76171  -0.264  -10.440  77.434 0.0000000000
73794  -0.565  -12.651  77.278 0.0000000000
74973  -0.315  -11.796  76.288 0.0000000000
72634  0.125  -14.211  73.251 0.0000000000
71471  -0.191  -14.958  73.779 0.0000000000
70231  -0.353  -15.736  72.430 0.0000000000
185726  -0.382  -16.899  72.719 0.0000000000
186145  -0.450  -16.518  72.034 0.0000000000
67806  -0.392  -17.518  70.014 0.0000000000
70251  -0.175  -15.765  70.768 0.0000000000
71527  3.980  -15.051  70.178 0.0000000000
70266  2.153  -15.484  69.352 0.0000000000
70283  3.326  -16.176  68.399 0.0000000000
82944  6.664  -4.316  71.038 0.0000000000
81773  5.898  -5.721  72.247 0.0000000000
81780  6.108  -5.983  71.067 0.0000000000
76230  1.083  -10.137  70.184 0.0000000000
76222  2.343  -10.227  71.353 0.0000000000
77363  3.055  -9.346  72.094 0.0000000000
75016  4.277  -11.451  71.206 0.0000000000
75004  6.707  -11.882  72.545 0.0000000000
169278  5.401  -11.984  70.241 0.0000000000
73699  7.355  -12.162  91.125 0.0000000000
165563  6.077  -11.768  90.881 0.0000000000
74864  7.719  -11.314  89.946 0.0000000000
70099  14.873  -14.639  88.964 0.0000000000
68813  13.971  -16.142  88.450 0.0000000000
162026  13.058  -15.005  89.602 0.0000000000
70088  11.615  -15.385  89.934 0.0000000000
70089  10.769  -15.135  90.300 0.0000000000
167344  8.917  -15.410  90.533 0.0000000000
71346  9.624  -14.070  91.054 0.0000000000
72492  8.784  -13.228  91.276 0.0000000000
85337  1.949  -3.007  81.857 0.0000000000
84123  1.565  -3.553  80.529 0.0000000000
85363  2.696  -2.865  80.685 0.0000000000
85374  3.569  -2.867  79.517 0.0000000000
85386  4.477  -2.564  78.407 0.0000000000
66462  -0.759  -18.701  84.709 0.0000000000
66461  -0.568  -18.045  84.184 0.0000000000
67630  -0.718  -17.968  85.179 0.0000000000
70123  -0.622  -15.688  85.775 0.0000000000
71379  -0.701  -14.249  86.485 0.0000000000
77250  2.585  -9.681  87.968 0.0000000000
76072  1.358  -9.966  88.076 0.0000000000
77259  2.222  -9.296  87.403 0.0000000000
78394  2.003  -8.015  86.234 0.0000000000
79494  1.280  -7.113  85.797 0.0000000000
80579  0.965  -6.686  85.555 0.0000000000
186498  3.522  -17.764  89.292 0.0000000000
66425  3.395  -18.404  88.650 0.0000000000
66426  2.330  -18.407  88.845 0.0000000000
65308  1.509  -19.666  87.741 0.0000000000
64217  1.111  -20.350  87.168 0.0000000000
64222  0.359  -20.612  86.469 0.0000000000
65314  0.094  -19.871  87.030 0.0000000000
65317  -0.599  -19.225  86.445 0.0000000000
68872  0.550  -16.512  80.509 0.0000000000
67686  0.960  -17.334  79.571 0.0000000000
70170  0.584  -15.775  80.025 0.0000000000
70185  0.819  -15.614  77.976 0.0000000000
70194  0.701  -15.669  77.043 0.0000000000
76190  1.152  -10.617  75.601 0.0000000000
74979  0.078  -11.597  75.593 0.0000000000
74987  1.512  -11.556  74.576 0.0000000000
73822  1.021  -13.019  72.995 0.0000000000
72649  0.897  -13.900  71.891 0.0000000000
71511  0.707  -14.729  70.878 0.0000000000
71494  2.228  -14.138  71.234 0.0000000000
72666  3.264  -14.081  71.299 0.0000000000
71507  4.754  -14.393  70.995 0.0000000000
75032  2.328  -11.734  68.757 0.0000000000
73862  4.941  -12.176  68.975 0.0000000000
73874  3.690  -12.384  67.630 0.0000000000
70104  1.322  -15.739  89.924 0.0000000000
71370  0.026  -14.961  88.917 0.0000000000
71359  1.675  -14.156  90.539 0.0000000000
73703  1.881  -12.171  90.279 0.0000000000
74869  2.903  -10.955  89.779 0.0000000000
74866  5.410  -11.372  90.435 0.0000000000
76055  4.264  -10.690  89.392 0.0000000000
76069  3.875  -10.299  88.667 0.0000000000
77257  3.930  -9.714  86.893 0.0000000000
68835  17.823  -16.703  84.844 0.0000000000
168900  16.675  -17.260  83.753 0.0000000000
67633  16.283  -17.264  84.531 0.0000000000
68826  13.380  -16.844  87.888 0.0000000000
161348  12.948  -17.329  86.968 0.0000000000
66443  12.213  -17.878  85.275 0.0000000000
67612  6.113  -17.350  87.803 0.0000000000
67589  5.823  -17.119  88.718 0.0000000000
68796  7.414  -15.960  90.238 0.0000000000
68797  6.320  -16.203  90.087 0.0000000000
68808  4.719  -16.736  89.964 0.0000000000
68809  3.801  -16.678  90.185 0.0000000000
68811  2.075  -16.123  90.283 0.0000000000
186020  -0.710  -10.106  80.968 0.0000000000
74953  -0.745  -11.153  80.089 0.0000000000
77318  -0.617  -9.660  79.677 0.0000000000
77320  -0.435  -9.690  78.782 0.0000000000
77326  0.249  -9.206  77.740 0.0000000000
81730  0.936  -5.665  78.989 0.0000000000
79522  0.999  -6.831  78.207 0.0000000000
78470  1.564  -8.705  77.228 0.0000000000
78469  2.468  -8.580  76.931 0.0000000000
77342  4.149  -9.195  76.064 0.0000000000
78475  4.995  -8.785  75.568 0.0000000000
74894  12.774  -11.667  87.373 0.0000000000
68842  19.252  -16.185  83.192 0.0000000000
71380  23.859  -14.029  85.079 0.0000000000
72526  23.837  -13.437  86.394 0.0000000000
71382  22.684  -14.579  85.029 0.0000000000
70121  21.427  -15.177  85.207 0.0000000000
68832  20.096  -15.808  84.647 0.0000000000
168434  19.234  -16.166  85.065 0.0000000000
193053  17.060  -16.038  87.226 0.0000000000
175602  16.243  -15.143  88.271 0.0000000000
71368  16.760  -14.284  88.353 0.0000000000
71369  15.755  -14.384  88.594 0.0000000000
72518  14.677  -13.401  88.717 0.0000000000
73724  13.546  -12.458  88.500 0.0000000000
65363  -0.220  -19.381  81.385 0.0000000000
165003  0.047  -17.983  81.050 0.0000000000
67638  -0.432  -17.338  83.562 0.0000000000
67645  -0.334  -17.443  82.698 0.0000000000
68873  0.122  -16.606  81.280 0.0000000000
170337  -0.119  -15.166  81.342 0.0000000000
72551  -0.571  -13.934  82.123 0.0000000000
73758  -0.723  -12.323  82.060 0.0000000000
71371  -0.376  -14.399  88.304 0.0000000000
72524  -0.588  -13.485  87.898 0.0000000000
73738  -0.788  -12.670  86.476 0.0000000000
76088  0.086  -10.221  87.097 0.0000000000
74907  -0.614  -11.697  86.795 0.0000000000
73742  -0.941  -12.728  84.707 0.0000000000
174307  -0.808  -12.051  84.090 0.0000000000
171591  -0.757  -11.129  83.059 0.0000000000
164417  -0.733  -11.001  81.861 0.0000000000
78440  -0.685  -9.051  82.449 0.0000000000
80592  -0.531  -6.928  82.685 0.0000000000
186352  0.518  -4.929  82.717 0.0000000000
81704  0.905  -5.096  84.861 0.0000000000
82845  1.376  -4.422  84.483 0.0000000000
84089  1.632  -3.651  83.197 0.0000000000
65316  5.357  -19.294  85.668 0.0000000000
65306  3.798  -19.521  87.307 0.0000000000
66562  1.540  -18.799  77.930 0.0000000000
65420  1.449  -20.046  77.017 0.0000000000
65483  2.096  -19.939  72.045 0.0000000000
73783  -0.638  -12.679  78.262 0.0000000000
71452  -0.263  -14.084  77.061 0.0000000000
70195  0.298  -15.200  76.472 0.0000000000
174531  -0.209  -12.996  75.246 0.0000000000
71464  -0.143  -14.726  74.710 0.0000000000
68914  0.256  -16.157  75.255 0.0000000000
66621  0.635  -17.947  73.587 0.0000000000
66633  0.779  -18.787  72.180 0.0000000000
65509  0.956  -19.638  70.815 0.0000000000
65524  -0.018  -19.169  69.669 0.0000000000
70268  0.456  -15.602  69.665 0.0000000000
70302  0.854  -15.944  67.956 0.0000000000
85402  5.334  -2.154  77.066 0.0000000000
85438  6.090  -2.684  74.323 0.0000000000
84175  4.437  -3.513  75.951 0.0000000000
81764  3.913  -5.639  74.988 0.0000000000
79546  4.748  -7.217  74.687 0.0000000000
78483  5.507  -9.105  74.208 0.0000000000
79555  4.562  -8.000  71.776 0.0000000000
77361  5.055  -9.656  73.223 0.0000000000
76206  5.716  -10.558  73.738 0.0000000000
73818  5.445  -11.985  72.772 0.0000000000
72645  6.669  -12.581  72.601 0.0000000000
71505  6.996  -13.680  71.201 0.0000000000
71523  8.004  -13.760  70.007 0.0000000000
74880  10.608  -11.542  88.639 0.0000000000
164862  11.006  -11.477  87.774 0.0000000000
73726  12.035  -12.081  89.117 0.0000000000
74879  11.386  -11.821  89.024 0.0000000000
74862  10.687  -11.893  89.602 0.0000000000
62101  1.882  -21.926  70.662 0.0000000000
63304  1.597  -21.316  70.105 0.0000000000
63315  1.256  -21.777  69.211 0.0000000000
67603  -0.133  -17.101  88.334 0.0000000000
68827  -0.442  -16.774  87.706 0.0000000000
68821  -0.216  -16.263  88.305 0.0000000000
68843  18.464  -16.568  82.766 0.0000000000
67653  17.906  -17.045  82.093 0.0000000000
67642  17.838  -17.044  82.862 0.0000000000
67602  0.472  -17.533  88.746 0.0000000000
67613  -0.364  -17.514  87.839 0.0000000000
189420  -0.734  -12.375  81.232 0.0000000000
72570  -0.529  -13.711  80.338 0.0000000000
192351  -0.722  -12.408  80.526 0.0000000000
76196  5.341  -10.736  75.164 0.0000000000
74985  3.839  -11.452  74.560 0.0000000000
74993  4.742  -11.818  73.923 0.0000000000
72495  4.383  -13.334  91.538 0.0000000000
170877  4.890  -12.639  91.405 0.0000000000
190188  15.775  -16.045  87.954 0.0000000000
68824  15.574  -16.635  87.178 0.0000000000
68812  14.855  -16.047  88.253 0.0000000000
68804  10.536  -16.162  89.438 0.0000000000
68816  10.865  -16.529  88.760 0.0000000000
172861  10.085  -16.514  88.813 0.0000000000
187495  9.676  -16.690  88.233 0.0000000000
68817  9.300  -16.505  88.804 0.0000000000
68818  8.444  -16.522  88.673 0.0000000000
68795  8.861  -16.258  89.520 0.0000000000
178317  6.138  -13.666  91.638 0.0000000000
71349  5.521  -14.222  91.557 0.0000000000
71350  4.651  -14.059  91.566 0.0000000000
70087  3.994  -14.650  91.343 0.0000000000
81718  0.360  -5.274  81.755 0.0000000000
81722  -0.170  -6.000  80.833 0.0000000000
173247  0.286  -5.459  81.153 0.0000000000
84160  3.563  -3.683  77.511 0.0000000000
82895  2.573  -4.625  77.856 0.0000000000
84177  3.122  -4.293  77.189 0.0000000000
81753  2.812  -5.577  76.609 0.0000000000
82922  3.348  -4.742  76.293 0.0000000000
65350  -0.465  -19.919  82.795 0.0000000000
70124  -0.642  -15.116  85.108 0.0000000000
71393  -0.839  -14.076  83.835 0.0000000000
76058  1.872  -10.790  89.164 0.0000000000
74883  1.199  -11.058  88.987 0.0000000000
185551  1.466  -10.508  88.620 0.0000000000
77272  0.146  -9.048  86.173 0.0000000000
78411  -0.088  -8.486  85.465 0.0000000000
77288  -0.483  -9.073  84.838 0.0000000000
79499  -0.190  -7.832  85.009 0.0000000000
193822  -0.349  -7.643  84.500 0.0000000000
67599  5.155  -17.611  88.431 0.0000000000
66424  4.481  -18.247  88.194 0.0000000000
63108  1.261  -21.149  86.411 0.0000000000
64221  2.001  -20.792  86.839 0.0000000000
65323  -0.758  -19.569  84.708 0.0000000000
66532  0.861  -18.191  79.461 0.0000000000
67731  1.492  -16.782  76.459 0.0000000000
67730  1.911  -17.395  76.658 0.0000000000
67743  1.499  -17.130  75.856 0.0000000000
74967  -0.401  -11.248  76.954 0.0000000000
192973  -0.108  -11.143  76.202 0.0000000000
71496  0.236  -14.520  72.211 0.0000000000
71483  -0.206  -15.031  72.825 0.0000000000
71497  -0.186  -15.178  72.063 0.0000000000
70241  -0.302  -15.733  71.595 0.0000000000
68961  -0.412  -16.418  71.100 0.0000000000
70264  4.427  -15.534  69.554 0.0000000000
70265  3.302  -15.690  69.323 0.0000000000
174804  4.031  -15.994  68.881 0.0000000000
85471  7.329  -3.305  70.911 0.0000000000
84220  6.428  -4.224  70.400 0.0000000000
82956  6.286  -5.151  70.680 0.0000000000
82967  6.053  -5.536  70.401 0.0000000000
75018  2.186  -11.214  70.108 0.0000000000
77379  1.464  -9.906  70.947 0.0000000000
76229  1.853  -10.611  70.584 0.0000000000
75017  3.000  -11.020  71.090 0.0000000000
75024  4.253  -11.713  70.195 0.0000000000
74852  8.053  -11.882  90.665 0.0000000000
74853  6.996  -11.639  90.610 0.0000000000
74863  8.619  -11.472  89.950 0.0000000000
76080  9.322  -10.947  87.377 0.0000000000
71361  14.346  -14.119  89.184 0.0000000000
70100  13.988  -14.804  89.241 0.0000000000
167625  13.517  -14.266  89.479 0.0000000000
190649  11.561  -13.352  90.297 0.0000000000
71354  11.420  -14.547  90.314 0.0000000000
71355  10.553  -14.367  90.616 0.0000000000
70090  9.786  -15.063  90.603 0.0000000000
72499  10.459  -13.494  90.732 0.0000000000
73697  9.463  -12.539  90.767 0.0000000000
73698  8.708  -12.382  90.955 0.0000000000
73690  7.963  -12.550  91.240 0.0000000000
85350  2.656  -2.827  81.452 0.0000000000
86517  4.178  -2.562  80.019 0.0000000000
86516  4.818  -1.995  79.763 0.0000000000
85373  4.320  -2.533  79.237 0.0000000000
86528  4.962  -1.948  78.898 0.0000000000
67629  -0.725  -17.502  86.166 0.0000000000
70120  -0.600  -15.761  86.524 0.0000000000
68836  -0.639  -16.499  86.055 0.0000000000
71383  -0.658  -15.012  86.057 0.0000000000
77258  3.004  -9.454  87.144 0.0000000000
78393  2.634  -8.787  86.495 0.0000000000
79488  1.253  -7.708  86.130 0.0000000000
79487  1.820  -7.202  85.899 0.0000000000
170117  2.781  -17.925  89.280 0.0000000000
66422  1.965  -17.963  89.222 0.0000000000
66428  0.682  -18.217  88.552 0.0000000000
65305  0.998  -18.889  88.293 0.0000000000
65309  0.603  -19.428  87.628 0.0000000000
66440  -0.656  -18.290  86.857 0.0000000000
66450  -0.942  -18.981  85.486 0.0000000000
70161  0.251  -15.844  80.870 0.0000000000
71440  -0.273  -14.369  78.973 0.0000000000
70171  0.192  -15.077  79.466 0.0000000000
70179  0.232  -14.993  78.461 0.0000000000
70186  0.189  -14.914  77.340 0.0000000000
76200  1.097  -11.150  75.021 0.0000000000
76199  1.896  -11.067  75.105 0.0000000000
73810  2.670  -12.328  73.413 0.0000000000
73811  1.525  -12.487  73.502 0.0000000000
164620  1.480  -13.396  72.408 0.0000000000
72648  1.871  -13.726  71.796 0.0000000000
72632  2.622  -13.221  72.371 0.0000000000
173222  3.986  -13.537  71.883 0.0000000000
72665  4.408  -13.871  71.515 0.0000000000
75026  1.145  -10.782  68.810 0.0000000000
75038  1.868  -11.475  67.727 0.0000000000
194514  3.272  -12.261  67.993 0.0000000000
73876  2.168  -11.941  67.299 0.0000000000
70098  1.885  -15.209  90.452 0.0000000000
71362  1.137  -14.784  90.030 0.0000000000
73702  2.679  -12.259  90.760 0.0000000000
72500  1.956  -13.093  90.765 0.0000000000
74857  2.413  -11.480  90.052 0.0000000000
74868  3.663  -10.955  89.933 0.0000000000
74865  6.944  -11.112  89.824 0.0000000000
168247  6.210  -11.157  90.122 0.0000000000
76068  5.482  -10.528  88.392 0.0000000000
186630  4.726  -10.504  88.793 0.0000000000
76085  4.566  -10.173  87.783 0.0000000000
76086  3.475  -9.840  87.895 0.0000000000
76103  4.814  -9.962  86.546 0.0000000000
162027  17.641  -16.592  85.638 0.0000000000
163374  17.060  -17.016  85.141 0.0000000000
67626  16.306  -17.162  85.478 0.0000000000
163244  14.795  -17.284  85.765 0.0000000000
186305  13.164  -16.250  88.710 0.0000000000
67606  11.419  -17.122  87.431 0.0000000000
67605  12.585  -17.075  87.660 0.0000000000
187869  12.147  -17.389  86.550 0.0000000000
66434  12.654  -17.556  86.025 0.0000000000
66435  11.732  -17.602  85.936 0.0000000000
66436  10.834  -17.515  85.919 0.0000000000
66437  9.960  -17.406  85.876 0.0000000000
68819  7.554  -16.642  88.556 0.0000000000
67598  6.650  -16.904  88.541 0.0000000000
186565  6.158  -16.688  89.280 0.0000000000
70091  8.164  -15.357  90.679 0.0000000000
70092  7.344  -15.256  90.925 0.0000000000
70094  5.101  -15.538  90.884 0.0000000000
70093  5.974  -15.616  90.712 0.0000000000
68798  5.356  -16.158  90.301 0.0000000000
68807  5.540  -16.628  89.677 0.0000000000
68801  2.698  -15.619  90.649 0.0000000000
77316  -0.693  -9.535  81.285 0.0000000000
77315  -0.687  -9.561  80.510 0.0000000000
78448  -0.659  -8.870  80.873 0.0000000000
79514  -0.323  -8.268  79.625 0.0000000000
173142  -0.109  -8.378  78.948 0.0000000000
78453  -0.054  -8.935  78.392 0.0000000000
78452  0.396  -8.073  78.421 0.0000000000
82878  1.334  -4.047  79.882 0.0000000000
82887  0.904  -4.585  80.041 0.0000000000
82897  1.283  -4.784  79.276 0.0000000000
80608  1.637  -6.543  77.809 0.0000000000
81739  1.274  -6.113  78.370 0.0000000000
79521  1.403  -7.309  77.765 0.0000000000
167433  0.962  -8.088  77.652 0.0000000000
79534  1.913  -7.906  77.379 0.0000000000
79541  3.273  -6.942  75.981 0.0000000000
78468  3.334  -8.506  76.476 0.0000000000
78476  4.124  -8.287  75.864 0.0000000000
74893  13.514  -11.786  87.355 0.0000000000
74905  13.534  -11.528  86.559 0.0000000000
70132  20.607  -15.442  83.076 0.0000000000
70141  20.521  -15.399  82.164 0.0000000000
68841  20.025  -15.902  83.618 0.0000000000
71372  22.595  -13.983  86.843 0.0000000000
188900  23.203  -13.888  86.455 0.0000000000
174583  23.216  -14.290  85.312 0.0000000000
70125  22.105  -14.994  84.663 0.0000000000
187316  22.138  -14.862  85.398 0.0000000000
68833  19.812  -15.758  85.601 0.0000000000
70114  18.172  -15.370  87.307 0.0000000000
70115  17.449  -15.492  87.499 0.0000000000
70107  16.673  -15.684  87.718 0.0000000000
163179  17.156  -15.063  88.116 0.0000000000
72516  17.551  -13.683  88.324 0.0000000000
190695  16.236  -13.904  88.429 0.0000000000
72505  15.122  -14.019  88.937 0.0000000000
74892  14.829  -12.116  87.465 0.0000000000
73723  14.391  -12.615  88.241 0.0000000000
74877  13.954  -12.050  87.785 0.0000000000
74878  13.133  -11.890  88.085 0.0000000000
189575  -0.981  -22.247  81.126 0.0000000000
65349  -0.367  -19.215  82.204 0.0000000000
64269  -0.260  -20.223  81.142 0.0000000000
66517  -0.015  -18.685  80.812 0.0000000000
66502  -0.184  -18.523  81.599 0.0000000000
66472  -0.464  -18.181  83.310 0.0000000000
194524  -0.359  -16.743  83.018 0.0000000000
68861  -0.171  -16.546  82.191 0.0000000000
185590  -0.005  -15.947  81.571 0.0000000000
70153  -0.189  -15.594  82.158 0.0000000000
71405  -0.750  -13.927  83.024 0.0000000000
72561  -0.679  -13.084  81.684 0.0000000000
189416  -0.839  -12.255  82.755 0.0000000000
71363  0.537  -14.433  89.467 0.0000000000
71364  -0.076  -14.194  88.989 0.0000000000
73728  -0.452  -12.659  88.283 0.0000000000
73734  -0.671  -12.617  87.421 0.0000000000
72527  -0.726  -13.463  86.968 0.0000000000
194232  1.039  -9.739  87.643 0.0000000000
76087  0.737  -10.133  87.735 0.0000000000
187443  -0.454  -10.560  85.791 0.0000000000
167802  -0.347  -10.745  86.531 0.0000000000
74916  -0.600  -11.305  85.885 0.0000000000
74908  -0.772  -12.040  85.976 0.0000000000
74917  -0.820  -11.867  85.119 0.0000000000
173533  -0.740  -11.338  84.474 0.0000000000
77289  -0.654  -9.699  84.153 0.0000000000
184259  -0.729  -11.223  83.752 0.0000000000
76144  -0.711  -10.375  83.367 0.0000000000
76152  -0.730  -10.696  82.503 0.0000000000
77310  -0.704  -9.879  82.543 0.0000000000
80583  -0.408  -7.014  84.084 0.0000000000
79507  -0.565  -7.399  83.331 0.0000000000
80588  -0.433  -6.688  83.388 0.0000000000
81717  -0.282  -6.045  82.824 0.0000000000
81711  0.255  -5.355  83.338 0.0000000000
81699  0.689  -6.028  85.121 0.0000000000
167188  16.610  -17.359  83.027 0.0000000000
66481  15.900  -17.536  82.647 0.0000000000
65311  5.031  -19.108  86.450 0.0000000000
178420  3.202  -19.320  87.826 0.0000000000
64215  3.031  -20.019  87.283 0.0000000000
63162  -0.506  -21.586  82.142 0.0000000000
61950  -0.804  -22.319  81.778 0.0000000000
64314  0.440  -20.182  78.266 0.0000000000
64329  0.010  -20.937  78.002 0.0000000000
63209  0.477  -21.306  77.365 0.0000000000
67701  1.485  -17.557  78.857 0.0000000000
66546  1.800  -17.865  78.082 0.0000000000
66576  2.207  -18.586  76.357 0.0000000000
65407  1.814  -19.162  77.146 0.0000000000
65419  2.083  -19.568  76.379 0.0000000000
64341  1.793  -20.433  76.339 0.0000000000
63238  2.844  -20.682  75.039 0.0000000000
172217  2.205  -18.630  74.152 0.0000000000
65449  2.947  -19.406  73.928 0.0000000000
167930  2.678  -19.599  72.868 0.0000000000
64400  2.899  -20.402  72.391 0.0000000000
74958  -0.728  -11.459  79.262 0.0000000000
73775  -0.684  -12.301  79.157 0.0000000000
74960  -0.692  -11.746  78.467 0.0000000000
72601  -0.421  -13.291  76.778 0.0000000000
72596  -0.507  -13.457  77.657 0.0000000000
176785  -0.046  -14.590  76.372 0.0000000000
73806  0.445  -12.393  74.477 0.0000000000
73807  0.022  -12.332  75.050 0.0000000000
73812  0.040  -12.960  74.532 0.0000000000
70210  -0.168  -15.704  74.440 0.0000000000
68922  0.000  -16.656  74.360 0.0000000000
67754  0.696  -17.409  74.376 0.0000000000
185026  0.076  -17.249  73.787 0.0000000000
67783  -0.303  -17.495  72.184 0.0000000000
66634  0.296  -18.144  72.677 0.0000000000
66646  0.008  -18.311  71.836 0.0000000000
65497  1.331  -19.405  71.644 0.0000000000
65498  0.496  -18.932  71.337 0.0000000000
65510  0.216  -19.062  70.516 0.0000000000
167357  -0.130  -18.392  71.048 0.0000000000
68986  -0.348  -16.917  69.464 0.0000000000
69005  -0.177  -16.745  68.294 0.0000000000
71510  1.566  -14.590  70.696 0.0000000000
71530  0.895  -14.928  70.104 0.0000000000
70301  1.661  -15.984  67.855 0.0000000000
70285  1.450  -15.717  68.647 0.0000000000
69023  1.142  -16.289  67.280 0.0000000000
69035  1.397  -16.696  66.571 0.0000000000
85437  7.033  -2.375  73.776 0.0000000000
85439  5.228  -3.098  75.141 0.0000000000
84188  4.928  -3.827  74.623 0.0000000000
82933  3.921  -4.938  75.191 0.0000000000
82932  4.799  -4.539  74.276 0.0000000000
168639  5.544  -6.307  72.420 0.0000000000
80628  4.991  -6.748  73.753 0.0000000000
170582  5.165  -7.717  73.949 0.0000000000
79545  5.382  -8.611  74.373 0.0000000000
79551  5.156  -8.282  73.546 0.0000000000
78492  1.739  -8.227  71.477 0.0000000000
79557  2.287  -7.721  71.491 0.0000000000
173595  3.223  -7.263  71.410 0.0000000000
173062  4.235  -7.447  71.298 0.0000000000
79556  3.460  -8.003  71.575 0.0000000000
76214  3.891  -10.059  72.270 0.0000000000
77362  4.197  -9.532  72.432 0.0000000000
76213  4.988  -10.307  72.973 0.0000000000
188999  5.639  -11.160  73.321 0.0000000000
74998  5.661  -11.536  73.061 0.0000000000
73839  7.371  -11.952  72.325 0.0000000000
73829  7.156  -11.998  72.902 0.0000000000
72644  7.412  -12.254  72.426 0.0000000000
72663  6.896  -13.170  72.038 0.0000000000
72662  7.687  -12.754  71.701 0.0000000000
173273  9.369  -11.606  89.897 0.0000000000
74881  9.670  -11.255  88.465 0.0000000000
164020  10.131  -10.967  86.683 0.0000000000
73710  13.089  -12.929  89.282 0.0000000000
72506  12.955  -13.679  89.674 0.0000000000
193960  12.471  -13.222  89.798 0.0000000000
72507  11.835  -13.015  90.118 0.0000000000
72498  11.122  -12.961  90.388 0.0000000000
190872  10.724  -12.362  90.161 0.0000000000
73713  9.983  -11.985  90.218 0.0000000000
63326  0.996  -21.118  68.440 0.0000000000
64444  0.579  -20.005  69.003 0.0000000000
67591  1.693  -17.316  89.504 0.0000000000
67601  1.186  -17.828  89.088 0.0000000000
65310  -0.210  -18.957  87.378 0.0000000000
71422  -0.303  -14.435  80.779 0.0000000000
72578  -0.517  -13.680  79.458 0.0000000000
76188  3.499  -10.422  75.818 0.0000000000
74986  2.554  -11.510  74.554 0.0000000000
76198  3.032  -10.977  75.154 0.0000000000
74994  3.260  -11.844  73.910 0.0000000000
73820  3.362  -12.629  72.910 0.0000000000
73819  4.843  -12.326  73.115 0.0000000000
73831  5.396  -12.486  72.729 0.0000000000
71357  3.178  -14.353  91.308 0.0000000000
71358  2.499  -13.884  91.148 0.0000000000
71352  3.132  -13.774  91.376 0.0000000000
188393  3.284  -12.698  91.227 0.0000000000
73701  3.580  -12.064  90.943 0.0000000000
76083  6.237  -10.508  86.655 0.0000000000
76102  5.543  -10.210  86.044 0.0000000000
161468  16.951  -16.423  86.702 0.0000000000
191802  16.291  -17.098  86.016 0.0000000000
67604  14.794  -16.905  87.145 0.0000000000
68802  12.094  -15.947  89.400 0.0000000000
193118  12.515  -16.283  88.948 0.0000000000
68815  11.773  -16.517  88.692 0.0000000000
67594  11.157  -16.962  88.075 0.0000000000
71347  7.200  -14.491  91.373 0.0000000000
71348  6.379  -14.366  91.491 0.0000000000
70085  5.736  -14.996  91.263 0.0000000000
70095  4.216  -15.404  91.025 0.0000000000
179020  -0.589  -7.370  81.877 0.0000000000
78447  -0.533  -8.173  80.451 0.0000000000
79511  -0.505  -7.398  80.895 0.0000000000
80598  -0.240  -6.698  80.425 0.0000000000
80601  0.175  -6.810  79.515 0.0000000000
84146  2.618  -3.946  78.616 0.0000000000
82896  1.951  -4.626  78.576 0.0000000000
81737  2.347  -5.358  77.435 0.0000000000
81754  2.156  -6.122  77.214 0.0000000000
80614  2.697  -6.550  76.638 0.0000000000
81765  3.292  -6.083  75.851 0.0000000000
70131  21.324  -15.189  83.443 0.0000000000
161651  21.884  -14.356  86.590 0.0000000000
188685  18.958  -14.807  87.559 0.0000000000
192173  18.366  -14.477  88.089 0.0000000000
73733  15.417  -12.680  88.044 0.0000000000
64270  -0.395  -20.898  81.663 0.0000000000
184092  -0.516  -16.471  84.593 0.0000000000
70133  -0.506  -15.474  83.549 0.0000000000
70142  -0.437  -15.171  82.781 0.0000000000
71404  -0.629  -14.671  83.330 0.0000000000
72544  -0.898  -13.315  83.533 0.0000000000
73715  0.693  -12.902  89.613 0.0000000000
74871  0.693  -11.937  89.273 0.0000000000
74885  -0.007  -11.862  88.529 0.0000000000
171379  0.712  -8.974  86.631 0.0000000000
186459  0.323  -9.517  86.669 0.0000000000
76128  -0.508  -9.997  85.170 0.0000000000
77302  -0.638  -8.780  83.989 0.0000000000
80582  0.046  -6.473  84.579 0.0000000000
164436  14.914  -17.779  83.584 0.0000000000
185987  15.306  -17.709  82.986 0.0000000000
165804  14.641  -17.959  82.812 0.0000000000
66429  5.973  -17.748  87.047 0.0000000000
64231  -0.606  -20.303  85.039 0.0000000000
64239  -0.372  -20.977  84.848 0.0000000000
63151  -0.416  -21.514  83.017 0.0000000000
65389  -0.018  -19.659  79.770 0.0000000000
65397  0.159  -19.882  78.999 0.0000000000
65396  0.850  -19.350  78.495 0.0000000000
67716  1.897  -17.401  77.452 0.0000000000
192035  2.075  -17.989  76.559 0.0000000000
64356  2.883  -19.722  74.875 0.0000000000
66591  2.277  -18.353  75.450 0.0000000000
177011  2.096  -18.289  74.773 0.0000000000
66605  1.414  -18.078  74.296 0.0000000000
166574  -0.601  -11.115  77.880 0.0000000000
170972  -0.627  -11.900  77.612 0.0000000000
174281  -0.522  -12.013  76.904 0.0000000000
72606  -0.347  -13.104  75.989 0.0000000000
184294  0.512  -13.481  73.339 0.0000000000
70219  -0.335  -15.802  73.363 0.0000000000
68933  -0.269  -16.667  73.440 0.0000000000
167753  -0.403  -16.319  72.793 0.0000000000
171870  -0.455  -17.158  71.372 0.0000000000
67795  -0.375  -17.713  70.816 0.0000000000
176279  -0.451  -17.061  70.702 0.0000000000
68972  -0.308  -16.511  70.169 0.0000000000
70269  -0.049  -15.847  70.021 0.0000000000
71528  2.875  -15.076  70.065 0.0000000000
70284  2.411  -15.901  68.560 0.0000000000
70300  2.569  -16.314  67.822 0.0000000000
189886  7.131  -3.784  71.094 0.0000000000
82945  6.003  -4.962  72.433 0.0000000000
167224  5.529  -6.542  71.634 0.0000000000
78499  1.619  -8.882  71.456 0.0000000000
77364  2.167  -9.099  71.878 0.0000000000
76215  2.689  -9.781  71.934 0.0000000000
76221  3.523  -10.523  71.888 0.0000000000
75006  4.313  -11.205  71.933 0.0000000000
75005  5.492  -11.837  72.493 0.0000000000
75015  5.374  -11.824  71.333 0.0000000000
73849  7.104  -11.960  71.084 0.0000000000
73692  6.364  -12.972  91.575 0.0000000000
73693  5.776  -12.485  91.359 0.0000000000
73700  6.631  -12.254  91.247 0.0000000000
76052  7.420  -10.860  89.138 0.0000000000
76051  8.283  -11.036  89.226 0.0000000000
76065  7.962  -10.798  88.389 0.0000000000
70109  14.451  -15.392  88.790 0.0000000000
70110  13.581  -15.591  89.092 0.0000000000
171218  12.749  -14.339  89.830 0.0000000000
165081  12.248  -14.752  90.017 0.0000000000
191345  12.373  -15.358  89.659 0.0000000000
171344  10.912  -15.717  89.878 0.0000000000
70102  10.212  -15.731  90.046 0.0000000000
70103  9.336  -15.840  90.136 0.0000000000
162469  8.912  -14.792  90.998 0.0000000000
190636  8.697  -14.115  91.289 0.0000000000
187178  9.775  -13.182  90.978 0.0000000000
166599  7.928  -13.874  91.489 0.0000000000
176079  7.770  -13.148  91.502 0.0000000000
73691  7.166  -12.733  91.443 0.0000000000
84100  1.500  -3.579  82.384 0.0000000000
84112  0.811  -4.260  81.537 0.0000000000
84111  1.309  -3.632  81.473 0.0000000000
85375  2.119  -3.088  80.394 0.0000000000
84134  2.697  -3.028  79.845 0.0000000000
86510  4.035  -2.562  80.653 0.0000000000
85362  3.450  -2.786  80.301 0.0000000000
85387  3.744  -2.921  78.717 0.0000000000
85404  3.896  -2.986  77.884 0.0000000000
66473  -0.602  -18.886  83.945 0.0000000000
68839  -0.574  -16.949  85.256 0.0000000000
193215  -0.654  -16.993  86.573 0.0000000000
162107  -0.565  -16.072  85.187 0.0000000000
176374  -0.781  -14.257  85.580 0.0000000000
77251  1.961  -9.631  87.961 0.0000000000
77260  1.470  -9.438  87.479 0.0000000000
77271  1.787  -8.831  86.908 0.0000000000
169144  1.185  -9.016  87.005 0.0000000000
78395  1.246  -8.455  86.532 0.0000000000
79495  0.763  -7.385  85.690 0.0000000000
80580  0.417  -6.919  85.194 0.0000000000
65303  2.608  -18.888  88.398 0.0000000000
65304  1.852  -18.938  88.383 0.0000000000
64223  -0.301  -20.081  86.325 0.0000000000
65318  -0.689  -19.809  85.625 0.0000000000
67670  0.710  -17.115  80.218 0.0000000000
68880  0.886  -16.520  79.716 0.0000000000
68890  1.369  -16.680  78.966 0.0000000000
70178  0.888  -15.790  79.015 0.0000000000
172274  1.316  -16.214  78.345 0.0000000000
68897  1.289  -16.214  77.576 0.0000000000
68905  1.036  -16.317  76.732 0.0000000000
76178  0.707  -10.139  76.328 0.0000000000
76191  0.362  -10.814  75.888 0.0000000000
74978  0.634  -11.168  75.365 0.0000000000
74988  0.619  -11.716  74.833 0.0000000000
74996  1.052  -12.031  74.083 0.0000000000
72620  0.585  -12.817  73.808 0.0000000000
72633  0.642  -13.732  72.650 0.0000000000
185161  0.599  -14.501  71.514 0.0000000000
71495  1.265  -14.210  71.287 0.0000000000
72647  2.978  -13.638  71.821 0.0000000000
71509  2.545  -14.616  70.700 0.0000000000
71508  3.614  -14.563  70.799 0.0000000000
71526  5.078  -14.877  70.323 0.0000000000
75025  1.807  -11.276  69.223 0.0000000000
192339  2.526  -11.510  69.494 0.0000000000
73851  3.276  -11.859  69.252 0.0000000000
73864  2.883  -12.103  68.338 0.0000000000
73884  3.411  -12.483  66.843 0.0000000000
63297  2.385  -21.477  71.251 0.0000000000
173396  0.735  -16.209  89.390 0.0000000000
70111  0.133  -15.827  88.890 0.0000000000
70105  0.606  -15.377  89.408 0.0000000000
71360  0.924  -13.947  89.940 0.0000000000
72508  1.216  -13.272  90.143 0.0000000000
73714  1.250  -12.400  89.887 0.0000000000
76057  2.572  -10.614  89.206 0.0000000000
74850  5.248  -11.973  91.074 0.0000000000
74854  4.789  -11.617  90.673 0.0000000000
74867  4.607  -11.062  90.126 0.0000000000
76054  5.328  -10.794  89.511 0.0000000000
76056  3.340  -10.606  89.297 0.0000000000
76070  2.981  -10.139  88.613 0.0000000000
77269  4.283  -9.471  85.868 0.0000000000
187664  17.981  -16.732  84.102 0.0000000000
67637  17.352  -17.142  83.393 0.0000000000
67632  17.280  -17.054  84.236 0.0000000000
176575  15.743  -17.189  85.939 0.0000000000
161983  15.537  -17.347  85.178 0.0000000000
67634  15.282  -17.541  84.362 0.0000000000
66452  14.315  -17.823  84.319 0.0000000000
163560  13.544  -17.877  84.666 0.0000000000
68825  14.342  -16.624  87.758 0.0000000000
169073  13.956  -17.101  87.092 0.0000000000
67617  13.718  -17.346  86.104 0.0000000000
66442  13.150  -17.709  85.295 0.0000000000
66454  12.714  -18.077  84.508 0.0000000000
67620  10.380  -17.225  86.542 0.0000000000
162130  7.153  -17.021  87.746 0.0000000000
67590  5.044  -17.198  89.243 0.0000000000
185023  8.437  -15.932  90.171 0.0000000000
164028  6.702  -15.636  90.599 0.0000000000
164055  4.086  -17.293  89.605 0.0000000000
186409  3.106  -17.261  89.779 0.0000000000
68800  3.566  -15.918  90.648 0.0000000000
68810  2.919  -16.457  90.301 0.0000000000
171131  2.242  -16.918  89.963 0.0000000000
173523  1.528  -16.577  89.760 0.0000000000
169669  -0.736  -10.884  81.035 0.0000000000
76160  -0.729  -10.312  80.258 0.0000000000
76162  -0.699  -10.529  79.281 0.0000000000
177240  -0.601  -8.905  80.039 0.0000000000
76163  -0.520  -10.409  78.304 0.0000000000
163080  -0.185  -9.706  77.922 0.0000000000
77335  0.315  -9.749  77.134 0.0000000000
81721  0.625  -5.053  80.621 0.0000000000
81725  0.693  -5.408  79.847 0.0000000000
80600  0.594  -6.099  79.459 0.0000000000
81729  1.579  -5.374  78.544 0.0000000000
80603  0.750  -6.467  78.868 0.0000000000
79517  0.540  -7.241  78.721 0.0000000000
186291  0.456  -8.637  77.900 0.0000000000
78459  0.775  -8.945  77.388 0.0000000000
77334  1.094  -9.407  76.793 0.0000000000
77344  1.652  -9.981  76.301 0.0000000000
77343  2.785  -9.901  76.348 0.0000000000
77332  3.120  -9.264  76.538 0.0000000000
173494  3.792  -9.819  76.117 0.0000000000
76187  4.657  -10.255  75.736 0.0000000000
76186  5.474  -10.174  75.419 0.0000000000
164047  12.202  -11.784  88.310 0.0000000000
74895  11.777  -11.507  87.374 0.0000000000
74906  12.516  -11.408  86.497 0.0000000000
163822  18.579  -16.464  83.698 0.0000000000
72530  24.244  -13.526  85.641 0.0000000000
70126  21.411  -15.211  84.302 0.0000000000
68837  19.298  -16.177  84.129 0.0000000000
68838  18.548  -16.427  84.537 0.0000000000
68822  17.781  -16.064  86.936 0.0000000000
165769  18.955  -14.108  88.182 0.0000000000
71367  17.669  -14.408  88.227 0.0000000000
73709  13.928  -12.985  88.876 0.0000000000
64285  -0.375  -21.020  80.892 0.0000000000
64284  -0.225  -20.353  80.353 0.0000000000
65377  -0.109  -19.518  80.578 0.0000000000
67656  -0.132  -17.526  81.715 0.0000000000
67671  0.327  -17.275  80.854 0.0000000000
71415  -0.349  -14.794  82.100 0.0000000000
189128  -0.369  -14.421  81.512 0.0000000000
72560  -0.548  -13.777  81.206 0.0000000000
70112  -0.279  -15.385  88.308 0.0000000000
163884  -0.481  -14.977  87.711 0.0000000000
72519  -0.291  -13.522  88.690 0.0000000000
71375  -0.578  -14.260  87.386 0.0000000000
72528  -0.824  -13.478  86.037 0.0000000000
76073  0.896  -10.565  88.338 0.0000000000
74897  0.129  -10.946  87.944 0.0000000000
189957  -0.288  -11.032  87.261 0.0000000000
73739  -0.872  -12.717  85.577 0.0000000000
72531  -0.923  -13.475  85.147 0.0000000000
73745  -0.928  -12.820  84.002 0.0000000000
73752  -0.898  -12.551  83.376 0.0000000000
74942  -0.760  -11.547  82.439 0.0000000000
76158  -0.718  -10.234  81.737 0.0000000000
77313  -0.702  -9.525  81.939 0.0000000000
78445  -0.687  -8.902  81.672 0.0000000000
78434  -0.658  -8.344  83.110 0.0000000000
179131  -0.624  -7.658  82.631 0.0000000000
177589  -0.419  -6.529  82.093 0.0000000000
81716  0.235  -5.369  82.394 0.0000000000
81705  0.351  -5.631  84.330 0.0000000000
82846  0.752  -4.797  84.077 0.0000000000
82855  0.729  -4.614  83.244 0.0000000000
84101  0.884  -4.071  82.192 0.0000000000
85321  2.112  -3.084  82.690 0.0000000000
76079  10.930  -11.276  87.001 0.0000000000
67643  17.265  -17.245  82.582 0.0000000000
67644  16.590  -17.423  82.200 0.0000000000
67655  16.653  -17.407  81.245 0.0000000000
66482  15.210  -17.750  82.294 0.0000000000
66431  3.928  -18.919  87.907 0.0000000000
65313  3.702  -20.027  86.945 0.0000000000
64219  3.968  -20.236  86.436 0.0000000000
63198  -0.339  -21.456  78.637 0.0000000000
66547  1.264  -18.470  78.712 0.0000000000
65408  1.114  -19.672  77.731 0.0000000000
64342  1.055  -20.848  76.815 0.0000000000
63222  1.456  -21.152  76.279 0.0000000000
64414  2.442  -20.659  71.544 0.0000000000
167394  -0.724  -11.992  79.947 0.0000000000
172972  -0.632  -13.038  79.073 0.0000000000
72588  -0.528  -13.605  78.572 0.0000000000
68906  0.492  -15.841  76.146 0.0000000000
73804  -0.241  -12.378  75.756 0.0000000000
194520  -0.220  -13.598  75.543 0.0000000000
72613  -0.117  -13.765  74.792 0.0000000000
71458  -0.149  -14.306  75.534 0.0000000000
70202  -0.002  -15.229  75.555 0.0000000000
68921  0.733  -16.947  75.169 0.0000000000
194065  1.505  -18.422  73.681 0.0000000000
67767  -0.113  -17.444  73.099 0.0000000000
66620  1.082  -18.639  73.033 0.0000000000
65484  1.718  -19.178  72.495 0.0000000000
64415  1.757  -20.153  71.150 0.0000000000
64430  1.409  -20.389  70.331 0.0000000000
65523  0.711  -19.805  69.938 0.0000000000
70250  0.283  -15.327  70.470 0.0000000000
70267  1.158  -15.322  69.385 0.0000000000
70286  0.611  -15.807  68.807 0.0000000000
69004  0.227  -16.316  68.168 0.0000000000
69025  -0.079  -16.842  67.503 0.0000000000
86545  5.086  -1.965  78.012 0.0000000000
85403  4.640  -2.657  77.507 0.0000000000
85422  4.825  -2.794  76.463 0.0000000000
85421  5.641  -2.406  75.925 0.0000000000
84189  4.086  -4.229  75.529 0.0000000000
80621  4.073  -6.472  74.985 0.0000000000
81763  4.789  -5.252  73.917 0.0000000000
81774  4.861  -5.984  73.806 0.0000000000
79539  4.865  -7.936  75.134 0.0000000000
78474  5.505  -9.188  75.271 0.0000000000
76195  5.861  -10.321  74.939 0.0000000000
80641  5.084  -7.137  71.362 0.0000000000
79562  5.074  -7.632  71.905 0.0000000000
78490  3.682  -8.759  72.081 0.0000000000
78489  4.577  -8.855  72.599 0.0000000000
78484  5.093  -8.922  73.450 0.0000000000
77355  5.655  -9.745  73.954 0.0000000000
74992  5.606  -11.372  73.920 0.0000000000
74999  5.376  -11.750  73.395 0.0000000000
73830  6.364  -12.244  72.750 0.0000000000
72664  5.675  -13.572  71.850 0.0000000000
71506  5.958  -14.146  71.242 0.0000000000
71525  6.161  -14.627  70.399 0.0000000000
73850  4.277  -12.022  69.391 0.0000000000
73861  6.243  -12.091  69.634 0.0000000000
72661  8.103  -12.616  71.179 0.0000000000
71524  7.148  -14.168  70.270 0.0000000000
64429  1.969  -20.891  70.812 0.0000000000
67618  12.061  -17.219  87.194 0.0000000000
68814  12.562  -16.685  88.296 0.0000000000
68849  19.943  -15.873  82.681 0.0000000000
69036  0.766  -16.676  66.784 0.0000000000
71381  23.551  -14.015  85.830 0.0000000000
71504  7.847  -13.266  70.929 0.0000000000
72496  3.552  -13.289  91.422 0.0000000000
72675  8.297  -12.967  70.430 0.0000000000
73695  4.021  -12.677  91.336 0.0000000000
73711  12.256  -12.661  89.518 0.0000000000
73800  -0.437  -12.537  76.488 0.0000000000
73840  6.322  -11.924  71.486 0.0000000000
73865  2.133  -12.011  68.001 0.0000000000
73875  2.842  -12.215  67.519 0.0000000000
74855  4.046  -11.509  90.524 0.0000000000
74937  -0.815  -11.795  83.243 0.0000000000
74948  -0.735  -11.644  81.566 0.0000000000
74983  5.751  -10.860  74.469 0.0000000000
75033  1.656  -11.289  68.341 0.0000000000
76185  5.747  -9.720  75.208 0.0000000000
76238  1.420  -10.807  69.743 0.0000000000
77333  2.157  -9.343  76.835 0.0000000000
77341  5.102  -9.607  75.671 0.0000000000
77354  5.845  -9.750  74.614 0.0000000000
77370  1.896  -9.523  71.503 0.0000000000
78439  -0.691  -8.247  82.174 0.0000000000
78450  -0.364  -8.969  79.232 0.0000000000
78480  5.684  -9.171  74.826 0.0000000000
78481  5.390  -8.586  74.894 0.0000000000
79532  3.480  -7.781  76.197 0.0000000000
79554  4.997  -8.110  72.573 0.0000000000
80595  -0.397  -6.580  81.350 0.0000000000
80635  5.292  -6.872  72.765 0.0000000000
81726  0.207  -6.067  80.090 0.0000000000
81738  1.816  -5.774  77.884 0.0000000000
82870  0.598  -4.885  81.344 0.0000000000
82879  0.907  -4.159  80.688 0.0000000000
84090  0.973  -3.997  82.893 0.0000000000
84135  1.952  -3.484  79.832 0.0000000000
84161  2.968  -3.947  77.862 0.0000000000
84176  3.720  -3.929  76.588 0.0000000000
84187  5.996  -3.565  73.080 0.0000000000
84219  6.716  -3.861  70.686 0.0000000000
85364  1.937  -2.977  81.053 0.0000000000
85388  3.037  -3.226  79.048 0.0000000000
86504  4.282  -2.286  81.216 0.0000000000
86509  4.627  -2.087  80.561 0.0000000000
163018  -0.063  -14.255  74.099 0.0000000000
163123  16.171  -16.863  86.538 0.0000000000
169429  -0.316  -16.941  68.876 0.0000000000
171831  -0.263  -17.080  67.891 0.0000000000
172434  2.281  -11.040  89.592 0.0000000000
184812  5.868  -10.293  74.345 0.0000000000
185881  2.460  -3.568  79.327 0.0000000000
191067  0.820  -7.483  78.100 0.0000000000
191573  1.180  -10.843  68.263 0.0000000000
191817  17.673  -16.989  83.803 0.0000000000
192292  4.447  -9.745  75.929 0.0000000000
193011  0.735  -4.480  82.549 0.0000000000
193855  0.789  -13.449  89.766 0.0000000000
194528  1.553  -12.754  90.301 0.0000000000
195218  5.661  -16.905  89.237 0.0000000000
195236  1.256  -6.159  85.480 0.0000000000
