#!ascii label  , from subject sub-v1s8x0051332_ses-1 vox2ras=TkReg
1181
71481  21.090  -13.337  72.864 0.0000000000
68865  31.449  -16.753  80.749 0.0000000000
82048  39.205  -5.315  49.609 0.0000000000
73921  31.200  -12.938  63.336 0.0000000000
66640  36.296  -18.473  71.957 0.0000000000
162221  52.057  6.435  40.955 0.0000000000
83165  40.197  -4.798  55.293 0.0000000000
83171  34.178  -3.364  55.067 0.0000000000
66618  17.310  -18.756  73.034 0.0000000000
70191  25.650  -14.569  76.022 0.0000000000
67746  27.943  -18.151  74.218 0.0000000000
70259  23.801  -14.732  68.234 0.0000000000
161033  45.691  2.388  46.242 0.0000000000
167746  25.008  -11.906  78.339 0.0000000000
68895  19.741  -16.009  77.789 0.0000000000
86892  45.409  -0.706  50.162 0.0000000000
66543  14.953  -17.834  78.113 0.0000000000
64296  9.716  -19.967  78.854 0.0000000000
79650  35.748  -7.668  59.881 0.0000000000
70305  34.594  -15.341  67.394 0.0000000000
64460  34.184  -20.476  67.873 0.0000000000
161832  31.749  -21.451  73.426 0.0000000000
85684  40.351  -0.910  56.356 0.0000000000
83168  37.437  -3.504  55.006 0.0000000000
85668  36.778  -1.753  57.937 0.0000000000
85682  43.186  -1.587  56.681 0.0000000000
70249  20.456  -15.084  70.198 0.0000000000
67794  18.819  -18.354  71.337 0.0000000000
68947  19.954  -16.618  72.628 0.0000000000
72616  23.794  -13.026  74.248 0.0000000000
70229  24.724  -14.755  72.124 0.0000000000
71502  22.736  -13.581  70.426 0.0000000000
71552  21.658  -14.452  67.509 0.0000000000
85763  38.857  -1.909  48.618 0.0000000000
82036  43.129  -5.242  50.920 0.0000000000
176027  42.106  -3.350  49.603 0.0000000000
176225  41.651  0.042  49.457 0.0000000000
68870  19.138  -16.209  80.421 0.0000000000
67699  17.462  -17.367  78.097 0.0000000000
67669  16.348  -17.446  80.147 0.0000000000
66468  10.286  -18.247  83.694 0.0000000000
65357  11.253  -19.165  81.278 0.0000000000
65359  8.599  -18.783  81.093 0.0000000000
65362  6.732  -19.662  81.620 0.0000000000
64237  6.081  -19.772  84.287 0.0000000000
71548  37.350  -14.858  67.359 0.0000000000
68981  35.576  -16.931  69.403 0.0000000000
66690  35.235  -18.095  68.091 0.0000000000
65515  35.332  -19.438  69.946 0.0000000000
158516  27.316  -19.044  70.966 0.0000000000
179748  29.795  -20.356  74.335 0.0000000000
179651  29.170  -21.011  71.650 0.0000000000
155067  31.404  -21.674  71.433 0.0000000000
76318  33.714  -11.022  60.348 0.0000000000
77499  32.459  -8.967  58.140 0.0000000000
75105  30.682  -12.275  59.902 0.0000000000
94005  56.688  6.107  38.817 0.0000000000
162410  52.617  5.984  38.069 0.0000000000
79746  40.219  -6.396  51.894 0.0000000000
79735  37.298  -4.811  52.625 0.0000000000
81955  42.667  -5.438  54.707 0.0000000000
68876  28.956  -15.968  79.140 0.0000000000
67705  30.020  -17.978  77.897 0.0000000000
68917  27.340  -16.710  74.876 0.0000000000
166437  26.295  -16.747  70.880 0.0000000000
67836  25.844  -17.363  67.305 0.0000000000
91024  48.722  2.500  48.734 0.0000000000
92956  48.102  4.362  46.201 0.0000000000
93976  48.170  6.039  43.745 0.0000000000
93987  48.840  7.019  40.862 0.0000000000
72604  22.774  -12.551  75.285 0.0000000000
70201  20.443  -15.350  75.482 0.0000000000
71438  22.292  -14.182  78.662 0.0000000000
72593  25.577  -12.255  76.885 0.0000000000
90049  45.186  1.332  48.026 0.0000000000
67740  18.348  -17.533  75.320 0.0000000000
66588  16.226  -18.343  75.226 0.0000000000
65431  13.187  -19.201  75.236 0.0000000000
66500  13.601  -18.261  81.039 0.0000000000
65395  12.315  -19.378  78.419 0.0000000000
63124  3.061  -21.495  85.806 0.0000000000
84394  37.248  -3.759  60.667 0.0000000000
193676  34.694  -12.474  62.719 0.0000000000
72717  36.329  -13.691  65.234 0.0000000000
72720  33.196  -14.039  65.640 0.0000000000
170172  34.242  -16.587  66.135 0.0000000000
165229  34.406  -19.144  65.865 0.0000000000
64490  31.307  -20.464  64.835 0.0000000000
155041  31.284  -19.676  76.849 0.0000000000
63231  33.347  -20.930  75.567 0.0000000000
64391  35.139  -20.552  72.231 0.0000000000
64407  33.906  -21.320  71.040 0.0000000000
63309  32.785  -21.498  68.671 0.0000000000
81925  34.115  -5.374  57.747 0.0000000000
79700  32.061  -7.279  56.259 0.0000000000
87924  39.238  0.511  59.129 0.0000000000
86823  38.248  -1.077  57.107 0.0000000000
86808  38.015  -0.399  58.321 0.0000000000
87936  41.293  0.637  58.308 0.0000000000
70240  20.417  -14.893  71.151 0.0000000000
68959  20.295  -15.697  71.945 0.0000000000
70230  20.396  -14.863  72.629 0.0000000000
72618  22.504  -12.706  73.508 0.0000000000
72640  22.645  -13.104  71.961 0.0000000000
72642  21.160  -12.959  71.228 0.0000000000
72660  20.699  -13.506  70.199 0.0000000000
83244  38.715  -3.838  48.822 0.0000000000
82046  40.701  -4.583  50.257 0.0000000000
83233  42.758  -4.286  49.902 0.0000000000
83236  40.581  -3.998  49.487 0.0000000000
85758  40.712  -2.433  49.403 0.0000000000
66457  9.311  -17.857  84.435 0.0000000000
65332  9.711  -18.424  82.827 0.0000000000
66487  7.652  -18.131  82.421 0.0000000000
65360  7.590  -18.708  81.100 0.0000000000
66470  7.245  -18.084  83.076 0.0000000000
186636  6.601  -19.283  83.047 0.0000000000
67812  36.692  -16.830  69.840 0.0000000000
67801  36.434  -17.583  70.785 0.0000000000
67814  35.574  -17.638  69.664 0.0000000000
66652  35.640  -18.796  70.578 0.0000000000
67660  31.859  -17.452  80.300 0.0000000000
182045  27.367  -19.807  68.731 0.0000000000
181402  27.825  -19.670  71.515 0.0000000000
180056  27.919  -20.403  69.352 0.0000000000
181268  29.249  -21.253  70.597 0.0000000000
172435  32.648  -12.244  61.426 0.0000000000
75117  32.130  -11.535  59.978 0.0000000000
166282  51.239  7.131  42.252 0.0000000000
95033  52.838  6.246  41.796 0.0000000000
93990  53.369  6.008  40.477 0.0000000000
93998  53.824  5.913  39.772 0.0000000000
93999  52.270  6.381  39.155 0.0000000000
80824  40.530  -6.925  53.951 0.0000000000
79748  38.713  -5.783  52.320 0.0000000000
80826  39.018  -6.120  53.872 0.0000000000
83169  36.225  -3.018  54.845 0.0000000000
81978  36.700  -4.081  53.852 0.0000000000
192293  34.506  -3.937  53.847 0.0000000000
84430  41.568  -2.462  55.714 0.0000000000
81956  41.784  -5.831  55.056 0.0000000000
80844  41.579  -6.552  52.969 0.0000000000
66631  18.144  -18.809  71.667 0.0000000000
66619  16.507  -18.857  73.256 0.0000000000
70181  27.330  -15.359  77.670 0.0000000000
68900  27.628  -16.299  76.493 0.0000000000
68901  26.946  -15.879  76.092 0.0000000000
70248  24.501  -14.801  70.235 0.0000000000
68958  25.838  -16.018  71.251 0.0000000000
70257  25.130  -15.503  69.629 0.0000000000
68982  26.093  -17.170  68.995 0.0000000000
68997  25.151  -15.937  68.089 0.0000000000
176580  24.387  -15.396  66.545 0.0000000000
69062  33.877  -16.057  64.561 0.0000000000
91036  47.205  2.777  47.057 0.0000000000
91973  48.465  3.650  47.449 0.0000000000
160952  46.862  3.315  46.187 0.0000000000
92988  46.981  4.960  43.811 0.0000000000
93008  46.444  5.618  42.015 0.0000000000
167089  48.377  7.275  42.191 0.0000000000
72599  23.466  -12.492  76.738 0.0000000000
71450  22.283  -13.702  76.767 0.0000000000
72586  23.680  -13.066  78.452 0.0000000000
73781  25.390  -11.803  77.687 0.0000000000
73798  24.428  -12.122  76.254 0.0000000000
89036  47.079  0.838  49.421 0.0000000000
89030  45.102  0.363  49.484 0.0000000000
89056  42.234  1.429  47.905 0.0000000000
70193  20.422  -15.395  76.408 0.0000000000
68912  19.439  -16.511  75.459 0.0000000000
177759  19.379  -16.331  77.112 0.0000000000
66557  15.841  -17.898  77.612 0.0000000000
66556  16.572  -18.002  76.959 0.0000000000
192600  15.747  -18.083  76.845 0.0000000000
66590  14.509  -18.350  75.614 0.0000000000
66575  13.695  -18.508  76.836 0.0000000000
162884  13.778  -18.200  82.491 0.0000000000
64279  10.587  -19.668  79.723 0.0000000000
65370  12.193  -19.264  80.224 0.0000000000
64294  11.556  -19.833  78.689 0.0000000000
64323  11.783  -20.075  76.877 0.0000000000
75090  35.366  -11.151  61.786 0.0000000000
71549  36.398  -15.073  67.161 0.0000000000
72703  36.665  -14.142  65.905 0.0000000000
71572  35.487  -14.357  65.839 0.0000000000
72719  34.409  -14.115  65.515 0.0000000000
71562  33.948  -14.909  66.892 0.0000000000
70307  33.394  -14.984  66.493 0.0000000000
70306  33.984  -15.442  67.045 0.0000000000
66678  35.184  -19.059  68.134 0.0000000000
66691  35.004  -18.699  67.303 0.0000000000
64475  33.978  -20.452  66.980 0.0000000000
181671  33.207  -20.356  65.328 0.0000000000
64461  33.261  -20.834  66.837 0.0000000000
66567  28.839  -18.211  75.891 0.0000000000
66550  30.414  -18.545  77.432 0.0000000000
169304  29.252  -18.910  75.543 0.0000000000
155073  31.327  -21.155  74.322 0.0000000000
181039  31.072  -20.713  75.083 0.0000000000
164207  32.078  -21.259  74.363 0.0000000000
63245  34.219  -21.180  74.312 0.0000000000
63259  34.121  -21.360  73.420 0.0000000000
64406  34.659  -20.926  71.612 0.0000000000
63274  33.031  -21.691  72.106 0.0000000000
158412  31.573  -21.865  70.378 0.0000000000
63302  32.553  -21.616  69.934 0.0000000000
81906  36.242  -5.662  59.714 0.0000000000
83118  35.777  -3.933  58.958 0.0000000000
80763  35.195  -6.422  58.895 0.0000000000
76359  31.186  -9.980  57.374 0.0000000000
78636  32.468  -7.757  57.064 0.0000000000
162101  57.145  6.056  37.984 0.0000000000
84431  40.526  -2.170  56.109 0.0000000000
83147  39.280  -4.241  55.861 0.0000000000
84433  38.823  -2.595  56.116 0.0000000000
173928  37.822  -2.352  56.053 0.0000000000
84462  35.389  -2.582  55.792 0.0000000000
86792  43.193  -0.344  58.877 0.0000000000
85683  41.495  -1.444  56.212 0.0000000000
68971  19.811  -17.017  70.438 0.0000000000
67781  19.400  -17.519  72.003 0.0000000000
67766  18.675  -17.955  73.401 0.0000000000
71455  24.676  -13.788  75.006 0.0000000000
70206  25.625  -15.130  74.415 0.0000000000
71479  24.016  -14.213  72.615 0.0000000000
71501  23.811  -14.207  70.800 0.0000000000
71518  23.468  -14.285  68.980 0.0000000000
71536  22.961  -14.347  67.536 0.0000000000
72683  21.463  -13.681  69.061 0.0000000000
71539  20.799  -14.511  68.784 0.0000000000
156830  43.308  3.165  45.252 0.0000000000
72568  24.421  -12.993  79.759 0.0000000000
83224  43.449  -3.628  51.175 0.0000000000
84514  43.622  -2.808  50.092 0.0000000000
190229  43.933  -1.838  49.814 0.0000000000
88013  43.232  -0.439  49.721 0.0000000000
184982  41.702  -1.463  49.771 0.0000000000
86902  40.253  -0.755  48.968 0.0000000000
68877  19.753  -15.837  79.855 0.0000000000
68889  18.669  -16.885  77.886 0.0000000000
185375  18.345  -16.824  79.426 0.0000000000
67685  17.108  -17.297  79.590 0.0000000000
66528  15.844  -17.559  79.462 0.0000000000
65343  12.134  -18.795  82.380 0.0000000000
65331  10.719  -18.556  82.900 0.0000000000
65358  9.681  -19.072  81.319 0.0000000000
64281  9.110  -19.525  79.321 0.0000000000
65374  7.936  -19.039  80.244 0.0000000000
70273  36.039  -15.811  68.364 0.0000000000
70274  35.267  -15.965  68.431 0.0000000000
68995  34.727  -16.257  68.178 0.0000000000
166506  35.248  -17.455  68.969 0.0000000000
66677  35.354  -18.426  68.863 0.0000000000
65516  35.002  -20.080  69.331 0.0000000000
66626  27.501  -18.400  72.612 0.0000000000
158858  28.580  -19.182  74.096 0.0000000000
157893  28.313  -19.593  72.797 0.0000000000
180353  28.858  -20.335  72.740 0.0000000000
181696  30.824  -21.272  73.492 0.0000000000
183990  31.752  -21.642  72.403 0.0000000000
160196  30.111  -21.447  71.563 0.0000000000
189751  30.204  -21.510  70.401 0.0000000000
77463  34.867  -9.646  60.126 0.0000000000
78610  34.165  -8.579  58.957 0.0000000000
76331  33.436  -9.962  59.244 0.0000000000
76346  31.610  -10.727  58.482 0.0000000000
95048  55.627  6.369  40.136 0.0000000000
94007  54.381  5.828  38.425 0.0000000000
162999  39.566  -5.703  50.767 0.0000000000
80902  38.370  -5.456  49.850 0.0000000000
80885  38.983  -5.699  51.099 0.0000000000
81977  37.824  -4.504  54.057 0.0000000000
80849  36.776  -4.498  53.020 0.0000000000
164426  44.922  -1.527  57.537 0.0000000000
83127  44.689  -2.609  55.523 0.0000000000
81953  43.919  -4.278  54.425 0.0000000000
81999  43.501  -5.863  52.904 0.0000000000
80882  40.711  -5.035  51.259 0.0000000000
68867  29.948  -16.059  80.213 0.0000000000
67676  30.738  -17.367  79.301 0.0000000000
67691  29.078  -16.846  77.944 0.0000000000
67720  28.730  -17.444  76.589 0.0000000000
67747  27.704  -17.435  74.540 0.0000000000
70215  26.176  -15.693  74.011 0.0000000000
68944  26.482  -16.468  72.691 0.0000000000
167738  27.276  -17.818  72.889 0.0000000000
187906  26.571  -17.486  70.578 0.0000000000
67815  26.470  -18.069  68.922 0.0000000000
66693  26.532  -18.827  66.899 0.0000000000
93951  49.159  5.872  46.734 0.0000000000
92976  46.909  4.090  44.982 0.0000000000
93973  48.274  5.838  44.630 0.0000000000
173407  49.071  7.323  45.607 0.0000000000
95015  49.325  7.607  43.482 0.0000000000
93980  49.412  7.493  41.675 0.0000000000
93986  50.072  7.107  40.794 0.0000000000
188255  50.756  6.879  39.630 0.0000000000
72612  21.955  -12.842  73.976 0.0000000000
71463  20.924  -14.468  74.070 0.0000000000
71457  21.612  -13.996  75.423 0.0000000000
71445  21.621  -14.402  77.314 0.0000000000
70183  21.043  -15.018  77.813 0.0000000000
71429  23.043  -13.963  80.029 0.0000000000
70169  20.352  -15.352  79.311 0.0000000000
70152  20.455  -15.365  81.240 0.0000000000
70147  30.748  -15.327  81.569 0.0000000000
70157  29.603  -15.291  80.586 0.0000000000
70166  27.766  -14.767  79.249 0.0000000000
70175  26.755  -14.505  78.077 0.0000000000
72585  26.483  -13.221  78.212 0.0000000000
71443  25.714  -13.156  77.008 0.0000000000
72598  24.525  -12.453  75.667 0.0000000000
73803  23.317  -12.393  75.002 0.0000000000
90040  48.189  2.509  49.913 0.0000000000
91026  47.033  1.889  47.940 0.0000000000
156826  45.233  1.911  46.698 0.0000000000
89040  43.768  0.960  48.637 0.0000000000
90061  43.655  1.622  47.117 0.0000000000
159468  44.239  1.861  46.455 0.0000000000
68931  20.103  -16.038  74.125 0.0000000000
67752  19.129  -17.281  73.999 0.0000000000
67753  18.507  -17.737  74.362 0.0000000000
67728  18.208  -17.384  76.306 0.0000000000
67741  17.678  -17.968  75.691 0.0000000000
66603  16.397  -18.556  74.259 0.0000000000
66604  15.510  -18.501  74.442 0.0000000000
65447  13.223  -19.308  74.197 0.0000000000
66513  14.853  -17.677  80.638 0.0000000000
66530  14.245  -18.010  79.401 0.0000000000
65369  12.931  -18.966  79.931 0.0000000000
66560  13.633  -18.426  77.724 0.0000000000
65405  13.120  -19.054  77.184 0.0000000000
64228  4.316  -20.539  85.786 0.0000000000
85638  37.684  -1.504  60.986 0.0000000000
78593  35.860  -8.498  60.331 0.0000000000
76317  34.526  -10.513  60.574 0.0000000000
75092  33.624  -12.035  61.582 0.0000000000
73919  33.132  -13.057  63.211 0.0000000000
73905  35.647  -13.008  63.839 0.0000000000
72748  33.510  -13.373  64.023 0.0000000000
72749  32.354  -13.306  64.227 0.0000000000
71574  32.438  -14.393  65.428 0.0000000000
69044  33.546  -15.836  65.763 0.0000000000
67867  34.581  -17.467  65.089 0.0000000000
67834  34.939  -17.659  67.237 0.0000000000
67850  34.689  -17.598  66.210 0.0000000000
155870  34.551  -18.389  65.421 0.0000000000
65549  33.818  -19.839  65.160 0.0000000000
158407  32.318  -19.922  63.437 0.0000000000
167731  36.104  -19.378  73.346 0.0000000000
66521  31.005  -18.115  78.951 0.0000000000
158677  32.154  -19.398  78.023 0.0000000000
161834  32.835  -20.286  76.899 0.0000000000
157946  30.264  -19.867  75.668 0.0000000000
155072  32.511  -20.664  75.903 0.0000000000
63214  33.974  -20.624  76.145 0.0000000000
64365  34.872  -20.815  74.833 0.0000000000
64380  35.566  -20.181  73.586 0.0000000000
65471  35.961  -19.224  72.336 0.0000000000
64405  35.111  -20.460  71.664 0.0000000000
64420  34.484  -20.797  70.642 0.0000000000
64437  33.791  -21.202  69.189 0.0000000000
162676  32.497  -21.655  70.893 0.0000000000
63301  33.088  -21.509  69.494 0.0000000000
64450  33.640  -21.089  68.240 0.0000000000
64462  32.512  -20.986  66.764 0.0000000000
85653  36.289  -2.297  59.076 0.0000000000
84415  35.358  -3.470  58.161 0.0000000000
83152  34.036  -3.914  56.111 0.0000000000
79683  32.949  -7.167  57.924 0.0000000000
80797  32.567  -5.910  56.692 0.0000000000
80811  32.597  -5.222  55.913 0.0000000000
94009  51.423  6.338  38.060 0.0000000000
87925  38.407  0.191  59.046 0.0000000000
87914  38.516  0.153  59.995 0.0000000000
87923  40.316  0.867  59.280 0.0000000000
71482  20.607  -13.775  72.261 0.0000000000
186044  20.413  -14.618  71.889 0.0000000000
72619  21.702  -12.738  73.081 0.0000000000
72628  22.108  -12.716  72.525 0.0000000000
72629  21.299  -12.965  72.163 0.0000000000
72630  20.778  -13.293  71.578 0.0000000000
83237  39.629  -4.492  49.365 0.0000000000
82056  38.547  -4.720  49.037 0.0000000000
82047  39.977  -5.033  49.882 0.0000000000
188917  40.421  -4.412  49.805 0.0000000000
83243  39.777  -3.601  48.980 0.0000000000
66458  8.372  -17.593  84.090 0.0000000000
66469  8.025  -17.798  83.222 0.0000000000
66460  6.779  -18.301  83.868 0.0000000000
66639  36.720  -17.853  71.548 0.0000000000
66651  36.080  -18.237  71.133 0.0000000000
68855  31.866  -16.346  81.385 0.0000000000
180673  29.038  -21.169  68.558 0.0000000000
73934  31.668  -12.711  62.850 0.0000000000
75093  31.819  -12.348  61.221 0.0000000000
95034  52.100  6.485  41.860 0.0000000000
193908  52.465  6.226  41.436 0.0000000000
93984  52.816  6.138  41.078 0.0000000000
184219  53.077  5.962  39.757 0.0000000000
93991  52.564  6.219  40.264 0.0000000000
81974  40.252  -6.307  54.449 0.0000000000
80825  39.613  -6.734  53.943 0.0000000000
81958  39.959  -5.506  54.699 0.0000000000
83170  35.048  -2.963  54.886 0.0000000000
83184  34.745  -3.544  54.324 0.0000000000
82001  33.588  -3.943  53.460 0.0000000000
81980  33.689  -3.804  54.536 0.0000000000
83146  40.817  -4.177  55.717 0.0000000000
83145  41.650  -4.081  55.094 0.0000000000
83164  41.274  -4.940  55.181 0.0000000000
80810  41.208  -6.360  54.496 0.0000000000
66617  18.074  -18.507  72.735 0.0000000000
66632  17.341  -19.046  71.966 0.0000000000
65461  16.544  -19.184  72.208 0.0000000000
70190  26.355  -15.162  76.495 0.0000000000
70189  27.142  -15.608  76.880 0.0000000000
70198  26.284  -15.404  75.656 0.0000000000
70258  24.190  -14.868  69.275 0.0000000000
70275  24.695  -15.386  68.636 0.0000000000
191652  25.282  -15.941  68.862 0.0000000000
70293  24.488  -15.360  67.635 0.0000000000
69012  25.006  -15.979  67.129 0.0000000000
69043  34.296  -16.633  64.837 0.0000000000
91043  46.588  2.733  46.579 0.0000000000
91983  47.318  3.248  46.672 0.0000000000
156839  46.090  3.098  45.746 0.0000000000
93007  47.173  6.145  41.612 0.0000000000
73782  24.464  -12.139  77.727 0.0000000000
72594  23.579  -12.701  77.503 0.0000000000
73793  24.127  -12.095  76.812 0.0000000000
85747  45.032  -1.129  50.492 0.0000000000
88011  45.977  -0.109  50.227 0.0000000000
89029  45.902  0.382  49.612 0.0000000000
88012  45.453  -0.424  49.927 0.0000000000
70184  20.365  -15.415  77.345 0.0000000000
68902  19.968  -16.022  76.840 0.0000000000
66558  15.067  -18.047  77.145 0.0000000000
66574  14.388  -18.236  76.535 0.0000000000
66559  14.296  -18.134  77.416 0.0000000000
66466  13.256  -18.303  83.214 0.0000000000
64295  10.694  -20.077  78.843 0.0000000000
64309  10.855  -20.280  77.898 0.0000000000
188156  35.483  -15.090  67.129 0.0000000000
71561  34.881  -14.819  66.768 0.0000000000
189444  34.341  -14.563  66.355 0.0000000000
70292  34.354  -15.898  67.630 0.0000000000
65530  34.789  -19.860  68.415 0.0000000000
65538  34.548  -19.658  67.385 0.0000000000
187777  33.624  -20.829  67.498 0.0000000000
66580  28.744  -18.574  75.186 0.0000000000
66566  29.435  -18.638  76.191 0.0000000000
155058  32.757  -21.464  73.927 0.0000000000
177590  33.582  -21.423  73.916 0.0000000000
63260  33.303  -21.588  73.165 0.0000000000
177424  33.826  -21.511  72.672 0.0000000000
165798  32.440  -21.657  72.806 0.0000000000
80747  35.879  -6.573  59.621 0.0000000000
79660  35.317  -7.158  59.301 0.0000000000
84432  39.671  -2.662  56.314 0.0000000000
168029  39.727  -1.687  56.155 0.0000000000
86824  37.546  -1.500  57.248 0.0000000000
85686  38.088  -1.789  56.476 0.0000000000
85687  37.313  -1.941  56.879 0.0000000000
84450  37.083  -2.473  55.974 0.0000000000
84451  36.172  -2.260  56.482 0.0000000000
87920  43.373  -0.013  59.739 0.0000000000
86821  40.505  -0.048  57.045 0.0000000000
86820  41.419  -0.412  56.756 0.0000000000
68960  19.960  -16.819  71.501 0.0000000000
67782  18.812  -18.155  72.404 0.0000000000
67765  19.284  -17.373  73.028 0.0000000000
71461  24.431  -13.872  74.384 0.0000000000
71467  24.005  -13.982  73.539 0.0000000000
72657  22.461  -13.208  71.235 0.0000000000
71492  23.198  -13.633  71.388 0.0000000000
71517  23.589  -14.217  69.815 0.0000000000
71519  22.542  -13.796  69.207 0.0000000000
72672  21.656  -13.310  69.878 0.0000000000
71521  20.595  -14.091  69.637 0.0000000000
70260  20.495  -15.318  69.242 0.0000000000
83206  43.976  -4.448  52.214 0.0000000000
83217  43.615  -4.472  51.446 0.0000000000
84508  43.285  -3.599  50.240 0.0000000000
84515  42.922  -3.452  49.840 0.0000000000
85755  43.395  -2.471  49.807 0.0000000000
85756  42.608  -2.811  49.692 0.0000000000
86895  42.557  -1.968  49.689 0.0000000000
85757  41.683  -2.379  49.670 0.0000000000
84523  39.817  -2.679  48.927 0.0000000000
86903  39.930  -1.700  48.937 0.0000000000
68878  19.014  -16.358  79.400 0.0000000000
68871  18.465  -16.612  80.134 0.0000000000
190572  16.430  -17.467  79.315 0.0000000000
66455  11.125  -18.204  84.265 0.0000000000
65330  11.159  -18.379  83.543 0.0000000000
65346  9.164  -18.634  81.976 0.0000000000
65345  10.190  -18.861  82.150 0.0000000000
65373  9.113  -19.236  80.255 0.0000000000
65386  8.251  -19.377  79.339 0.0000000000
65361  6.979  -18.962  81.447 0.0000000000
65375  7.195  -19.230  80.469 0.0000000000
65333  6.450  -19.324  83.671 0.0000000000
64246  6.108  -20.271  83.736 0.0000000000
64238  5.464  -20.414  84.501 0.0000000000
68980  36.135  -16.746  69.556 0.0000000000
68979  36.815  -16.440  69.345 0.0000000000
68993  35.907  -16.335  68.959 0.0000000000
68994  35.137  -16.594  68.777 0.0000000000
66664  35.484  -18.517  69.690 0.0000000000
65529  35.286  -19.290  69.030 0.0000000000
164535  27.515  -18.798  71.938 0.0000000000
155078  27.831  -18.966  72.752 0.0000000000
185483  27.926  -19.425  72.241 0.0000000000
158090  28.446  -20.558  71.094 0.0000000000
181888  28.358  -20.119  72.054 0.0000000000
155047  29.602  -20.957  72.647 0.0000000000
160980  30.385  -21.322  72.588 0.0000000000
76330  34.012  -10.263  59.868 0.0000000000
76319  33.016  -10.834  59.668 0.0000000000
75118  31.146  -11.729  59.600 0.0000000000
76332  31.958  -11.127  59.213 0.0000000000
75132  30.929  -11.424  58.785 0.0000000000
162571  53.301  5.871  39.048 0.0000000000
162537  54.161  5.821  39.055 0.0000000000
94008  53.684  5.839  38.326 0.0000000000
94017  54.183  5.871  37.743 0.0000000000
94018  53.369  5.802  37.486 0.0000000000
80884  39.658  -5.949  51.566 0.0000000000
79760  39.021  -5.850  51.822 0.0000000000
79734  38.401  -5.412  52.802 0.0000000000
79749  37.669  -5.290  52.174 0.0000000000
79750  36.531  -4.856  51.897 0.0000000000
83167  38.419  -3.972  55.366 0.0000000000
81976  38.795  -5.125  54.177 0.0000000000
81959  38.165  -4.360  54.667 0.0000000000
82000  34.942  -4.155  53.321 0.0000000000
80829  36.164  -4.310  53.408 0.0000000000
80850  35.387  -4.370  52.731 0.0000000000
80868  34.982  -4.498  52.006 0.0000000000
86804  43.693  -1.084  58.256 0.0000000000
85651  44.700  -1.268  58.400 0.0000000000
85666  44.029  -1.403  57.329 0.0000000000
81943  42.758  -4.300  54.610 0.0000000000
83128  43.881  -2.875  55.222 0.0000000000
83143  43.383  -3.557  54.645 0.0000000000
83142  44.049  -3.059  55.074 0.0000000000
81972  43.583  -5.166  54.395 0.0000000000
81998  44.035  -5.446  53.459 0.0000000000
81973  43.294  -5.902  53.916 0.0000000000
163284  40.945  -6.591  52.351 0.0000000000
80865  41.952  -6.307  52.276 0.0000000000
80883  40.243  -5.814  51.228 0.0000000000
68884  29.402  -16.575  78.666 0.0000000000
68885  28.725  -16.196  78.363 0.0000000000
68909  27.476  -16.519  75.692 0.0000000000
68899  28.266  -16.701  76.899 0.0000000000
67721  28.036  -16.998  76.151 0.0000000000
67734  27.872  -17.219  75.351 0.0000000000
177773  25.369  -15.137  73.257 0.0000000000
70216  25.662  -15.265  73.731 0.0000000000
70228  25.385  -15.242  72.551 0.0000000000
68945  25.895  -15.916  72.176 0.0000000000
68957  26.414  -16.609  71.776 0.0000000000
67760  26.921  -17.117  73.223 0.0000000000
67776  26.825  -17.264  72.345 0.0000000000
67791  26.731  -17.458  71.419 0.0000000000
67826  25.869  -17.044  68.147 0.0000000000
67825  26.171  -17.706  68.158 0.0000000000
66680  26.556  -18.666  67.963 0.0000000000
170226  26.225  -18.106  67.435 0.0000000000
71551  22.343  -14.458  67.060 0.0000000000
71550  23.043  -14.527  66.511 0.0000000000
71565  21.874  -14.786  66.551 0.0000000000
91023  49.248  2.951  49.030 0.0000000000
92950  48.629  4.377  46.873 0.0000000000
92943  49.238  4.438  47.776 0.0000000000
93942  49.106  5.024  46.970 0.0000000000
93952  48.628  5.212  46.289 0.0000000000
188251  45.418  3.641  44.271 0.0000000000
160648  46.222  3.597  44.772 0.0000000000
93977  47.398  5.727  43.394 0.0000000000
93974  47.653  5.388  44.253 0.0000000000
94996  48.672  6.676  45.018 0.0000000000
95005  48.514  6.583  44.191 0.0000000000
95004  48.978  7.253  44.160 0.0000000000
95016  48.604  7.066  43.342 0.0000000000
193043  48.601  7.259  41.479 0.0000000000
93994  49.043  6.649  40.005 0.0000000000
72605  22.146  -13.097  74.885 0.0000000000
71462  21.465  -13.653  74.506 0.0000000000
71456  22.258  -13.394  75.811 0.0000000000
71444  22.308  -14.013  77.713 0.0000000000
71451  21.644  -14.246  76.362 0.0000000000
71439  21.609  -14.509  78.257 0.0000000000
72577  23.702  -13.364  79.442 0.0000000000
71421  22.354  -14.312  80.618 0.0000000000
70168  21.142  -14.986  79.757 0.0000000000
70159  21.126  -15.061  80.729 0.0000000000
70160  20.406  -15.347  80.291 0.0000000000
73780  26.244  -12.155  77.965 0.0000000000
72592  25.959  -12.616  77.509 0.0000000000
71449  25.273  -13.104  76.188 0.0000000000
73797  25.055  -12.118  76.467 0.0000000000
189960  23.371  -12.339  75.601 0.0000000000
73802  23.908  -12.229  75.574 0.0000000000
72611  22.671  -12.552  74.454 0.0000000000
89037  46.542  0.822  49.086 0.0000000000
90047  47.306  1.251  48.791 0.0000000000
90048  46.231  1.404  48.216 0.0000000000
90060  46.352  1.871  47.517 0.0000000000
165619  45.633  1.700  47.427 0.0000000000
88022  42.501  0.311  49.459 0.0000000000
88021  43.417  0.432  49.341 0.0000000000
175263  42.736  1.690  47.073 0.0000000000
90067  43.216  1.912  46.341 0.0000000000
70208  21.043  -14.671  74.988 0.0000000000
70209  20.440  -15.283  74.551 0.0000000000
68920  19.515  -16.579  74.532 0.0000000000
67739  19.036  -17.190  74.956 0.0000000000
67698  18.132  -17.140  78.213 0.0000000000
67714  18.032  -17.309  77.359 0.0000000000
66572  16.012  -18.189  76.135 0.0000000000
66571  16.881  -18.151  75.971 0.0000000000
66587  17.081  -18.302  75.009 0.0000000000
65416  13.779  -18.627  75.900 0.0000000000
65430  13.871  -18.772  74.916 0.0000000000
66499  14.293  -17.902  81.197 0.0000000000
187751  14.723  -17.747  79.911 0.0000000000
66514  14.073  -18.030  80.314 0.0000000000
175961  11.880  -19.065  81.748 0.0000000000
65356  12.073  -19.179  81.074 0.0000000000
65384  12.242  -19.321  79.322 0.0000000000
65383  13.038  -18.995  79.033 0.0000000000
65394  13.089  -19.005  78.111 0.0000000000
65406  12.390  -19.449  77.504 0.0000000000
164581  5.065  -20.121  85.375 0.0000000000
64227  4.649  -19.815  86.087 0.0000000000
64229  3.569  -20.829  86.152 0.0000000000
81893  37.338  -5.762  60.926 0.0000000000
78582  36.262  -8.947  60.805 0.0000000000
77462  35.615  -9.298  60.562 0.0000000000
76316  35.367  -10.112  60.878 0.0000000000
75078  35.127  -11.930  62.366 0.0000000000
75091  34.573  -11.614  61.708 0.0000000000
73932  34.058  -12.438  62.386 0.0000000000
72733  36.031  -13.336  64.538 0.0000000000
72735  33.888  -13.685  64.815 0.0000000000
72736  32.783  -13.660  65.012 0.0000000000
72737  32.067  -13.809  64.855 0.0000000000
72721  32.575  -14.032  65.493 0.0000000000
69028  33.614  -15.556  66.568 0.0000000000
70317  32.812  -15.042  66.019 0.0000000000
67824  34.876  -17.064  68.224 0.0000000000
184260  34.560  -16.572  67.618 0.0000000000
166803  34.568  -19.170  66.674 0.0000000000
66706  34.727  -18.452  66.465 0.0000000000
155866  34.177  -19.096  64.713 0.0000000000
191076  34.210  -19.565  65.531 0.0000000000
180660  32.361  -20.376  64.879 0.0000000000
164132  30.550  -20.191  63.857 0.0000000000
67689  30.408  -17.651  78.572 0.0000000000
66536  30.764  -18.310  78.160 0.0000000000
158352  30.564  -19.188  76.876 0.0000000000
180548  31.277  -19.068  77.718 0.0000000000
181108  31.912  -19.749  77.329 0.0000000000
155087  32.535  -19.903  77.563 0.0000000000
194288  32.295  -20.084  77.123 0.0000000000
183306  29.139  -19.752  74.249 0.0000000000
155050  29.634  -19.688  75.131 0.0000000000
182113  30.335  -20.331  75.080 0.0000000000
159458  32.668  -21.165  74.951 0.0000000000
155042  31.602  -20.467  75.772 0.0000000000
155059  33.270  -20.533  76.389 0.0000000000
64349  34.746  -20.565  75.782 0.0000000000
63230  34.143  -20.985  75.236 0.0000000000
64381  34.948  -20.940  73.763 0.0000000000
174239  35.189  -20.601  72.993 0.0000000000
65472  35.569  -19.966  72.709 0.0000000000
65491  35.433  -19.876  71.764 0.0000000000
64436  34.399  -20.675  69.725 0.0000000000
64421  33.837  -21.274  70.104 0.0000000000
155061  32.062  -21.767  71.614 0.0000000000
63308  33.264  -21.389  68.767 0.0000000000
63321  33.066  -21.331  68.091 0.0000000000
64451  33.183  -21.095  67.453 0.0000000000
63332  33.021  -21.117  67.294 0.0000000000
85639  37.199  -2.124  60.507 0.0000000000
85652  36.899  -1.839  59.642 0.0000000000
84402  36.845  -2.947  60.018 0.0000000000
83110  35.230  -4.559  58.560 0.0000000000
83129  34.830  -3.855  57.632 0.0000000000
83130  34.251  -4.262  57.182 0.0000000000
78611  33.255  -8.697  58.559 0.0000000000
79670  33.640  -7.943  58.336 0.0000000000
78619  32.744  -8.110  57.994 0.0000000000
79699  32.485  -6.883  57.030 0.0000000000
193509  32.259  -6.653  56.423 0.0000000000
80798  32.094  -6.112  55.870 0.0000000000
94004  57.753  6.305  37.800 0.0000000000
94013  58.168  6.055  37.014 0.0000000000
95051  58.380  7.615  37.389 0.0000000000
94000  51.079  6.637  38.955 0.0000000000
93028  50.391  6.057  38.123 0.0000000000
86807  39.583  -0.133  57.151 0.0000000000
86822  39.223  -0.916  56.546 0.0000000000
168565  38.738  -0.367  57.391 0.0000000000
86809  37.415  -1.190  58.079 0.0000000000
87937  40.100  0.493  58.027 0.0000000000
165440  20.303  -16.021  70.867 0.0000000000
68946  20.227  -15.727  72.835 0.0000000000
72617  23.288  -12.959  73.512 0.0000000000
72627  22.863  -12.981  72.774 0.0000000000
72641  21.879  -12.903  71.649 0.0000000000
72658  21.776  -13.095  70.793 0.0000000000
72659  21.050  -13.121  70.402 0.0000000000
72643  20.693  -13.336  70.872 0.0000000000
71503  20.466  -14.029  70.547 0.0000000000
84524  38.831  -2.906  48.658 0.0000000000
82045  41.620  -5.001  50.067 0.0000000000
83226  42.591  -5.029  50.131 0.0000000000
83235  41.375  -4.372  49.778 0.0000000000
84517  41.434  -3.755  49.548 0.0000000000
195107  41.355  -3.079  49.463 0.0000000000
84518  40.669  -3.314  49.242 0.0000000000
68859  19.197  -16.170  81.337 0.0000000000
68860  18.555  -16.503  80.962 0.0000000000
179190  18.126  -16.858  81.375 0.0000000000
66486  8.614  -18.208  82.627 0.0000000000
65347  8.104  -18.342  81.779 0.0000000000
66501  7.387  -18.463  81.783 0.0000000000
66488  7.051  -18.499  82.309 0.0000000000
66471  6.768  -18.709  83.036 0.0000000000
65321  6.326  -19.026  84.485 0.0000000000
67800  36.959  -17.096  70.363 0.0000000000
67813  36.131  -17.265  70.006 0.0000000000
67802  35.842  -17.967  70.341 0.0000000000
180854  27.161  -19.291  69.843 0.0000000000
180525  27.776  -20.068  70.507 0.0000000000
157894  28.798  -21.030  69.868 0.0000000000
75103  33.275  -11.650  60.884 0.0000000000
186140  32.948  -11.411  60.288 0.0000000000
75104  32.376  -11.923  60.688 0.0000000000
73956  31.305  -12.216  60.483 0.0000000000
178921  51.511  7.059  43.185 0.0000000000
95001  51.916  7.385  43.880 0.0000000000
185469  51.971  6.679  42.663 0.0000000000
95040  54.996  6.380  40.653 0.0000000000
79732  39.987  -6.916  52.622 0.0000000000
79747  39.514  -6.350  52.255 0.0000000000
79733  39.290  -6.469  52.955 0.0000000000
80847  38.889  -5.819  53.353 0.0000000000
81960  37.097  -3.826  54.383 0.0000000000
81961  35.869  -3.597  54.288 0.0000000000
81979  35.501  -4.035  53.806 0.0000000000
193958  34.276  -4.234  52.705 0.0000000000
167324  42.372  -1.765  56.198 0.0000000000
84429  42.817  -2.211  55.882 0.0000000000
83144  42.366  -3.963  54.757 0.0000000000
80822  42.467  -6.209  54.143 0.0000000000
80809  42.017  -6.223  54.546 0.0000000000
80845  40.717  -6.919  53.190 0.0000000000
65462  15.713  -19.306  72.384 0.0000000000
65463  14.873  -19.286  72.614 0.0000000000
68886  28.037  -15.803  78.036 0.0000000000
68892  28.481  -16.421  77.625 0.0000000000
68893  27.806  -16.068  77.281 0.0000000000
68910  26.832  -16.079  75.272 0.0000000000
70239  24.673  -14.753  71.202 0.0000000000
70238  25.355  -15.310  71.659 0.0000000000
70247  25.282  -15.371  70.705 0.0000000000
68969  25.787  -16.121  70.303 0.0000000000
68968  26.174  -16.931  69.987 0.0000000000
68983  25.733  -16.329  69.387 0.0000000000
166925  25.653  -16.478  68.531 0.0000000000
68996  25.544  -16.540  67.664 0.0000000000
69011  25.444  -16.630  66.657 0.0000000000
69030  24.885  -16.034  66.019 0.0000000000
70326  33.034  -15.421  65.194 0.0000000000
91964  48.236  2.849  47.932 0.0000000000
91963  48.867  3.389  48.283 0.0000000000
91974  47.763  3.157  47.257 0.0000000000
91982  48.004  3.722  46.731 0.0000000000
92957  47.465  3.769  46.157 0.0000000000
92999  46.187  4.667  43.427 0.0000000000
93009  45.800  5.064  42.474 0.0000000000
93982  47.099  6.107  42.525 0.0000000000
93981  47.943  6.409  42.898 0.0000000000
185917  47.643  6.649  42.093 0.0000000000
93988  47.964  6.801  41.289 0.0000000000
93017  48.221  6.410  40.319 0.0000000000
72600  22.978  -12.737  76.187 0.0000000000
72595  22.953  -13.264  77.164 0.0000000000
72587  22.986  -13.591  78.100 0.0000000000
73791  25.369  -11.913  77.044 0.0000000000
73792  24.884  -11.845  76.902 0.0000000000
73799  23.754  -12.144  76.121 0.0000000000
89028  47.039  0.791  50.091 0.0000000000
89038  45.623  0.902  48.838 0.0000000000
89042  41.609  0.848  48.776 0.0000000000
68911  20.028  -16.044  75.952 0.0000000000
68903  19.392  -16.439  76.373 0.0000000000
67727  18.971  -17.089  75.923 0.0000000000
66541  16.658  -17.646  77.912 0.0000000000
67715  17.236  -17.615  77.396 0.0000000000
66589  15.347  -18.296  75.401 0.0000000000
66573  15.178  -18.174  76.290 0.0000000000
188058  13.867  -18.142  81.696 0.0000000000
65371  11.336  -19.367  80.438 0.0000000000
65385  11.442  -19.609  79.577 0.0000000000
64308  11.702  -19.994  77.788 0.0000000000
76298  35.491  -10.553  61.436 0.0000000000
161730  35.999  -10.653  61.808 0.0000000000
75077  35.930  -11.330  62.325 0.0000000000
71559  37.032  -14.491  66.631 0.0000000000
71560  36.022  -14.708  66.523 0.0000000000
72718  35.502  -13.862  65.080 0.0000000000
71573  33.559  -14.548  66.239 0.0000000000
179112  32.904  -14.509  65.917 0.0000000000
184799  34.094  -16.108  67.129 0.0000000000
65548  34.234  -19.880  66.233 0.0000000000
64476  33.630  -20.446  66.116 0.0000000000
64477  32.820  -20.704  66.017 0.0000000000
66551  29.349  -18.109  76.671 0.0000000000
163744  29.802  -18.179  77.251 0.0000000000
161496  29.889  -18.682  76.768 0.0000000000
65412  29.909  -19.307  76.112 0.0000000000
158626  30.537  -20.830  74.323 0.0000000000
155051  31.864  -20.975  75.096 0.0000000000
63246  33.455  -21.238  74.669 0.0000000000
64392  34.605  -21.135  72.663 0.0000000000
63273  33.921  -21.442  71.925 0.0000000000
189055  33.266  -21.547  71.333 0.0000000000
63275  32.169  -21.743  70.813 0.0000000000
166269  32.374  -21.623  69.042 0.0000000000
63322  32.590  -21.352  67.873 0.0000000000
63310  32.221  -21.593  68.165 0.0000000000
83092  36.580  -4.893  59.902 0.0000000000
192386  36.267  -4.217  59.532 0.0000000000
83109  36.001  -4.839  59.256 0.0000000000
81907  35.578  -5.613  59.082 0.0000000000
81924  34.939  -5.562  58.372 0.0000000000
77500  31.715  -9.239  57.658 0.0000000000
78620  32.058  -8.487  57.361 0.0000000000
94016  55.666  5.870  37.605 0.0000000000
175952  56.356  5.920  38.048 0.0000000000
174735  40.021  -4.128  56.116 0.0000000000
84449  39.487  -3.490  56.304 0.0000000000
83148  38.593  -3.390  56.034 0.0000000000
85685  38.899  -1.708  56.125 0.0000000000
83149  37.736  -3.003  55.534 0.0000000000
83150  36.694  -2.674  55.508 0.0000000000
84452  34.523  -2.998  55.627 0.0000000000
86805  42.954  -0.570  57.927 0.0000000000
87935  42.363  0.380  58.514 0.0000000000
86806  42.102  0.100  57.450 0.0000000000
86819  42.538  -0.906  56.816 0.0000000000
84448  40.444  -3.308  56.118 0.0000000000
67793  19.391  -17.719  70.947 0.0000000000
71454  25.059  -14.114  75.486 0.0000000000
70199  25.599  -14.953  75.231 0.0000000000
71460  24.988  -14.521  74.777 0.0000000000
70207  24.951  -14.721  73.890 0.0000000000
70217  24.774  -14.686  72.997 0.0000000000
71468  23.527  -13.508  72.923 0.0000000000
161876  22.972  -14.186  68.410 0.0000000000
71537  22.092  -14.031  68.134 0.0000000000
71538  21.297  -14.103  68.437 0.0000000000
72673  20.935  -13.446  69.665 0.0000000000
71520  20.913  -13.827  69.094 0.0000000000
160093  45.106  2.716  45.602 0.0000000000
156834  44.325  3.172  45.073 0.0000000000
72576  24.363  -12.564  78.816 0.0000000000
72567  25.140  -12.622  80.088 0.0000000000
83215  44.106  -3.041  52.612 0.0000000000
84500  43.806  -2.856  51.739 0.0000000000
83225  43.203  -4.432  50.591 0.0000000000
84507  43.528  -2.760  50.864 0.0000000000
84506  44.041  -2.166  50.528 0.0000000000
85753  44.631  -1.672  50.184 0.0000000000
86894  44.530  -1.546  49.890 0.0000000000
161575  44.701  -0.599  49.759 0.0000000000
171201  43.283  -1.478  49.694 0.0000000000
88014  42.312  -0.800  49.747 0.0000000000
88015  41.202  -0.695  49.586 0.0000000000
86896  40.840  -1.539  49.610 0.0000000000
88023  40.776  0.102  48.994 0.0000000000
68887  19.727  -15.899  78.849 0.0000000000
68896  19.135  -16.481  77.626 0.0000000000
68888  19.119  -16.382  78.378 0.0000000000
68879  18.521  -16.800  78.717 0.0000000000
168123  17.792  -17.172  78.960 0.0000000000
67684  17.869  -17.090  79.889 0.0000000000
66527  16.897  -17.416  78.749 0.0000000000
66542  15.954  -17.646  78.626 0.0000000000
65329  11.622  -18.584  82.999 0.0000000000
65344  11.210  -18.932  82.165 0.0000000000
178174  10.555  -19.098  81.535 0.0000000000
65372  10.357  -19.311  80.641 0.0000000000
64280  9.813  -19.545  79.781 0.0000000000
68992  37.005  -15.932  68.588 0.0000000000
70291  36.696  -15.443  67.853 0.0000000000
167520  35.554  -15.491  67.799 0.0000000000
188461  34.806  -15.760  67.953 0.0000000000
193998  35.436  -17.967  69.313 0.0000000000
66612  27.748  -18.414  73.377 0.0000000000
163056  28.194  -18.686  73.934 0.0000000000
180853  28.218  -19.094  73.417 0.0000000000
180057  28.707  -19.731  73.495 0.0000000000
180416  29.332  -20.358  73.524 0.0000000000
187577  30.033  -20.918  73.526 0.0000000000
155055  31.132  -21.505  72.518 0.0000000000
155088  30.836  -21.549  71.448 0.0000000000
155082  30.831  -21.627  70.219 0.0000000000
78602  34.834  -8.843  59.620 0.0000000000
79661  35.000  -7.978  59.250 0.0000000000
77476  34.168  -9.417  59.472 0.0000000000
77488  33.604  -9.224  58.998 0.0000000000
77489  32.954  -9.531  58.669 0.0000000000
76344  32.542  -10.340  58.930 0.0000000000
76345  32.063  -9.940  58.155 0.0000000000
162427  31.241  -10.532  57.805 0.0000000000
95047  56.522  6.356  39.794 0.0000000000
93997  54.782  6.105  39.758 0.0000000000
161777  54.929  5.950  38.867 0.0000000000
94006  55.676  5.931  38.461 0.0000000000
82039  39.542  -5.721  50.028 0.0000000000
189521  39.012  -5.662  49.792 0.0000000000
80895  38.230  -5.555  50.594 0.0000000000
79761  38.123  -5.561  51.523 0.0000000000
83166  39.105  -4.978  55.004 0.0000000000
80827  38.483  -5.071  53.648 0.0000000000
80848  37.955  -4.925  53.189 0.0000000000
80828  37.392  -4.495  53.539 0.0000000000
80867  36.071  -4.553  52.360 0.0000000000
84428  43.561  -2.487  55.673 0.0000000000
84427  44.627  -2.256  55.985 0.0000000000
82017  44.358  -4.805  52.922 0.0000000000
82018  44.005  -5.301  52.494 0.0000000000
82030  42.760  -5.710  51.339 0.0000000000
80843  42.571  -6.310  53.197 0.0000000000
82020  42.298  -6.011  51.696 0.0000000000
82031  41.560  -5.581  51.106 0.0000000000
82038  40.959  -4.708  51.047 0.0000000000
80893  40.182  -4.873  50.929 0.0000000000
68866  30.733  -16.359  80.449 0.0000000000
67661  31.050  -17.120  80.070 0.0000000000
67662  30.385  -16.682  79.726 0.0000000000
67677  29.977  -17.066  79.061 0.0000000000
67690  29.731  -17.262  78.249 0.0000000000
67707  28.779  -17.004  77.308 0.0000000000
67706  29.401  -17.508  77.394 0.0000000000
169499  28.378  -17.571  75.799 0.0000000000
67733  28.295  -17.963  75.070 0.0000000000
70205  26.259  -15.562  74.823 0.0000000000
68918  26.725  -16.230  74.440 0.0000000000
68929  26.595  -16.346  73.587 0.0000000000
68928  27.162  -16.917  74.053 0.0000000000
164956  27.490  -17.639  73.710 0.0000000000
67775  27.142  -18.001  72.088 0.0000000000
67790  27.016  -18.244  71.322 0.0000000000
66653  26.815  -18.296  70.460 0.0000000000
166403  26.499  -17.706  69.767 0.0000000000
66666  26.709  -18.445  69.611 0.0000000000
66665  26.791  -18.951  68.907 0.0000000000
66679  26.989  -19.456  68.099 0.0000000000
66692  27.111  -19.625  66.978 0.0000000000
70294  23.722  -14.848  67.074 0.0000000000
70309  23.703  -14.971  65.980 0.0000000000
72750  31.571  -13.306  64.019 0.0000000000
94988  49.155  6.996  46.555 0.0000000000
160583  46.870  3.669  45.582 0.0000000000
171031  47.515  4.378  45.523 0.0000000000
92975  47.247  4.691  44.681 0.0000000000
93968  47.886  5.120  45.081 0.0000000000
92974  48.157  4.905  45.716 0.0000000000
93966  48.796  6.306  45.990 0.0000000000
94987  49.726  7.884  45.970 0.0000000000
94995  49.697  7.999  45.017 0.0000000000
95003  49.747  7.866  44.097 0.0000000000
95014  50.054  7.800  43.180 0.0000000000
95025  49.317  7.629  42.678 0.0000000000
95013  50.788  7.491  42.931 0.0000000000
93979  50.522  7.391  41.635 0.0000000000
93985  51.336  7.094  41.286 0.0000000000
165831  51.065  7.101  40.402 0.0000000000
93992  51.662  6.762  39.911 0.0000000000
71469  21.283  -13.433  73.616 0.0000000000
71470  20.713  -14.156  73.181 0.0000000000
70200  21.067  -14.832  75.919 0.0000000000
70192  21.073  -14.965  76.861 0.0000000000
70177  20.323  -15.392  78.319 0.0000000000
71437  23.026  -13.854  79.054 0.0000000000
71430  22.204  -14.292  79.662 0.0000000000
71431  21.617  -14.568  79.154 0.0000000000
70176  21.025  -15.001  78.773 0.0000000000
68869  19.807  -15.791  80.822 0.0000000000
68858  19.864  -15.806  81.755 0.0000000000
70146  31.514  -15.663  81.799 0.0000000000
68856  31.073  -16.065  81.193 0.0000000000
68857  30.304  -15.693  80.936 0.0000000000
68868  29.275  -15.639  79.864 0.0000000000
70165  28.546  -15.231  79.560 0.0000000000
70173  28.319  -15.501  78.770 0.0000000000
70174  27.529  -15.085  78.466 0.0000000000
70182  26.539  -14.847  77.297 0.0000000000
71442  26.109  -13.808  77.565 0.0000000000
71448  25.803  -14.193  76.818 0.0000000000
72603  24.761  -13.194  75.431 0.0000000000
72610  23.819  -12.519  74.965 0.0000000000
167562  23.207  -12.598  74.282 0.0000000000
82049  38.274  -5.182  49.381 0.0000000000
91019  49.001  2.938  49.765 0.0000000000
170915  48.938  2.402  49.253 0.0000000000
189182  48.008  1.429  49.083 0.0000000000
170390  48.490  1.907  49.151 0.0000000000
90046  47.965  1.998  48.478 0.0000000000
91037  46.809  2.290  47.232 0.0000000000
162131  46.054  2.137  46.944 0.0000000000
88020  44.268  0.420  49.369 0.0000000000
89039  44.685  0.944  48.693 0.0000000000
89041  42.804  0.922  48.671 0.0000000000
89055  43.243  1.274  47.819 0.0000000000
156828  44.218  1.360  47.826 0.0000000000
187004  44.228  1.624  47.173 0.0000000000
162309  44.919  2.173  46.066 0.0000000000
156836  43.555  2.341  45.849 0.0000000000
70218  20.382  -15.227  73.548 0.0000000000
178491  20.106  -16.095  73.363 0.0000000000
68919  20.044  -16.022  75.030 0.0000000000
68932  19.660  -16.650  73.614 0.0000000000
66601  17.978  -18.312  73.749 0.0000000000
67713  18.897  -16.935  76.963 0.0000000000
67729  17.442  -17.755  76.625 0.0000000000
66586  17.845  -18.135  74.724 0.0000000000
66602  17.224  -18.506  74.035 0.0000000000
65444  15.656  -18.855  73.436 0.0000000000
65445  14.775  -18.833  73.635 0.0000000000
65429  14.642  -18.513  74.642 0.0000000000
65446  13.981  -18.998  73.901 0.0000000000
66512  15.694  -17.555  80.890 0.0000000000
165876  15.413  -17.588  80.036 0.0000000000
66529  15.061  -17.674  79.172 0.0000000000
170192  14.423  -17.965  78.701 0.0000000000
66485  12.931  -18.584  82.460 0.0000000000
66484  13.274  -18.505  81.737 0.0000000000
65355  12.920  -18.901  80.897 0.0000000000
66515  13.382  -18.461  80.366 0.0000000000
66531  13.511  -18.387  79.621 0.0000000000
66545  13.675  -18.325  78.671 0.0000000000
66544  14.185  -18.107  78.128 0.0000000000
65417  13.169  -19.140  76.240 0.0000000000
65418  12.443  -19.545  76.565 0.0000000000
65432  12.477  -19.659  75.567 0.0000000000
65322  5.731  -19.581  84.933 0.0000000000
63139  4.731  -20.924  85.067 0.0000000000
86779  38.029  -0.648  60.561 0.0000000000
80746  36.476  -6.299  60.143 0.0000000000
78601  35.372  -8.398  59.836 0.0000000000
184064  35.323  -8.954  60.090 0.0000000000
76299  34.944  -10.873  61.210 0.0000000000
76300  34.149  -11.295  61.026 0.0000000000
73933  32.712  -12.612  62.400 0.0000000000
73920  31.980  -12.852  63.487 0.0000000000
73917  35.216  -12.557  63.115 0.0000000000
72734  35.060  -13.600  64.550 0.0000000000
73906  34.645  -13.286  63.833 0.0000000000
73918  34.259  -12.965  63.127 0.0000000000
71581  31.893  -14.330  64.806 0.0000000000
69010  34.537  -16.916  66.906 0.0000000000
158678  34.454  -18.276  64.112 0.0000000000
181670  33.686  -19.321  63.618 0.0000000000
67675  31.437  -17.728  79.577 0.0000000000
66520  31.839  -18.409  79.115 0.0000000000
65378  31.822  -18.931  78.452 0.0000000000
160541  32.507  -19.093  78.857 0.0000000000
155083  33.677  -20.336  77.073 0.0000000000
66579  28.943  -19.131  74.807 0.0000000000
180415  30.690  -19.744  76.260 0.0000000000
180417  30.855  -20.249  75.722 0.0000000000
160144  31.946  -20.200  76.616 0.0000000000
180092  33.262  -20.390  76.786 0.0000000000
64332  34.674  -20.320  76.808 0.0000000000
64364  35.465  -20.329  74.480 0.0000000000
65490  35.813  -19.035  71.437 0.0000000000
65502  35.392  -19.616  70.848 0.0000000000
64419  35.091  -20.367  71.113 0.0000000000
64435  35.063  -20.225  70.245 0.0000000000
64449  34.314  -20.570  68.794 0.0000000000
63289  33.144  -21.518  70.507 0.0000000000
64478  32.022  -20.665  65.836 0.0000000000
63333  32.158  -20.955  67.164 0.0000000000
64479  31.058  -20.564  65.538 0.0000000000
86793  37.749  -0.293  59.582 0.0000000000
86794  37.241  -0.994  59.115 0.0000000000
84403  36.173  -3.364  59.468 0.0000000000
84414  35.753  -2.956  58.662 0.0000000000
85669  36.058  -2.234  58.170 0.0000000000
84435  35.240  -2.910  57.118 0.0000000000
83151  34.599  -3.271  56.570 0.0000000000
193912  34.347  -7.767  58.723 0.0000000000
171494  34.080  -7.172  58.231 0.0000000000
80781  33.641  -6.351  57.861 0.0000000000
80782  32.853  -6.345  57.477 0.0000000000
80796  33.309  -5.591  57.252 0.0000000000
81945  33.801  -4.812  56.913 0.0000000000
81946  33.299  -4.875  56.258 0.0000000000
83153  33.632  -4.097  55.473 0.0000000000
93033  51.630  5.891  37.183 0.0000000000
64463  32.047  -20.833  66.596 0.0000000000
66535  31.377  -18.531  78.448 0.0000000000
68875  29.693  -16.303  79.417 0.0000000000
68930  25.949  -15.729  73.138 0.0000000000
70149  28.809  -14.935  80.340 0.0000000000
71480  23.401  -13.569  72.218 0.0000000000
71491  23.959  -14.247  71.734 0.0000000000
71493  20.476  -13.904  71.389 0.0000000000
72609  24.291  -13.023  74.937 0.0000000000
73790  25.769  -11.943  77.499 0.0000000000
73946  31.800  -12.536  62.018 0.0000000000
76297  35.888  -10.171  61.365 0.0000000000
79669  34.775  -7.159  58.767 0.0000000000
80738  36.971  -6.422  60.627 0.0000000000
80764  34.498  -6.367  58.294 0.0000000000
80823  41.630  -6.577  53.833 0.0000000000
80846  39.796  -7.043  53.371 0.0000000000
80866  41.164  -6.066  51.495 0.0000000000
80894  39.078  -5.776  50.214 0.0000000000
81934  34.638  -4.735  57.942 0.0000000000
81944  42.111  -4.826  54.989 0.0000000000
81954  43.252  -4.434  54.651 0.0000000000
81957  40.847  -5.784  54.994 0.0000000000
81962  32.946  -4.413  55.352 0.0000000000
81975  39.397  -5.924  54.341 0.0000000000
81981  32.599  -4.163  54.423 0.0000000000
81997  44.263  -4.876  53.865 0.0000000000
82019  43.278  -5.753  52.075 0.0000000000
82029  43.568  -5.216  51.742 0.0000000000
82037  42.125  -5.393  50.721 0.0000000000
83108  36.869  -4.041  59.956 0.0000000000
83162  43.919  -3.822  54.551 0.0000000000
83163  43.683  -3.689  54.421 0.0000000000
83234  42.204  -4.597  49.833 0.0000000000
84413  44.451  -1.755  56.567 0.0000000000
84434  35.717  -2.582  57.677 0.0000000000
84447  41.256  -3.382  55.395 0.0000000000
84516  42.234  -4.103  49.732 0.0000000000
85667  43.336  -1.184  57.457 0.0000000000
85681  43.659  -1.842  56.382 0.0000000000
85688  36.478  -2.097  57.264 0.0000000000
85754  44.152  -2.190  49.981 0.0000000000
86780  37.399  -1.219  60.116 0.0000000000
86893  45.095  -1.166  49.979 0.0000000000
87938  38.924  0.236  58.132 0.0000000000
87946  41.114  0.217  57.467 0.0000000000
88010  46.565  0.507  49.812 0.0000000000
90041  47.743  1.854  49.789 0.0000000000
91025  47.517  2.481  47.606 0.0000000000
93967  48.406  5.663  45.489 0.0000000000
93996  55.655  6.190  39.299 0.0000000000
94003  57.984  6.593  37.632 0.0000000000
94982  50.004  7.449  46.955 0.0000000000
95012  52.365  6.818  43.289 0.0000000000
95022  53.433  6.555  42.379 0.0000000000
95024  50.253  7.623  42.347 0.0000000000
95053  58.013  6.721  38.344 0.0000000000
96040  50.407  8.099  44.479 0.0000000000
96063  58.564  8.218  37.717 0.0000000000
155065  28.457  -18.608  74.553 0.0000000000
156827  44.794  1.612  47.256 0.0000000000
156835  44.228  2.543  45.659 0.0000000000
163843  42.798  -3.305  55.031 0.0000000000
169479  43.984  -1.067  49.718 0.0000000000
176034  43.923  -0.224  49.656 0.0000000000
178068  36.804  -1.554  58.798 0.0000000000
184170  31.261  -20.107  76.269 0.0000000000
190218  49.154  7.516  44.793 0.0000000000
190486  42.830  -6.128  52.380 0.0000000000
191001  36.986  -2.205  56.495 0.0000000000
192789  26.774  -17.866  70.953 0.0000000000
193031  39.304  -6.617  53.507 0.0000000000
