#!ascii label  , from subject sub-v1s8x0051332_ses-1 vox2ras=TkReg
958
82713  18.696  -5.392  -12.878 0.2500000000
81587  19.205  -6.017  -13.542 0.2500000000
86366  18.158  -1.947  -14.066 0.2500000000
85174  18.386  -2.691  -13.551 0.1250000000
86365  18.557  -2.390  -14.306 0.3750000000
85162  18.603  -3.528  -13.242 0.2500000000
83917  18.731  -4.752  -12.872 0.2500000000
82720  19.141  -4.977  -13.533 0.7500000000
81586  19.895  -6.605  -14.153 0.8750000000
80493  20.646  -7.144  -14.509 0.8750000000
85173  18.802  -3.207  -13.874 0.3750000000
83926  19.053  -4.028  -13.594 0.3750000000
85172  19.248  -3.730  -14.413 0.8750000000
82724  21.300  -5.278  -15.475 1.0000000000
82726  19.899  -5.197  -15.086 1.0000000000
83925  19.404  -4.621  -14.336 0.8750000000
171998  21.017  -7.003  -15.048 1.0000000000
82719  19.532  -5.646  -14.377 0.8750000000
81593  21.616  -6.901  -15.408 1.0000000000
86375  18.167  -1.618  -14.787 0.2500000000
85186  19.035  -2.943  -14.761 0.7500000000
85195  19.883  -3.101  -15.902 0.8750000000
85185  19.557  -3.424  -15.264 0.8750000000
83933  21.529  -4.505  -15.513 1.0000000000
83934  20.628  -4.601  -15.485 1.0000000000
85184  20.272  -3.719  -15.655 1.0000000000
195127  22.789  -5.713  -15.077 1.0000000000
169547  21.873  -5.979  -15.474 1.0000000000
81594  20.995  -6.243  -15.532 1.0000000000
87504  17.087  -1.134  -14.447 0.1250000000
86374  18.827  -2.136  -15.189 0.6250000000
86383  19.889  -2.416  -16.242 1.0000000000
86373  19.381  -2.687  -15.632 0.8750000000
83931  22.959  -4.457  -14.930 1.0000000000
192167  22.516  -4.115  -15.206 1.0000000000
85183  21.278  -3.705  -15.892 1.0000000000
172080  23.422  -5.011  -14.659 1.0000000000
83932  22.237  -4.884  -15.272 1.0000000000
83915  24.484  -4.666  -13.869 1.0000000000
176237  23.446  -5.791  -14.535 1.0000000000
189839  17.782  3.429  -15.578 0.2500000000
87515  16.969  -0.968  -15.125 0.2500000000
88618  17.692  -0.539  -15.518 0.3750000000
87514  17.563  -1.105  -15.315 0.5000000000
163476  19.585  -1.535  -16.353 1.0000000000
87524  18.251  -0.848  -15.793 0.6250000000
86380  21.994  -2.415  -16.255 1.0000000000
193405  20.663  -2.431  -16.428 1.0000000000
184281  23.009  -3.666  -14.848 1.0000000000
85181  22.416  -3.458  -15.427 1.0000000000
85171  23.950  -3.182  -14.552 1.0000000000
170981  24.477  -3.923  -14.100 1.0000000000
85170  24.805  -3.139  -14.225 1.0000000000
85161  25.262  -3.425  -13.542 1.0000000000
169626  18.206  2.865  -16.092 0.5000000000
91595  17.958  1.905  -15.907 0.3750000000
90638  18.324  1.078  -16.148 0.3750000000
89661  18.323  0.165  -16.030 0.5000000000
89660  18.865  0.700  -16.605 0.5000000000
88631  19.742  -0.059  -16.814 0.8750000000
87530  20.003  -0.946  -16.614 1.0000000000
89669  20.104  0.607  -17.108 1.0000000000
87521  22.123  -1.390  -16.345 1.0000000000
186678  20.707  -1.163  -16.597 1.0000000000
87502  23.547  -1.672  -14.720 1.0000000000
169781  22.572  -2.005  -15.572 1.0000000000
86362  25.561  -2.185  -14.043 1.0000000000
86363  24.756  -2.376  -14.333 1.0000000000
85160  25.878  -2.617  -13.567 0.8750000000
194825  18.115  3.529  -15.982 0.5000000000
91594  18.505  2.033  -16.558 0.5000000000
167631  19.211  2.130  -17.239 0.6250000000
90648  19.835  1.984  -17.682 0.6250000000
167993  19.970  1.214  -17.435 1.0000000000
89670  19.751  0.678  -17.122 0.7500000000
89668  20.679  0.687  -16.853 1.0000000000
89635  24.821  0.104  -14.230 1.0000000000
89636  23.644  -0.049  -14.528 1.0000000000
88616  22.799  -0.641  -14.940 1.0000000000
88617  22.340  -0.328  -15.840 1.0000000000
88608  24.535  -0.739  -14.378 1.0000000000
169480  23.579  -1.020  -14.597 1.0000000000
87511  22.971  -1.416  -14.994 1.0000000000
87499  26.208  -0.784  -14.056 0.8750000000
87500  25.350  -1.424  -14.221 1.0000000000
86351  26.330  -1.698  -13.718 0.8750000000
169627  18.787  2.879  -16.869 0.5000000000
91606  19.637  2.645  -17.708 0.8750000000
90636  21.593  1.865  -15.913 1.0000000000
90646  21.353  1.482  -16.543 1.0000000000
172936  24.275  0.821  -14.320 1.0000000000
174613  22.090  1.151  -15.143 1.0000000000
172698  21.806  0.252  -16.250 1.0000000000
90604  24.832  1.509  -14.084 1.0000000000
88606  26.853  -0.171  -13.909 1.0000000000
88607  25.505  -0.453  -14.227 1.0000000000
89633  26.250  0.017  -14.184 1.0000000000
92564  19.035  3.639  -17.280 0.5000000000
92563  19.662  3.546  -17.967 0.8750000000
92574  20.148  3.282  -18.133 1.0000000000
93531  21.810  4.177  -16.305 1.0000000000
175182  21.592  2.697  -16.401 1.0000000000
91593  21.309  2.811  -17.201 1.0000000000
176830  24.872  2.947  -13.867 1.0000000000
178093  23.766  2.834  -14.227 1.0000000000
191048  25.765  2.759  -13.974 1.0000000000
91564  24.390  2.227  -14.166 1.0000000000
90602  26.672  1.434  -14.280 1.0000000000
91563  25.339  2.175  -13.996 1.0000000000
89632  26.871  0.657  -14.161 0.8750000000
96481  20.270  8.103  -16.867 1.0000000000
96482  19.826  8.123  -16.879 0.3750000000
96493  20.536  7.322  -17.264 0.8750000000
178375  21.688  4.999  -16.643 1.0000000000
92521  24.040  3.541  -13.772 1.0000000000
93517  22.535  4.213  -14.423 1.0000000000
98426  20.311  9.855  -17.199 0.8750000000
97435  21.545  8.732  -16.094 1.0000000000
96480  21.055  7.947  -16.499 1.0000000000
175098  21.168  7.149  -16.740 1.0000000000
96471  21.834  8.008  -15.795 1.0000000000
94547  22.113  5.666  -15.995 1.0000000000
93506  23.304  4.205  -13.595 1.0000000000
94534  22.862  5.137  -13.968 1.0000000000
93505  24.362  4.300  -13.473 1.0000000000
96470  22.344  7.509  -15.122 1.0000000000
95515  24.503  6.368  -13.480 1.0000000000
95517  22.622  6.703  -14.570 1.0000000000
94523  22.940  6.056  -14.084 1.0000000000
97424  22.505  8.529  -15.369 1.0000000000
96465  22.960  7.328  -14.432 1.0000000000
104162  21.868  15.527  -16.468 0.1250000000
103234  22.299  14.394  -16.406 0.2500000000
184214  22.015  15.086  -16.818 0.1250000000
103233  22.855  14.525  -16.783 0.3750000000
104161  21.979  15.647  -17.104 0.2500000000
103248  22.328  15.094  -17.041 0.2500000000
104160  23.173  15.052  -17.115 0.3750000000
104173  21.929  16.073  -16.842 0.2500000000
105099  22.337  16.340  -17.271 0.2500000000
104171  23.571  15.856  -17.432 0.2500000000
104159  24.385  15.040  -17.054 0.3750000000
104172  22.519  15.757  -17.340 0.2500000000
83910  18.095  -4.638  -12.305 0.1250000000
83916  18.802  -4.367  -13.012 0.2500000000
85163  18.324  -3.061  -13.171 0.1250000000
81584  23.824  -6.351  -14.114 1.0000000000
91605  20.293  2.469  -17.845 0.8750000000
91578  22.647  2.604  -14.610 1.0000000000
82695  17.833  -5.589  -11.983 0.1250000000
81579  19.566  -6.947  -13.296 0.6250000000
79401  20.452  -8.145  -13.709 0.7500000000
86353  18.085  -2.169  -13.370 0.1250000000
79400  20.929  -8.305  -14.231 1.0000000000
80491  21.534  -7.649  -14.987 1.0000000000
80489  22.889  -7.384  -14.951 1.0000000000
81578  24.596  -6.131  -13.488 1.0000000000
89653  17.226  -0.393  -15.210 0.3750000000
91580  17.670  1.801  -15.379 0.2500000000
90624  17.937  1.080  -15.517 0.2500000000
87491  27.109  -1.323  -13.219 0.8750000000
88595  28.150  0.031  -12.737 0.8750000000
97447  18.844  8.724  -16.238 0.1250000000
96483  19.182  8.006  -16.552 0.1250000000
93545  18.787  4.483  -17.035 0.3750000000
94577  20.043  5.172  -18.528 0.6250000000
91562  26.264  2.171  -14.153 1.0000000000
89617  27.614  0.536  -13.623 0.8750000000
97446  19.395  8.909  -16.671 0.5000000000
97444  20.651  8.913  -16.749 0.8750000000
96495  19.673  7.283  -17.213 0.3750000000
95553  20.313  6.734  -17.976 0.8750000000
92520  24.915  3.704  -13.700 1.0000000000
176433  26.297  3.871  -14.197 1.0000000000
93504  25.559  4.329  -13.784 1.0000000000
94522  23.597  5.773  -13.412 1.0000000000
99445  21.942  10.201  -16.254 0.8750000000
98416  22.729  9.980  -15.589 1.0000000000
173641  23.059  8.019  -14.612 1.0000000000
95516  23.437  6.771  -13.851 1.0000000000
104152  21.768  15.745  -15.535 0.1250000000
176375  21.799  13.566  -15.518 0.1250000000
101355  22.305  12.918  -16.117 0.6250000000
162464  22.887  13.742  -16.268 0.6250000000
103232  23.883  14.204  -16.603 0.5000000000
105098  22.781  16.546  -17.785 0.2500000000
105097  23.941  16.645  -18.136 0.2500000000
104158  25.560  15.215  -16.841 0.3750000000
105096  25.329  16.294  -17.997 0.2500000000
82709  18.172  -5.411  -12.386 0.1250000000
81581  18.371  -6.077  -12.455 0.3750000000
81580  18.818  -6.466  -12.836 0.5000000000
187770  18.605  -3.936  -12.857 0.1250000000
80485  20.292  -7.425  -13.838 0.7500000000
81595  20.238  -6.277  -15.056 0.8750000000
187535  20.720  -7.828  -14.283 1.0000000000
83935  19.765  -4.220  -15.080 1.0000000000
81592  22.413  -6.711  -15.306 1.0000000000
81585  23.166  -6.535  -14.787 1.0000000000
86384  19.193  -1.906  -15.921 0.8750000000
85193  21.349  -2.826  -16.319 1.0000000000
83924  23.632  -4.132  -14.526 1.0000000000
162439  22.054  -4.036  -15.714 1.0000000000
85182  21.978  -3.274  -16.100 1.0000000000
83923  24.041  -4.617  -14.263 1.0000000000
82718  24.096  -5.384  -14.062 1.0000000000
89652  17.908  0.238  -15.542 0.3750000000
88625  18.358  -0.372  -16.002 0.5000000000
192214  19.213  -0.213  -16.608 0.8750000000
86382  20.314  -1.780  -16.515 1.0000000000
86381  21.257  -1.873  -16.526 1.0000000000
169778  22.903  -2.754  -14.952 1.0000000000
193815  22.312  -2.809  -15.743 1.0000000000
86372  23.126  -2.022  -14.951 1.0000000000
86364  23.780  -2.274  -14.673 1.0000000000
88624  18.815  -0.005  -16.439 0.6250000000
90649  19.477  1.199  -17.151 0.6250000000
88630  20.532  -0.237  -16.709 1.0000000000
171522  20.332  1.163  -17.268 1.0000000000
87512  22.544  -1.108  -15.667 1.0000000000
87522  21.391  -0.872  -16.583 1.0000000000
88629  21.283  0.041  -16.555 1.0000000000
87501  24.282  -1.595  -14.496 1.0000000000
85151  26.182  -3.299  -12.834 0.8750000000
174608  20.329  1.749  -17.522 1.0000000000
89667  21.286  0.865  -16.582 1.0000000000
89634  25.640  0.226  -14.216 1.0000000000
89650  22.506  0.210  -14.953 1.0000000000
175669  23.129  0.905  -14.579 1.0000000000
88597  26.773  -0.900  -13.694 0.8750000000
91579  21.898  2.656  -15.440 1.0000000000
91592  21.318  2.084  -16.827 1.0000000000
90623  22.104  1.991  -15.084 1.0000000000
89651  22.036  0.435  -15.683 1.0000000000
90622  22.789  1.734  -14.622 1.0000000000
90603  25.771  1.458  -14.113 1.0000000000
174668  26.135  0.740  -14.223 1.0000000000
93544  19.305  4.298  -17.656 0.6250000000
93553  20.035  4.217  -18.397 0.7500000000
92561  21.158  3.620  -17.545 1.0000000000
92549  21.599  3.468  -16.801 1.0000000000
93532  21.437  4.306  -17.137 1.0000000000
92548  21.852  3.411  -15.904 1.0000000000
178521  22.080  4.818  -15.925 1.0000000000
93518  22.043  4.168  -15.390 1.0000000000
92534  22.216  3.400  -14.898 1.0000000000
92533  22.993  3.440  -14.155 1.0000000000
96494  20.107  7.314  -17.460 0.7500000000
177531  21.118  5.188  -17.513 1.0000000000
177528  22.245  4.983  -15.026 1.0000000000
94548  21.441  5.878  -17.052 1.0000000000
98418  21.262  9.596  -16.573 0.8750000000
95537  21.645  6.540  -16.480 1.0000000000
96479  21.736  7.291  -16.041 1.0000000000
94535  22.391  5.864  -14.794 1.0000000000
95528  22.109  6.598  -15.490 1.0000000000
175161  23.705  4.915  -13.349 1.0000000000
97434  22.825  9.305  -15.246 1.0000000000
98417  22.142  9.369  -15.825 1.0000000000
103223  21.895  14.849  -15.602 0.1250000000
103235  22.129  14.496  -16.189 0.1250000000
104170  24.803  15.809  -17.490 0.2500000000
81573  18.075  -6.299  -12.048 0.2500000000
82687  17.722  -5.907  -11.620 0.1250000000
81560  17.854  -6.605  -11.614 0.1250000000
80479  19.021  -7.409  -12.556 0.6250000000
80478  19.770  -7.809  -13.078 0.7500000000
79399  21.484  -8.392  -14.526 1.0000000000
184783  18.928  7.071  -16.527 0.5000000000
168743  19.311  5.147  -17.558 0.6250000000
93543  20.864  4.484  -17.897 0.8750000000
94562  19.867  5.726  -18.239 0.7500000000
94576  20.470  5.324  -18.263 0.8750000000
95554  19.957  6.664  -18.074 0.8750000000
94561  20.158  6.020  -18.358 1.0000000000
95538  20.949  6.668  -17.380 1.0000000000
98405  23.318  9.832  -14.853 1.0000000000
97422  23.868  8.155  -14.120 1.0000000000
161625  21.781  13.226  -16.028 0.3750000000
102294  22.097  13.433  -16.067 0.5000000000
102283  23.868  13.297  -15.985 0.7500000000
104169  25.940  15.811  -17.254 0.2500000000
74799  20.930  -12.297  -11.182 0.7500000000
74780  22.590  -12.039  -11.236 0.7500000000
75986  19.925  -11.174  -11.446 0.7500000000
75983  22.106  -11.605  -11.652 0.7500000000
75984  21.336  -11.673  -11.618 0.7500000000
188894  21.046  -11.149  -12.024 0.7500000000
76006  20.626  -10.829  -11.991 0.7500000000
75982  23.009  -11.429  -11.664 0.7500000000
76004  22.348  -10.978  -12.211 0.7500000000
77189  21.949  -10.376  -12.659 0.7500000000
78290  20.287  -8.940  -12.518 0.7500000000
79391  19.957  -8.455  -12.841 0.6250000000
77199  21.675  -9.703  -12.982 0.7500000000
192131  21.333  -9.144  -13.465 0.8750000000
193943  20.878  -9.200  -12.936 0.8750000000
77166  23.567  -10.762  -11.861 0.7500000000
77188  22.740  -10.370  -12.758 0.7500000000
172216  23.380  -10.083  -13.306 0.7500000000
78297  21.802  -8.948  -14.054 0.8750000000
77197  23.971  -9.892  -13.433 0.7500000000
77202  23.744  -9.976  -13.898 0.7500000000
78295  23.801  -9.530  -14.166 0.8750000000
79404  22.177  -8.213  -14.809 0.8750000000
79389  24.338  -8.663  -13.550 0.7500000000
79396  23.989  -8.894  -14.154 0.8750000000
80483  23.396  -8.090  -14.511 0.8750000000
80476  25.196  -7.201  -12.810 0.8750000000
190708  24.820  -6.922  -13.231 0.8750000000
83914  24.822  -5.168  -13.468 0.8750000000
83886  27.078  -4.347  -10.906 0.3750000000
83894  26.661  -4.386  -11.682 0.6250000000
83909  25.505  -4.887  -12.839 0.7500000000
85121  27.643  -3.585  -10.652 0.5000000000
83893  27.074  -3.787  -11.332 0.5000000000
85133  26.792  -3.628  -12.063 0.7500000000
86311  29.024  -2.371  -10.355 0.1250000000
161878  28.111  -2.679  -10.835 0.3750000000
162098  27.791  -2.355  -11.748 0.6250000000
85150  27.058  -2.815  -12.343 0.6250000000
86352  26.604  -2.368  -13.041 0.6250000000
85117  31.009  -2.774  -10.550 0.1250000000
86310  30.132  -2.465  -10.353 0.1250000000
87461  29.034  -1.108  -11.126 0.1250000000
86341  31.359  -1.698  -11.410 0.1250000000
87480  28.660  -0.926  -11.799 0.6250000000
88586  28.815  -0.382  -12.114 0.6250000000
88596  27.399  -0.496  -13.356 0.7500000000
86324  31.786  -2.460  -11.721 0.1250000000
86350  32.408  -2.123  -13.221 0.1250000000
87478  31.834  -0.826  -12.352 0.1250000000
88585  29.725  -0.137  -12.140 0.5000000000
89603  29.067  0.388  -12.367 0.7500000000
85149  32.029  -3.399  -12.154 0.1250000000
88584  30.859  -0.256  -12.138 0.5000000000
89601  31.093  0.505  -12.523 0.5000000000
89615  29.522  1.184  -12.606 0.6250000000
89616  28.507  0.962  -12.862 0.7500000000
99454  19.985  10.751  -17.396 0.6250000000
100407  20.524  11.533  -17.262 0.5000000000
99453  21.007  10.609  -17.064 0.7500000000
90586  30.041  1.881  -13.017 0.6250000000
171986  28.002  2.524  -14.313 0.6250000000
91561  27.137  2.268  -14.387 0.8750000000
187009  31.481  1.529  -13.639 0.5000000000
91554  30.459  2.436  -13.642 0.6250000000
178241  29.983  3.111  -14.027 0.6250000000
91560  28.947  2.895  -14.153 0.7500000000
185814  21.184  11.292  -17.073 0.7500000000
92518  26.552  3.079  -14.233 0.8750000000
94521  24.773  5.264  -13.412 0.8750000000
95514  25.551  6.042  -13.564 0.8750000000
92517  28.442  3.398  -14.386 0.7500000000
93503  26.566  4.541  -14.202 0.8750000000
94520  26.026  5.220  -13.782 0.8750000000
95513  26.514  5.982  -13.793 0.8750000000
188086  26.079  6.618  -13.613 0.8750000000
90620  31.561  1.603  -14.544 0.3750000000
90598  31.125  2.188  -13.955 0.5000000000
91559  30.842  3.068  -14.353 0.5000000000
168597  27.922  4.037  -14.472 0.6250000000
90635  31.671  1.627  -15.726 0.2500000000
90621  31.348  2.455  -14.847 0.3750000000
184307  30.252  3.618  -14.520 0.5000000000
100406  21.263  11.901  -16.967 0.6250000000
99452  21.842  11.153  -16.545 0.7500000000
96464  23.551  7.577  -14.138 0.8750000000
97410  24.651  8.273  -13.691 0.7500000000
95499  25.304  6.917  -13.531 0.8750000000
93500  28.898  4.261  -14.517 0.6250000000
93501  28.313  4.858  -14.582 0.7500000000
91577  31.283  3.293  -15.175 0.3750000000
92531  30.751  3.754  -15.031 0.5000000000
95512  27.411  6.082  -14.225 0.7500000000
91576  31.536  2.627  -15.793 0.2500000000
100414  20.590  12.316  -17.080 0.6250000000
99444  22.542  10.656  -15.896 0.8750000000
98392  23.874  9.685  -14.074 0.8750000000
99431  23.960  10.457  -14.500 0.7500000000
177785  24.817  8.957  -13.600 0.8750000000
96446  26.980  7.787  -13.633 0.7500000000
94517  28.592  5.541  -14.777 0.5000000000
92560  31.624  3.583  -16.952 0.2500000000
93513  31.315  4.275  -16.332 0.5000000000
93514  30.739  4.418  -15.593 0.5000000000
174730  31.740  2.023  -16.509 0.2500000000
101356  21.422  12.666  -16.537 0.5000000000
100404  22.851  12.254  -15.730 0.6250000000
100393  23.537  11.643  -15.340 0.7500000000
100378  24.167  11.208  -14.858 0.7500000000
100392  24.360  12.022  -15.009 0.7500000000
100377  24.864  11.578  -14.675 0.7500000000
99429  25.909  10.845  -13.824 0.7500000000
99430  24.850  10.947  -14.167 0.7500000000
99412  26.147  10.048  -13.498 0.7500000000
97421  27.081  8.700  -13.631 0.7500000000
98404  27.084  9.668  -13.670 0.7500000000
95527  29.142  6.786  -15.186 0.5000000000
96469  28.960  7.592  -15.228 0.3750000000
96461  28.158  7.643  -14.219 0.6250000000
93542  31.442  4.364  -17.295 0.2500000000
94546  30.156  5.700  -16.357 0.3750000000
95526  29.518  6.337  -15.938 0.3750000000
101354  23.069  12.948  -15.828 0.6250000000
101341  23.721  12.482  -15.491 0.7500000000
101326  25.269  12.129  -14.964 0.7500000000
100376  25.618  11.487  -14.505 0.7500000000
100375  26.548  11.305  -14.472 0.7500000000
98403  27.780  10.111  -14.342 0.6250000000
96478  29.353  7.247  -15.890 0.3750000000
97433  28.649  8.358  -15.173 0.3750000000
93552  31.458  4.465  -18.146 0.1250000000
94575  30.877  5.841  -18.420 0.1250000000
95534  30.377  6.153  -17.132 0.2500000000
101340  24.772  12.807  -15.535 0.7500000000
98402  28.332  9.280  -14.915 0.3750000000
99428  26.899  10.570  -13.885 0.7500000000
162810  29.143  7.650  -16.760 0.2500000000
97443  29.062  8.074  -15.906 0.3750000000
168151  27.830  9.099  -13.923 0.6250000000
93564  30.791  4.431  -19.733 0.1250000000
94590  30.978  5.315  -19.308 0.1250000000
93563  31.234  4.497  -18.947 0.1250000000
185305  24.785  13.584  -16.167 0.6250000000
101338  26.723  12.639  -15.337 0.3750000000
101339  25.792  12.749  -15.318 0.3750000000
100391  27.103  11.808  -15.104 0.3750000000
98425  28.842  9.415  -16.630 0.2500000000
189413  28.309  10.118  -15.145 0.3750000000
99427  27.465  11.027  -14.683 0.3750000000
96505  30.184  7.326  -19.177 0.1250000000
170740  28.930  8.511  -16.761 0.3750000000
163635  28.769  8.925  -15.857 0.3750000000
91634  30.120  3.060  -20.868 0.1250000000
95569  29.871  7.258  -18.340 0.1250000000
103230  26.153  14.660  -16.280 0.3750000000
102282  25.488  13.378  -15.779 0.3750000000
102280  27.243  13.335  -15.695 0.3750000000
102281  26.310  13.386  -15.622 0.3750000000
101352  29.321  11.930  -15.962 0.3750000000
101336  28.679  12.232  -15.688 0.3750000000
101337  27.713  12.466  -15.490 0.3750000000
99451  28.997  10.297  -16.285 0.3750000000
99441  28.772  10.595  -15.619 0.3750000000
161948  28.053  11.585  -15.330 0.3750000000
173828  29.563  6.355  -21.105 0.1250000000
97453  28.866  8.010  -17.664 0.1250000000
98434  28.796  8.944  -17.734 0.2500000000
178285  30.252  5.252  -20.655 0.1250000000
102293  27.554  14.035  -16.264 0.2500000000
102292  28.579  13.643  -16.678 0.2500000000
103221  26.685  14.078  -15.931 0.3750000000
163812  29.542  11.350  -17.320 0.1250000000
101353  29.072  12.783  -16.212 0.3750000000
102279  28.239  13.132  -15.906 0.3750000000
99460  29.329  10.828  -16.882 0.1250000000
97478  28.680  8.495  -20.240 0.1250000000
99461  29.006  9.965  -17.313 0.1250000000
104157  26.474  15.252  -16.650 0.3750000000
185341  26.863  14.701  -16.229 0.3750000000
103228  27.951  14.353  -16.916 0.2500000000
101364  29.637  12.128  -17.250 0.1250000000
184353  29.423  13.124  -17.181 0.1250000000
100422  29.694  11.525  -17.976 0.1250000000
101370  29.808  12.469  -18.048 0.1250000000
95598  28.717  7.536  -21.545 0.1250000000
98446  29.218  9.644  -19.877 0.1250000000
102313  29.259  14.085  -18.721 0.1250000000
99473  30.425  11.054  -19.462 0.1250000000
101376  30.126  12.773  -18.882 0.1250000000
96526  28.451  8.316  -22.098 0.1250000000
95605  28.594  7.249  -22.397 0.1250000000
79397  23.064  -8.736  -14.470 0.8750000000
82708  25.582  -5.752  -12.469 0.6250000000
89614  30.621  1.201  -12.666 0.6250000000
175517  27.041  3.894  -14.452 0.8750000000
100405  22.042  12.099  -16.388 0.6250000000
100394  22.712  11.407  -15.828 0.8750000000
99443  23.343  10.694  -15.324 0.8750000000
99414  24.433  10.227  -13.843 0.7500000000
98390  25.397  9.431  -13.499 0.7500000000
97409  25.486  8.524  -13.564 0.7500000000
94532  29.619  5.603  -15.629 0.5000000000
94533  29.127  5.952  -15.154 0.5000000000
173591  28.386  6.265  -14.701 0.7500000000
93530  30.762  4.982  -16.309 0.5000000000
97470  28.746  8.441  -19.296 0.1250000000
100421  30.121  11.789  -18.709 0.1250000000
97485  28.516  8.726  -21.178 0.1250000000
86342  28.252  -1.628  -11.933 0.5000000000
86343  27.369  -1.928  -12.596 0.6250000000
190665  26.834  -1.828  -13.141 0.7500000000
176850  32.137  0.145  -13.471 0.3750000000
89631  31.993  0.924  -13.966 0.3750000000
165943  31.974  0.816  -15.208 0.2500000000
99468  29.004  9.696  -18.234 0.1250000000
89658  31.812  0.202  -16.863 0.1250000000
73642  21.202  -13.040  -10.814 0.7500000000
73643  20.551  -12.854  -10.774 0.7500000000
74801  19.503  -11.674  -10.835 0.7500000000
73624  22.145  -13.354  -10.167 0.7500000000
74798  21.812  -12.365  -11.142 0.7500000000
75958  23.263  -11.876  -10.941 0.7500000000
79384  19.249  -8.623  -11.877 0.6250000000
177976  20.745  -10.173  -12.283 0.7500000000
75957  23.910  -11.282  -11.231 0.6250000000
77186  23.838  -10.045  -12.200 0.7500000000
78280  24.090  -9.355  -12.590 0.6250000000
80473  24.984  -7.996  -12.824 0.6250000000
81571  25.572  -6.587  -12.252 0.5000000000
82694  26.015  -5.940  -11.711 0.3750000000
186092  27.527  -4.313  -10.318 0.1250000000
85119  29.654  -3.056  -9.899 0.1250000000
85118  30.663  -3.188  -10.025 0.1250000000
83892  31.785  -4.092  -11.549 0.1250000000
83913  32.298  -4.529  -13.506 0.1250000000
85159  32.341  -3.652  -13.112 0.1250000000
86361  32.395  -2.997  -13.691 0.1250000000
183973  32.488  -2.361  -14.264 0.1250000000
87498  32.417  -1.450  -13.863 0.1250000000
192421  32.306  -0.644  -13.995 0.1250000000
89649  32.263  -0.105  -14.745 0.2500000000
89666  31.588  0.442  -17.715 0.1250000000
90645  31.879  1.184  -16.925 0.2500000000
90667  31.482  1.424  -18.850 0.1250000000
178493  31.235  3.116  -19.183 0.1250000000
91626  30.761  2.864  -19.940 0.1250000000
90684  30.455  2.183  -20.711 0.1250000000
91640  29.550  2.843  -21.710 0.1250000000
91639  29.936  2.340  -21.358 0.1250000000
94613  29.380  5.690  -22.107 0.1250000000
93594  28.820  4.992  -22.859 0.1250000000
105080  21.840  16.198  -16.198 0.1250000000
103247  27.769  14.920  -17.629 0.2500000000
103261  27.955  15.159  -18.722 0.1250000000
102320  29.880  13.628  -19.174 0.1250000000
98453  29.247  9.583  -20.752 0.1250000000
95613  28.124  6.863  -23.244 0.1250000000
98464  28.702  9.121  -21.350 0.1250000000
173905  24.967  -4.305  -13.387 0.7500000000
90600  28.466  2.116  -13.903 0.7500000000
90588  28.176  1.378  -13.615 0.7500000000
98427  19.541  10.072  -17.278 0.3750000000
177394  23.612  -7.253  -14.361 0.8750000000
79390  20.766  -8.717  -13.481 0.7500000000
78298  21.219  -8.713  -14.051 0.8750000000
80484  22.707  -8.007  -14.868 0.8750000000
85152  25.512  -3.997  -12.897 0.7500000000
87481  27.949  -1.003  -12.565 0.6250000000
97423  23.302  8.930  -14.505 0.8750000000
97411  24.111  8.940  -13.823 0.8750000000
96463  24.355  7.401  -13.650 0.8750000000
103231  25.180  14.289  -16.531 0.3750000000
104184  26.310  16.096  -17.920 0.1250000000
104168  26.840  15.550  -17.286 0.2500000000
75985  20.635  -11.562  -11.587 0.7500000000
74800  20.055  -12.179  -11.029 0.7500000000
74781  22.550  -12.567  -10.630 0.7500000000
167627  19.444  -10.379  -11.291 0.7500000000
77191  20.073  -10.176  -11.852 0.7500000000
76005  21.596  -11.079  -12.151 0.7500000000
165488  21.214  -10.445  -12.423 0.7500000000
78281  20.528  -9.593  -12.369 0.7500000000
77190  21.102  -9.659  -12.701 0.7500000000
77198  22.612  -9.870  -13.368 0.8750000000
77187  23.406  -10.285  -12.634 0.7500000000
78296  22.818  -9.403  -14.009 0.8750000000
193578  23.039  -9.187  -14.307 0.8750000000
78294  24.356  -9.516  -13.987 0.7500000000
79383  24.435  -8.673  -12.737 0.7500000000
80477  24.619  -7.693  -13.287 0.7500000000
80482  24.093  -8.018  -13.918 0.8750000000
80472  25.514  -7.452  -12.123 0.6250000000
82712  25.164  -5.659  -13.058 0.7500000000
83887  26.607  -5.199  -11.164 0.2500000000
82707  26.186  -5.105  -12.120 0.6250000000
83908  26.181  -4.240  -12.424 0.7500000000
85132  27.385  -3.126  -11.485 0.5000000000
85120  28.610  -3.200  -10.146 0.2500000000
83885  28.217  -4.013  -9.927 0.1250000000
86325  29.618  -1.734  -10.679 0.2500000000
86326  28.544  -1.856  -11.012 0.3750000000
85131  31.639  -2.995  -11.184 0.1250000000
175914  30.951  -2.068  -10.853 0.1250000000
87479  31.115  -1.058  -11.689 0.1250000000
86340  31.961  -1.766  -12.214 0.1250000000
168444  29.786  -0.698  -11.664 0.5000000000
164981  32.227  -2.756  -12.671 0.1250000000
87490  32.322  -1.347  -12.867 0.1250000000
88594  32.293  -0.640  -13.084 0.1250000000
89602  30.152  0.426  -12.419 0.6250000000
88583  31.767  0.041  -12.643 0.1250000000
90587  29.007  1.738  -13.170 0.6250000000
92516  29.425  3.648  -14.396 0.6250000000
94518  27.826  5.451  -14.526 0.7500000000
95498  26.949  6.841  -13.748 0.7500000000
92532  29.937  4.301  -14.914 0.5000000000
193192  25.778  7.977  -13.576 0.7500000000
92547  31.497  3.455  -16.027 0.3750000000
98391  24.590  9.607  -13.628 0.7500000000
176797  27.874  6.864  -14.215 0.6250000000
93515  30.067  5.022  -15.651 0.5000000000
92572  31.589  3.669  -17.859 0.1250000000
175946  31.762  2.865  -17.618 0.1250000000
91591  31.729  2.774  -16.702 0.2500000000
90657  31.720  1.299  -17.969 0.1250000000
97419  28.281  8.413  -14.372 0.6250000000
96460  28.583  7.841  -14.701 0.3750000000
94545  30.852  5.496  -16.995 0.1250000000
101325  26.174  12.018  -14.952 0.3750000000
95552  29.779  6.741  -17.364 0.3750000000
94574  31.244  5.185  -17.685 0.1250000000
95551  30.471  6.512  -17.920 0.1250000000
98415  28.634  9.776  -15.751 0.3750000000
99442  28.197  10.773  -15.169 0.3750000000
96500  28.994  7.759  -18.367 0.2500000000
178520  30.692  5.101  -20.089 0.1250000000
92593  30.061  3.830  -20.794 0.1250000000
92584  30.946  3.707  -19.427 0.1250000000
166845  30.706  6.136  -19.235 0.1250000000
194523  25.336  13.791  -16.135 0.3750000000
94600  30.600  5.986  -20.080 0.1250000000
95588  30.015  6.877  -20.402 0.1250000000
96506  29.357  7.750  -19.203 0.1250000000
103222  25.877  13.967  -15.984 0.3750000000
174445  29.428  12.358  -16.565 0.3750000000
100390  28.901  11.364  -15.608 0.3750000000
94607  29.737  5.486  -21.334 0.1250000000
96513  29.313  7.592  -20.118 0.1250000000
95589  29.088  7.206  -20.888 0.1250000000
95597  29.207  6.630  -21.806 0.1250000000
172631  28.849  8.034  -19.005 0.1250000000
98441  28.786  8.972  -18.749 0.1250000000
178611  29.453  4.016  -21.851 0.1250000000
93585  29.467  4.760  -22.036 0.1250000000
103229  27.253  14.878  -16.737 0.2500000000
193413  28.912  13.695  -17.274 0.2500000000
185927  29.400  10.170  -18.586 0.1250000000
98454  28.743  9.117  -20.485 0.1250000000
98447  28.773  9.057  -19.609 0.1250000000
103246  28.493  14.163  -17.423 0.1250000000
102306  29.099  13.844  -17.841 0.1250000000
102312  29.680  13.373  -18.279 0.1250000000
99474  29.727  10.228  -19.271 0.1250000000
94614  28.766  6.188  -22.641 0.1250000000
98440  29.084  9.623  -19.056 0.1250000000
103268  28.662  14.684  -19.221 0.1250000000
103260  28.552  14.478  -18.262 0.1250000000
73626  20.640  -13.625  -10.495 0.7500000000
73641  21.839  -13.058  -10.659 0.7500000000
73625  21.382  -13.794  -10.386 0.7500000000
74782  19.266  -12.271  -10.446 0.7500000000
73627  19.858  -13.072  -10.333 0.7500000000
165589  19.162  -9.003  -11.551 0.5000000000
78282  19.790  -9.262  -11.826 0.6250000000
79370  24.510  -8.874  -11.967 0.6250000000
86360  32.526  -1.855  -14.782 0.1250000000
162446  32.275  -3.185  -15.533 0.1250000000
177999  31.566  2.967  -18.500 0.1250000000
73628  18.941  -12.832  -9.896 0.7500000000
75987  19.236  -10.962  -10.778 0.5000000000
72426  21.225  -14.580  -9.391 0.6250000000
73605  21.689  -13.978  -9.757 0.6250000000
74748  22.660  -12.672  -8.866 0.3750000000
74764  22.669  -12.766  -9.815 0.6250000000
75943  23.562  -11.612  -9.373 0.2500000000
74763  23.157  -12.058  -10.137 0.3750000000
81559  25.919  -6.819  -11.498 0.3750000000
101365  20.657  12.536  -16.625 0.2500000000
189975  21.178  -14.446  -10.010 0.6250000000
78260  24.519  -9.675  -11.558 0.5000000000
79369  25.135  -8.971  -11.330 0.3750000000
73592  22.317  -13.353  -8.396 0.5000000000
73604  22.229  -13.375  -9.349 0.6250000000
79382  25.215  -8.266  -11.925 0.5000000000
71261  20.664  -15.198  -9.057 0.6250000000
75959  18.601  -10.983  -10.152 0.3750000000
74783  18.598  -12.061  -9.955 0.3750000000
71280  20.670  -14.848  -9.720 0.6250000000
72439  20.705  -14.383  -10.174 0.6250000000
73606  19.372  -13.621  -9.683 0.6250000000
72399  22.111  -14.078  -7.091 0.3750000000
72410  21.953  -14.019  -7.956 0.5000000000
72411  21.331  -14.651  -8.469 0.6250000000
77169  18.302  -10.036  -10.180 0.2500000000
74738  22.798  -12.715  -7.897 0.3750000000
186699  24.180  -11.114  -9.449 0.2500000000
75927  23.303  -11.986  -8.425 0.2500000000
79392  19.113  -8.160  -12.256 0.3750000000
77131  24.662  -10.769  -9.956 0.2500000000
78251  25.282  -9.725  -10.863 0.3750000000
80458  25.803  -7.699  -11.269 0.2500000000
81549  26.067  -6.928  -10.760 0.2500000000
90606  17.535  1.161  -14.366 0.1250000000
170101  17.953  4.086  -15.861 0.2500000000
82686  26.649  -5.481  -10.393 0.2500000000
95539  19.371  6.211  -17.218 0.3750000000
94563  18.670  5.373  -16.755 0.2500000000
97445  19.875  9.142  -17.005 0.2500000000
92535  17.658  2.596  -15.450 0.1250000000
89637  17.316  0.069  -14.749 0.2500000000
186220  18.382  -7.915  -11.935 0.2500000000
77165  24.284  -10.562  -11.412 0.5000000000
74802  18.988  -11.621  -10.442 0.5000000000
81548  26.360  -6.160  -10.860 0.2500000000
77168  18.766  -10.013  -10.807 0.3750000000
77167  19.241  -9.602  -11.398 0.3750000000
79385  18.426  -8.498  -11.744 0.2500000000
72440  20.118  -14.105  -10.052 0.6250000000
78261  18.603  -9.025  -11.228 0.3750000000
72425  21.769  -13.962  -8.874 0.6250000000
74747  23.029  -12.185  -9.336 0.2500000000
75926  23.962  -11.157  -8.500 0.2500000000
75942  23.939  -11.377  -10.320 0.3750000000
77147  24.603  -10.857  -10.775 0.3750000000
73579  22.467  -13.442  -7.474 0.3750000000
72427  20.236  -14.860  -9.760 0.6250000000
72390  21.841  -14.617  -6.774 0.3750000000
77146  25.100  -10.306  -10.407 0.2500000000
175603  25.609  -8.116  -10.717 0.2500000000
186475  17.424  1.114  -13.847 0.1250000000
71263  19.651  -15.780  -8.571 0.5000000000
72400  21.569  -14.671  -7.518 0.2500000000
70000  20.642  -16.044  -6.945 0.3750000000
71248  20.801  -15.500  -8.010 0.5000000000
71282  19.930  -15.357  -9.242 0.5000000000
184200  19.055  -15.142  -8.129 0.3750000000
184028  18.881  -14.327  -8.511 0.5000000000
167812  19.699  -14.536  -9.495 0.5000000000
71283  19.382  -14.903  -8.869 0.5000000000
73607  18.635  -13.253  -9.343 0.3750000000
163044  18.404  -15.465  -6.415 0.1250000000
71264  18.732  -14.843  -7.525 0.3750000000
73608  18.308  -12.839  -9.052 0.2500000000
166819  18.113  -16.809  -5.740 0.1250000000
70011  18.983  -16.412  -7.349 0.3750000000
71219  21.415  -15.754  -6.029 0.2500000000
70010  19.939  -16.675  -7.291 0.3750000000
70018  19.764  -16.351  -8.049 0.5000000000
71236  18.028  -15.478  -5.832 0.1250000000
68732  19.360  -16.729  -7.249 0.3750000000
72401  17.915  -13.805  -6.974 0.1250000000
73593  18.177  -12.979  -8.331 0.1250000000
168547  32.225  0.016  -15.981 0.1250000000
189411  18.502  -12.656  -9.533 0.3750000000
71281  20.254  -15.266  -9.368 0.5000000000
71262  20.118  -15.843  -8.752 0.5000000000
74765  18.387  -12.157  -9.380 0.2500000000
75960  18.415  -11.490  -9.633 0.2500000000
71234  21.867  -14.911  -6.122 0.2500000000
70019  19.233  -16.201  -7.949 0.5000000000
72412  18.621  -14.235  -7.938 0.5000000000
165700  21.363  -15.252  -6.896 0.3750000000
71249  20.188  -16.283  -7.972 0.3750000000
71250  18.880  -15.684  -7.500 0.3750000000
72429  18.443  -13.571  -8.615 0.1250000000
72428  19.024  -14.014  -9.074 0.5000000000
71220  17.701  -14.763  -5.637 0.1250000000
71251  18.587  -15.122  -6.963 0.2500000000
71235  18.082  -14.661  -6.452 0.1250000000
167169  18.327  -14.316  -7.254 0.1250000000
69989  17.767  -16.400  -5.316 0.1250000000
70002  18.336  -16.140  -6.050 0.1250000000
68733  18.849  -16.914  -6.837 0.3750000000
70001  20.381  -16.778  -6.280 0.2500000000
164256  18.226  -13.603  -7.756 0.1250000000
68724  18.672  -17.411  -6.198 0.2500000000
165947  19.990  -17.459  -5.859 0.2500000000
78262  18.331  -8.755  -11.255 0.2500000000
185907  20.908  -16.271  -6.214 0.2500000000
68734  18.504  -16.800  -6.256 0.1250000000
68722  19.660  -17.145  -6.606 0.2500000000
68723  19.138  -17.303  -6.520 0.2500000000
184749  19.421  -17.563  -6.134 0.1250000000
79358  17.932  -8.325  -11.083 0.1250000000
99455  19.465  10.817  -17.145 0.1250000000
99462  19.874  11.526  -17.222 0.1250000000
100408  19.647  11.650  -16.946 0.1250000000
184181  19.957  12.302  -16.966 0.1250000000
101357  20.218  12.535  -16.680 0.1250000000
100416  19.951  12.063  -17.114 0.1250000000
101329  20.145  12.143  -15.788 0.1250000000
101343  19.958  12.215  -16.506 0.1250000000
102295  20.809  12.724  -16.136 0.1250000000
168250  19.303  10.761  -16.700 0.1250000000
101342  20.301  12.607  -16.072 0.1250000000
102272  20.951  12.793  -15.430 0.1250000000
98429  19.105  9.411  -16.592 0.1250000000
98428  19.100  10.053  -16.875 0.1250000000
167073  17.704  4.857  -15.637 0.1250000000
77148  18.356  -10.724  -9.594 0.1250000000
78252  18.362  -9.286  -10.439 0.1250000000
96484  18.446  6.784  -15.865 0.1250000000
98406  18.727  9.380  -15.459 0.1250000000
187959  19.347  10.559  -15.956 0.1250000000
100380  20.042  11.483  -15.433 0.1250000000
101327  20.934  12.732  -14.729 0.1250000000
102271  21.460  13.487  -14.579 0.1250000000
81572  18.471  -6.921  -12.200 0.1250000000
185721  18.095  -7.282  -11.771 0.1250000000
78283  18.377  -8.618  -11.610 0.1250000000
101366  20.164  12.427  -17.037 0.1250000000
187457  18.487  -9.337  -10.758 0.1250000000
95540  18.564  6.185  -16.300 0.1250000000
192458  18.016  -7.981  -11.666 0.1250000000
79371  18.113  -8.426  -11.614 0.1250000000
168308  18.176  -8.656  -10.641 0.1250000000
100395  19.683  11.398  -16.154 0.1250000000
101328  20.519  12.517  -15.437 0.1250000000
100379  20.600  12.028  -14.974 0.1250000000
100367  20.856  11.813  -14.425 0.1250000000
73567  22.630  -13.620  -6.624 0.1250000000
73578  22.980  -12.929  -6.950 0.1250000000
74737  23.409  -12.219  -7.309 0.1250000000
75916  23.791  -11.488  -7.628 0.1250000000
77119  24.546  -10.587  -8.975 0.1250000000
77130  25.020  -10.101  -9.522 0.1250000000
78241  25.330  -9.579  -10.021 0.1250000000
79332  25.721  -8.643  -8.607 0.1250000000
175345  25.480  -8.756  -9.550 0.1250000000
79357  25.415  -8.821  -10.525 0.1250000000
80434  26.271  -7.117  -9.192 0.1250000000
80447  25.730  -7.490  -10.343 0.1250000000
81518  26.908  -6.692  -8.748 0.1250000000
81534  26.463  -6.494  -9.400 0.1250000000
82672  26.361  -6.001  -9.924 0.1250000000
69988  21.144  -16.495  -5.627 0.1250000000
69987  21.804  -16.068  -5.130 0.1250000000
72375  22.514  -14.577  -5.618 0.1250000000
73566  23.220  -13.251  -6.135 0.1250000000
72388  22.829  -13.885  -5.865 0.1250000000
74724  23.604  -12.538  -6.383 0.1250000000
75915  24.292  -11.076  -7.216 0.1250000000
187952  24.401  -10.471  -7.844 0.1250000000
77118  24.835  -9.806  -8.445 0.1250000000
78226  25.360  -9.146  -8.070 0.1250000000
80425  26.585  -7.354  -8.385 0.1250000000
82671  27.099  -5.390  -9.750 0.1250000000
81532  27.994  -5.369  -8.954 0.1250000000
81517  27.804  -6.300  -8.453 0.1250000000
82685  27.099  -4.903  -10.376 0.1250000000
72389  22.293  -14.266  -6.334 0.1250000000
81535  25.982  -6.777  -9.924 0.1250000000
176904  25.445  -8.036  -9.969 0.1250000000
71218  22.173  -15.335  -5.407 0.1250000000
68709  20.706  -17.156  -5.336 0.1250000000
74723  24.083  -11.756  -6.650 0.1250000000
78234  25.339  -9.364  -9.058 0.1250000000
80426  25.997  -7.958  -9.081 0.1250000000
79331  26.171  -8.019  -8.010 0.1250000000
80435  25.784  -7.452  -9.722 0.1250000000
81533  27.050  -6.007  -9.183 0.1250000000
80424  27.463  -7.027  -8.018 0.1250000000
69979  21.514  -16.864  -4.748 0.1250000000
69978  22.146  -16.361  -4.466 0.1250000000
74709  24.216  -12.282  -5.924 0.1250000000
82650  28.840  -5.911  -8.218 0.1250000000
70012  18.687  -16.099  -6.806 0.3750000000
76003  22.986  -10.781  -12.224 0.7500000000
77164  24.930  -10.332  -11.028 0.3750000000
78288  24.305  -9.490  -13.678 0.7500000000
78289  24.350  -9.882  -14.001 0.7500000000
79398  22.357  -8.846  -14.410 0.8750000000
80490  22.189  -7.504  -15.174 1.0000000000
80492  21.011  -7.777  -14.673 1.0000000000
81577  25.191  -6.380  -12.910 0.6250000000
82684  27.726  -4.729  -9.735 0.1250000000
82725  20.520  -5.567  -15.406 1.0000000000
85192  31.937  -3.615  -16.209 0.1250000000
85194  20.553  -3.056  -16.159 1.0000000000
86367  17.605  -1.501  -13.948 0.2500000000
86371  32.486  -2.500  -15.210 0.1250000000
87460  30.330  -1.354  -11.202 0.1250000000
87503  17.359  -1.294  -14.675 0.2500000000
87513  18.487  -1.404  -15.545 0.5000000000
87523  18.942  -1.169  -16.096 1.0000000000
88622  21.995  -0.528  -16.415 1.0000000000
88623  19.362  -0.760  -16.481 0.8750000000
89613  31.599  0.990  -12.965 0.3750000000
89659  21.638  1.015  -16.045 1.0000000000
89671  19.348  0.380  -16.829 0.6250000000
90585  30.972  1.785  -13.182 0.6250000000
90599  29.499  2.436  -13.614 0.6250000000
90601  27.552  1.529  -14.143 1.0000000000
90605  23.830  1.580  -14.393 1.0000000000
90625  17.713  1.118  -14.968 0.1250000000
90637  18.871  1.419  -16.790 0.5000000000
90647  20.871  1.487  -17.028 1.0000000000
91603  31.871  2.045  -17.357 0.1250000000
91604  20.857  2.240  -17.425 1.0000000000
91614  31.745  2.144  -18.298 0.1250000000
91615  19.896  2.745  -17.987 0.8750000000
92519  25.684  3.454  -13.937 1.0000000000
92550  18.442  3.742  -16.490 0.5000000000
92562  20.757  3.008  -17.780 1.0000000000
92573  20.545  3.851  -18.143 1.0000000000
92583  31.369  3.736  -18.676 0.1250000000
92592  30.472  3.704  -20.187 0.1250000000
92601  29.677  3.580  -21.388 0.1250000000
93502  27.427  4.672  -14.443 0.8750000000
93516  29.263  5.103  -14.949 0.5000000000
93529  31.204  4.892  -16.916 0.1250000000
93533  18.204  4.692  -16.321 0.3750000000
93554  19.763  4.719  -18.220 0.6250000000
93574  30.345  4.447  -20.436 0.1250000000
93575  29.811  4.447  -21.173 0.1250000000
94519  26.968  5.303  -14.182 0.8750000000
94559  30.798  5.851  -17.619 0.1250000000
94560  20.702  6.071  -17.968 1.0000000000
94589  31.287  5.101  -18.494 0.1250000000
94601  30.102  6.026  -20.747 0.1250000000
95535  29.853  6.362  -16.685 0.2500000000
95536  29.434  6.903  -16.707 0.3750000000
95568  30.503  6.724  -18.788 0.1250000000
95580  30.457  6.845  -19.620 0.1250000000
95590  28.686  7.685  -20.945 0.1250000000
96447  26.090  7.431  -13.590 0.7500000000
96448  25.276  7.741  -13.570 0.7500000000
96462  27.557  7.437  -13.859 0.7500000000
96492  29.193  7.322  -17.547 0.2500000000
96507  28.864  8.015  -19.711 0.1250000000
96512  30.024  7.421  -19.761 0.1250000000
96514  28.765  7.860  -20.477 0.1250000000
96519  28.525  8.140  -21.041 0.1250000000
97408  26.286  8.251  -13.580 0.7500000000
97420  27.712  8.178  -13.834 0.6250000000
97461  28.760  8.292  -18.490 0.1250000000
98389  26.256  9.116  -13.550 0.7500000000
98419  18.867  9.379  -16.164 0.1250000000
99413  25.192  10.241  -13.555 0.7500000000
99440  29.379  11.119  -15.948 0.3750000000
99467  29.332  10.622  -17.867 0.1250000000
100413  29.514  11.653  -16.563 0.3750000000
100415  20.139  12.066  -17.202 0.1250000000
100428  29.823  10.860  -18.614 0.1250000000
164422  28.542  8.840  -21.916 0.1250000000
166109  17.667  0.375  -15.194 0.2500000000
168638  18.812  -0.573  -16.265 0.8750000000
168707  25.255  0.808  -14.107 1.0000000000
169138  25.528  -8.401  -11.182 0.2500000000
170100  19.288  2.950  -17.443 0.5000000000
172678  28.617  7.177  -14.665 0.6250000000
175372  27.528  3.175  -14.402 0.7500000000
175994  31.960  0.765  -16.177 0.2500000000
177948  24.247  -7.078  -13.676 0.8750000000
184253  25.300  -2.759  -14.036 1.0000000000
184420  22.004  -9.359  -13.614 0.8750000000
184956  31.187  3.875  -15.578 0.3750000000
185675  22.314  -0.838  -16.181 1.0000000000
188821  23.423  -13.618  -5.517 0.1250000000
188942  29.527  6.043  -21.578 0.1250000000
192309  23.464  2.206  -14.378 1.0000000000
192848  22.882  -5.018  -15.030 1.0000000000
193644  19.363  9.610  -16.951 0.1250000000
193896  20.336  4.632  -18.351 0.8750000000
193955  26.166  -6.433  -10.361 0.1250000000
194728  24.094  -11.032  -7.791 0.1250000000
