#!ascii label  , from subject sub-v1s8x0051332_ses-1 vox2ras=TkReg
1938
32227  26.106  -50.999  8.228 0.8999999762
32246  26.298  -51.907  7.964 0.8000000119
31160  26.798  -52.152  7.211 0.8000000119
29063  26.586  -54.577  7.119 0.6999999881
30063  26.878  -53.622  5.622 0.8000000119
32228  25.338  -50.989  8.385 0.8999999762
32245  26.651  -51.254  7.565 1.0000000000
32264  27.026  -51.342  6.622 1.0000000000
166375  27.060  -52.056  6.111 0.8999999762
31174  26.980  -52.889  6.455 0.8000000119
166499  26.681  -53.053  4.602 0.8000000119
31187  26.991  -52.641  5.433 0.8999999762
189767  26.577  -53.940  4.543 0.8000000119
30073  26.316  -54.207  3.653 0.6999999881
29102  26.088  -54.864  3.485 0.6999999881
34322  24.887  -49.848  8.324 0.8000000119
33262  25.482  -50.351  8.384 0.8999999762
35410  25.383  -48.595  8.442 0.8999999762
34338  24.759  -49.134  8.214 0.8999999762
35450  23.800  -48.799  6.673 0.8999999762
34337  26.878  -49.822  7.322 0.8999999762
34361  27.227  -49.959  6.527 1.0000000000
32279  27.220  -51.319  5.616 0.8999999762
33327  27.192  -50.459  5.060 1.0000000000
32291  27.113  -51.369  4.635 0.8999999762
31196  26.876  -52.205  4.559 0.8999999762
31207  26.489  -52.530  3.752 0.8000000119
30092  25.574  -54.160  2.096 0.6999999881
177922  26.755  -48.246  8.187 0.8999999762
36545  25.318  -47.754  8.379 0.8999999762
35430  24.626  -48.251  8.053 0.8999999762
36546  24.608  -47.282  7.790 0.8999999762
36568  24.126  -47.154  6.925 0.8999999762
35409  26.268  -48.866  8.289 0.8999999762
35429  27.021  -48.992  7.667 0.8999999762
34360  27.676  -49.342  6.100 1.0000000000
177616  26.684  -51.641  3.755 0.8000000119
176468  26.195  -52.896  2.883 0.8000000119
31238  25.754  -52.791  2.051 0.8000000119
31239  25.340  -52.699  1.263 0.8000000119
30113  25.068  -53.467  0.930 0.8000000119
30114  24.452  -53.339  0.390 0.8000000119
37606  25.425  -46.814  8.437 0.8999999762
37650  23.978  -46.576  6.299 0.8999999762
178540  24.033  -45.900  6.068 0.8999999762
37588  26.312  -46.732  8.626 0.8999999762
38747  24.170  -45.297  6.427 0.8999999762
38748  23.847  -45.446  5.621 0.8000000119
37673  23.145  -46.379  5.005 0.8000000119
193352  27.134  -47.687  8.158 0.8999999762
39837  23.868  -44.631  5.919 0.6999999881
38769  23.321  -44.808  5.195 0.6999999881
39851  22.717  -44.434  4.662 0.6999999881
35428  27.377  -48.159  7.569 0.8999999762
40909  22.306  -43.784  4.574 0.6999999881
40910  21.056  -43.784  4.580 0.6999999881
37629  28.121  -47.130  6.575 1.0000000000
178380  21.553  -43.578  5.697 0.6000000238
35468  27.900  -48.511  6.005 1.0000000000
35481  27.870  -48.284  5.097 1.0000000000
34379  27.309  -49.509  5.125 1.0000000000
34397  27.050  -49.833  4.415 1.0000000000
33342  26.890  -50.499  3.741 0.8999999762
187822  27.170  -49.267  4.381 1.0000000000
34411  27.040  -49.443  3.740 0.8999999762
33364  26.555  -50.364  2.721 0.8000000119
32315  26.440  -51.173  2.918 0.8000000119
32331  25.657  -51.833  1.731 0.8000000119
33379  25.525  -50.918  1.050 0.8000000119
31256  24.927  -52.654  0.564 0.8000000119
32349  24.783  -51.963  0.244 0.8000000119
32332  25.194  -51.862  0.806 0.8000000119
32350  24.380  -51.713  -0.253 0.8000000119
37607  24.731  -46.336  7.802 0.8999999762
172495  25.959  -45.499  9.027 0.8999999762
38706  25.274  -45.856  8.477 0.8999999762
38707  24.654  -45.294  7.595 0.8999999762
39820  24.280  -44.399  6.814 0.8999999762
172780  27.661  -46.633  8.152 0.8999999762
39850  22.982  -43.946  5.045 0.6999999881
163368  28.163  -46.551  7.371 0.8999999762
40897  22.683  -43.315  5.244 0.6000000238
43075  22.104  -42.820  5.605 0.6000000238
38728  28.395  -46.281  6.316 1.0000000000
39799  22.156  -44.701  7.506 0.5000000000
37649  28.294  -46.886  5.510 1.0000000000
39781  22.359  -44.366  8.464 0.5000000000
37672  28.330  -46.612  4.528 1.0000000000
36607  28.106  -47.477  4.611 1.0000000000
36623  27.555  -47.419  3.620 1.0000000000
35504  27.259  -48.721  3.911 1.0000000000
34432  26.816  -49.564  2.951 0.8999999762
33365  26.031  -50.789  2.041 0.8000000119
34446  26.638  -48.643  2.473 0.8999999762
34433  26.405  -49.689  2.141 0.8000000119
167110  25.848  -49.887  1.329 0.8000000119
34447  26.297  -48.813  1.593 0.8999999762
35547  25.831  -48.082  1.153 0.8999999762
33397  25.299  -50.011  0.470 0.8000000119
33413  24.305  -50.863  -0.660 0.8000000119
34478  24.291  -49.083  -0.670 0.8000000119
177667  24.218  -49.959  -0.845 0.8000000119
39798  24.770  -44.171  7.800 0.8999999762
38691  26.936  -46.112  8.804 0.8999999762
170591  26.733  -45.174  9.128 0.8999999762
40863  24.378  -43.360  7.056 0.6999999881
41957  23.531  -43.071  5.950 0.8000000119
38705  28.072  -45.989  8.140 0.8999999762
38690  27.650  -45.247  8.688 0.8999999762
43063  22.695  -42.344  5.949 0.6999999881
41944  22.329  -42.825  6.589 0.6000000238
40884  22.050  -43.316  6.513 0.6000000238
43033  22.905  -42.480  7.172 0.6999999881
41930  22.767  -43.171  7.605 0.6000000238
40864  22.636  -43.761  8.446 0.5000000000
40845  22.277  -43.845  9.047 0.5000000000
40846  21.355  -43.786  9.391 0.5000000000
38746  28.581  -46.070  5.278 1.0000000000
167196  27.955  -46.956  3.852 1.0000000000
37689  28.031  -46.224  3.598 1.0000000000
37690  27.308  -46.878  3.222 1.0000000000
35526  26.533  -47.515  3.061 0.8999999762
38785  28.621  -45.249  3.709 1.0000000000
37703  27.359  -46.269  2.735 0.8999999762
36641  26.388  -46.869  2.990 0.8999999762
36652  26.461  -46.883  2.282 0.8999999762
37714  26.842  -46.306  1.953 0.8999999762
37715  26.228  -46.524  1.336 0.8999999762
36665  25.502  -47.536  0.687 0.8999999762
35564  25.246  -48.242  0.379 0.8999999762
38807  26.327  -45.744  1.244 0.8999999762
166502  25.808  -45.995  0.781 0.8999999762
35565  24.610  -48.249  -0.273 0.8999999762
38820  25.138  -45.772  0.299 0.8999999762
39780  26.077  -44.562  9.210 0.8999999762
39797  25.272  -44.889  8.575 0.8999999762
40862  24.839  -43.191  8.000 0.8999999762
40844  25.387  -43.884  8.697 0.8999999762
41929  24.491  -42.379  7.299 1.0000000000
41943  24.041  -42.585  6.487 0.8000000119
43062  23.610  -42.224  6.243 0.6999999881
38727  28.507  -45.754  7.133 0.8999999762
186525  28.455  -45.203  7.864 0.8999999762
43049  23.323  -41.907  6.931 0.6999999881
188607  23.213  -42.695  8.313 0.6999999881
41916  22.878  -43.227  9.034 0.5000000000
38745  28.824  -45.366  6.074 1.0000000000
41917  21.764  -43.125  9.409 0.5000000000
41918  20.516  -42.944  9.484 0.5000000000
179128  29.128  -44.537  5.450 1.0000000000
38767  28.855  -45.279  4.857 1.0000000000
39849  28.988  -44.398  4.277 1.0000000000
38794  27.935  -45.462  2.890 1.0000000000
194442  28.741  -44.552  3.524 1.0000000000
40923  28.737  -43.836  3.318 1.0000000000
39873  27.649  -44.712  2.395 0.8999999762
38806  26.809  -45.472  1.659 0.8999999762
178257  26.432  -44.906  1.268 0.8999999762
39951  25.827  -43.297  -2.488 0.6999999881
41014  24.978  -43.425  -2.846 0.8000000119
39964  24.625  -44.060  -2.558 0.8000000119
39965  24.101  -44.143  -2.147 0.8000000119
190972  28.042  -43.957  9.025 0.8999999762
40843  26.294  -43.404  9.383 1.0000000000
41915  25.692  -42.412  9.080 1.0000000000
43018  25.249  -41.717  8.545 1.0000000000
43030  24.676  -41.631  7.748 0.6999999881
43048  24.129  -41.740  6.851 0.6999999881
39795  28.825  -44.470  7.539 0.8999999762
40861  28.702  -43.836  8.296 0.8999999762
43031  23.813  -41.270  7.812 0.6999999881
171640  22.192  -42.517  9.488 0.6000000238
39819  29.109  -44.481  6.511 0.8999999762
171465  20.158  -42.074  9.400 0.4000000060
39836  29.156  -43.826  5.027 1.0000000000
40937  27.618  -43.210  2.069 1.0000000000
40924  28.319  -43.047  2.688 1.0000000000
38829  22.348  -44.355  -0.975 0.8999999762
42041  27.403  -42.091  -0.927 0.6000000238
42057  26.340  -42.680  -2.308 0.6000000238
42070  25.654  -42.240  -2.706 0.8000000119
42060  24.382  -42.765  -2.766 0.8000000119
38859  23.442  -44.308  -1.792 0.8999999762
188243  23.180  -45.882  -1.144 0.8999999762
177313  28.233  -43.291  9.054 0.8999999762
41913  27.329  -42.812  9.425 0.8999999762
43047  24.399  -41.141  7.683 0.8000000119
44081  23.933  -41.389  7.150 0.6999999881
43019  23.387  -41.262  8.780 0.6999999881
43021  21.831  -41.514  9.787 0.6000000238
43022  20.443  -41.421  9.484 0.4000000060
171946  29.344  -43.762  5.941 1.0000000000
40882  29.243  -43.600  7.159 0.8999999762
40895  29.289  -43.056  5.218 1.0000000000
40908  29.140  -43.386  4.241 1.0000000000
166501  28.889  -42.797  3.458 1.0000000000
41987  28.447  -42.141  2.904 1.0000000000
43096  27.928  -41.494  2.424 1.0000000000
39905  22.577  -43.982  -0.579 0.8999999762
40960  22.081  -43.150  -0.446 0.8999999762
39906  21.961  -43.560  -0.802 0.8999999762
39954  21.822  -43.512  -2.017 0.8999999762
39942  21.681  -43.565  -1.502 0.8999999762
44163  29.551  -40.406  -0.668 0.6000000238
43132  27.791  -41.154  -0.766 0.6000000238
43140  27.148  -41.472  -1.735 0.6000000238
43146  26.654  -41.423  -2.494 0.8000000119
165457  24.641  -42.359  -2.835 0.8000000119
41003  23.417  -43.415  -1.935 0.8999999762
41914  26.485  -42.389  9.412 0.8999999762
175435  25.988  -41.525  9.278 0.8999999762
44065  25.095  -40.971  8.455 0.6999999881
44051  26.796  -40.818  9.455 0.8999999762
44052  25.841  -40.649  9.204 0.8999999762
44053  23.759  -40.512  8.668 0.6000000238
40860  29.001  -43.010  8.255 1.0000000000
41926  29.182  -42.121  8.305 1.0000000000
41927  28.393  -42.446  9.119 1.0000000000
44054  23.124  -40.583  9.481 0.6000000238
177497  22.825  -41.281  9.486 0.6000000238
44043  21.498  -40.516  9.946 0.5000000000
164674  29.418  -42.861  6.281 1.0000000000
41942  29.428  -42.569  7.348 1.0000000000
43046  29.636  -41.172  6.892 1.0000000000
41956  29.522  -42.152  5.498 1.0000000000
41971  29.292  -42.336  4.351 1.0000000000
163100  29.176  -41.554  3.947 1.0000000000
41986  28.904  -41.999  3.571 1.0000000000
43087  28.614  -41.126  3.251 1.0000000000
43097  27.349  -41.736  1.749 1.0000000000
42000  27.199  -42.568  1.607 1.0000000000
43101  26.624  -41.952  1.075 1.0000000000
42008  26.168  -42.678  0.599 1.0000000000
43108  24.895  -41.804  0.152 1.0000000000
42017  24.431  -42.626  -0.122 0.8999999762
40947  25.734  -43.447  0.424 0.8999999762
40959  23.070  -43.318  -0.247 0.8999999762
39929  21.532  -43.426  -1.158 0.8999999762
42061  22.283  -42.560  -2.142 0.8999999762
45145  31.125  -39.209  -2.487 0.6000000238
45135  29.855  -39.662  -1.221 0.6000000238
45136  28.747  -39.729  -1.032 0.6000000238
44165  27.726  -40.378  -1.359 0.6000000238
43159  25.575  -41.726  -2.817 0.8000000119
42059  23.806  -42.139  -2.895 0.8000000119
45020  25.251  -40.048  8.879 0.6999999881
44067  24.219  -40.718  8.109 0.6000000238
45022  24.141  -40.014  8.703 0.6000000238
44064  28.878  -40.710  8.963 0.8999999762
45010  22.811  -39.919  10.139 0.6000000238
44042  22.365  -40.667  9.922 0.5000000000
41925  29.532  -41.708  7.510 1.0000000000
41941  29.614  -41.973  6.563 1.0000000000
43027  29.564  -41.044  7.652 0.8999999762
43061  29.601  -41.279  5.919 1.0000000000
43074  29.404  -41.316  4.786 1.0000000000
186508  29.165  -40.932  3.999 1.0000000000
44115  28.338  -40.025  3.073 1.0000000000
175279  27.875  -40.569  2.477 1.0000000000
44126  26.842  -41.026  1.462 1.0000000000
43103  25.288  -41.059  0.560 1.0000000000
43110  22.878  -41.824  0.037 0.8999999762
42019  22.407  -42.562  -0.170 0.8999999762
40961  21.392  -42.860  -0.592 0.8999999762
42043  20.415  -42.327  -1.089 0.8999999762
46227  30.499  -38.408  -2.444 0.6000000238
46217  29.199  -38.874  -1.236 0.6000000238
45147  27.472  -39.765  -1.796 0.6000000238
45158  27.005  -39.645  -2.584 0.6999999881
44198  25.405  -40.706  -2.966 0.6999999881
43148  24.310  -41.549  -2.748 0.6999999881
166560  22.837  -42.158  -2.308 0.8000000119
43151  22.369  -41.841  -1.856 0.8999999762
45156  31.594  -39.070  -3.357 0.6000000238
44187  24.108  -40.759  -2.483 0.6999999881
43149  23.559  -41.415  -2.450 0.8000000119
44190  22.348  -41.035  -1.655 0.8999999762
45008  24.413  -39.332  9.052 0.6999999881
45009  23.667  -39.727  9.425 0.6000000238
45019  28.343  -40.077  9.396 0.8999999762
45005  27.403  -40.221  9.486 0.8000000119
163554  25.712  -39.313  9.237 0.6999999881
43028  29.304  -41.290  8.318 0.8999999762
45017  29.552  -39.809  7.921 0.8000000119
45034  29.646  -39.813  6.933 0.8999999762
44062  29.605  -40.483  7.338 0.8000000119
44093  29.485  -40.495  5.430 1.0000000000
44103  29.308  -40.388  4.500 1.0000000000
44104  28.934  -40.251  3.729 1.0000000000
45072  28.094  -39.246  3.130 1.0000000000
45082  27.598  -39.534  2.466 1.0000000000
45097  26.289  -40.160  1.307 1.0000000000
44134  26.119  -41.062  0.876 1.0000000000
44145  23.331  -41.051  0.383 0.8999999762
165454  21.874  -41.875  0.095 0.8999999762
174259  21.407  -42.433  -0.195 0.8999999762
43122  19.647  -41.668  -0.202 0.8999999762
46218  28.467  -38.992  -1.328 0.6000000238
45159  26.349  -40.031  -3.168 0.6999999881
42050  20.831  -41.926  -1.395 0.8999999762
46253  31.264  -37.963  -5.002 0.6000000238
45157  31.228  -38.527  -2.953 0.6000000238
45161  25.167  -39.943  -2.921 0.6999999881
44188  23.556  -40.501  -1.999 0.6999999881
45007  25.030  -39.242  9.005 0.6999999881
46102  27.489  -39.467  9.488 0.8000000119
45006  26.395  -39.907  9.368 0.8000000119
46104  25.655  -38.585  9.342 0.6999999881
46105  24.877  -38.432  9.433 0.6999999881
45018  29.189  -39.907  8.867 0.6999999881
46117  28.612  -39.247  9.372 0.8000000119
46115  29.700  -39.102  7.396 0.6999999881
46137  29.487  -38.907  5.627 0.8000000119
46146  29.356  -38.321  4.738 0.8000000119
175668  29.297  -39.071  4.709 0.8000000119
46147  29.047  -38.811  4.043 0.8999999762
45071  28.674  -39.420  3.599 0.8999999762
45083  26.724  -39.316  1.789 1.0000000000
189045  25.603  -40.431  0.876 1.0000000000
45099  24.500  -39.562  1.259 1.0000000000
167912  25.994  -38.844  1.655 1.0000000000
172895  25.920  -39.384  1.452 1.0000000000
44136  23.676  -40.113  0.859 1.0000000000
44137  22.603  -39.842  0.771 1.0000000000
190138  22.367  -41.169  0.341 0.8999999762
44146  21.915  -40.498  0.526 0.8999999762
43112  20.321  -41.505  0.213 0.8999999762
44148  19.594  -40.941  0.133 0.8999999762
46240  29.923  -37.640  -2.487 0.6000000238
46228  29.545  -38.237  -1.800 0.6000000238
46230  27.732  -38.819  -1.670 0.6000000238
46241  26.514  -39.050  -3.031 0.6999999881
171673  19.861  -40.894  -1.004 0.8999999762
44191  21.578  -40.621  -1.537 0.8999999762
46243  25.166  -38.785  -2.922 0.6999999881
45162  23.986  -39.942  -2.311 0.6999999881
44166  22.176  -39.979  -1.526 0.8999999762
45164  21.413  -39.841  -1.487 0.8999999762
170399  27.636  -38.469  9.500 0.6999999881
46103  26.524  -38.942  9.390 0.6000000238
47291  25.560  -37.710  9.488 0.6000000238
46106  24.037  -38.766  9.732 0.6000000238
194001  28.818  -38.505  9.363 0.6999999881
47290  26.434  -38.017  9.441 0.6000000238
46116  29.417  -38.991  8.580 0.6999999881
47305  29.804  -38.269  7.802 0.6999999881
46126  29.762  -38.497  6.664 0.6999999881
47342  29.458  -37.397  4.601 0.8000000119
47343  28.960  -37.928  3.953 0.8000000119
47353  28.225  -37.518  3.462 0.8000000119
46156  28.344  -38.516  3.467 0.8000000119
46167  27.120  -38.766  2.297 1.0000000000
171675  27.694  -37.968  3.130 0.8000000119
45084  25.156  -38.991  1.586 1.0000000000
45100  23.184  -39.312  1.142 1.0000000000
46170  24.595  -38.188  1.766 1.0000000000
45085  24.204  -38.928  1.617 1.0000000000
45101  22.318  -39.009  0.925 1.0000000000
46184  21.685  -38.394  0.875 1.0000000000
44138  21.625  -39.716  0.627 1.0000000000
44147  20.680  -40.521  0.411 0.8999999762
46229  28.584  -38.096  -1.435 0.6000000238
44155  19.309  -41.056  -0.035 0.8999999762
47448  30.921  -36.976  -3.799 0.6000000238
47440  29.307  -36.922  -2.498 0.6000000238
47442  27.639  -37.485  -2.437 0.6999999881
179070  19.463  -40.207  -0.634 0.8999999762
177045  26.611  -38.188  -3.109 0.6999999881
46231  23.541  -38.591  -2.119 0.6999999881
45163  21.587  -39.080  -1.523 0.8999999762
47292  24.851  -37.441  9.704 0.5000000000
48556  26.219  -37.063  9.463 0.5000000000
47306  29.395  -38.004  8.912 0.6999999881
47307  28.417  -37.730  9.478 0.6999999881
163147  29.891  -37.259  8.202 0.6999999881
47317  29.975  -37.640  6.948 0.6999999881
189533  30.021  -37.085  6.245 0.6999999881
48605  29.890  -36.732  5.323 0.6999999881
48617  28.892  -36.999  3.846 0.8000000119
48627  28.067  -36.512  3.291 0.8000000119
47354  27.440  -37.239  2.989 0.8000000119
47365  26.195  -37.597  1.993 0.8999999762
46169  25.621  -38.250  1.776 1.0000000000
47355  26.792  -37.103  2.346 0.8000000119
192266  25.717  -37.086  1.881 0.8999999762
47366  25.297  -37.550  1.789 1.0000000000
47368  23.823  -37.715  1.616 1.0000000000
46172  23.067  -38.664  1.353 1.0000000000
46185  20.801  -38.642  0.640 1.0000000000
45103  19.879  -39.041  0.372 0.8999999762
45114  19.719  -39.991  0.268 0.8999999762
170584  19.110  -39.710  0.033 0.8999999762
190338  19.341  -38.441  0.176 0.8999999762
45127  19.316  -39.178  -0.392 0.8999999762
48719  30.271  -36.522  -3.748 0.6000000238
47441  28.423  -37.261  -2.181 0.6000000238
47452  25.466  -37.800  -3.172 0.6999999881
46232  22.812  -38.661  -1.711 0.8000000119
45165  20.801  -39.151  -1.456 0.8999999762
48734  30.568  -36.533  -4.644 0.6000000238
47451  26.253  -37.463  -3.406 0.6999999881
164630  24.712  -37.843  -2.775 0.6999999881
46246  21.574  -38.203  -1.561 0.8000000119
45152  19.651  -38.480  -1.228 0.8999999762
47443  23.070  -37.802  -1.994 0.6999999881
191851  19.915  -37.559  -1.737 0.8999999762
47289  27.245  -37.405  9.516 0.5000000000
171037  25.984  -36.163  9.502 0.5000000000
48577  29.117  -37.124  9.270 0.6999999881
166464  26.936  -36.351  9.510 0.5000000000
168329  29.520  -36.424  8.908 0.6999999881
48589  30.145  -36.772  7.125 0.6999999881
48576  30.170  -36.305  8.082 0.6999999881
48604  30.257  -36.357  6.219 0.6999999881
49680  29.982  -35.886  4.735 0.6999999881
48616  29.498  -36.506  4.350 0.6999999881
48626  28.902  -36.142  3.756 0.8000000119
49694  28.447  -35.636  3.247 0.8000000119
49710  27.788  -35.723  2.615 0.8000000119
48638  26.528  -36.408  2.025 0.8000000119
164359  25.131  -36.839  1.700 0.8999999762
47367  24.526  -37.335  1.631 1.0000000000
47387  23.129  -37.184  1.338 1.0000000000
46183  22.453  -38.243  1.182 1.0000000000
164817  26.973  -35.561  1.951 0.8000000119
48639  25.778  -36.511  1.812 0.8000000119
48641  23.907  -37.061  1.402 0.8999999762
47388  22.261  -37.089  1.110 1.0000000000
168072  21.933  -37.718  1.050 1.0000000000
48663  22.687  -36.407  0.999 0.8999999762
47390  21.029  -37.752  0.780 1.0000000000
46197  20.113  -38.153  0.462 1.0000000000
47409  19.615  -37.701  0.312 1.0000000000
46220  19.064  -37.557  -0.798 0.8999999762
47450  27.051  -37.460  -3.015 0.6999999881
47411  19.047  -37.149  -0.184 0.8999999762
48721  28.870  -36.242  -3.644 0.6000000238
174191  28.029  -36.377  -3.679 0.6000000238
47446  18.800  -37.214  -2.150 0.8999999762
47461  26.978  -36.698  -3.747 0.6999999881
47464  24.980  -37.224  -3.164 0.6999999881
47453  24.342  -37.001  -2.853 0.6999999881
46245  22.266  -37.951  -1.709 0.6999999881
168907  20.672  -37.056  -1.570 0.8000000119
47455  22.486  -37.110  -1.861 0.6999999881
47444  19.804  -37.063  -2.004 0.8000000119
48711  18.769  -36.901  -2.006 0.8999999762
47465  21.972  -36.658  -1.679 0.6999999881
48578  28.050  -36.829  9.530 0.6000000238
48555  27.914  -35.938  9.477 0.5000000000
48553  29.724  -35.665  8.632 0.6999999881
49665  30.445  -35.524  6.148 0.6999999881
48575  30.375  -35.849  7.172 0.6999999881
49648  30.565  -35.011  6.931 0.6999999881
49679  30.442  -35.142  5.153 0.6999999881
49692  30.251  -35.192  4.150 0.6999999881
49693  29.633  -35.757  4.016 0.6999999881
194396  29.103  -35.507  3.577 0.8000000119
49709  28.235  -35.142  2.735 0.8000000119
50686  28.907  -34.910  3.148 0.8000000119
182058  27.685  -34.920  2.237 0.8000000119
49711  26.003  -35.761  1.689 0.8000000119
160086  27.818  -34.133  1.870 0.8000000119
49736  26.184  -34.896  1.464 0.8000000119
49712  25.082  -35.961  1.512 0.8000000119
48661  24.141  -35.779  1.164 0.8999999762
49740  22.285  -35.760  0.680 0.8999999762
48664  21.714  -36.417  0.784 1.0000000000
155507  26.370  -33.906  1.013 0.8000000119
158856  25.369  -34.475  0.818 0.8000000119
47408  20.196  -37.325  0.542 1.0000000000
49741  20.764  -36.026  0.619 1.0000000000
48736  28.615  -35.933  -4.258 0.6000000238
158922  19.446  -36.187  0.285 1.0000000000
47463  25.518  -36.911  -3.549 0.6999999881
48739  24.783  -36.534  -3.657 0.6999999881
195239  18.912  -36.723  -0.840 0.8999999762
179617  19.087  -35.955  -0.034 1.0000000000
47454  23.387  -36.814  -2.438 0.6999999881
48723  22.534  -36.167  -2.060 0.8000000119
48726  20.063  -36.632  -1.677 0.8000000119
170827  30.645  -34.678  6.074 0.6999999881
166382  30.890  -33.833  6.078 0.6999999881
50660  30.719  -34.277  5.371 0.6999999881
50672  30.616  -34.269  4.423 0.6999999881
162953  30.581  -33.703  3.578 0.6999999881
50703  29.230  -34.209  2.684 0.6999999881
51591  30.061  -33.986  2.966 0.6999999881
50704  28.393  -34.497  2.484 0.8000000119
155509  27.220  -33.781  1.404 0.8000000119
181747  27.914  -33.222  1.477 0.8000000119
155498  23.955  -35.041  0.663 0.8999999762
49739  23.172  -35.586  0.786 0.8999999762
183816  24.521  -34.565  0.615 0.8000000119
182678  22.945  -34.213  0.575 0.8999999762
155496  21.491  -35.504  0.602 0.8999999762
173250  27.559  -36.055  -4.409 0.6000000238
182679  22.292  -33.780  0.509 0.8999999762
192702  21.262  -34.784  0.537 0.8999999762
163709  19.918  -35.654  0.493 1.0000000000
49805  28.235  -35.247  -4.721 0.6000000238
180489  19.310  -35.267  0.230 0.8999999762
48722  24.070  -36.064  -3.309 0.6999999881
181455  18.982  -34.879  -0.081 0.8999999762
48724  21.724  -36.088  -1.606 0.8000000119
49799  20.011  -35.913  -1.540 0.8999999762
49777  19.123  -35.000  -0.983 0.8000000119
51567  31.009  -33.467  5.194 0.6999999881
159467  31.044  -32.753  3.663 0.6999999881
160933  29.558  -33.413  2.435 0.6999999881
181322  29.920  -32.392  2.311 0.6999999881
155526  28.921  -32.867  1.826 0.6999999881
159220  25.486  -33.489  0.573 0.8000000119
155504  23.781  -34.194  0.506 0.8000000119
155501  24.742  -32.946  0.483 0.8000000119
161464  23.925  -33.259  0.504 0.8000000119
160696  20.590  -35.183  0.555 0.8999999762
48737  26.399  -36.042  -4.669 0.6000000238
183265  23.100  -33.507  0.534 0.8000000119
180265  22.419  -32.964  0.478 0.8999999762
180196  20.530  -34.373  0.509 0.8999999762
155495  19.782  -34.780  0.442 0.8999999762
49815  26.312  -35.089  -5.320 0.6000000238
48738  25.370  -36.150  -4.436 0.6999999881
157874  19.108  -34.209  0.222 0.8999999762
173680  23.344  -35.884  -2.612 0.6999999881
158731  18.812  -34.622  -0.504 0.8000000119
190943  21.133  -34.840  -1.701 0.6999999881
49785  19.837  -34.810  -1.424 0.8000000119
52511  31.243  -32.720  4.690 0.6999999881
181965  30.760  -32.322  2.922 0.6999999881
159399  26.190  -32.930  0.592 0.8000000119
181941  25.437  -32.692  0.496 0.8000000119
52555  24.873  -32.003  0.452 0.8000000119
157828  23.215  -32.692  0.446 0.8000000119
183370  21.548  -33.191  0.474 0.8999999762
180197  20.859  -32.504  0.271 0.8999999762
49816  25.366  -35.008  -5.370 0.6000000238
158320  19.389  -33.411  0.346 0.8999999762
49808  24.657  -35.159  -4.637 0.6999999881
49809  24.234  -35.014  -3.977 0.6999999881
179622  19.121  -32.708  0.144 0.8999999762
191123  21.746  -34.301  -1.822 0.6999999881
50771  20.328  -34.156  -1.641 0.8000000119
184641  18.591  -33.667  -0.523 0.8000000119
170572  21.059  -34.182  -1.780 0.6999999881
50755  19.624  -33.843  -1.514 0.8000000119
160422  18.807  -33.936  -0.888 0.8000000119
51680  20.210  -33.417  -1.726 0.8000000119
161891  31.388  -32.021  4.321 0.6999999881
155527  31.259  -31.652  3.498 0.6000000238
50786  25.954  -34.516  -5.575 0.6000000238
158177  22.522  -32.216  0.251 0.8000000119
53567  20.805  -31.607  -0.258 0.8999999762
180490  19.871  -32.182  0.019 0.8999999762
50787  25.373  -34.469  -5.327 0.6000000238
181456  19.083  -31.873  -0.248 0.8999999762
50768  22.923  -34.808  -2.539 0.8000000119
158891  18.603  -32.474  -0.229 0.8999999762
160283  18.335  -32.844  -0.937 0.8000000119
51678  21.586  -33.402  -1.778 0.6999999881
160263  18.757  -32.431  -1.479 0.8000000119
53583  18.104  -31.852  -1.236 0.8000000119
50788  24.712  -34.844  -4.698 0.6999999881
159165  21.747  -31.871  -0.030 0.8000000119
51698  24.373  -34.745  -3.255 0.5000000000
50779  23.706  -34.910  -3.062 0.6000000238
51675  24.001  -34.584  -1.906 0.6000000238
50780  22.955  -34.475  -2.349 0.6999999881
181284  18.280  -31.648  -0.596 0.8000000119
51677  22.468  -33.744  -1.786 0.6000000238
52599  21.533  -32.357  -1.892 0.6000000238
52592  19.550  -31.903  -1.923 0.6999999881
53598  18.633  -31.479  -1.739 0.8000000119
159373  18.302  -32.187  -0.706 0.8000000119
52600  20.891  -32.321  -1.984 0.6000000238
54455  20.660  -30.712  -0.630 0.8000000119
54456  19.708  -30.604  -0.775 0.8000000119
53569  19.111  -31.116  -0.546 0.8999999762
51674  25.059  -34.726  -2.041 0.6000000238
53599  17.942  -31.171  -1.554 0.8000000119
54467  17.362  -30.751  -0.938 0.8000000119
155500  17.924  -30.431  -0.748 0.8000000119
53610  19.986  -31.180  -2.436 0.6000000238
55427  21.330  -29.935  -0.890 0.8000000119
55429  19.425  -29.893  -1.250 0.8000000119
51659  23.765  -33.827  -1.487 0.6000000238
52598  22.177  -32.806  -1.753 0.6000000238
54468  17.300  -30.074  -1.202 0.8000000119
53607  21.993  -31.804  -1.995 0.6000000238
55472  17.883  -29.772  -2.206 0.6999999881
55430  18.422  -29.727  -1.160 0.8000000119
174119  20.984  -30.623  -2.584 0.6000000238
55471  18.635  -29.792  -2.488 0.6000000238
55497  17.986  -29.017  -2.488 0.6999999881
53596  22.747  -32.256  -1.693 0.6000000238
166967  21.812  -30.684  -2.557 0.6000000238
56470  21.786  -29.181  -1.276 0.8000000119
55428  20.373  -29.960  -1.112 0.8000000119
51658  25.260  -34.068  -1.475 0.6000000238
55445  20.912  -29.262  -1.465 0.8000000119
51645  26.179  -33.848  -1.578 0.5000000000
56471  18.544  -28.849  -1.532 0.8000000119
55447  19.192  -29.089  -1.572 0.8000000119
52589  25.426  -33.102  -1.505 0.6000000238
52591  23.550  -32.791  -1.560 0.6000000238
57506  17.870  -28.562  -2.067 0.6000000238
52582  26.118  -32.975  -1.484 0.5000000000
172528  24.055  -32.255  -1.574 0.6000000238
54486  22.662  -31.221  -2.193 0.6000000238
55495  20.120  -29.310  -3.433 0.6000000238
172807  24.128  -31.331  -1.685 0.6000000238
54503  21.226  -29.852  -2.774 0.6000000238
192775  20.544  -29.267  -3.605 0.6000000238
175068  21.328  -28.622  -1.822 0.8000000119
56489  20.466  -28.553  -1.884 0.8000000119
57501  22.420  -27.745  -1.964 0.8000000119
58524  21.507  -27.616  -2.601 0.6999999881
57502  20.898  -28.110  -2.269 0.6999999881
53594  24.795  -32.165  -1.576 0.6000000238
56521  18.519  -28.567  -2.973 0.6000000238
173243  18.761  -27.754  -2.888 0.6000000238
166137  18.947  -27.541  -2.084 0.6999999881
161270  24.998  -31.067  -1.676 0.5000000000
55516  19.762  -28.880  -3.928 0.6000000238
54484  24.304  -30.388  -2.157 0.5000000000
192934  22.484  -29.277  -3.331 0.6000000238
55514  21.890  -28.862  -3.696 0.6000000238
54483  25.934  -30.803  -1.770 0.5000000000
193396  22.859  -27.318  -2.022 0.6999999881
58544  20.937  -27.272  -2.987 0.6000000238
58546  19.292  -27.380  -2.523 0.6000000238
175574  19.722  -27.579  -2.173 0.6000000238
58580  19.398  -27.319  -3.626 0.6000000238
58545  20.415  -27.259  -2.960 0.6000000238
55491  24.547  -29.575  -2.745 0.5000000000
55513  22.737  -28.734  -3.894 0.6000000238
56545  22.190  -28.351  -4.433 0.6000000238
55532  21.338  -28.652  -4.263 0.6000000238
57551  19.420  -27.520  -4.050 0.6000000238
59617  20.375  -26.786  -3.497 0.6000000238
55492  24.010  -29.235  -3.429 0.6000000238
55512  23.590  -28.757  -3.981 0.6000000238
55469  26.156  -29.887  -2.356 0.5000000000
55511  24.796  -28.937  -3.416 0.5000000000
55489  26.402  -28.932  -2.766 0.4000000060
56520  25.704  -28.575  -3.384 0.5000000000
58543  21.784  -27.125  -3.126 0.6000000238
58563  21.914  -26.455  -3.505 0.6000000238
56568  21.796  -28.074  -4.759 0.6000000238
58599  20.258  -27.158  -4.442 0.6000000238
59615  21.418  -26.100  -3.691 0.6000000238
56544  23.140  -28.126  -4.606 0.6000000238
56581  22.205  -27.606  -5.203 0.6000000238
190969  24.283  -28.754  -3.952 0.5000000000
172089  23.807  -27.799  -5.000 0.6000000238
56542  24.969  -28.360  -4.230 0.5000000000
56519  26.712  -28.310  -3.501 0.4000000060
56541  25.955  -28.068  -4.194 0.4000000060
58598  21.087  -26.937  -4.800 0.6000000238
60710  21.086  -26.097  -4.379 0.5000000000
175218  21.975  -25.874  -3.821 0.5000000000
58542  22.838  -26.761  -3.227 0.5000000000
57570  21.657  -27.771  -4.862 0.6000000238
59668  21.464  -26.154  -4.844 0.5000000000
56566  23.274  -27.591  -5.452 0.6000000238
57568  24.947  -27.436  -5.631 0.5000000000
56564  25.407  -27.745  -4.920 0.4000000060
59632  23.175  -25.689  -4.225 0.4000000060
57588  22.176  -27.189  -5.505 0.6000000238
58615  22.309  -26.490  -6.038 0.5000000000
57586  24.535  -27.215  -6.296 0.4000000060
56580  22.829  -27.322  -5.817 0.6000000238
57606  22.785  -26.705  -6.227 0.6000000238
175849  22.500  -25.625  -6.239 0.4000000060
57585  25.310  -27.021  -6.261 0.4000000060
172782  24.960  -26.841  -6.838 0.4000000060
60726  22.675  -25.346  -6.069 0.4000000060
57604  24.234  -26.888  -6.777 0.4000000060
59681  23.077  -25.599  -6.975 0.4000000060
57567  25.764  -27.233  -5.563 0.4000000060
58629  23.983  -26.377  -7.180 0.4000000060
60691  24.851  -25.176  -4.812 0.4000000060
60707  23.831  -25.147  -5.394 0.4000000060
60737  23.162  -24.959  -7.128 0.4000000060
58627  25.892  -26.145  -7.220 0.4000000060
58628  24.746  -26.461  -7.248 0.4000000060
59692  25.216  -25.431  -7.958 0.4000000060
60749  23.986  -24.738  -7.827 0.4000000060
61787  24.655  -24.215  -6.005 0.4000000060
61808  24.146  -23.827  -6.404 0.4000000060
61810  23.358  -24.701  -6.257 0.4000000060
59691  25.983  -25.420  -8.016 0.3000000119
60750  23.606  -24.323  -7.655 0.4000000060
61818  23.281  -24.423  -7.111 0.4000000060
61807  24.866  -23.483  -6.497 0.4000000060
62985  23.728  -23.720  -6.756 0.4000000060
38869  24.504  -44.874  -2.325 0.8000000119
184392  23.473  -45.836  -1.597 0.8999999762
37748  23.324  -45.938  -0.914 0.8999999762
36684  22.990  -47.252  -1.938 0.8999999762
36683  23.289  -47.321  -1.515 0.8999999762
177965  27.332  -44.011  1.939 0.8999999762
40938  26.972  -43.356  1.529 1.0000000000
36666  24.971  -47.436  0.048 0.8999999762
39888  26.102  -44.222  0.778 0.8999999762
42007  26.661  -42.794  1.167 1.0000000000
37728  24.519  -46.456  -0.159 0.8999999762
38819  25.741  -45.132  0.683 0.8999999762
175778  24.993  -44.969  0.187 0.8999999762
40946  26.411  -43.434  0.935 1.0000000000
37736  23.756  -46.605  -0.651 0.8999999762
40957  24.931  -43.456  -0.087 0.8999999762
59634  21.792  -25.726  -4.113 0.4000000060
60708  22.389  -25.611  -5.400 0.4000000060
60692  23.147  -25.498  -4.877 0.4000000060
60673  24.409  -25.568  -4.129 0.4000000060
34320  26.459  -49.648  8.031 0.8999999762
173742  27.363  -49.992  5.786 1.0000000000
188472  26.197  -53.695  3.067 0.8000000119
166861  24.264  -48.909  7.528 0.8999999762
35447  27.622  -48.741  6.862 1.0000000000
31221  26.028  -52.232  2.392 0.8000000119
168857  26.993  -48.626  3.215 0.8999999762
33380  24.903  -51.054  0.177 0.8000000119
38768  28.527  -45.905  4.398 1.0000000000
34462  25.562  -49.033  0.819 0.8999999762
34463  25.019  -49.107  -0.006 0.8000000119
36675  24.185  -47.394  -0.462 0.8999999762
174267  23.763  -48.666  -1.091 0.8000000119
38795  27.305  -45.523  2.198 0.8999999762
39904  24.277  -45.312  -0.219 0.8999999762
41928  25.042  -42.350  8.214 1.0000000000
43020  23.058  -42.182  9.165 0.6000000238
169534  21.159  -42.287  9.578 0.4000000060
39861  27.991  -43.904  2.566 1.0000000000
177966  26.681  -44.113  1.408 0.8999999762
37780  24.786  -45.490  -2.421 0.6999999881
41002  23.732  -42.684  -2.477 0.8000000119
43017  27.330  -41.766  9.487 0.8999999762
37737  23.337  -45.754  -0.815 0.8999999762
42048  26.822  -42.573  -1.729 0.6000000238
39940  23.004  -44.517  -1.578 0.8999999762
44066  24.682  -40.537  8.278 0.6999999881
44055  20.613  -40.586  9.565 0.4000000060
174498  23.487  -44.402  -0.434 0.8999999762
42042  20.949  -42.829  -1.240 0.8999999762
42049  21.149  -42.641  -1.505 0.8999999762
44175  27.071  -40.577  -2.193 0.6999999881
44184  26.564  -40.714  -2.891 0.6999999881
44050  27.936  -40.860  9.425 0.8999999762
169213  27.211  -40.236  1.804 1.0000000000
39902  25.351  -44.264  0.281 0.8999999762
43109  23.876  -41.811  0.105 0.8999999762
42018  23.403  -42.622  -0.142 0.8999999762
39903  24.499  -44.317  -0.168 0.8999999762
187331  20.439  -42.456  -0.719 0.8999999762
44063  29.437  -40.545  8.212 0.8000000119
46107  23.173  -39.029  10.193 0.5000000000
44080  29.600  -40.503  6.413 1.0000000000
42020  20.471  -42.088  -0.001 0.8999999762
175688  29.629  -39.215  6.518 0.8000000119
45048  29.527  -39.769  5.990 0.8999999762
45059  29.394  -39.705  5.054 0.8999999762
45160  25.883  -39.442  -3.244 0.6999999881
43141  20.548  -41.044  -1.353 0.8999999762
45148  23.355  -39.516  -1.821 0.8000000119
47331  29.690  -37.804  5.732 0.6999999881
46168  26.488  -38.430  1.963 1.0000000000
45151  20.056  -39.076  -1.356 0.8999999762
163892  24.347  -38.008  9.971 0.5000000000
46158  27.076  -37.949  2.495 0.8999999762
166156  25.401  -36.781  9.573 0.5000000000
49666  30.216  -35.947  5.495 0.6999999881
46198  19.100  -38.130  0.023 0.8999999762
185048  28.703  -36.406  9.374 0.6000000238
49614  26.991  -35.287  9.441 0.5000000000
168375  30.291  -35.610  8.040 0.6999999881
48640  24.396  -36.561  1.445 0.8999999762
159717  27.038  -34.534  1.656 0.8000000119
49737  25.475  -35.252  1.322 0.8000000119
181197  19.028  -35.652  -0.800 0.8999999762
49613  28.114  -35.060  9.309 0.5000000000
49634  30.022  -34.888  8.312 0.6999999881
50685  29.640  -34.544  3.198 0.6999999881
155517  28.618  -33.724  2.141 0.8000000119
49738  24.764  -35.190  0.968 0.8999999762
183266  22.277  -34.817  0.534 0.8999999762
49796  22.044  -35.417  -1.846 0.8000000119
165551  20.522  -35.867  -1.471 0.8000000119
51579  30.908  -33.393  4.271 0.6999999881
158806  30.442  -33.165  2.869 0.6999999881
53548  26.843  -32.156  0.582 0.8000000119
180718  18.707  -33.935  -0.127 0.8999999762
183361  21.820  -32.532  0.322 0.8999999762
52494  31.371  -31.900  5.313 0.6000000238
51679  20.791  -33.262  -1.786 0.6999999881
53568  19.859  -31.374  -0.418 0.8999999762
54488  18.368  -30.585  -2.101 0.6999999881
53609  20.626  -31.393  -2.423 0.6000000238
54505  19.824  -30.140  -2.678 0.6000000238
56492  17.475  -28.915  -1.800 0.8000000119
55496  19.336  -29.364  -2.987 0.6000000238
56490  19.676  -28.375  -1.768 0.6999999881
54502  22.714  -30.022  -2.712 0.6000000238
57549  20.871  -27.886  -4.619 0.6000000238
54501  23.680  -29.828  -2.732 0.6000000238
59648  20.824  -26.607  -4.486 0.6000000238
178050  23.917  -25.372  -4.699 0.4000000060
61770  22.750  -25.515  -5.242 0.4000000060
61786  25.453  -23.952  -6.035 0.4000000060
190477  24.479  -24.517  -8.185 0.4000000060
36676  23.591  -47.382  -0.948 0.8999999762
21942  22.245  -61.856  7.274 0.4000000060
172613  21.655  -61.087  7.334 0.4000000060
21958  20.627  -61.100  7.017 0.4000000060
22991  24.237  -60.828  7.079 0.4000000060
24095  22.038  -59.414  7.284 0.4000000060
24096  21.060  -59.493  7.031 0.4000000060
24094  24.827  -59.684  6.886 0.3000000119
24082  23.070  -59.473  7.504 0.4000000060
191549  25.255  -59.021  5.640 0.4000000060
25110  25.294  -58.652  4.796 0.4000000060
26074  25.094  -57.399  3.584 0.4000000060
27059  24.559  -57.141  2.848 0.4000000060
25092  21.160  -58.568  6.987 0.5000000000
193196  20.479  -58.954  6.547 0.4000000060
25082  24.203  -58.799  7.590 0.4000000060
25091  22.359  -58.626  7.306 0.4000000060
26035  25.437  -58.237  6.912 0.5000000000
26047  25.680  -57.472  5.457 0.4000000060
27040  25.521  -56.953  4.026 0.4000000060
188959  25.288  -56.553  3.320 0.5000000000
27077  24.767  -56.427  2.573 0.5000000000
28141  24.550  -55.359  1.266 0.6000000238
28142  24.249  -55.979  0.908 0.5000000000
28152  24.267  -55.864  0.064 0.6000000238
174103  23.332  -55.109  -0.900 0.4000000060
27014  22.039  -56.898  7.253 0.5000000000
190514  21.205  -57.037  6.901 0.5000000000
26038  20.126  -57.414  5.953 0.5000000000
26049  19.693  -57.302  5.163 0.5000000000
26027  23.910  -57.910  7.704 0.6000000238
26028  22.755  -57.828  7.457 0.6000000238
172294  24.678  -57.590  7.538 0.5000000000
28064  24.984  -56.382  7.657 0.6000000238
26034  25.692  -57.563  6.601 0.5000000000
27024  26.043  -56.681  6.104 0.5000000000
27039  25.818  -56.844  4.850 0.4000000060
28114  25.901  -55.680  3.664 0.6000000238
28126  25.239  -55.691  2.662 0.6000000238
28140  25.009  -55.264  1.901 0.6000000238
29122  25.090  -54.430  1.408 0.6000000238
29134  24.659  -54.020  0.718 0.6000000238
30123  23.824  -53.207  -0.314 0.6000000238
28151  24.344  -55.148  0.416 0.6000000238
29136  24.000  -55.020  -0.394 0.6000000238
29147  23.615  -54.136  -0.587 0.6000000238
30135  23.033  -53.400  -1.911 0.6000000238
178096  21.773  -55.958  7.277 0.5000000000
28078  21.112  -55.782  6.694 0.5000000000
185790  20.605  -55.676  6.152 0.5000000000
28102  19.927  -55.613  4.939 0.5000000000
188313  24.141  -56.032  7.850 0.6000000238
178028  22.511  -56.261  7.573 0.6000000238
27007  25.756  -56.825  7.185 0.6000000238
173120  24.727  -55.449  7.978 0.6000000238
190516  26.405  -55.855  6.095 0.5000000000
28062  26.253  -55.304  7.312 0.6000000238
28101  26.244  -55.984  4.981 0.6000000238
29091  26.442  -54.930  4.432 0.6000000238
30104  25.457  -53.527  1.673 0.6000000238
30124  23.323  -53.385  -1.074 0.6000000238
31281  23.087  -52.601  -1.561 0.6999999881
174589  21.025  -55.052  6.305 0.6000000238
29086  21.128  -54.354  5.703 0.5000000000
29092  20.682  -54.259  4.845 0.5000000000
169919  23.570  -55.343  7.997 0.6000000238
28066  22.529  -55.383  7.628 0.6000000238
28077  21.656  -55.141  7.007 0.6000000238
30074  20.757  -53.548  4.454 0.5000000000
178103  20.597  -53.286  3.715 0.5000000000
29066  23.981  -54.565  8.283 0.6000000238
29085  26.616  -55.199  5.620 0.6000000238
31269  23.512  -52.676  -0.937 0.6999999881
29079  22.229  -54.440  7.258 0.6000000238
30054  22.111  -53.589  6.677 0.6000000238
30055  21.544  -53.797  6.016 0.6000000238
29067  23.055  -54.501  7.861 0.6000000238
31176  22.150  -52.676  6.272 0.6000000238
31188  21.602  -52.632  5.422 0.6000000238
31198  21.089  -52.746  4.437 0.6000000238
161363  21.260  -51.912  3.869 0.6000000238
31163  23.668  -52.556  8.060 0.6000000238
162231  21.031  -51.910  3.192 0.5000000000
29065  24.988  -54.579  8.153 0.6000000238
32304  21.007  -51.073  3.382 0.6000000238
32373  23.476  -51.133  -1.686 0.6999999881
31175  22.861  -52.876  7.244 0.6000000238
174551  22.056  -51.872  5.738 0.6000000238
32248  23.850  -51.653  7.928 0.6000000238
32266  22.742  -51.965  6.558 0.6000000238
31197  21.583  -51.888  4.829 0.6000000238
32293  21.543  -51.110  4.270 0.6000000238
30039  24.452  -53.114  8.328 0.6000000238
33343  21.346  -50.277  3.845 0.6000000238
174986  24.405  -53.918  8.374 0.6000000238
169719  26.653  -52.990  7.384 0.6000000238
33430  23.991  -50.388  -1.409 0.6999999881
33431  23.605  -50.407  -2.009 0.6999999881
31162  24.600  -52.181  8.334 0.6000000238
32280  22.652  -51.138  5.967 0.6999999881
33313  22.569  -50.358  5.361 0.6999999881
31144  25.549  -51.710  8.301 0.6000000238
35589  23.092  -47.935  -1.858 0.6999999881
32265  23.378  -51.175  6.927 0.6999999881
32247  24.640  -51.302  8.285 0.6999999881
33284  24.101  -50.790  7.720 0.6999999881
34363  23.474  -49.526  6.396 0.6999999881
34380  22.947  -49.560  5.651 0.6999999881
33328  21.943  -50.327  4.622 0.6000000238
34381  22.459  -49.575  4.849 0.6999999881
35484  22.709  -48.007  4.786 0.6000000238
174618  21.619  -48.656  3.734 0.5000000000
174598  23.602  -46.588  -2.216 0.8000000119
34339  24.332  -49.835  7.805 0.6999999881
34362  23.981  -49.476  7.032 0.6999999881
172361  23.236  -48.788  5.967 0.6999999881
35483  23.130  -48.067  5.526 0.6999999881
35506  21.615  -47.774  3.161 0.5000000000
36608  23.149  -47.315  5.186 0.6999999881
36609  22.570  -47.138  4.466 0.6000000238
36625  21.950  -46.976  3.589 0.6000000238
53558  24.055  -31.556  0.265 0.6999999881
160577  28.272  -32.301  1.300 0.6999999881
158056  27.038  -33.124  0.924 0.6999999881
52554  25.842  -32.057  0.463 0.6999999881
160778  29.127  -31.954  1.642 0.6000000238
53557  25.386  -31.244  0.379 0.6999999881
178273  24.658  -31.201  0.286 0.6999999881
155502  23.425  -31.134  -0.073 0.6999999881
54444  22.617  -31.434  -0.131 0.6999999881
53539  29.902  -31.448  1.927 0.6000000238
53546  28.494  -31.385  1.136 0.6000000238
53547  27.711  -31.798  0.772 0.6999999881
53556  26.279  -31.271  0.431 0.6999999881
54422  30.431  -30.731  2.190 0.6000000238
174622  24.116  -30.814  0.014 0.6999999881
54443  23.571  -30.499  -0.255 0.6999999881
55426  22.388  -29.756  -0.707 0.6999999881
53545  29.226  -31.236  1.538 0.6000000238
54438  28.383  -30.612  0.774 0.6000000238
54440  26.648  -30.461  0.397 0.6999999881
55413  24.105  -30.080  -0.270 0.6999999881
54453  23.326  -29.874  -0.472 0.6999999881
174654  23.151  -29.136  -0.834 0.6999999881
54430  29.762  -30.722  1.624 0.6000000238
194880  28.902  -30.175  0.912 0.5000000000
54439  27.585  -30.349  0.514 0.6000000238
56449  26.507  -29.145  -0.158 0.5000000000
188102  24.799  -29.512  -0.354 0.6999999881
57485  24.482  -28.102  -1.087 0.6999999881
56487  22.982  -28.330  -1.341 0.6999999881
57564  28.383  -26.769  -5.152 0.3000000119
57582  27.983  -26.401  -5.906 0.3000000119
57603  25.638  -26.540  -6.754 0.3000000119
21943  21.168  -61.890  7.331 0.4000000060
21944  20.299  -61.822  7.087 0.3000000119
169101  19.731  -62.286  6.624 0.4000000060
21940  23.960  -61.524  6.731 0.3000000119
23018  20.219  -60.391  6.167 0.4000000060
24113  24.677  -60.093  5.348 0.4000000060
169426  19.962  -58.879  5.868 0.4000000060
25111  24.681  -58.786  3.938 0.4000000060
26075  24.287  -57.986  3.203 0.4000000060
26088  23.770  -57.543  2.427 0.4000000060
27078  24.214  -56.774  2.093 0.5000000000
28159  23.818  -55.876  -0.488 0.4000000060
25103  19.832  -58.089  5.501 0.4000000060
174919  22.958  -54.996  -1.749 0.5000000000
26062  19.365  -57.265  4.197 0.5000000000
189627  22.795  -53.407  -2.717 0.6000000238
172790  19.583  -55.709  4.374 0.5000000000
29104  20.285  -54.045  3.992 0.5000000000
30083  20.125  -53.790  3.129 0.5000000000
31293  22.558  -51.537  -2.643 0.6000000238
30082  20.664  -53.159  2.867 0.5000000000
32317  21.270  -51.501  2.607 0.4000000060
32386  22.942  -50.989  -2.169 0.6999999881
33344  20.863  -50.086  3.155 0.5000000000
35594  23.487  -48.093  -2.827 0.6999999881
35507  20.921  -48.542  2.963 0.5000000000
167967  23.938  -46.835  -2.912 0.6999999881
194107  20.832  -46.417  2.122 0.5000000000
37692  21.563  -46.081  3.306 0.6000000238
49633  30.450  -35.194  7.666 0.6000000238
50644  30.687  -34.200  6.856 0.6000000238
190870  31.143  -31.126  3.141 0.6000000238
54429  30.273  -30.024  1.779 0.5000000000
167022  29.215  -29.536  0.814 0.5000000000
56447  28.491  -29.019  0.272 0.5000000000
56448  27.392  -29.064  -0.015 0.5000000000
56467  25.985  -28.527  -0.522 0.5000000000
57484  25.440  -27.936  -0.916 0.5000000000
58521  24.171  -26.752  -1.950 0.5000000000
58614  29.141  -25.648  -6.030 0.3000000119
57599  28.473  -26.039  -6.435 0.3000000119
57602  26.407  -26.303  -6.807 0.3000000119
30037  26.270  -53.759  7.647 0.6000000238
29064  25.906  -54.554  7.759 0.6000000238
28076  26.586  -55.285  6.620 0.6000000238
36590  23.491  -47.501  5.727 0.8000000119
31268  23.917  -52.272  -0.562 0.6999999881
32372  23.966  -51.214  -1.226 0.6999999881
35588  23.566  -48.673  -1.610 0.6999999881
175931  21.785  -30.846  -0.456 0.6999999881
57500  23.190  -27.552  -1.685 0.6000000238
57583  27.091  -26.488  -6.221 0.3000000119
193193  23.119  -47.132  -2.262 0.8000000119
184032  24.923  -46.776  -2.710 0.6999999881
22992  23.024  -61.042  7.311 0.4000000060
24081  23.964  -59.473  7.538 0.4000000060
23016  24.639  -60.250  6.492 0.3000000119
25081  24.841  -58.394  7.381 0.5000000000
25093  20.250  -58.244  6.315 0.5000000000
27079  23.973  -56.735  1.429 0.3000000119
26063  19.598  -58.306  3.956 0.5000000000
35505  22.055  -47.867  4.110 0.6000000238
54442  24.896  -30.459  0.071 0.6999999881
53554  27.880  -31.089  0.654 0.6999999881
54431  29.009  -30.699  1.255 0.6000000238
55412  26.166  -29.831  0.125 0.6999999881
55399  29.528  -30.086  1.291 0.6000000238
55411  26.967  -29.702  0.317 0.6000000238
185009  25.465  -29.925  -0.039 0.6999999881
188944  24.409  -28.830  -0.680 0.6999999881
56468  23.768  -28.608  -0.951 0.6999999881
55398  30.022  -29.345  1.364 0.5000000000
56450  25.677  -29.283  -0.293 0.5000000000
55424  25.124  -28.683  -0.616 0.5000000000
57498  24.960  -27.250  -1.433 0.5000000000
57486  23.673  -27.975  -1.325 0.6999999881
55397  30.679  -29.198  2.046 0.5000000000
56465  27.902  -28.315  -0.399 0.5000000000
57482  27.225  -27.573  -0.651 0.5000000000
58520  25.798  -26.778  -1.448 0.5000000000
34502  23.731  -48.975  -2.896 0.6000000238
35602  24.424  -48.280  -3.357 0.6000000238
171515  26.224  -45.254  -1.754 0.5000000000
36701  25.234  -47.443  -2.786 0.6000000238
37778  25.307  -45.713  -2.399 0.6000000238
40971  27.622  -43.614  -0.243 0.5000000000
40983  26.653  -44.098  -1.350 0.5000000000
39952  25.665  -44.320  -2.374 0.6000000238
40898  20.896  -44.050  5.280 0.5000000000
39962  25.275  -44.126  -2.657 0.6000000238
42028  28.666  -42.304  0.292 0.5000000000
175874  27.136  -42.967  -0.983 0.5000000000
43120  29.724  -41.204  -0.260 0.5000000000
40885  21.790  -44.152  6.295 0.4000000060
39821  21.776  -45.098  6.683 0.4000000060
176687  21.974  -45.364  7.539 0.4000000060
42040  28.165  -41.806  -0.277 0.5000000000
43130  31.192  -41.136  -1.167 0.5000000000
43121  28.739  -41.041  -0.304 0.5000000000
39782  21.863  -45.166  8.636 0.4000000060
194468  31.222  -39.995  -2.401 0.5000000000
44162  30.557  -40.339  -1.156 0.5000000000
171923  21.080  -44.517  9.327 0.4000000060
46089  22.301  -39.143  10.461 0.4000000060
44995  21.892  -39.903  10.276 0.4000000060
170248  20.769  -39.633  9.634 0.4000000060
193552  19.873  -39.788  8.951 0.3000000119
49616  25.136  -35.755  9.732 0.4000000060
46088  23.462  -38.042  10.421 0.4000000060
192879  22.633  -38.451  10.559 0.4000000060
177482  25.132  -34.852  9.668 0.4000000060
47274  23.106  -36.958  10.522 0.4000000060
46090  21.805  -38.317  10.521 0.4000000060
48541  22.002  -36.700  10.434 0.4000000060
47275  22.383  -37.649  10.644 0.4000000060
45011  21.314  -38.976  10.157 0.4000000060
46109  20.415  -38.515  9.351 0.4000000060
48557  24.627  -36.544  9.877 0.4000000060
167768  24.312  -35.766  10.048 0.4000000060
47293  24.079  -37.218  10.140 0.4000000060
49615  25.938  -35.210  9.524 0.4000000060
49617  24.271  -34.921  9.884 0.4000000060
49618  23.501  -35.411  10.162 0.4000000060
48558  23.776  -36.290  10.267 0.4000000060
48559  22.753  -35.988  10.343 0.4000000060
168023  21.682  -35.811  9.961 0.4000000060
46108  21.031  -38.160  10.085 0.4000000060
49620  21.477  -34.999  9.330 0.4000000060
48579  20.710  -35.824  9.234 0.4000000060
49612  29.112  -34.961  8.892 0.4000000060
50610  25.502  -34.293  9.317 0.4000000060
50611  24.611  -34.212  9.374 0.4000000060
50607  28.409  -34.278  8.895 0.4000000060
50608  27.399  -34.324  9.182 0.4000000060
50609  26.401  -34.365  9.270 0.4000000060
50612  23.621  -34.148  9.417 0.4000000060
188611  23.276  -34.712  9.835 0.4000000060
49619  22.496  -35.111  9.956 0.4000000060
50613  22.466  -34.303  9.264 0.4000000060
51526  30.478  -33.735  7.519 0.5000000000
50629  30.065  -34.027  8.166 0.5000000000
51498  28.708  -33.584  8.530 0.5000000000
51499  27.734  -33.562  8.733 0.4000000060
51500  26.762  -33.603  8.784 0.4000000060
51501  25.851  -33.625  8.795 0.4000000060
51502  24.957  -33.609  8.829 0.4000000060
51497  29.486  -33.618  8.313 0.5000000000
51532  25.306  -32.978  8.273 0.4000000060
51528  29.154  -32.950  8.184 0.4000000060
52462  27.561  -32.175  7.869 0.4000000060
51530  27.124  -32.894  8.292 0.4000000060
51531  26.202  -32.945  8.256 0.4000000060
52465  24.750  -32.385  7.745 0.4000000060
53470  28.058  -31.491  7.444 0.4000000060
53491  27.541  -30.961  6.854 0.4000000060
53471  27.029  -31.598  7.243 0.4000000060
53472  26.072  -31.685  7.147 0.4000000060
53493  25.499  -31.075  6.669 0.4000000060
51548  30.850  -33.397  6.815 0.5000000000
53489  30.181  -31.647  6.946 0.5000000000
53490  28.563  -30.910  6.977 0.4000000060
160500  27.228  -30.402  6.456 0.4000000060
53492  26.527  -30.906  6.629 0.4000000060
155553  24.912  -30.486  6.273 0.3000000119
172714  31.265  -32.684  5.485 0.5000000000
52461  28.653  -32.152  7.925 0.5000000000
52463  26.588  -32.275  7.728 0.4000000060
52478  25.119  -31.743  7.197 0.4000000060
53488  31.015  -31.681  6.267 0.5000000000
188508  29.510  -31.030  6.894 0.5000000000
159851  28.060  -30.344  6.559 0.4000000060
155549  25.773  -30.338  6.230 0.3000000119
155535  31.121  -30.922  5.694 0.5000000000
161180  30.325  -30.933  6.439 0.5000000000
158838  29.248  -30.359  6.518 0.4000000060
55336  26.774  -29.371  5.673 0.4000000060
155550  26.600  -30.038  6.159 0.3000000119
55338  25.072  -29.503  5.610 0.3000000119
55339  24.538  -29.912  5.798 0.3000000119
178754  31.131  -30.098  5.193 0.5000000000
159101  31.446  -31.021  4.562 0.4000000060
54407  31.298  -30.718  3.620 0.5000000000
180499  29.407  -29.667  6.012 0.3000000119
192283  28.500  -29.834  6.234 0.4000000060
155546  27.552  -29.753  6.093 0.4000000060
56374  26.177  -28.834  5.310 0.3000000119
55337  25.854  -29.591  5.704 0.3000000119
55357  24.374  -29.131  5.340 0.3000000119
160665  30.353  -29.485  5.540 0.3000000119
54389  31.298  -30.011  4.265 0.4000000060
54408  31.071  -29.897  3.413 0.4000000060
54421  30.713  -29.917  2.569 0.4000000060
56372  27.973  -28.646  5.340 0.3000000119
178968  27.526  -29.175  5.618 0.3000000119
56373  27.044  -28.705  5.328 0.3000000119
56391  25.636  -28.285  4.868 0.3000000119
55356  25.313  -28.930  5.304 0.3000000119
55358  23.392  -29.136  5.134 0.3000000119
56394  22.919  -28.516  4.758 0.3000000119
55334  29.491  -29.149  5.612 0.3000000119
56392  24.766  -28.380  4.862 0.3000000119
56393  23.848  -28.440  4.862 0.3000000119
55355  30.979  -29.286  4.814 0.3000000119
55388  30.954  -28.975  2.984 0.3000000119
56435  30.461  -28.636  1.549 0.4000000060
56436  29.733  -28.575  0.815 0.4000000060
57471  29.062  -27.936  -0.066 0.4000000060
56466  26.869  -28.379  -0.389 0.4000000060
56395  22.023  -28.676  4.675 0.3000000119
56387  29.677  -28.171  4.762 0.3000000119
56371  29.039  -28.651  5.305 0.3000000119
56370  30.158  -28.778  5.203 0.3000000119
56386  30.615  -28.565  4.438 0.3000000119
56408  30.843  -27.961  3.069 0.3000000119
56423  30.800  -28.297  2.220 0.3000000119
57458  30.563  -27.761  1.420 0.4000000060
57469  30.439  -26.935  0.978 0.3000000119
57459  29.964  -27.658  0.642 0.4000000060
57481  28.230  -27.446  -0.644 0.4000000060
58503  27.602  -26.826  -0.937 0.4000000060
57483  26.305  -27.744  -0.731 0.4000000060
185139  25.806  -27.291  -1.065 0.4000000060
57419  30.328  -27.713  4.033 0.3000000119
57470  29.744  -27.008  0.232 0.3000000119
177337  28.436  -26.771  -0.880 0.4000000060
58518  28.252  -26.157  -1.296 0.4000000060
58519  27.162  -26.284  -1.312 0.4000000060
59571  26.810  -26.050  -2.005 0.4000000060
58539  26.000  -26.360  -2.106 0.4000000060
58540  24.414  -26.308  -2.575 0.4000000060
58522  23.316  -27.065  -2.083 0.5000000000
58490  30.268  -26.179  0.594 0.3000000119
176382  30.084  -24.936  -0.280 0.3000000119
58502  29.069  -26.330  -0.882 0.3000000119
58517  29.142  -25.715  -1.210 0.4000000060
59569  28.726  -25.308  -1.616 0.4000000060
59570  27.686  -25.675  -1.764 0.4000000060
59589  27.342  -25.387  -2.520 0.3000000119
59590  26.308  -25.748  -2.639 0.4000000060
59611  24.697  -25.830  -3.352 0.3000000119
59592  23.793  -26.312  -3.211 0.3000000119
194563  23.073  -27.031  -2.667 0.4000000060
59612  23.984  -25.879  -3.697 0.3000000119
60591  30.346  -24.549  0.509 0.3000000119
60629  29.270  -24.468  -1.730 0.3000000119
60630  28.266  -24.967  -2.071 0.3000000119
60651  28.073  -24.813  -2.673 0.3000000119
61736  28.305  -24.256  -3.250 0.3000000119
60652  26.734  -25.228  -3.234 0.3000000119
60672  25.746  -25.501  -3.280 0.3000000119
163669  25.321  -25.422  -4.106 0.3000000119
168470  26.268  -25.117  -3.985 0.3000000119
60607  30.204  -24.139  -0.297 0.3000000119
59568  29.708  -24.885  -1.057 0.3000000119
60650  28.804  -24.257  -2.356 0.3000000119
60671  27.248  -24.621  -3.821 0.3000000119
61755  27.214  -24.170  -4.454 0.3000000119
60690  25.850  -24.823  -4.810 0.3000000119
61768  26.667  -24.092  -5.080 0.3000000119
61769  25.922  -24.308  -5.537 0.3000000119
61785  26.294  -23.695  -5.930 0.3000000119
51527  29.993  -33.276  7.956 0.5000000000
52459  30.439  -33.050  7.366 0.5000000000
33442  23.241  -50.384  -2.538 0.6000000238
34507  24.286  -49.104  -3.435 0.5000000000
178397  24.989  -48.288  -3.264 0.5000000000
162467  26.225  -46.013  -1.739 0.5000000000
179731  25.841  -47.769  -2.409 0.5000000000
42015  29.405  -42.777  0.703 0.5000000000
39915  27.960  -44.216  0.235 0.5000000000
39926  26.856  -44.616  -0.988 0.5000000000
38770  22.723  -45.330  4.601 0.6000000238
38786  21.789  -45.303  3.960 0.6000000238
40925  21.670  -44.037  4.242 0.6000000238
40927  20.511  -44.220  4.193 0.5000000000
39852  19.765  -44.732  4.181 0.5000000000
39838  20.404  -44.547  5.168 0.5000000000
38730  21.307  -45.675  6.231 0.5000000000
38729  21.789  -45.904  7.092 0.4000000060
38708  21.723  -45.871  7.974 0.4000000060
39783  20.684  -45.317  9.183 0.4000000060
174278  20.192  -44.529  9.423 0.4000000060
43023  19.533  -41.406  8.941 0.3000000119
44056  19.722  -40.622  8.953 0.3000000119
171967  19.975  -39.078  8.947 0.4000000060
48561  20.182  -36.723  8.934 0.4000000060
49635  20.520  -35.109  8.584 0.4000000060
51503  24.021  -33.572  8.863 0.4000000060
50631  21.325  -34.290  8.471 0.4000000060
50632  20.336  -34.554  8.034 0.4000000060
50630  23.040  -33.624  8.783 0.4000000060
172825  22.215  -33.826  8.461 0.4000000060
166973  24.391  -33.003  8.299 0.4000000060
51534  22.605  -33.397  7.930 0.4000000060
53494  24.545  -31.217  6.640 0.4000000060
55340  23.696  -29.806  5.548 0.3000000119
192802  22.963  -29.738  5.274 0.3000000119
42026  31.005  -42.205  -0.149 0.5000000000
41919  19.295  -42.321  9.010 0.4000000060
48580  19.901  -35.938  8.387 0.4000000060
51533  23.482  -33.151  8.176 0.4000000060
40847  20.335  -43.823  9.459 0.4000000060
40993  26.332  -43.994  -1.761 0.5000000000
191691  26.419  -35.764  9.490 0.4000000060
165087  31.207  -33.040  6.110 0.5000000000
169403  25.108  -26.544  -1.996 0.4000000060
167680  26.436  -26.445  -1.481 0.4000000060
155274  26.164  -46.362  -1.857 0.6000000238
39916  27.404  -44.401  -0.432 0.5000000000
40970  28.378  -43.296  0.459 0.5000000000
48560  21.001  -36.629  9.842 0.4000000060
47294  20.566  -37.519  9.553 0.4000000060
50606  29.331  -34.237  8.535 0.5000000000
51529  28.135  -32.818  8.392 0.4000000060
52464  25.675  -32.331  7.717 0.4000000060
52477  30.820  -32.496  6.790 0.5000000000
53469  29.153  -31.525  7.393 0.5000000000
52460  29.813  -32.415  7.554 0.5000000000
158327  30.358  -30.196  5.976 0.5000000000
55377  31.102  -29.180  3.935 0.3000000119
57480  29.061  -27.033  -0.515 0.4000000060
59538  30.124  -25.465  0.173 0.3000000119
58501  29.650  -26.292  -0.184 0.3000000119
60670  27.570  -24.917  -3.142 0.3000000119
59591  25.359  -26.020  -2.638 0.4000000060
59552  29.641  -25.624  -0.602 0.3000000119
61722  29.633  -23.596  -1.851 0.3000000119
189865  20.909  -50.615  2.817 0.4000000060
34413  20.758  -49.337  2.958 0.4000000060
165080  20.777  -48.703  1.318 0.4000000060
36642  20.745  -46.964  1.785 0.3000000119
35527  21.085  -47.627  2.476 0.4000000060
37705  20.291  -46.071  1.885 0.3000000119
30149  22.550  -52.947  -3.384 0.5000000000
37704  20.886  -45.988  2.559 0.5000000000
37706  19.476  -45.658  2.388 0.3000000119
31305  22.387  -52.039  -3.335 0.5000000000
187697  22.784  -50.818  -4.084 0.5000000000
30162  22.512  -52.607  -3.959 0.5000000000
38787  20.937  -45.242  3.322 0.5000000000
39875  20.175  -45.036  3.345 0.4000000060
32396  22.697  -50.887  -2.708 0.5000000000
31314  23.366  -51.683  -4.749 0.5000000000
33451  24.391  -50.004  -4.727 0.3000000119
33445  22.943  -50.473  -3.224 0.5000000000
33452  23.577  -50.169  -3.980 0.4000000060
34515  24.873  -49.516  -4.223 0.4000000060
173194  25.882  -49.649  -4.077 0.3000000119
34514  25.436  -49.749  -4.458 0.3000000119
180657  26.080  -48.683  -2.468 0.3000000119
191619  25.598  -49.259  -3.522 0.3000000119
162264  27.046  -46.896  -0.828 0.3000000119
160859  26.714  -47.394  -1.316 0.3000000119
155273  26.201  -46.999  -1.888 0.4000000060
35601  25.318  -49.224  -3.717 0.4000000060
37631  21.563  -46.398  7.609 0.3000000119
39901  28.654  -44.128  0.876 0.4000000060
155275  27.823  -45.770  0.003 0.4000000060
155281  26.637  -46.505  -1.296 0.4000000060
37589  21.280  -46.416  8.315 0.3000000119
184300  19.610  -43.219  9.264 0.3000000119
46118  19.745  -38.506  8.513 0.3000000119
47295  19.807  -37.716  8.479 0.3000000119
46119  19.326  -38.299  7.723 0.3000000119
47318  19.525  -36.851  7.970 0.3000000119
47308  19.316  -37.675  7.353 0.3000000119
48590  19.410  -36.114  7.459 0.3000000119
50646  19.803  -34.447  7.419 0.3000000119
51535  21.711  -33.639  7.784 0.3000000119
50645  20.757  -33.923  7.621 0.3000000119
51552  20.218  -33.630  6.961 0.3000000119
50647  19.150  -34.357  6.877 0.3000000119
52466  23.831  -32.498  7.701 0.3000000119
51549  22.971  -32.807  7.436 0.3000000119
51550  22.148  -33.146  7.169 0.3000000119
51551  21.239  -33.316  7.082 0.3000000119
52479  24.181  -31.865  7.183 0.3000000119
52480  23.310  -32.165  6.975 0.3000000119
52481  22.489  -32.517  6.717 0.3000000119
52482  21.674  -32.757  6.576 0.3000000119
52497  21.205  -32.242  6.194 0.3000000119
155547  22.303  -31.556  5.853 0.3000000119
52496  22.010  -32.141  6.128 0.3000000119
155554  23.898  -30.616  6.068 0.3000000119
53495  23.614  -31.478  6.516 0.3000000119
53496  22.777  -31.838  6.338 0.3000000119
155544  21.495  -31.537  5.691 0.3000000119
29159  22.949  -54.176  -2.320 0.5000000000
155283  27.251  -45.235  -0.577 0.4000000060
38788  19.326  -45.210  3.481 0.3000000119
38750  19.973  -45.643  4.888 0.3000000119
37632  21.334  -46.619  6.834 0.3000000119
191070  19.710  -58.922  4.202 0.4000000060
25121  19.577  -59.113  3.623 0.4000000060
26077  19.239  -57.674  3.231 0.4000000060
26097  19.219  -57.318  1.602 0.4000000060
189374  19.130  -55.824  1.162 0.3000000119
27061  19.100  -56.893  3.374 0.4000000060
27080  19.056  -56.123  2.896 0.4000000060
28129  19.314  -55.145  2.711 0.4000000060
27113  24.117  -56.578  -0.095 0.3000000119
28115  19.402  -55.423  3.650 0.4000000060
30105  20.379  -53.458  1.399 0.3000000119
31241  20.851  -52.758  1.131 0.3000000119
30093  20.315  -53.682  2.260 0.4000000060
32351  21.200  -51.023  0.482 0.3000000119
32334  21.244  -51.960  0.829 0.3000000119
33399  20.845  -50.076  0.484 0.3000000119
31223  20.986  -53.104  2.012 0.4000000060
32333  21.553  -51.323  1.485 0.3000000119
33381  21.392  -50.386  1.313 0.3000000119
162294  19.378  -58.528  2.964 0.4000000060
168997  19.055  -57.082  2.551 0.4000000060
35548  19.967  -48.379  0.646 0.3000000119
24114  19.947  -59.608  5.449 0.3000000119
34465  19.555  -49.009  0.178 0.3000000119
21941  23.252  -61.904  6.959 0.3000000119
21959  19.969  -61.334  6.028 0.4000000060
22973  24.350  -60.004  7.193 0.3000000119
22974  23.646  -60.220  7.368 0.4000000060
22993  21.883  -60.243  7.371 0.4000000060
22994  20.893  -60.295  7.024 0.4000000060
24080  24.593  -59.268  7.290 0.3000000119
24097  20.330  -59.597  6.372 0.4000000060
24112  24.966  -59.607  6.011 0.4000000060
24125  24.413  -59.622  4.058 0.4000000060
24127  19.716  -59.587  4.418 0.4000000060
25083  23.424  -58.720  7.593 0.4000000060
25090  25.209  -59.003  6.716 0.3000000119
25102  25.020  -59.387  4.885 0.4000000060
25112  19.797  -58.752  4.865 0.4000000060
25119  23.881  -58.724  3.161 0.4000000060
26026  25.302  -57.647  7.200 0.5000000000
26036  21.714  -57.754  7.045 0.5000000000
26037  20.751  -57.581  6.660 0.5000000000
26048  25.476  -58.288  5.863 0.4000000060
26060  25.503  -57.466  4.432 0.4000000060
26061  25.159  -58.097  4.047 0.4000000060
26076  23.509  -58.108  2.639 0.4000000060
26089  19.220  -57.891  2.314 0.4000000060
26096  23.452  -57.199  1.420 0.3000000119
27008  25.028  -57.081  7.479 0.5000000000
27009  24.166  -56.874  7.707 0.6000000238
27010  23.099  -56.992  7.673 0.6000000238
27015  21.286  -56.426  6.925 0.5000000000
27016  20.590  -56.555  6.355 0.5000000000
27025  20.033  -56.743  5.583 0.5000000000
27041  19.647  -56.406  4.848 0.5000000000
27058  25.820  -56.437  4.124 0.6000000238
27060  19.254  -56.286  3.922 0.4000000060
27095  24.051  -56.603  0.737 0.3000000119
27096  19.022  -56.469  1.847 0.3000000119
28063  25.716  -55.901  7.498 0.6000000238
28065  23.303  -56.147  7.834 0.6000000238
28089  20.549  -55.137  5.388 0.5000000000
28090  20.213  -56.024  5.554 0.5000000000
28127  24.623  -55.944  2.009 0.6000000238
28128  24.313  -56.191  1.531 0.5000000000
28130  19.053  -55.681  2.060 0.3000000119
28180  22.775  -55.605  -2.205 0.4000000060
29080  21.605  -54.382  6.501 0.6000000238
29084  26.806  -54.515  6.220 0.8000000119
29090  26.696  -54.452  5.286 0.6000000238
29093  19.934  -54.921  4.407 0.5000000000
29103  25.689  -55.082  2.985 0.6000000238
29105  19.722  -54.561  3.417 0.5000000000
29113  25.916  -54.358  2.827 0.6999999881
29114  25.437  -54.843  2.288 0.6000000238
29115  19.751  -54.345  2.480 0.4000000060
29123  24.546  -54.630  0.772 0.6000000238
29124  19.904  -54.142  1.608 0.3000000119
29135  24.177  -54.211  0.145 0.6000000238
29148  23.201  -54.270  -1.308 0.6000000238
30038  25.293  -53.783  8.172 0.6000000238
30040  23.501  -53.593  8.132 0.6000000238
30041  22.708  -53.784  7.502 0.6000000238
30053  26.852  -53.756  6.775 0.6999999881
30064  21.703  -53.223  5.937 0.6000000238
30065  21.231  -53.504  5.244 0.5000000000
30072  26.394  -53.382  3.740 0.8000000119
30091  25.866  -53.576  2.414 0.8000000119
30161  22.907  -52.410  -4.391 0.5000000000
31161  25.733  -52.761  8.126 0.8000000119
31208  26.319  -52.016  3.001 0.8000000119
31222  21.091  -52.468  2.666 0.5000000000
31240  21.400  -52.281  1.764 0.3000000119
31257  24.287  -52.499  0.091 0.6999999881
31258  20.793  -52.493  0.272 0.3000000119
31280  23.559  -51.899  -1.246 0.6999999881
31304  22.429  -51.727  -4.038 0.5000000000
32292  21.987  -51.093  5.180 0.6999999881
32316  26.106  -51.616  2.394 0.8000000119
32362  24.081  -51.610  -0.832 0.6999999881
32395  22.434  -51.193  -3.305 0.5000000000
32403  24.668  -50.604  -5.312 0.3000000119
32404  23.731  -50.692  -4.809 0.5000000000
33261  26.108  -50.209  8.236 0.8999999762
33263  24.720  -50.507  8.250 0.6999999881
33283  26.524  -50.433  7.810 0.8999999762
33297  26.922  -50.573  7.001 1.0000000000
33298  23.778  -50.209  6.968 0.6999999881
33311  27.259  -50.628  6.103 1.0000000000
33312  23.120  -50.328  6.201 0.6999999881
33366  21.462  -50.687  2.145 0.4000000060
33398  24.719  -50.020  -0.305 0.8000000119
33450  25.129  -50.041  -5.000 0.3000000119
34321  25.634  -49.513  8.396 0.8999999762
34378  27.720  -48.923  5.422 1.0000000000
34398  22.824  -48.801  5.176 0.6999999881
34399  21.743  -49.500  4.205 0.6000000238
34412  21.130  -49.423  3.468 0.5000000000
34434  21.025  -49.712  2.331 0.4000000060
34448  21.084  -49.573  1.131 0.3000000119
34464  20.425  -49.224  0.528 0.3000000119
34493  23.933  -49.378  -1.237 0.8000000119
34494  23.756  -49.548  -1.821 0.6999999881
34503  23.607  -49.684  -2.410 0.6000000238
34508  23.641  -49.801  -3.197 0.5000000000
34516  24.236  -49.702  -3.968 0.5000000000
35448  27.324  -49.390  6.907 1.0000000000
35449  24.070  -47.968  7.100 0.8999999762
35469  23.586  -48.068  6.198 0.6999999881
35482  27.462  -48.819  4.688 1.0000000000
35485  22.232  -48.738  4.482 0.6000000238
35503  27.659  -48.137  4.163 1.0000000000
35528  20.765  -48.020  1.986 0.4000000060
35546  26.426  -47.708  2.057 0.8999999762
35579  23.890  -48.155  -0.765 0.8000000119
35580  23.474  -48.031  -1.306 0.8999999762
35595  23.148  -47.695  -2.305 0.8000000119
35603  23.873  -48.414  -3.208 0.6000000238
35609  24.870  -48.889  -3.550 0.5000000000
36525  26.021  -48.185  8.456 0.8999999762
36588  28.010  -47.690  5.760 1.0000000000
36589  23.795  -47.344  6.275 0.8000000119
36624  26.571  -47.120  3.109 0.8999999762
36626  21.258  -46.808  2.670 0.5000000000
36653  26.041  -47.201  1.371 0.8999999762
36694  23.404  -47.312  -2.738 0.8000000119
36702  24.546  -47.348  -3.118 0.6999999881
36703  23.846  -47.674  -3.211 0.8000000119
36707  25.289  -46.484  -2.465 0.6000000238
37587  27.062  -47.028  8.412 0.8999999762
37605  27.704  -47.332  7.637 0.8999999762
37630  24.311  -46.018  6.862 0.8999999762
37651  23.799  -46.151  5.513 0.8999999762
37652  20.670  -46.177  5.742 0.5000000000
37691  22.264  -46.214  4.203 0.6000000238
37727  25.485  -46.715  0.568 0.8999999762
37729  23.835  -45.895  -0.467 0.8999999762
37738  23.424  -46.613  -1.105 0.8999999762
37749  23.300  -46.625  -1.492 0.8999999762
37759  23.330  -46.674  -1.776 0.8999999762
37769  25.595  -45.988  -2.251 0.6000000238
37770  24.297  -45.907  -2.198 0.8000000119
37779  24.967  -46.034  -2.657 0.6999999881
38692  25.925  -46.220  8.794 0.8999999762
38749  20.490  -45.214  5.412 0.5000000000
38771  19.546  -45.278  4.140 0.3000000119
38796  20.191  -45.477  2.703 0.5000000000
38828  22.757  -45.088  -0.961 0.8999999762
38837  22.637  -44.850  -1.134 0.8999999762
38846  25.870  -45.380  -2.092 0.6000000238
38847  23.525  -44.841  -1.824 0.8999999762
38848  22.949  -45.063  -1.413 0.8999999762
38857  25.482  -45.082  -2.374 0.6000000238
38858  24.000  -44.982  -2.022 0.8999999762
38867  25.120  -45.005  -2.525 0.6999999881
38868  24.844  -44.681  -2.548 0.8000000119
39779  27.219  -44.394  9.274 0.8999999762
39796  28.257  -44.561  8.529 0.8999999762
39822  21.143  -44.774  5.773 0.5000000000
39839  19.964  -44.853  4.736 0.5000000000
39862  22.100  -44.510  4.277 0.6000000238
39863  21.333  -44.529  3.926 0.6000000238
39864  20.612  -44.554  3.783 0.5000000000
39865  19.905  -44.730  3.793 0.4000000060
39874  27.041  -44.786  1.793 0.8999999762
39876  19.535  -45.225  3.082 0.3000000119
39917  23.530  -45.261  -0.542 0.8999999762
39918  22.925  -44.846  -0.709 0.8999999762
39919  21.951  -43.744  -0.969 0.8999999762
39920  21.399  -43.184  -0.913 0.8999999762
39927  26.442  -44.686  -1.539 0.5000000000
39928  22.117  -44.003  -1.182 0.8999999762
39939  26.082  -44.616  -1.945 0.6000000238
39941  22.360  -44.178  -1.447 0.8999999762
39953  22.789  -43.820  -1.782 0.8999999762
39963  24.951  -44.011  -2.850 0.8000000119
40842  27.422  -43.571  9.354 0.8999999762
40865  22.415  -43.912  7.473 0.5000000000
40883  23.833  -43.622  6.185 0.8000000119
40896  23.262  -43.407  5.594 0.8000000119
40899  20.202  -44.375  4.684 0.5000000000
40911  20.589  -44.028  4.643 0.5000000000
40926  21.092  -44.052  4.162 0.5000000000
40928  20.135  -44.406  4.296 0.5000000000
40958  23.958  -43.479  -0.283 0.8999999762
40972  20.965  -42.859  -0.975 0.8999999762
40973  20.623  -42.667  -1.019 0.8999999762
40982  27.066  -43.769  -0.871 0.5000000000
40984  21.182  -43.075  -1.242 0.8999999762
40992  26.702  -43.445  -1.480 0.5000000000
40994  21.370  -43.085  -1.650 0.8999999762
41000  26.365  -43.290  -2.014 0.5000000000
41001  26.020  -43.842  -2.160 0.5000000000
41004  22.316  -43.262  -2.140 0.8999999762
41005  21.655  -43.022  -2.068 0.8999999762
41013  25.261  -43.415  -2.765 0.8000000119
41015  24.259  -43.352  -2.432 0.8000000119
41958  23.048  -42.659  5.771 0.6000000238
41959  22.105  -43.250  5.049 0.6000000238
41960  21.833  -43.080  5.809 0.6000000238
41972  21.597  -43.331  5.095 0.6999999881
41973  21.210  -43.600  5.128 0.6000000238
41988  21.611  -43.644  4.532 0.6999999881
41999  27.811  -42.367  2.236 1.0000000000
42016  25.365  -42.635  0.181 0.8999999762
42021  20.091  -42.088  -0.340 0.8999999762
42027  29.879  -41.960  0.226 0.5000000000
42029  27.756  -42.750  -0.291 0.5000000000
42030  20.014  -42.116  -0.639 0.8999999762
42058  26.201  -42.122  -2.560 0.8000000119
42062  21.661  -42.161  -1.707 0.8999999762
42063  21.227  -41.502  -1.523 0.8999999762
42069  25.838  -42.775  -2.578 0.8000000119
42071  25.170  -42.314  -2.806 0.8000000119
43029  28.596  -41.541  9.067 0.8999999762
43032  23.488  -41.988  7.978 0.6999999881
43064  22.455  -42.535  6.265 0.6999999881
43102  25.820  -41.847  0.438 1.0000000000
43111  21.316  -41.286  0.353 0.8999999762
43113  19.772  -41.671  0.018 0.8999999762
43119  30.671  -41.490  -0.401 0.5000000000
43131  30.410  -40.850  -0.639 0.5000000000
43133  21.972  -40.275  -1.532 0.8999999762
43134  19.875  -41.687  -0.630 0.8999999762
43147  26.108  -41.539  -2.827 0.8000000119
43150  22.970  -41.619  -2.012 0.8000000119
43152  21.782  -41.372  -1.624 0.8999999762
43153  21.188  -40.946  -1.520 0.8999999762
43160  25.123  -41.519  -2.826 0.8000000119
44135  24.804  -40.279  0.801 1.0000000000
44144  24.314  -41.007  0.477 1.0000000000
44164  28.454  -40.471  -0.728 0.6000000238
44167  19.433  -41.033  -0.262 0.8999999762
44176  22.488  -40.341  -1.592 0.8999999762
44177  19.923  -40.155  -1.299 0.8999999762
44185  25.919  -40.962  -3.166 0.8000000119
44186  25.802  -40.237  -3.248 0.6999999881
44189  23.041  -40.902  -1.782 0.8999999762
44192  20.736  -40.143  -1.441 0.8999999762
44199  24.790  -40.799  -2.729 0.6999999881
45021  24.579  -39.987  8.646 0.6999999881
45060  29.182  -39.608  4.213 1.0000000000
45086  23.591  -38.953  1.509 1.0000000000
45098  25.384  -39.763  1.172 1.0000000000
45102  20.672  -39.492  0.526 0.8999999762
45115  19.212  -39.440  0.122 0.8999999762
45116  19.173  -38.885  0.016 0.8999999762
45126  19.086  -40.331  -0.059 0.8999999762
45134  30.712  -39.776  -1.807 0.5000000000
45137  28.003  -39.542  -1.415 0.6000000238
45138  19.681  -39.294  -1.035 0.8999999762
45139  19.572  -38.548  -1.071 0.8999999762
45146  30.147  -39.041  -1.839 0.6000000238
45149  22.416  -39.522  -1.582 0.8000000119
45150  21.894  -39.741  -1.510 0.8999999762
46157  27.619  -38.666  2.885 0.8000000119
46171  23.721  -38.430  1.641 1.0000000000
46199  19.035  -37.622  -0.241 0.8999999762
46207  19.109  -38.222  -0.272 0.8999999762
46219  19.330  -38.077  -0.888 0.8999999762
46233  19.671  -37.932  -1.425 0.8999999762
46234  19.317  -37.728  -1.522 0.8999999762
46235  18.855  -37.448  -1.356 0.8999999762
46238  31.450  -38.352  -3.535 0.6000000238
46239  30.922  -37.734  -3.139 0.6000000238
46242  26.012  -38.493  -3.274 0.6999999881
46244  24.282  -38.601  -2.513 0.6999999881
46247  21.017  -38.476  -1.488 0.8000000119
46248  20.290  -38.203  -1.422 0.8999999762
46250  31.386  -37.745  -4.007 0.6000000238
47276  21.398  -37.475  10.304 0.4000000060
47369  23.121  -37.988  1.454 1.0000000000
47389  21.564  -37.171  0.938 1.0000000000
47410  19.202  -37.560  0.074 0.8999999762
47420  18.938  -37.124  -0.634 0.8999999762
47433  18.799  -37.102  -1.416 0.8999999762
47445  19.067  -37.354  -2.290 0.8999999762
47449  30.236  -36.932  -3.092 0.6000000238
47456  21.611  -37.337  -1.600 0.6999999881
47457  20.895  -37.784  -1.508 0.8000000119
47460  31.139  -37.183  -4.580 0.6000000238
47462  26.094  -36.659  -3.977 0.6999999881
48554  28.870  -35.721  9.238 0.6000000238
48628  27.284  -36.444  2.492 0.8000000119
48662  23.568  -36.415  1.223 0.8999999762
48665  20.882  -36.867  0.764 1.0000000000
48673  20.088  -36.506  0.537 1.0000000000
48696  18.921  -36.649  -1.120 0.8999999762
48708  28.603  -36.556  -2.897 0.6000000238
48709  27.730  -36.779  -2.838 0.6000000238
48710  19.090  -36.694  -1.986 0.8999999762
48720  29.501  -36.501  -3.295 0.6000000238
48725  20.953  -36.284  -1.460 0.8000000119
48727  19.182  -36.905  -2.313 0.8000000119
48749  25.597  -35.553  -5.061 0.6000000238
49786  19.465  -35.583  -1.269 0.8000000119
49787  19.185  -36.194  -1.291 0.8999999762
49794  23.676  -35.269  -3.132 0.6999999881
49795  22.773  -35.324  -2.426 0.8000000119
49797  21.241  -35.449  -1.601 0.8000000119
49798  20.581  -35.007  -1.555 0.8000000119
49806  27.220  -35.359  -4.829 0.6000000238
49807  24.995  -35.414  -5.003 0.6999999881
49817  24.901  -34.976  -5.166 0.6999999881
50628  30.475  -34.508  7.648 0.6000000238
50684  30.244  -34.525  3.580 0.6999999881
50756  19.242  -34.398  -1.241 0.8000000119
50769  22.320  -34.286  -1.906 0.6999999881
50770  21.586  -34.812  -1.793 0.6999999881
50789  24.289  -34.830  -3.795 0.6999999881
50796  26.371  -33.781  -5.876 0.6000000238
51660  22.949  -33.278  -1.641 0.6000000238
51661  18.918  -33.415  -1.332 0.8000000119
51676  23.152  -34.217  -1.838 0.6000000238
51681  19.514  -32.945  -1.666 0.8000000119
51699  23.638  -34.738  -2.750 0.6000000238
51714  24.906  -34.454  -4.545 0.6999999881
52495  31.249  -32.361  6.020 0.5000000000
52581  26.640  -33.315  -1.532 0.5000000000
52590  24.478  -33.282  -1.476 0.6000000238
52601  20.233  -32.606  -1.874 0.6999999881
53555  27.166  -31.199  0.513 0.6999999881
53595  23.392  -31.734  -1.722 0.6000000238
53597  19.231  -30.939  -2.302 0.6999999881
53608  21.283  -31.567  -2.340 0.6000000238
54441  25.798  -30.522  0.272 0.6999999881
54454  22.857  -30.588  -0.370 0.6999999881
54457  18.789  -30.506  -0.832 0.8000000119
54485  23.449  -30.726  -2.190 0.6000000238
54487  19.080  -30.156  -2.505 0.6000000238
54489  17.660  -30.550  -1.606 0.8000000119
54490  17.419  -30.069  -1.698 0.6999999881
54504  20.570  -29.729  -2.877 0.6000000238
54514  21.040  -29.247  -3.583 0.6000000238
55335  28.458  -29.279  5.737 0.4000000060
55410  28.381  -29.883  0.585 0.6000000238
55414  17.679  -29.907  -0.906 0.8000000119
55415  17.417  -29.798  -1.013 0.8000000119
55425  23.920  -29.325  -0.567 0.6999999881
55431  17.983  -29.200  -1.273 0.8000000119
55432  17.489  -29.409  -1.429 0.8000000119
55446  20.025  -29.199  -1.557 0.8000000119
55448  17.411  -29.420  -1.744 0.8000000119
55470  25.206  -30.120  -2.212 0.5000000000
55473  17.473  -29.286  -2.124 0.6999999881
55490  25.444  -29.260  -2.761 0.5000000000
55493  23.212  -29.311  -3.368 0.6000000238
55494  21.833  -29.533  -2.980 0.6000000238
55498  18.164  -28.722  -2.620 0.6999999881
55515  20.549  -28.970  -4.113 0.6000000238
55517  19.061  -28.647  -3.481 0.6000000238
56469  22.507  -28.984  -1.154 0.6999999881
56472  17.667  -28.919  -1.572 0.8000000119
56488  22.137  -28.488  -1.629 0.8000000119
56491  19.080  -28.363  -1.693 0.6999999881
56506  17.491  -28.899  -2.105 0.8000000119
56522  18.551  -28.193  -2.896 0.6000000238
56543  24.061  -28.300  -4.493 0.6000000238
56546  20.256  -28.416  -4.373 0.6000000238
56547  19.438  -28.218  -4.165 0.6000000238
56565  24.549  -27.819  -4.966 0.5000000000
56567  22.502  -27.738  -5.057 0.6000000238
56569  21.067  -28.362  -4.513 0.6000000238
57487  18.120  -28.613  -1.640 0.8000000119
57488  17.825  -28.614  -1.820 0.6000000238
57499  23.946  -27.383  -1.564 0.5000000000
57503  20.022  -27.842  -2.066 0.6999999881
57504  19.340  -27.729  -1.926 0.6999999881
57505  18.704  -28.127  -1.799 0.6999999881
57512  18.824  -27.635  -2.477 0.6000000238
57513  18.421  -28.174  -2.466 0.6000000238
57514  18.013  -28.626  -2.378 0.6000000238
57528  19.002  -27.670  -3.380 0.6000000238
57550  20.078  -27.754  -4.459 0.6000000238
57565  27.494  -26.831  -5.318 0.3000000119
57569  24.115  -27.520  -5.621 0.5000000000
57571  20.730  -27.404  -4.619 0.6000000238
57581  28.777  -26.279  -5.649 0.3000000119
57584  26.106  -26.683  -6.154 0.3000000119
57587  23.707  -27.268  -6.166 0.4000000060
57601  27.231  -26.162  -7.105 0.3000000119
57605  23.454  -26.825  -6.541 0.6000000238
58504  26.573  -26.906  -0.964 0.4000000060
58523  22.547  -27.270  -2.567 0.6999999881
58525  20.364  -27.555  -2.595 0.6000000238
58526  19.884  -27.400  -2.604 0.6000000238
58527  19.432  -27.421  -2.278 0.6000000238
58541  23.569  -26.703  -2.597 0.5000000000
58564  19.197  -27.366  -3.058 0.6000000238
58579  19.985  -27.066  -4.015 0.6000000238
58597  21.427  -27.347  -4.906 0.6000000238
58616  21.775  -26.777  -5.372 0.6000000238
58630  23.277  -26.202  -6.847 0.6000000238
58631  22.748  -26.158  -6.536 0.5000000000
58640  25.406  -25.981  -7.586 0.4000000060
58641  24.603  -25.868  -7.594 0.4000000060
58642  23.811  -25.581  -7.446 0.4000000060
59572  19.683  -27.369  -2.629 0.6000000238
59593  21.107  -26.890  -3.300 0.6000000238
59594  20.276  -27.119  -3.125 0.6000000238
59595  19.760  -27.191  -3.166 0.6000000238
59613  23.338  -26.053  -3.702 0.3000000119
59614  22.589  -26.035  -3.776 0.5000000000
59616  20.877  -26.455  -3.574 0.6000000238
59618  19.819  -27.053  -3.533 0.6000000238
59633  22.469  -25.730  -4.221 0.4000000060
59635  20.462  -26.655  -4.036 0.6000000238
59666  22.117  -26.169  -5.796 0.5000000000
59667  21.564  -26.405  -5.099 0.5000000000
59682  22.524  -25.900  -6.452 0.4000000060
59693  24.529  -25.158  -7.907 0.4000000060
60674  23.738  -25.662  -4.080 0.4000000060
60675  21.213  -25.894  -3.875 0.6000000238
60676  20.883  -26.148  -3.909 0.5000000000
60689  26.641  -24.564  -4.425 0.3000000119
60693  22.073  -25.727  -4.721 0.4000000060
60694  21.417  -25.806  -4.267 0.5000000000
60705  25.184  -24.591  -5.473 0.4000000060
60706  24.415  -24.895  -5.445 0.4000000060
60709  21.744  -25.849  -4.842 0.4000000060
60727  22.070  -25.880  -5.475 0.4000000060
60736  23.506  -25.017  -7.412 0.4000000060
60738  22.994  -25.110  -6.648 0.4000000060
60747  25.186  -24.750  -8.269 0.4000000060
61788  24.038  -24.582  -5.946 0.4000000060
61789  23.461  -25.078  -5.790 0.4000000060
61790  22.992  -25.201  -5.939 0.4000000060
61809  23.675  -24.312  -6.307 0.4000000060
61831  23.671  -23.796  -7.498 0.4000000060
62986  23.423  -24.216  -6.587 0.4000000060
62997  23.958  -23.443  -7.301 0.4000000060
62998  23.421  -23.952  -6.986 0.4000000060
155284  27.137  -46.122  -0.700 0.3000000119
155497  23.304  -31.886  0.232 0.6999999881
155499  24.018  -32.383  0.430 0.8000000119
155503  17.721  -30.935  -0.710 0.8000000119
155505  24.662  -33.844  0.495 0.8000000119
155506  27.559  -32.540  0.963 0.6999999881
155518  30.684  -31.494  2.647 0.6999999881
158154  26.394  -47.987  -1.911 0.3000000119
158165  20.460  -33.466  0.469 0.8999999762
158176  18.925  -35.438  -0.365 0.8999999762
159215  18.037  -31.929  -1.053 0.8000000119
159221  25.499  -48.604  -3.028 0.3000000119
159553  25.240  -29.960  5.927 0.3000000119
159868  25.671  -46.857  -2.290 0.5000000000
160536  26.640  -45.503  -1.227 0.5000000000
160579  19.568  -37.003  0.302 1.0000000000
160803  18.430  -31.024  -0.608 0.8000000119
161124  27.176  -38.375  -2.553 0.6999999881
164189  21.442  -39.038  0.720 1.0000000000
164222  19.669  -57.944  4.725 0.5000000000
164411  23.370  -48.671  -2.261 0.6999999881
164423  27.727  -29.599  0.347 0.6000000238
165373  23.311  -52.058  7.338 0.6000000238
165633  23.237  -42.124  6.185 0.6999999881
165752  17.418  -30.333  -0.833 0.8000000119
166092  22.550  -53.395  -3.965 0.5000000000
166756  20.981  -41.907  0.144 0.8999999762
166911  20.205  -41.634  -1.150 0.8999999762
167008  22.711  -52.509  -2.504 0.6000000238
167124  20.818  -48.872  2.424 0.4000000060
167132  20.897  -52.574  3.446 0.6000000238
167559  30.864  -28.462  3.697 0.3000000119
167690  23.218  -41.920  -2.655 0.8000000119
167741  20.770  -42.542  -0.581 0.8999999762
167764  23.469  -45.658  5.161 0.6999999881
167959  19.105  -40.309  0.050 0.8999999762
168223  22.920  -51.757  -1.928 0.6999999881
169381  23.845  -37.785  -2.496 0.6999999881
169395  22.983  -40.184  -1.684 0.6999999881
169897  25.005  -42.904  -2.859 0.8000000119
170496  21.872  -44.373  9.029 0.5000000000
170653  28.295  -44.958  0.536 0.4000000060
170746  29.129  -37.516  -1.891 0.6000000238
171010  18.574  -29.139  -2.739 0.6999999881
171265  22.394  -44.314  -0.882 0.8999999762
171427  27.711  -44.925  -0.036 0.5000000000
171726  27.209  -47.907  3.399 1.0000000000
171758  26.304  -47.500  8.489 0.8999999762
171902  27.833  -47.927  6.750 1.0000000000
171996  25.367  -42.871  -2.744 0.8000000119
172318  24.737  -43.377  -2.761 0.8000000119
172997  24.689  -35.747  -4.269 0.6999999881
173022  22.224  -34.806  -2.033 0.6999999881
173734  20.395  -30.586  -2.591 0.6000000238
174227  18.913  -28.051  -3.571 0.6000000238
174491  24.793  -42.951  -2.841 0.8000000119
174726  27.124  -51.929  5.259 0.8999999762
174943  29.733  -35.113  3.596 0.6999999881
175239  23.028  -42.681  -2.149 0.8000000119
175265  22.115  -38.672  -1.607 0.8000000119
175374  27.866  -37.906  -1.847 0.6000000238
175662  23.565  -57.229  1.896 0.3000000119
176083  22.752  -60.114  7.455 0.4000000060
176173  24.127  -24.050  -8.177 0.4000000060
176959  23.198  -24.724  -6.546 0.4000000060
178016  23.661  -46.863  5.583 0.8999999762
178197  26.295  -56.040  6.911 0.6000000238
178475  18.460  -28.123  -1.974 0.6000000238
178543  25.397  -43.053  8.762 1.0000000000
179053  22.427  -25.666  -4.593 0.4000000060
180212  18.758  -33.299  0.096 0.8999999762
180213  18.997  -36.646  -0.340 1.0000000000
180329  19.776  -34.036  0.437 0.8999999762
181196  18.997  -36.158  -0.575 0.8999999762
181348  17.812  -31.389  -0.862 0.8000000119
181454  18.540  -33.070  -0.368 0.8000000119
181647  17.571  -31.187  -1.153 0.8000000119
182852  19.190  -36.759  0.036 0.8999999762
183380  19.861  -32.836  0.368 0.8999999762
183866  24.601  -46.455  -2.599 0.6999999881
183883  26.077  -43.208  -2.347 0.6999999881
184162  21.406  -34.059  0.492 0.8999999762
184371  21.271  -45.799  8.651 0.3000000119
184595  25.315  -26.427  -7.169 0.4000000060
184665  30.940  -30.647  2.907 0.4000000060
184819  24.499  -39.435  -2.601 0.6999999881
185654  28.397  -44.653  2.978 1.0000000000
186144  18.843  -37.070  -2.323 0.8999999762
186609  26.431  -52.469  7.725 0.8000000119
186783  22.576  -37.650  1.262 1.0000000000
187028  17.325  -30.539  -1.255 0.8000000119
188262  25.812  -49.390  -3.105 0.3000000119
188347  29.006  -41.606  0.041 0.5000000000
188534  20.216  -37.524  -1.597 0.8999999762
188542  21.679  -28.130  -2.154 0.6999999881
188893  20.628  -33.744  -1.738 0.6999999881
188979  31.633  -38.823  -4.355 0.6000000238
189589  23.502  -54.652  -0.773 0.6000000238
189681  27.463  -41.009  1.953 1.0000000000
189699  27.381  -43.274  -0.615 0.5000000000
189807  25.575  -55.172  7.768 0.6000000238
190041  20.274  -31.878  -2.179 0.6000000238
190166  23.822  -39.367  1.345 1.0000000000
190183  22.848  -25.432  -6.711 0.4000000060
190220  21.401  -36.673  -1.537 0.6999999881
190458  24.500  -40.179  -2.632 0.6999999881
190564  23.643  -41.848  6.544 0.6999999881
190733  24.308  -35.373  -3.921 0.6999999881
191079  24.336  -46.673  7.139 0.8999999762
191445  28.743  -45.046  6.991 0.8999999762
191569  22.483  -42.861  5.524 0.6000000238
191701  26.664  -42.060  -2.241 0.6000000238
191874  23.238  -34.782  0.595 0.8999999762
192637  25.989  -47.076  3.074 0.8999999762
192688  25.482  -58.005  4.868 0.4000000060
193091  23.283  -42.262  -2.611 0.8000000119
193232  23.451  -44.098  5.572 0.6999999881
193297  23.949  -39.211  -2.213 0.6999999881
193318  24.506  -34.205  -1.477 0.6000000238
193555  26.196  -36.942  2.039 0.8999999762
193924  21.168  -42.442  -0.217 0.8999999762
193933  25.441  -43.805  -2.631 0.6000000238
194250  23.666  -61.845  6.444 0.3000000119
194366  22.802  -40.521  0.575 0.8999999762
194549  23.911  -45.529  -1.982 0.8000000119
194639  22.939  -45.409  -1.048 0.8999999762
194915  17.705  -28.873  -2.335 0.6999999881
