#!ascii label  , from subject sub-v1s8x0051332_ses-1 vox2ras=TkReg
518
163416  38.100  -61.888  19.936 0.0000000000
19795  44.407  -63.242  10.893 0.0000000000
16785  39.096  -66.293  17.176 0.0000000000
21860  47.471  -61.709  15.760 0.0000000000
16796  46.974  -66.836  14.856 0.0000000000
16790  44.582  -66.747  15.968 0.0000000000
14893  44.721  -69.149  20.097 0.0000000000
24030  46.944  -59.272  13.713 0.0000000000
23999  45.476  -59.650  18.219 0.0000000000
20822  37.552  -62.572  16.258 0.0000000000
19772  42.937  -63.569  14.335 0.0000000000
19767  47.638  -63.272  13.427 0.0000000000
18755  47.810  -63.690  10.500 0.0000000000
14113  45.386  -68.884  15.080 0.0000000000
20732  34.421  -61.384  23.100 0.0000000000
21837  33.556  -61.053  19.344 0.0000000000
19742  33.357  -63.448  17.006 0.0000000000
18698  47.509  -64.229  18.606 0.0000000000
14903  42.696  -68.951  19.557 0.0000000000
22949  45.804  -60.721  11.810 0.0000000000
25027  45.037  -59.078  14.683 0.0000000000
18707  38.394  -64.578  15.869 0.0000000000
17710  40.992  -65.682  15.876 0.0000000000
16788  46.164  -67.193  15.989 0.0000000000
18720  46.219  -65.125  14.303 0.0000000000
18726  47.706  -64.486  13.313 0.0000000000
20860  49.863  -62.222  11.356 0.0000000000
17726  47.870  -64.683  12.382 0.0000000000
14929  44.616  -68.357  14.357 0.0000000000
176002  30.779  -60.431  20.529 0.0000000000
21853  33.240  -61.708  17.564 0.0000000000
20791  30.874  -61.914  18.656 0.0000000000
20815  44.660  -61.993  16.429 0.0000000000
19736  47.149  -63.258  17.507 0.0000000000
23991  43.353  -59.570  19.176 0.0000000000
21825  45.137  -61.378  20.273 0.0000000000
16775  40.253  -67.032  17.794 0.0000000000
16782  42.070  -66.760  16.873 0.0000000000
15838  42.108  -67.884  18.188 0.0000000000
15836  44.952  -68.192  17.826 0.0000000000
15834  46.233  -68.391  18.027 0.0000000000
24014  47.817  -59.790  15.278 0.0000000000
22899  48.105  -60.521  17.174 0.0000000000
193869  46.040  -58.686  15.810 0.0000000000
25947  43.617  -58.692  16.780 0.0000000000
170503  42.796  -64.581  11.048 0.0000000000
20786  38.133  -61.649  17.728 0.0000000000
20833  42.244  -62.479  15.135 0.0000000000
20830  44.910  -61.886  14.628 0.0000000000
17717  43.590  -65.125  14.924 0.0000000000
19770  44.947  -63.302  13.620 0.0000000000
21878  47.303  -62.018  14.285 0.0000000000
22922  48.667  -60.380  13.197 0.0000000000
22959  48.518  -60.923  11.309 0.0000000000
19793  46.644  -63.738  10.429 0.0000000000
14928  46.361  -68.078  14.737 0.0000000000
15890  46.098  -66.619  12.590 0.0000000000
16821  45.830  -66.007  11.747 0.0000000000
17737  44.371  -65.358  11.463 0.0000000000
20741  36.103  -62.212  22.456 0.0000000000
173491  36.184  -61.729  20.747 0.0000000000
20757  33.556  -60.957  21.284 0.0000000000
21835  35.307  -61.466  19.341 0.0000000000
20805  34.913  -61.822  17.563 0.0000000000
18718  35.506  -63.649  16.561 0.0000000000
18709  36.358  -65.007  16.781 0.0000000000
18702  34.013  -65.105  17.571 0.0000000000
173216  36.928  -66.289  17.578 0.0000000000
21844  48.135  -61.638  18.797 0.0000000000
173294  37.755  -61.969  20.758 0.0000000000
19709  39.151  -62.596  21.001 0.0000000000
20767  39.053  -62.340  20.143 0.0000000000
21919  45.576  -61.887  11.086 0.0000000000
22950  44.669  -60.913  11.636 0.0000000000
177040  38.729  -65.587  16.455 0.0000000000
17712  39.280  -65.048  15.784 0.0000000000
17701  39.601  -65.844  16.508 0.0000000000
16787  46.522  -67.254  15.837 0.0000000000
175344  46.649  -65.815  14.662 0.0000000000
17720  47.354  -65.817  14.091 0.0000000000
17723  47.783  -64.712  13.045 0.0000000000
16798  47.468  -65.680  13.531 0.0000000000
13296  43.900  -70.020  16.206 0.0000000000
189470  31.218  -61.284  18.889 0.0000000000
20814  45.826  -62.101  16.390 0.0000000000
20794  46.521  -62.658  16.955 0.0000000000
20793  47.730  -62.596  17.105 0.0000000000
22872  43.401  -60.675  20.316 0.0000000000
15839  41.240  -67.653  18.294 0.0000000000
15827  41.517  -68.169  18.925 0.0000000000
175315  43.678  -69.146  19.755 0.0000000000
15825  43.432  -68.670  18.951 0.0000000000
14902  44.450  -68.776  19.229 0.0000000000
15835  45.835  -68.200  18.030 0.0000000000
14901  45.413  -68.831  19.479 0.0000000000
24020  47.372  -59.312  14.348 0.0000000000
24016  47.124  -58.835  15.649 0.0000000000
25026  46.496  -58.853  14.691 0.0000000000
189721  44.324  -58.848  15.563 0.0000000000
25957  43.085  -58.291  16.238 0.0000000000
25948  42.688  -58.357  17.142 0.0000000000
20803  37.454  -61.872  17.051 0.0000000000
168400  38.925  -61.681  17.456 0.0000000000
20801  39.033  -62.070  16.408 0.0000000000
20832  43.260  -62.167  15.302 0.0000000000
165412  43.818  -62.288  14.439 0.0000000000
166031  43.097  -66.991  16.743 0.0000000000
16792  42.689  -66.293  16.189 0.0000000000
17708  44.084  -65.997  15.550 0.0000000000
19768  46.867  -63.730  13.502 0.0000000000
18729  45.534  -64.247  13.819 0.0000000000
19779  46.594  -63.056  13.594 0.0000000000
20841  46.399  -62.472  13.954 0.0000000000
20854  48.150  -62.401  13.689 0.0000000000
21876  48.619  -60.887  13.716 0.0000000000
21888  48.863  -61.769  13.541 0.0000000000
19787  48.946  -62.486  11.289 0.0000000000
21902  49.210  -61.289  11.323 0.0000000000
176058  48.397  -62.380  10.840 0.0000000000
20868  47.584  -62.312  10.696 0.0000000000
19792  47.453  -63.768  10.301 0.0000000000
10148  43.183  -73.863  20.028 0.0000000000
12495  45.341  -70.794  17.202 0.0000000000
12487  45.954  -70.470  17.959 0.0000000000
190216  46.085  -69.806  16.957 0.0000000000
14112  45.883  -68.542  14.869 0.0000000000
14952  46.395  -67.157  13.470 0.0000000000
14953  45.899  -67.431  13.590 0.0000000000
14946  44.020  -67.973  13.986 0.0000000000
15878  45.394  -66.983  12.920 0.0000000000
15879  44.590  -66.902  12.820 0.0000000000
16822  44.926  -65.941  11.872 0.0000000000
16808  43.779  -66.472  12.456 0.0000000000
19690  35.352  -62.363  23.631 0.0000000000
163734  34.857  -61.833  22.990 0.0000000000
20755  36.132  -61.911  21.552 0.0000000000
166350  35.180  -61.760  22.054 0.0000000000
21830  32.252  -60.368  20.143 0.0000000000
21816  32.967  -60.451  21.340 0.0000000000
21829  33.549  -60.976  20.391 0.0000000000
188715  34.151  -61.280  20.081 0.0000000000
21836  34.447  -61.383  19.365 0.0000000000
21845  35.601  -61.551  18.443 0.0000000000
21852  34.031  -61.494  17.840 0.0000000000
20807  33.260  -62.544  17.104 0.0000000000
19754  34.019  -62.855  16.732 0.0000000000
19741  34.129  -63.722  16.817 0.0000000000
18710  35.595  -64.583  16.800 0.0000000000
18711  34.848  -64.134  16.796 0.0000000000
18690  32.853  -65.528  18.613 0.0000000000
17697  33.775  -65.752  18.337 0.0000000000
17695  35.221  -65.982  17.789 0.0000000000
23998  46.417  -59.677  18.013 0.0000000000
22891  48.036  -60.895  18.116 0.0000000000
22881  46.557  -60.705  19.184 0.0000000000
20766  47.265  -62.264  20.798 0.0000000000
22931  46.330  -60.117  12.434 0.0000000000
24031  46.195  -59.271  13.711 0.0000000000
19750  37.758  -63.702  15.919 0.0000000000
19748  39.098  -62.854  15.584 0.0000000000
18716  39.152  -63.954  15.465 0.0000000000
189338  41.685  -65.066  15.204 0.0000000000
16789  45.430  -66.853  15.839 0.0000000000
17707  45.000  -66.262  15.504 0.0000000000
17714  46.013  -65.903  14.862 0.0000000000
18719  46.996  -65.206  14.151 0.0000000000
18734  48.011  -63.681  13.150 0.0000000000
20852  49.347  -62.037  12.895 0.0000000000
18738  48.612  -63.168  12.567 0.0000000000
18740  48.428  -63.431  11.583 0.0000000000
18742  48.057  -63.912  11.083 0.0000000000
14123  45.035  -68.661  14.695 0.0000000000
13295  44.747  -69.880  15.925 0.0000000000
14103  44.222  -69.444  15.535 0.0000000000
22884  32.022  -60.538  19.472 0.0000000000
21847  33.291  -61.221  18.321 0.0000000000
22894  31.818  -60.904  18.742 0.0000000000
21849  31.528  -61.544  18.274 0.0000000000
19744  31.783  -62.747  17.563 0.0000000000
19737  46.058  -63.391  17.408 0.0000000000
189924  47.546  -63.650  18.035 0.0000000000
23990  44.246  -59.891  19.022 0.0000000000
22882  45.563  -60.547  19.286 0.0000000000
22883  44.692  -60.413  19.435 0.0000000000
21813  44.532  -61.479  20.687 0.0000000000
16784  39.926  -66.488  17.198 0.0000000000
17700  40.432  -66.103  16.558 0.0000000000
190055  41.336  -66.874  17.227 0.0000000000
16773  41.713  -67.336  17.612 0.0000000000
15848  43.592  -67.627  17.265 0.0000000000
166279  44.085  -68.115  17.676 0.0000000000
15847  44.590  -67.819  17.102 0.0000000000
15846  45.591  -67.944  17.201 0.0000000000
15845  46.240  -68.014  17.310 0.0000000000
163756  48.072  -60.904  15.476 0.0000000000
178599  48.241  -60.988  16.502 0.0000000000
22906  48.058  -60.233  16.454 0.0000000000
24005  46.701  -59.235  17.121 0.0000000000
24006  45.785  -59.260  17.518 0.0000000000
25983  45.373  -59.026  15.015 0.0000000000
25014  44.859  -59.052  16.555 0.0000000000
24007  44.911  -59.372  17.704 0.0000000000
25000  43.227  -59.115  18.382 0.0000000000
192291  42.706  -59.154  18.941 0.0000000000
18748  43.410  -63.957  10.797 0.0000000000
20776  38.045  -61.664  18.798 0.0000000000
193444  38.688  -61.877  19.339 0.0000000000
187725  38.799  -61.675  18.482 0.0000000000
21862  45.263  -61.765  15.599 0.0000000000
21861  46.364  -61.761  15.721 0.0000000000
191175  42.955  -64.369  14.579 0.0000000000
17716  44.582  -65.536  15.063 0.0000000000
18730  44.489  -64.107  13.959 0.0000000000
19771  43.800  -63.123  13.887 0.0000000000
20843  44.635  -62.416  13.939 0.0000000000
21879  46.364  -62.036  14.443 0.0000000000
21869  47.631  -61.276  14.943 0.0000000000
21868  48.078  -60.805  14.478 0.0000000000
24028  47.893  -59.863  13.776 0.0000000000
24043  48.211  -59.940  13.092 0.0000000000
21886  49.601  -61.465  12.355 0.0000000000
22946  48.847  -60.621  11.854 0.0000000000
24055  47.403  -59.968  12.420 0.0000000000
22948  46.929  -60.580  11.800 0.0000000000
21918  46.579  -61.978  10.870 0.0000000000
19794  45.606  -63.561  10.757 0.0000000000
14908  46.669  -69.632  18.397 0.0000000000
10925  44.575  -72.271  19.249 0.0000000000
177285  46.594  -68.902  16.937 0.0000000000
15856  46.784  -67.355  14.654 0.0000000000
15862  47.237  -66.336  13.317 0.0000000000
15875  47.101  -66.089  12.587 0.0000000000
16828  47.017  -65.345  11.031 0.0000000000
14954  45.390  -67.481  13.559 0.0000000000
15891  45.819  -66.573  12.431 0.0000000000
17749  46.848  -65.148  10.637 0.0000000000
174982  46.252  -64.907  10.764 0.0000000000
18746  45.420  -64.559  10.936 0.0000000000
18747  44.453  -64.282  10.943 0.0000000000
17738  43.238  -65.345  11.569 0.0000000000
19671  37.557  -63.173  23.567 0.0000000000
19689  36.059  -62.554  23.318 0.0000000000
19688  36.945  -62.693  22.882 0.0000000000
20754  36.923  -62.215  21.977 0.0000000000
168741  36.981  -61.875  21.024 0.0000000000
20769  37.345  -61.738  20.251 0.0000000000
22850  32.521  -59.712  22.318 0.0000000000
20742  34.190  -61.311  22.159 0.0000000000
20756  34.369  -61.382  21.046 0.0000000000
21827  35.779  -61.538  20.090 0.0000000000
20777  37.177  -61.586  19.260 0.0000000000
20788  36.490  -61.593  18.324 0.0000000000
20804  36.680  -61.879  17.385 0.0000000000
20823  36.792  -62.431  16.582 0.0000000000
20806  34.026  -62.101  17.169 0.0000000000
169551  35.431  -62.834  16.646 0.0000000000
19751  36.929  -63.419  16.225 0.0000000000
18708  37.116  -64.556  16.330 0.0000000000
173860  37.023  -65.543  16.873 0.0000000000
17705  34.873  -65.105  17.264 0.0000000000
17703  36.423  -65.725  17.231 0.0000000000
16786  38.260  -66.109  17.144 0.0000000000
169361  48.398  -62.039  17.561 0.0000000000
20781  48.369  -62.540  18.285 0.0000000000
19721  48.315  -63.207  18.723 0.0000000000
21834  47.060  -61.328  19.638 0.0000000000
21822  48.137  -62.286  19.517 0.0000000000
9419  42.919  -74.245  20.070 0.0000000000
10149  43.884  -73.077  19.659 0.0000000000
13284  45.744  -70.215  17.018 0.0000000000
13287  43.440  -70.624  16.983 0.0000000000
13293  45.772  -69.728  16.270 0.0000000000
13294  45.328  -69.542  15.703 0.0000000000
14093  46.523  -69.494  17.768 0.0000000000
14101  46.609  -68.731  16.147 0.0000000000
14102  45.876  -69.150  15.528 0.0000000000
14114  44.920  -69.251  15.266 0.0000000000
14122  45.447  -68.327  14.500 0.0000000000
14899  46.875  -69.843  19.008 0.0000000000
14909  46.332  -69.029  18.602 0.0000000000
14910  45.945  -68.600  18.758 0.0000000000
14911  45.189  -68.504  18.635 0.0000000000
14912  44.204  -68.455  18.363 0.0000000000
14922  46.626  -68.064  15.457 0.0000000000
14942  46.368  -67.532  14.050 0.0000000000
14943  45.862  -67.947  14.280 0.0000000000
14944  45.504  -67.801  14.044 0.0000000000
14945  44.805  -67.798  13.824 0.0000000000
14955  44.972  -67.364  13.312 0.0000000000
15837  43.190  -68.121  18.085 0.0000000000
15849  42.616  -67.457  17.462 0.0000000000
15852  46.444  -67.703  16.602 0.0000000000
15854  46.722  -67.399  15.566 0.0000000000
15855  47.197  -66.518  14.132 0.0000000000
15863  46.919  -67.052  13.750 0.0000000000
15864  44.261  -67.449  13.426 0.0000000000
15876  46.718  -66.691  13.097 0.0000000000
15877  45.809  -66.993  13.012 0.0000000000
15880  43.590  -67.008  13.015 0.0000000000
15889  46.507  -66.382  12.519 0.0000000000
15892  45.267  -66.521  12.318 0.0000000000
16774  40.967  -67.194  17.727 0.0000000000
16776  39.458  -66.869  17.864 0.0000000000
16780  46.123  -67.691  16.697 0.0000000000
16781  45.267  -67.406  16.434 0.0000000000
16783  40.695  -66.683  17.210 0.0000000000
16791  43.604  -66.521  16.103 0.0000000000
16793  47.092  -66.349  14.593 0.0000000000
16794  46.858  -66.678  15.171 0.0000000000
16795  46.519  -66.530  15.230 0.0000000000
16806  47.524  -65.513  12.841 0.0000000000
16807  44.531  -66.385  12.265 0.0000000000
16818  47.469  -65.352  12.083 0.0000000000
16819  46.855  -65.727  11.820 0.0000000000
16820  46.235  -66.144  12.069 0.0000000000
16823  44.000  -65.929  11.941 0.0000000000
16829  46.501  -65.630  11.339 0.0000000000
17694  36.064  -66.189  17.741 0.0000000000
17696  34.489  -65.714  17.855 0.0000000000
17699  41.228  -66.370  16.649 0.0000000000
17702  37.823  -65.329  16.509 0.0000000000
17704  35.750  -65.461  17.242 0.0000000000
17706  45.840  -66.476  15.439 0.0000000000
17709  43.159  -65.784  15.587 0.0000000000
17711  40.146  -65.379  15.855 0.0000000000
17713  47.017  -65.969  14.565 0.0000000000
17715  45.341  -65.893  15.090 0.0000000000
17721  47.360  -65.225  13.843 0.0000000000
17725  48.253  -63.892  12.543 0.0000000000
17733  48.327  -64.050  11.979 0.0000000000
17734  47.877  -64.672  11.673 0.0000000000
17735  47.436  -65.143  11.291 0.0000000000
17736  45.334  -65.442  11.372 0.0000000000
17746  48.149  -64.129  11.432 0.0000000000
17747  47.828  -64.515  11.082 0.0000000000
17748  47.428  -64.915  10.615 0.0000000000
17750  46.158  -65.414  11.097 0.0000000000
17751  44.850  -64.873  11.111 0.0000000000
17752  43.859  -64.706  11.110 0.0000000000
18697  48.274  -63.962  19.008 0.0000000000
18703  33.160  -64.991  17.826 0.0000000000
18717  36.267  -64.065  16.436 0.0000000000
18721  44.269  -64.802  14.553 0.0000000000
18722  42.157  -64.030  14.595 0.0000000000
18727  47.414  -64.375  13.499 0.0000000000
18728  46.542  -64.377  13.731 0.0000000000
18731  43.594  -64.139  14.248 0.0000000000
18733  48.157  -63.794  12.940 0.0000000000
18736  48.948  -62.648  11.634 0.0000000000
18737  48.624  -63.245  12.103 0.0000000000
18743  47.714  -64.224  10.507 0.0000000000
18744  47.308  -64.672  10.249 0.0000000000
18745  46.794  -64.739  10.359 0.0000000000
18756  46.967  -64.284  10.234 0.0000000000
18757  46.163  -64.286  10.655 0.0000000000
18758  45.030  -63.950  10.836 0.0000000000
18759  44.148  -63.705  10.891 0.0000000000
19672  36.710  -62.985  23.832 0.0000000000
19699  37.513  -62.605  22.277 0.0000000000
19722  48.082  -63.508  18.407 0.0000000000
19723  46.729  -63.943  17.931 0.0000000000
19734  48.317  -62.980  18.174 0.0000000000
19735  47.960  -63.086  17.830 0.0000000000
19749  38.506  -63.542  15.636 0.0000000000
19752  36.156  -63.104  16.433 0.0000000000
19753  34.758  -63.242  16.624 0.0000000000
19769  45.978  -63.549  13.544 0.0000000000
19776  49.025  -62.628  12.654 0.0000000000
19777  48.559  -63.146  12.971 0.0000000000
19778  48.346  -63.025  13.257 0.0000000000
19780  45.623  -62.799  13.702 0.0000000000
19782  49.497  -62.437  11.638 0.0000000000
19783  49.062  -62.662  12.126 0.0000000000
19785  49.473  -62.385  11.349 0.0000000000
19788  48.495  -62.948  11.247 0.0000000000
19789  48.210  -63.041  10.876 0.0000000000
20731  34.832  -62.015  23.784 0.0000000000
20764  48.383  -62.988  20.029 0.0000000000
20768  38.456  -62.272  20.880 0.0000000000
20770  36.616  -61.600  20.126 0.0000000000
20771  35.397  -61.668  20.944 0.0000000000
20773  48.376  -62.803  19.096 0.0000000000
20775  39.399  -62.002  19.236 0.0000000000
20778  36.181  -61.469  19.293 0.0000000000
20787  37.336  -61.622  18.056 0.0000000000
20789  35.873  -61.881  17.597 0.0000000000
20790  31.267  -62.329  18.056 0.0000000000
20792  48.286  -62.584  17.654 0.0000000000
20795  45.406  -62.657  16.954 0.0000000000
20802  38.230  -61.962  16.735 0.0000000000
20808  32.461  -62.190  17.439 0.0000000000
20809  31.810  -61.939  17.732 0.0000000000
20812  48.203  -62.144  16.995 0.0000000000
20813  46.990  -62.138  16.417 0.0000000000
20821  38.316  -62.679  15.918 0.0000000000
20824  36.064  -62.361  16.900 0.0000000000
20825  34.748  -62.481  16.855 0.0000000000
20831  44.207  -61.826  15.270 0.0000000000
20842  45.569  -62.185  14.156 0.0000000000
20853  48.849  -62.579  13.222 0.0000000000
20861  49.580  -62.214  12.106 0.0000000000
20863  49.704  -62.241  11.243 0.0000000000
20867  48.551  -62.628  10.957 0.0000000000
20869  46.669  -62.641  10.616 0.0000000000
20870  45.787  -62.531  10.818 0.0000000000
20871  44.656  -62.346  11.026 0.0000000000
20881  47.914  -62.990  10.561 0.0000000000
20882  47.146  -63.144  10.421 0.0000000000
20883  46.177  -63.121  10.630 0.0000000000
20884  45.107  -62.939  10.792 0.0000000000
21823  47.589  -61.931  20.076 0.0000000000
21824  46.663  -61.728  20.298 0.0000000000
21826  44.345  -60.919  20.109 0.0000000000
21828  34.908  -61.493  20.150 0.0000000000
21833  47.800  -61.606  19.397 0.0000000000
21838  32.613  -60.810  18.862 0.0000000000
21839  31.325  -60.792  19.429 0.0000000000
21840  30.589  -61.385  19.422 0.0000000000
21843  48.399  -61.787  18.140 0.0000000000
21846  34.731  -61.463  18.521 0.0000000000
21848  32.348  -61.301  17.990 0.0000000000
21859  48.006  -61.566  16.196 0.0000000000
21870  46.845  -61.654  14.963 0.0000000000
21871  45.848  -61.791  14.892 0.0000000000
21877  48.191  -61.500  14.128 0.0000000000
21887  49.223  -61.146  13.089 0.0000000000
21894  49.809  -61.737  11.706 0.0000000000
21901  49.762  -61.782  11.289 0.0000000000
21903  47.541  -61.229  11.147 0.0000000000
21904  46.306  -61.298  11.360 0.0000000000
21905  44.806  -61.668  11.254 0.0000000000
21916  49.228  -62.074  10.959 0.0000000000
21917  48.494  -61.639  10.936 0.0000000000
22871  45.960  -61.208  19.809 0.0000000000
22874  32.184  -60.164  20.793 0.0000000000
22876  30.822  -60.693  19.949 0.0000000000
22880  47.614  -60.974  18.993 0.0000000000
22890  48.356  -61.339  17.400 0.0000000000
22892  47.074  -60.300  18.507 0.0000000000
22893  46.028  -60.113  18.702 0.0000000000
22900  47.405  -59.977  17.677 0.0000000000
22905  48.057  -60.315  15.776 0.0000000000
22911  47.952  -60.292  14.938 0.0000000000
22917  48.140  -60.281  14.055 0.0000000000
22921  49.201  -60.812  12.523 0.0000000000
22930  48.927  -60.346  12.470 0.0000000000
22945  49.534  -61.024  11.855 0.0000000000
22947  48.010  -60.432  11.757 0.0000000000
23982  43.828  -60.241  19.646 0.0000000000
23989  45.093  -60.055  18.829 0.0000000000
24000  44.607  -59.645  18.389 0.0000000000
24001  43.888  -59.522  18.587 0.0000000000
24004  47.626  -59.707  16.828 0.0000000000
24011  47.728  -59.529  15.943 0.0000000000
24012  47.188  -59.079  16.393 0.0000000000
24015  47.466  -59.258  15.096 0.0000000000
24019  47.702  -59.769  14.559 0.0000000000
24029  47.456  -59.519  13.706 0.0000000000
24044  47.556  -59.722  13.116 0.0000000000
24045  46.775  -59.587  13.101 0.0000000000
24054  48.265  -60.086  12.451 0.0000000000
24999  44.051  -59.303  17.956 0.0000000000
25001  42.411  -58.777  18.479 0.0000000000
25006  45.961  -58.890  16.872 0.0000000000
25007  45.248  -59.104  17.006 0.0000000000
25008  44.327  -59.111  17.139 0.0000000000
25009  43.436  -58.859  17.560 0.0000000000
25010  42.766  -58.676  17.903 0.0000000000
25012  46.453  -58.747  16.227 0.0000000000
25013  45.590  -58.848  16.268 0.0000000000
25016  47.013  -58.833  14.849 0.0000000000
25017  46.419  -58.707  15.348 0.0000000000
25025  46.970  -59.002  14.230 0.0000000000
25040  46.427  -59.023  14.238 0.0000000000
25041  45.646  -59.126  14.266 0.0000000000
25042  44.659  -59.106  14.227 0.0000000000
25946  44.295  -58.962  16.485 0.0000000000
25955  44.801  -58.963  15.944 0.0000000000
25956  43.928  -58.740  16.074 0.0000000000
25967  46.029  -58.866  14.992 0.0000000000
25968  45.636  -58.860  15.498 0.0000000000
25969  44.923  -59.003  15.370 0.0000000000
25970  43.593  -58.523  15.559 0.0000000000
25984  44.380  -58.841  15.082 0.0000000000
154672  45.274  -71.374  18.890 0.0000000000
159883  45.231  -71.322  18.464 0.0000000000
163434  33.854  -60.807  22.468 0.0000000000
165273  47.544  -65.168  13.587 0.0000000000
165513  45.115  -60.911  19.749 0.0000000000
167244  44.451  -68.883  14.930 0.0000000000
167668  45.812  -61.706  20.427 0.0000000000
167896  34.156  -60.763  23.223 0.0000000000
168861  46.193  -66.898  13.022 0.0000000000
168966  32.523  -63.142  17.234 0.0000000000
172800  44.105  -67.229  16.563 0.0000000000
172933  45.212  -65.077  14.551 0.0000000000
173236  32.804  -60.647  19.786 0.0000000000
173915  35.470  -62.145  22.922 0.0000000000
174205  45.749  -70.538  17.599 0.0000000000
174221  48.331  -62.233  18.733 0.0000000000
174549  45.641  -65.027  11.071 0.0000000000
174706  34.008  -61.338  18.660 0.0000000000
175047  32.889  -60.587  20.637 0.0000000000
175085  45.157  -68.057  14.192 0.0000000000
175667  45.919  -59.034  14.661 0.0000000000
179115  48.007  -63.536  10.717 0.0000000000
179140  44.186  -62.756  10.973 0.0000000000
183839  46.484  -69.005  17.893 0.0000000000
186154  44.322  -61.992  14.461 0.0000000000
186194  45.418  -61.296  11.401 0.0000000000
187570  47.528  -64.201  10.291 0.0000000000
189206  47.831  -62.062  16.504 0.0000000000
190433  37.558  -66.003  17.152 0.0000000000
190519  47.238  -62.629  13.765 0.0000000000
191037  37.758  -64.569  16.104 0.0000000000
191209  48.344  -61.672  16.928 0.0000000000
193686  34.285  -64.495  17.108 0.0000000000
194723  35.414  -62.262  17.075 0.0000000000
