#!ascii label  , from subject sub-v1s8x0051343_ses-1 vox2ras=TkReg
1155
93653  -41.912  10.392  47.316 0.0000000000
103152  -44.177  26.772  49.936 0.0000000000
96135  -42.825  14.787  55.886 0.0000000000
137273  -50.121  16.989  53.174 0.0000000000
103160  -49.018  27.438  49.428 0.0000000000
121400  -49.213  24.280  55.918 0.0000000000
100760  -47.719  22.844  52.740 0.0000000000
97453  -45.357  16.681  52.199 0.0000000000
120176  -45.259  5.504  57.332 0.0000000000
90741  -39.734  7.170  51.390 0.0000000000
106083  -37.640  31.747  45.793 0.0000000000
105523  -44.703  29.887  44.512 0.0000000000
104431  -50.589  28.432  43.874 0.0000000000
94255  -45.476  11.846  52.659 0.0000000000
101315  -42.884  23.736  54.629 0.0000000000
131060  -48.580  15.599  55.596 0.0000000000
94943  -50.752  12.633  47.419 0.0000000000
96229  -46.560  14.476  46.668 0.0000000000
96893  -41.215  14.845  47.478 0.0000000000
120153  -43.663  11.734  45.248 0.0000000000
126813  -49.984  24.631  48.160 0.0000000000
143773  -50.380  24.530  51.810 0.0000000000
100786  -49.822  22.447  49.665 0.0000000000
100762  -46.046  22.181  50.725 0.0000000000
90730  -42.727  6.138  53.779 0.0000000000
122604  -41.088  6.862  54.120 0.0000000000
106623  -34.401  33.110  47.631 0.0000000000
105029  -48.106  29.600  44.255 0.0000000000
94235  -43.065  11.568  54.930 0.0000000000
94214  -46.489  11.648  57.592 0.0000000000
103138  -40.956  26.286  50.468 0.0000000000
103741  -43.613  27.913  54.961 0.0000000000
99615  -50.591  20.456  56.187 0.0000000000
99051  -48.327  20.083  56.513 0.0000000000
97438  -51.241  16.787  55.055 0.0000000000
95544  -50.896  13.440  52.793 0.0000000000
96172  -51.781  14.905  49.853 0.0000000000
96231  -49.936  14.363  45.494 0.0000000000
137489  -48.909  14.675  49.252 0.0000000000
96871  -43.075  15.367  49.566 0.0000000000
120538  -47.436  28.248  50.723 0.0000000000
103729  -46.705  28.484  55.042 0.0000000000
103118  -48.924  27.060  53.509 0.0000000000
101319  -50.239  23.598  54.850 0.0000000000
99616  -48.299  20.402  54.421 0.0000000000
98020  -47.745  17.065  52.795 0.0000000000
99078  -46.492  19.667  53.287 0.0000000000
99104  -44.418  19.699  51.834 0.0000000000
120170  -45.246  5.508  53.453 0.0000000000
89988  -41.590  5.350  50.200 0.0000000000
124478  -40.453  8.596  49.138 0.0000000000
127038  -36.843  30.182  50.344 0.0000000000
104392  -37.867  29.035  47.965 0.0000000000
104396  -41.666  28.646  47.506 0.0000000000
104399  -44.641  28.893  47.506 0.0000000000
104999  -47.459  29.534  47.336 0.0000000000
103817  -50.088  28.320  47.130 0.0000000000
102559  -50.948  24.699  44.995 0.0000000000
103208  -51.854  26.221  42.755 0.0000000000
92932  -40.095  10.007  52.816 0.0000000000
138533  -41.746  10.531  51.315 0.0000000000
94282  -44.509  11.324  49.444 0.0000000000
98547  -42.908  18.865  55.488 0.0000000000
101318  -46.101  24.140  54.811 0.0000000000
99067  -45.307  19.584  55.585 0.0000000000
96805  -46.159  15.200  55.581 0.0000000000
94878  -48.395  12.310  54.964 0.0000000000
94911  -48.315  12.610  50.545 0.0000000000
121661  -46.239  12.008  47.028 0.0000000000
94974  -48.330  12.941  43.866 0.0000000000
144938  -47.734  14.966  42.017 0.0000000000
96258  -44.213  14.566  43.567 0.0000000000
96874  -45.885  14.885  49.440 0.0000000000
125281  -44.209  14.360  46.796 0.0000000000
120142  -40.785  14.274  44.451 0.0000000000
92268  -40.725  8.331  47.468 0.0000000000
92982  -41.292  9.550  46.344 0.0000000000
94305  -42.725  11.287  46.152 0.0000000000
101358  -50.919  22.808  47.223 0.0000000000
101350  -51.065  22.756  49.127 0.0000000000
100804  -50.530  22.380  48.270 0.0000000000
100802  -48.209  22.345  48.500 0.0000000000
122501  -44.885  12.604  57.666 0.0000000000
103140  -42.791  26.392  50.412 0.0000000000
98006  -50.731  18.181  54.548 0.0000000000
98552  -51.110  18.904  56.109 0.0000000000
97444  -51.358  16.549  53.738 0.0000000000
144291  -51.773  15.851  53.008 0.0000000000
96836  -51.221  16.065  51.641 0.0000000000
126988  -50.155  14.870  49.364 0.0000000000
96835  -50.273  15.856  51.246 0.0000000000
103781  -48.430  28.471  50.070 0.0000000000
103762  -47.993  28.686  52.079 0.0000000000
103143  -48.457  27.535  51.228 0.0000000000
101329  -50.150  23.628  52.060 0.0000000000
101326  -50.374  24.153  53.016 0.0000000000
101322  -49.130  23.023  54.157 0.0000000000
100178  -49.514  21.845  54.906 0.0000000000
100182  -47.695  21.759  53.682 0.0000000000
132426  -47.276  19.977  53.806 0.0000000000
100181  -46.878  21.317  53.233 0.0000000000
99639  -45.294  20.915  51.892 0.0000000000
90733  -41.319  6.221  52.781 0.0000000000
89970  -42.509  5.337  51.934 0.0000000000
89969  -41.086  5.542  51.136 0.0000000000
130103  -40.479  6.409  49.719 0.0000000000
92255  -40.200  8.221  49.961 0.0000000000
106633  -35.866  32.156  46.234 0.0000000000
106073  -35.900  31.110  47.579 0.0000000000
105505  -38.154  30.482  47.073 0.0000000000
104394  -39.753  28.557  47.700 0.0000000000
105508  -40.070  30.594  46.408 0.0000000000
142497  -43.105  30.529  44.340 0.0000000000
105511  -43.067  30.244  46.074 0.0000000000
105015  -45.043  29.751  46.286 0.0000000000
104998  -46.293  29.597  47.166 0.0000000000
105016  -45.844  29.749  46.008 0.0000000000
130014  -49.382  29.380  44.135 0.0000000000
105020  -48.898  29.211  46.205 0.0000000000
103837  -49.692  28.173  45.162 0.0000000000
103178  -50.605  26.217  46.450 0.0000000000
103193  -50.694  26.573  44.297 0.0000000000
102570  -51.063  25.401  43.699 0.0000000000
103851  -51.155  27.340  43.692 0.0000000000
93592  -38.918  9.987  57.248 0.0000000000
92925  -37.566  9.250  55.908 0.0000000000
93605  -38.825  10.346  55.262 0.0000000000
92929  -39.192  9.798  54.139 0.0000000000
94226  -39.945  11.323  55.103 0.0000000000
94245  -44.493  11.692  53.364 0.0000000000
94252  -42.776  11.501  52.826 0.0000000000
94265  -44.025  11.470  51.534 0.0000000000
93634  -43.055  10.811  49.947 0.0000000000
120397  -44.744  11.482  50.858 0.0000000000
100748  -41.799  22.970  54.835 0.0000000000
99609  -41.688  20.726  55.433 0.0000000000
100170  -43.013  21.254  55.373 0.0000000000
102508  -47.591  27.327  55.375 0.0000000000
102507  -46.633  26.624  55.181 0.0000000000
101901  -47.265  24.245  55.310 0.0000000000
97987  -48.333  18.000  56.159 0.0000000000
99050  -47.229  20.087  56.182 0.0000000000
98551  -47.280  17.892  55.833 0.0000000000
136220  -46.064  16.949  55.583 0.0000000000
96806  -47.419  15.118  55.606 0.0000000000
95528  -48.226  13.065  56.279 0.0000000000
126857  -48.757  13.615  55.901 0.0000000000
94914  -50.555  12.794  50.125 0.0000000000
94903  -49.183  12.660  51.614 0.0000000000
121525  -49.584  12.469  49.135 0.0000000000
94285  -47.527  12.202  49.042 0.0000000000
94941  -48.209  12.326  47.157 0.0000000000
94950  -47.280  12.330  45.825 0.0000000000
143091  -49.193  12.593  45.424 0.0000000000
96230  -48.832  14.519  45.453 0.0000000000
96260  -48.665  14.556  43.388 0.0000000000
96259  -47.691  14.854  43.268 0.0000000000
96271  -46.265  15.023  42.434 0.0000000000
120138  -45.442  14.544  44.496 0.0000000000
97454  -46.286  16.622  52.312 0.0000000000
133592  -46.936  15.324  50.855 0.0000000000
96831  -45.197  15.544  51.141 0.0000000000
96886  -42.492  15.238  48.609 0.0000000000
96887  -43.581  15.079  48.664 0.0000000000
96207  -42.656  14.545  47.158 0.0000000000
96241  -42.669  14.172  45.866 0.0000000000
96224  -41.054  14.348  46.172 0.0000000000
96239  -40.140  14.284  44.759 0.0000000000
90006  -43.009  5.009  48.897 0.0000000000
94970  -43.896  12.213  43.718 0.0000000000
102540  -49.298  25.891  48.752 0.0000000000
102530  -49.744  25.075  51.087 0.0000000000
101919  -50.351  24.127  50.328 0.0000000000
101334  -50.965  23.109  50.502 0.0000000000
101332  -48.843  23.180  51.484 0.0000000000
100759  -46.862  22.481  52.164 0.0000000000
139810  -47.759  22.581  50.050 0.0000000000
144334  -44.415  5.609  55.547 0.0000000000
89919  -42.749  5.971  55.334 0.0000000000
90732  -40.451  6.680  52.506 0.0000000000
107158  -35.888  34.107  44.930 0.0000000000
138827  -46.574  29.662  44.746 0.0000000000
105036  -50.085  29.879  42.838 0.0000000000
105037  -51.022  29.672  42.698 0.0000000000
127255  -41.424  11.435  55.785 0.0000000000
139530  -44.543  11.312  56.212 0.0000000000
94237  -45.772  11.647  54.990 0.0000000000
102504  -43.458  26.399  55.037 0.0000000000
100724  -50.107  22.554  56.488 0.0000000000
100744  -48.613  22.778  56.268 0.0000000000
99596  -49.983  20.757  56.773 0.0000000000
98537  -50.229  18.814  56.600 0.0000000000
122687  -50.654  15.954  55.454 0.0000000000
96145  -50.497  14.137  55.024 0.0000000000
96148  -51.184  14.554  53.822 0.0000000000
95551  -51.641  13.871  51.080 0.0000000000
95563  -51.629  13.420  48.580 0.0000000000
94965  -50.818  13.632  45.420 0.0000000000
96215  -51.624  14.055  47.126 0.0000000000
122100  -49.903  14.510  47.555 0.0000000000
96197  -47.637  14.472  47.913 0.0000000000
96830  -44.300  15.747  51.212 0.0000000000
128289  -41.398  16.860  55.519 0.0000000000
103142  -45.333  26.914  50.402 0.0000000000
103117  -45.333  27.566  52.820 0.0000000000
103761  -47.283  28.355  52.518 0.0000000000
103731  -48.205  28.248  54.600 0.0000000000
140208  -49.156  26.416  55.337 0.0000000000
102523  -50.000  25.344  52.647 0.0000000000
128021  -50.085  25.549  54.376 0.0000000000
101903  -50.112  24.760  55.370 0.0000000000
100179  -50.316  22.220  55.574 0.0000000000
127937  -50.079  19.836  55.223 0.0000000000
98555  -49.705  18.631  54.418 0.0000000000
97456  -49.349  16.753  52.726 0.0000000000
98560  -47.863  18.570  53.804 0.0000000000
98009  -47.010  18.234  53.353 0.0000000000
98569  -45.606  18.491  52.731 0.0000000000
100184  -45.832  20.902  52.439 0.0000000000
99625  -45.407  20.207  52.398 0.0000000000
89942  -44.313  5.643  53.380 0.0000000000
89971  -43.461  5.146  52.017 0.0000000000
143202  -43.239  4.714  50.653 0.0000000000
130478  -41.721  5.498  49.353 0.0000000000
91520  -40.700  7.018  48.451 0.0000000000
131618  -40.941  9.224  47.813 0.0000000000
104368  -37.164  28.480  50.252 0.0000000000
104985  -36.556  29.370  49.161 0.0000000000
140855  -38.310  27.257  49.561 0.0000000000
103773  -39.693  26.883  49.355 0.0000000000
103790  -40.898  27.478  48.599 0.0000000000
103792  -42.646  27.702  48.485 0.0000000000
106090  -39.639  31.859  44.687 0.0000000000
105509  -41.331  30.157  46.455 0.0000000000
141030  -43.069  28.728  47.521 0.0000000000
103794  -44.394  27.667  48.625 0.0000000000
103795  -46.106  27.912  48.795 0.0000000000
104386  -47.529  28.881  48.480 0.0000000000
104986  -48.928  29.439  48.692 0.0000000000
105018  -47.723  29.583  45.998 0.0000000000
105001  -48.920  29.494  47.600 0.0000000000
103798  -50.005  28.552  48.517 0.0000000000
103170  -50.575  26.340  47.370 0.0000000000
102548  -50.771  25.115  46.772 0.0000000000
101393  -50.933  22.940  44.690 0.0000000000
101979  -50.625  23.889  43.383 0.0000000000
138454  -52.191  28.690  42.696 0.0000000000
91485  -39.642  7.957  53.452 0.0000000000
92234  -39.770  8.422  52.158 0.0000000000
94242  -41.358  11.437  53.659 0.0000000000
93624  -41.077  10.177  51.703 0.0000000000
92952  -40.440  8.952  50.645 0.0000000000
140660  -41.427  9.738  49.920 0.0000000000
128177  -42.000  10.173  48.927 0.0000000000
93647  -43.348  10.931  48.326 0.0000000000
127647  -42.316  16.863  55.511 0.0000000000
140738  -45.177  28.422  54.835 0.0000000000
102505  -44.601  26.341  54.896 0.0000000000
128295  -44.645  23.121  54.742 0.0000000000
100173  -46.702  21.841  55.701 0.0000000000
100172  -45.588  21.743  55.458 0.0000000000
100171  -44.594  21.548  55.352 0.0000000000
99066  -44.389  19.561  55.521 0.0000000000
127645  -44.048  16.836  55.495 0.0000000000
96137  -44.749  14.609  55.771 0.0000000000
95521  -46.470  12.533  57.174 0.0000000000
94224  -47.571  11.772  56.810 0.0000000000
94882  -47.104  11.912  54.125 0.0000000000
94885  -49.511  12.710  53.790 0.0000000000
136469  -48.238  12.322  52.991 0.0000000000
94267  -47.050  12.383  51.760 0.0000000000
121612  -46.358  11.914  50.013 0.0000000000
94291  -45.547  11.667  48.521 0.0000000000
94299  -43.885  11.372  47.118 0.0000000000
94317  -45.439  11.945  45.613 0.0000000000
94959  -45.155  12.148  44.758 0.0000000000
134839  -46.555  12.956  43.070 0.0000000000
95590  -49.740  14.047  43.649 0.0000000000
95596  -48.060  14.160  42.195 0.0000000000
95600  -46.847  14.172  41.443 0.0000000000
96921  -45.882  15.307  40.827 0.0000000000
96912  -44.336  15.563  40.832 0.0000000000
96834  -48.876  15.602  51.242 0.0000000000
96168  -47.189  14.764  49.651 0.0000000000
125282  -46.262  14.505  47.580 0.0000000000
96873  -45.036  15.064  49.498 0.0000000000
96194  -44.982  14.606  48.000 0.0000000000
96227  -44.924  14.404  46.647 0.0000000000
96242  -43.635  14.138  45.597 0.0000000000
96257  -43.118  14.466  43.712 0.0000000000
92976  -41.322  9.710  47.125 0.0000000000
92273  -40.942  8.945  46.888 0.0000000000
93661  -41.609  10.196  46.633 0.0000000000
93662  -42.160  10.813  46.534 0.0000000000
100821  -50.681  22.370  47.310 0.0000000000
100820  -49.913  22.101  47.065 0.0000000000
95513  -43.896  12.818  58.022 0.0000000000
96130  -43.391  14.015  56.404 0.0000000000
128041  -43.599  26.506  50.432 0.0000000000
126054  -43.547  26.229  51.463 0.0000000000
103129  -44.512  26.727  52.181 0.0000000000
98012  -51.116  17.335  54.196 0.0000000000
97443  -51.034  16.772  53.267 0.0000000000
97458  -51.187  16.337  52.438 0.0000000000
143672  -49.846  16.456  52.335 0.0000000000
103782  -48.833  28.396  49.864 0.0000000000
103769  -48.383  28.291  50.686 0.0000000000
103153  -48.574  27.439  50.329 0.0000000000
101328  -48.688  23.310  52.474 0.0000000000
101325  -49.757  23.720  53.192 0.0000000000
101321  -48.699  23.188  53.392 0.0000000000
100752  -48.671  22.263  54.282 0.0000000000
100757  -48.083  22.557  53.523 0.0000000000
100756  -47.131  22.174  53.013 0.0000000000
89922  -45.537  5.593  56.473 0.0000000000
89968  -40.113  6.519  51.655 0.0000000000
90742  -40.720  5.954  51.912 0.0000000000
140603  -40.449  5.992  51.161 0.0000000000
90749  -40.061  6.581  50.670 0.0000000000
91507  -39.813  7.524  50.642 0.0000000000
106082  -36.715  31.874  45.949 0.0000000000
106078  -37.190  31.289  46.509 0.0000000000
106079  -38.200  31.183  46.444 0.0000000000
105507  -39.095  30.677  46.594 0.0000000000
106080  -38.986  31.254  46.053 0.0000000000
105529  -44.274  30.170  43.789 0.0000000000
105527  -42.975  30.796  43.038 0.0000000000
144472  -44.032  30.165  44.442 0.0000000000
105522  -43.507  30.345  44.691 0.0000000000
122632  -44.243  30.009  45.154 0.0000000000
105518  -45.248  29.733  45.225 0.0000000000
105026  -50.080  29.091  43.831 0.0000000000
104430  -49.698  28.745  44.591 0.0000000000
103827  -50.071  27.393  45.260 0.0000000000
103838  -50.309  27.806  44.515 0.0000000000
93585  -40.223  9.620  58.877 0.0000000000
93593  -39.819  10.096  57.784 0.0000000000
93599  -38.722  10.373  56.156 0.0000000000
93600  -39.478  10.604  56.600 0.0000000000
93606  -39.291  10.945  55.636 0.0000000000
94254  -44.310  11.655  52.398 0.0000000000
94266  -45.037  11.694  51.673 0.0000000000
101911  -42.333  24.665  54.673 0.0000000000
100749  -42.464  22.868  54.829 0.0000000000
100740  -42.780  22.049  55.124 0.0000000000
102495  -48.752  25.801  55.592 0.0000000000
101914  -47.834  26.150  55.401 0.0000000000
133090  -48.236  24.890  55.519 0.0000000000
97436  -48.708  16.630  55.794 0.0000000000
98003  -47.900  17.231  55.809 0.0000000000
97435  -47.613  16.310  55.629 0.0000000000
132008  -48.643  14.515  55.672 0.0000000000
96141  -49.556  14.119  55.603 0.0000000000
94932  -50.470  12.587  48.608 0.0000000000
94922  -50.119  12.588  49.562 0.0000000000
94931  -49.548  12.420  48.323 0.0000000000
94930  -48.391  12.276  48.171 0.0000000000
94942  -49.424  12.434  47.323 0.0000000000
131970  -49.247  12.499  46.327 0.0000000000
126895  -50.426  12.693  46.393 0.0000000000
120708  -47.665  14.566  45.525 0.0000000000
96245  -47.701  14.677  44.398 0.0000000000
120144  -46.546  14.530  45.577 0.0000000000
96244  -46.529  14.641  44.493 0.0000000000
97474  -45.773  16.010  51.724 0.0000000000
96894  -42.152  14.870  47.682 0.0000000000
96206  -41.693  14.607  46.969 0.0000000000
96225  -42.151  14.364  46.467 0.0000000000
96205  -40.820  14.608  46.811 0.0000000000
90020  -42.021  5.881  48.086 0.0000000000
124675  -42.323  11.402  44.778 0.0000000000
94323  -43.168  11.835  44.486 0.0000000000
102533  -49.893  24.275  49.191 0.0000000000
100787  -50.721  22.515  49.365 0.0000000000
101341  -51.079  22.887  49.942 0.0000000000
100772  -50.608  22.697  50.163 0.0000000000
101333  -50.258  23.165  50.940 0.0000000000
100771  -49.061  22.746  50.408 0.0000000000
123840  -47.712  22.830  50.882 0.0000000000
100784  -47.131  22.468  49.250 0.0000000000
127450  -42.472  5.537  56.087 0.0000000000
90728  -40.822  6.892  53.404 0.0000000000
107154  -34.813  34.135  45.941 0.0000000000
105533  -49.238  29.951  43.091 0.0000000000
105546  -49.722  30.213  42.180 0.0000000000
127074  -49.625  30.498  41.142 0.0000000000
94213  -45.694  11.312  58.043 0.0000000000
94221  -45.457  11.093  57.811 0.0000000000
94222  -45.933  11.366  57.355 0.0000000000
122682  -45.011  11.471  55.617 0.0000000000
94231  -45.915  11.403  56.256 0.0000000000
103137  -40.090  26.248  50.532 0.0000000000
103089  -43.171  27.446  55.180 0.0000000000
100153  -50.205  21.930  56.437 0.0000000000
100152  -50.017  21.502  56.692 0.0000000000
99597  -50.362  20.374  56.487 0.0000000000
98005  -51.169  17.528  55.684 0.0000000000
98538  -50.875  18.471  56.343 0.0000000000
97990  -50.959  17.662  56.102 0.0000000000
97425  -50.566  16.929  55.917 0.0000000000
96810  -51.126  15.896  55.059 0.0000000000
96809  -50.750  15.127  55.196 0.0000000000
136181  -51.333  15.634  54.426 0.0000000000
96837  -51.696  15.511  51.277 0.0000000000
96155  -51.861  15.034  52.141 0.0000000000
95552  -51.889  14.528  50.335 0.0000000000
140159  -51.615  13.725  50.263 0.0000000000
95564  -51.802  14.129  49.346 0.0000000000
95574  -51.871  13.954  47.454 0.0000000000
96185  -51.548  14.445  48.942 0.0000000000
96183  -49.956  14.625  48.517 0.0000000000
120711  -48.724  14.493  47.367 0.0000000000
123946  -48.543  14.522  48.369 0.0000000000
103767  -46.405  27.623  50.436 0.0000000000
131673  -46.032  27.335  51.146 0.0000000000
124681  -46.920  27.955  51.395 0.0000000000
103757  -48.194  28.465  52.562 0.0000000000
103756  -47.840  28.698  53.106 0.0000000000
103746  -48.312  28.219  53.654 0.0000000000
103094  -48.388  27.648  55.198 0.0000000000
103095  -49.171  26.970  54.985 0.0000000000
143281  -49.575  25.434  51.924 0.0000000000
101323  -50.326  24.148  54.088 0.0000000000
101917  -50.404  24.744  53.738 0.0000000000
101915  -50.336  24.852  54.660 0.0000000000
140463  -50.351  24.305  54.990 0.0000000000
101307  -50.179  23.964  55.703 0.0000000000
100754  -50.327  23.071  55.661 0.0000000000
144389  -49.088  21.086  54.920 0.0000000000
99617  -49.513  20.494  55.116 0.0000000000
99074  -49.588  19.259  54.721 0.0000000000
99073  -48.953  19.714  54.673 0.0000000000
98561  -48.841  18.194  53.878 0.0000000000
98554  -48.725  18.950  54.322 0.0000000000
124762  -47.091  19.087  53.638 0.0000000000
98559  -46.305  18.803  53.211 0.0000000000
98570  -46.278  18.055  52.996 0.0000000000
100763  -46.801  22.582  51.239 0.0000000000
100185  -46.369  21.626  52.493 0.0000000000
141262  -45.753  21.439  51.997 0.0000000000
99638  -44.793  20.276  51.898 0.0000000000
90726  -43.153  6.011  54.212 0.0000000000
89931  -43.886  5.765  54.360 0.0000000000
89941  -43.416  5.851  53.611 0.0000000000
123660  -42.004  5.236  51.143 0.0000000000
133707  -42.876  4.958  51.250 0.0000000000
89990  -43.595  4.823  51.236 0.0000000000
89989  -42.537  4.910  50.421 0.0000000000
120378  -42.374  5.091  49.572 0.0000000000
122952  -40.313  7.725  48.940 0.0000000000
90754  -40.884  6.396  48.931 0.0000000000
92262  -40.576  8.487  48.343 0.0000000000
142703  -37.568  30.521  50.615 0.0000000000
104982  -37.688  29.347  50.933 0.0000000000
104981  -37.485  28.689  50.912 0.0000000000
141339  -37.328  28.109  51.266 0.0000000000
104984  -36.967  29.144  50.402 0.0000000000
125572  -34.189  33.339  48.726 0.0000000000
106615  -34.980  32.188  48.562 0.0000000000
132490  -37.181  30.174  47.516 0.0000000000
104988  -36.679  29.701  48.306 0.0000000000
104376  -37.054  28.941  48.593 0.0000000000
132087  -37.284  28.360  49.091 0.0000000000
104377  -37.832  28.418  48.524 0.0000000000
103788  -38.910  27.378  48.981 0.0000000000
137688  -38.502  27.983  48.536 0.0000000000
104395  -40.724  28.598  47.551 0.0000000000
104379  -40.310  27.946  48.102 0.0000000000
104380  -41.254  28.020  48.012 0.0000000000
103791  -41.803  27.582  48.524 0.0000000000
104381  -42.159  28.111  47.966 0.0000000000
105515  -40.515  30.997  45.903 0.0000000000
130278  -41.397  30.778  45.864 0.0000000000
105007  -43.580  29.765  46.531 0.0000000000
105006  -42.660  29.757  46.583 0.0000000000
104398  -43.654  28.778  47.501 0.0000000000
104382  -43.067  28.279  47.936 0.0000000000
104383  -44.051  28.235  48.004 0.0000000000
144163  -45.229  27.618  48.838 0.0000000000
104384  -45.204  28.259  48.181 0.0000000000
104401  -46.935  29.233  47.770 0.0000000000
104402  -48.088  29.444  48.119 0.0000000000
144041  -48.441  29.192  48.886 0.0000000000
105000  -48.655  29.575  48.016 0.0000000000
105028  -47.293  29.624  44.534 0.0000000000
105022  -47.111  29.606  45.350 0.0000000000
105023  -47.884  29.533  45.139 0.0000000000
104411  -49.444  28.872  46.698 0.0000000000
105013  -49.067  29.303  47.058 0.0000000000
104404  -49.733  29.150  47.670 0.0000000000
104388  -49.956  29.122  48.346 0.0000000000
103806  -50.327  28.490  47.949 0.0000000000
103169  -50.450  27.555  48.009 0.0000000000
103177  -50.438  27.440  47.359 0.0000000000
131323  -50.713  25.604  45.524 0.0000000000
102553  -50.830  24.920  45.925 0.0000000000
101948  -50.923  24.107  46.292 0.0000000000
101956  -51.017  23.653  45.391 0.0000000000
101970  -51.009  23.814  44.356 0.0000000000
103207  -51.564  26.226  43.281 0.0000000000
121830  -50.975  24.348  43.486 0.0000000000
102582  -51.442  25.377  42.940 0.0000000000
101984  -51.062  24.610  42.942 0.0000000000
103215  -51.667  26.049  42.627 0.0000000000
105033  -51.724  29.167  42.822 0.0000000000
120386  -38.616  8.234  54.440 0.0000000000
92931  -39.624  9.537  53.314 0.0000000000
127153  -39.266  9.091  53.738 0.0000000000
92232  -39.619  8.668  53.100 0.0000000000
91489  -39.783  7.924  52.607 0.0000000000
92935  -39.899  9.198  52.482 0.0000000000
121472  -42.335  11.421  55.677 0.0000000000
94228  -41.408  11.506  54.990 0.0000000000
94234  -42.062  11.549  54.409 0.0000000000
94263  -42.242  11.018  51.789 0.0000000000
93617  -41.467  10.830  52.144 0.0000000000
92945  -40.720  9.542  51.250 0.0000000000
93625  -41.290  10.006  51.041 0.0000000000
92953  -41.076  9.601  50.500 0.0000000000
93632  -41.763  10.217  50.454 0.0000000000
94272  -43.872  11.101  49.671 0.0000000000
93640  -42.545  10.518  49.391 0.0000000000
93641  -43.260  10.835  49.129 0.0000000000
93646  -42.632  10.591  48.617 0.0000000000
94281  -44.122  11.140  48.832 0.0000000000
131342  -42.082  20.138  55.490 0.0000000000
97997  -41.897  17.526  55.489 0.0000000000
103754  -46.196  28.338  53.387 0.0000000000
103753  -45.238  28.313  54.118 0.0000000000
103728  -45.624  28.347  55.100 0.0000000000
131496  -46.099  25.433  54.803 0.0000000000
102506  -45.534  26.404  54.982 0.0000000000
101912  -45.258  25.157  54.519 0.0000000000
127569  -44.227  25.042  54.519 0.0000000000
128834  -44.916  24.004  54.494 0.0000000000
100150  -48.442  21.326  56.500 0.0000000000
100174  -47.878  21.954  56.187 0.0000000000
99594  -48.024  20.650  56.427 0.0000000000
99068  -46.228  19.737  55.784 0.0000000000
138637  -46.473  20.441  55.849 0.0000000000
125677  -45.683  20.340  55.643 0.0000000000
99612  -45.212  20.967  55.538 0.0000000000
134402  -44.856  20.269  55.544 0.0000000000
131341  -44.019  20.283  55.519 0.0000000000
97434  -45.532  16.515  55.534 0.0000000000
98001  -45.386  17.227  55.526 0.0000000000
136175  -44.950  16.072  55.527 0.0000000000
97433  -44.334  16.303  55.518 0.0000000000
96804  -45.213  15.316  55.578 0.0000000000
95525  -45.278  13.877  56.169 0.0000000000
96138  -45.688  14.485  55.776 0.0000000000
94872  -48.265  12.685  56.280 0.0000000000
95523  -47.712  12.427  56.745 0.0000000000
94874  -48.010  11.961  55.908 0.0000000000
94877  -47.671  11.928  55.027 0.0000000000
94883  -48.001  12.050  54.044 0.0000000000
139695  -50.289  13.315  53.902 0.0000000000
95533  -50.116  13.553  54.855 0.0000000000
95543  -50.055  12.835  53.008 0.0000000000
94912  -49.145  12.681  50.853 0.0000000000
119935  -48.768  12.554  52.242 0.0000000000
94902  -48.518  12.685  51.413 0.0000000000
122685  -47.966  12.584  52.004 0.0000000000
94901  -47.622  12.563  51.116 0.0000000000
94275  -46.495  12.143  50.848 0.0000000000
94910  -47.305  12.311  50.111 0.0000000000
94301  -47.178  12.100  47.906 0.0000000000
94292  -46.452  11.909  48.699 0.0000000000
126227  -46.096  11.884  47.818 0.0000000000
94300  -44.698  11.491  47.486 0.0000000000
121275  -45.466  11.736  47.185 0.0000000000
94307  -44.760  11.636  46.491 0.0000000000
94308  -45.783  11.886  46.398 0.0000000000
94961  -47.265  12.507  44.804 0.0000000000
94960  -46.185  12.325  44.770 0.0000000000
94973  -47.182  12.812  43.664 0.0000000000
94972  -45.898  12.519  43.904 0.0000000000
96249  -50.874  13.820  45.550 0.0000000000
95584  -50.446  13.880  44.779 0.0000000000
96262  -50.184  14.116  44.127 0.0000000000
96273  -48.212  14.684  42.521 0.0000000000
95597  -48.450  14.308  42.684 0.0000000000
95602  -48.006  14.676  42.139 0.0000000000
94998  -47.467  13.967  41.920 0.0000000000
96290  -46.832  14.687  41.364 0.0000000000
95608  -46.122  14.409  40.759 0.0000000000
96915  -46.595  15.092  41.333 0.0000000000
96270  -44.984  14.912  42.548 0.0000000000
128854  -44.646  15.410  41.672 0.0000000000
96280  -43.603  15.455  41.593 0.0000000000
96269  -43.600  15.024  42.573 0.0000000000
136337  -48.477  17.097  52.953 0.0000000000
126386  -48.324  16.635  52.439 0.0000000000
97476  -48.037  16.055  51.802 0.0000000000
96855  -46.524  15.002  50.126 0.0000000000
125629  -47.466  15.035  50.368 0.0000000000
96875  -46.527  14.747  49.378 0.0000000000
96181  -46.926  14.605  48.979 0.0000000000
96180  -46.200  14.673  48.806 0.0000000000
96852  -43.553  15.563  50.554 0.0000000000
96872  -44.077  15.229  49.556 0.0000000000
96193  -44.076  14.676  47.932 0.0000000000
96209  -44.539  14.488  47.317 0.0000000000
96210  -45.499  14.493  47.275 0.0000000000
139101  -44.376  14.250  46.142 0.0000000000
96226  -43.603  14.256  46.456 0.0000000000
120141  -41.711  14.220  44.832 0.0000000000
120140  -42.828  14.218  44.777 0.0000000000
96256  -42.072  14.409  43.821 0.0000000000
96267  -41.493  14.692  43.022 0.0000000000
90768  -41.006  7.115  47.779 0.0000000000
91526  -40.953  7.563  47.254 0.0000000000
92274  -41.148  8.709  46.086 0.0000000000
101940  -50.620  23.599  47.750 0.0000000000
101935  -50.802  23.336  48.745 0.0000000000
101357  -50.852  22.745  48.140 0.0000000000
100803  -49.634  22.316  48.857 0.0000000000
100785  -48.544  22.437  49.444 0.0000000000
94866  -45.513  11.659  58.144 0.0000000000
94869  -45.978  12.192  57.739 0.0000000000
103139  -41.862  26.336  50.426 0.0000000000
103128  -42.505  26.024  51.282 0.0000000000
103108  -43.410  27.447  54.216 0.0000000000
99070  -50.804  19.658  55.810 0.0000000000
99054  -50.660  19.717  56.285 0.0000000000
98556  -50.964  18.681  55.403 0.0000000000
98008  -51.236  17.491  54.947 0.0000000000
141307  -51.305  16.892  54.401 0.0000000000
96813  -51.592  15.868  53.652 0.0000000000
97459  -51.539  16.215  53.004 0.0000000000
96819  -51.671  15.843  52.337 0.0000000000
96859  -51.568  15.357  50.455 0.0000000000
96171  -51.248  15.115  49.646 0.0000000000
124726  -51.253  15.784  50.949 0.0000000000
130974  -50.238  15.220  49.985 0.0000000000
96857  -49.636  15.371  50.583 0.0000000000
123193  -47.916  28.479  50.227 0.0000000000
124247  -47.738  28.519  51.591 0.0000000000
103768  -48.090  28.565  51.063 0.0000000000
103763  -48.207  28.430  51.639 0.0000000000
103131  -48.482  27.597  52.097 0.0000000000
139854  -50.460  24.081  52.127 0.0000000000
143352  -49.619  23.583  53.999 0.0000000000
100753  -49.935  22.694  54.863 0.0000000000
100177  -48.369  21.361  54.358 0.0000000000
99620  -47.477  20.867  53.809 0.0000000000
99619  -46.715  20.490  53.328 0.0000000000
100193  -45.494  21.573  51.287 0.0000000000
119961  -44.828  5.562  54.222 0.0000000000
90734  -42.144  6.193  53.316 0.0000000000
89940  -42.847  5.879  53.114 0.0000000000
89951  -41.579  5.592  51.947 0.0000000000
89987  -40.693  5.844  50.384 0.0000000000
91514  -40.078  7.177  49.800 0.0000000000
106068  -35.959  31.277  49.959 0.0000000000
106632  -35.126  32.563  46.581 0.0000000000
106624  -34.833  32.394  47.586 0.0000000000
106077  -36.271  31.473  46.739 0.0000000000
106074  -36.711  30.888  47.222 0.0000000000
104990  -37.955  29.708  47.496 0.0000000000
104393  -38.719  28.606  47.952 0.0000000000
105002  -38.795  29.906  47.164 0.0000000000
105003  -39.660  29.926  46.847 0.0000000000
105004  -40.539  29.957  46.643 0.0000000000
106093  -41.952  31.203  43.853 0.0000000000
135249  -42.381  30.671  45.496 0.0000000000
105517  -43.357  30.328  45.382 0.0000000000
105512  -44.098  30.015  45.969 0.0000000000
105008  -44.403  29.734  46.531 0.0000000000
104997  -45.146  29.586  46.990 0.0000000000
105009  -45.812  29.715  46.615 0.0000000000
105010  -46.658  29.668  46.659 0.0000000000
105024  -48.601  29.444  44.732 0.0000000000
105019  -48.413  29.433  45.696 0.0000000000
105025  -49.028  29.228  45.151 0.0000000000
104419  -49.301  28.782  45.625 0.0000000000
103826  -49.681  28.130  46.049 0.0000000000
103818  -50.222  27.337  46.359 0.0000000000
103184  -50.468  26.459  45.447 0.0000000000
132407  -50.779  25.582  44.670 0.0000000000
92916  -40.336  9.696  59.494 0.0000000000
92921  -39.288  9.613  58.472 0.0000000000
92920  -38.308  9.503  58.019 0.0000000000
92924  -38.228  9.673  56.654 0.0000000000
92230  -38.782  9.023  54.289 0.0000000000
93608  -38.968  10.163  54.690 0.0000000000
93609  -39.380  10.664  54.655 0.0000000000
93613  -39.853  10.438  53.677 0.0000000000
94244  -43.639  11.600  54.043 0.0000000000
94243  -42.779  11.580  54.021 0.0000000000
94253  -43.565  11.625  53.028 0.0000000000
120154  -43.390  11.467  52.244 0.0000000000
94264  -43.084  11.213  51.526 0.0000000000
93626  -42.568  10.785  50.807 0.0000000000
130017  -43.683  11.202  50.622 0.0000000000
94273  -44.557  11.388  50.075 0.0000000000
123398  -41.850  22.190  55.108 0.0000000000
129345  -42.408  20.761  55.437 0.0000000000
99610  -43.038  20.366  55.495 0.0000000000
103093  -47.383  28.116  55.228 0.0000000000
103092  -46.603  27.953  55.315 0.0000000000
101913  -47.029  25.207  55.084 0.0000000000
135520  -46.950  23.469  55.409 0.0000000000
134328  -48.643  19.436  56.495 0.0000000000
140822  -47.728  19.509  56.311 0.0000000000
98535  -47.767  18.747  56.204 0.0000000000
99069  -46.904  19.217  56.015 0.0000000000
140431  -46.785  18.483  55.833 0.0000000000
98550  -45.905  18.795  55.648 0.0000000000
131371  -46.196  17.768  55.644 0.0000000000
136659  -46.439  16.156  55.574 0.0000000000
96139  -46.751  14.180  55.839 0.0000000000
96140  -47.907  13.816  55.927 0.0000000000
95529  -48.952  13.278  55.852 0.0000000000
122184  -50.395  12.979  52.003 0.0000000000
94904  -49.945  12.715  51.176 0.0000000000
94921  -49.101  12.564  49.923 0.0000000000
94920  -48.161  12.460  49.750 0.0000000000
121090  -48.682  12.379  49.085 0.0000000000
94940  -47.140  12.174  46.864 0.0000000000
140861  -46.522  12.110  46.379 0.0000000000
94951  -48.201  12.409  46.119 0.0000000000
94962  -48.484  12.597  44.884 0.0000000000
129772  -49.179  13.174  43.969 0.0000000000
96247  -49.881  14.362  44.465 0.0000000000
96246  -48.846  14.537  44.369 0.0000000000
96272  -47.435  15.047  42.344 0.0000000000
96282  -46.919  15.139  41.731 0.0000000000
121814  -46.473  14.769  43.413 0.0000000000
120498  -45.312  14.654  43.493 0.0000000000
143284  -44.638  14.454  44.326 0.0000000000
97455  -47.318  16.588  52.350 0.0000000000
97475  -46.872  15.887  51.631 0.0000000000
96832  -46.127  15.403  51.016 0.0000000000
96854  -45.568  15.188  50.280 0.0000000000
96192  -43.117  14.766  47.849 0.0000000000
96208  -43.618  14.460  47.191 0.0000000000
130124  -42.980  14.324  46.691 0.0000000000
123038  -41.705  14.233  45.762 0.0000000000
96240  -40.915  14.215  45.263 0.0000000000
138573  -40.263  14.292  45.541 0.0000000000
89147  -44.387  4.568  49.785 0.0000000000
102532  -48.855  25.604  49.913 0.0000000000
101920  -50.666  24.111  50.993 0.0000000000
101925  -51.014  23.291  49.731 0.0000000000
127147  -50.970  23.423  50.460 0.0000000000
101330  -50.680  23.694  51.149 0.0000000000
100764  -47.648  22.943  51.831 0.0000000000
100770  -46.842  22.541  50.293 0.0000000000
122647  -44.402  5.549  56.306 0.0000000000
89920  -43.774  5.717  55.322 0.0000000000
89930  -43.219  6.003  54.753 0.0000000000
90725  -42.539  6.266  54.497 0.0000000000
129216  -42.171  6.408  53.916 0.0000000000
91500  -39.873  7.209  52.165 0.0000000000
107147  -34.131  33.805  47.287 0.0000000000
107151  -34.895  33.336  46.126 0.0000000000
106640  -35.530  32.900  45.770 0.0000000000
106649  -36.713  33.044  44.715 0.0000000000
105524  -45.663  29.753  44.448 0.0000000000
105532  -48.384  29.828  43.362 0.0000000000
105030  -48.888  29.665  43.880 0.0000000000
140678  -49.530  29.673  43.452 0.0000000000
105031  -50.133  29.499  43.344 0.0000000000
105032  -50.885  29.094  43.313 0.0000000000
122085  -50.807  30.153  42.222 0.0000000000
120861  -44.780  10.962  57.329 0.0000000000
120076  -44.059  11.549  55.215 0.0000000000
94236  -44.697  11.640  54.462 0.0000000000
119807  -45.479  11.752  53.805 0.0000000000
102503  -42.448  25.953  55.104 0.0000000000
132612  -43.202  24.892  54.616 0.0000000000
101306  -49.399  23.499  56.288 0.0000000000
100723  -49.607  22.736  56.535 0.0000000000
100151  -49.495  21.442  56.708 0.0000000000
99052  -49.429  20.072  56.730 0.0000000000
129609  -50.705  19.156  56.449 0.0000000000
99053  -50.275  19.798  56.653 0.0000000000
134291  -49.641  19.425  56.677 0.0000000000
97988  -49.460  17.990  56.379 0.0000000000
98004  -49.690  17.141  56.104 0.0000000000
127042  -49.774  16.026  55.668 0.0000000000
96807  -49.417  15.015  55.530 0.0000000000
96808  -50.206  15.036  55.459 0.0000000000
96143  -50.765  14.654  55.051 0.0000000000
95536  -50.932  13.893  53.612 0.0000000000
96149  -51.703  15.274  53.149 0.0000000000
96154  -51.495  14.332  52.964 0.0000000000
138959  -51.109  13.416  51.770 0.0000000000
94905  -50.965  13.130  50.877 0.0000000000
95558  -51.329  13.252  49.697 0.0000000000
94933  -51.398  12.913  48.010 0.0000000000
140196  -51.263  12.979  46.448 0.0000000000
95573  -51.719  13.711  46.893 0.0000000000
96233  -51.393  13.888  46.335 0.0000000000
96214  -50.985  14.249  46.776 0.0000000000
96184  -51.115  14.663  48.671 0.0000000000
96198  -51.042  14.440  47.726 0.0000000000
96213  -49.958  14.423  46.535 0.0000000000
96212  -48.808  14.512  46.447 0.0000000000
138920  -47.907  14.466  47.176 0.0000000000
96211  -47.045  14.473  47.404 0.0000000000
128505  -44.892  16.135  51.718 0.0000000000
97473  -44.122  16.428  51.691 0.0000000000
96829  -43.467  16.059  51.300 0.0000000000
96870  -42.149  15.451  49.635 0.0000000000
96885  -41.591  15.151  48.207 0.0000000000
103130  -45.342  26.942  51.576 0.0000000000
103760  -46.197  27.693  52.110 0.0000000000
103755  -47.046  28.633  53.789 0.0000000000
103744  -46.996  28.665  54.584 0.0000000000
138461  -48.424  26.764  55.481 0.0000000000
140597  -48.638  26.263  50.812 0.0000000000
102528  -48.761  26.264  51.596 0.0000000000
102522  -48.973  26.395  52.533 0.0000000000
132834  -50.420  24.639  52.808 0.0000000000
102515  -50.128  25.430  53.508 0.0000000000
103110  -49.523  26.445  54.217 0.0000000000
130186  -49.575  26.212  54.877 0.0000000000
102496  -49.502  25.355  55.545 0.0000000000
101902  -49.786  24.569  55.823 0.0000000000
126798  -50.148  23.242  56.299 0.0000000000
100745  -50.341  22.491  56.133 0.0000000000
100175  -50.470  21.705  56.067 0.0000000000
124935  -50.177  21.305  55.508 0.0000000000
99614  -50.459  20.537  55.723 0.0000000000
99075  -50.503  19.058  55.090 0.0000000000
98562  -49.851  17.984  53.993 0.0000000000
97442  -49.271  17.435  53.412 0.0000000000
98010  -47.956  17.690  53.312 0.0000000000
98553  -47.946  19.431  54.164 0.0000000000
98019  -46.871  17.371  52.836 0.0000000000
120792  -45.759  17.481  52.578 0.0000000000
99626  -46.334  20.909  52.889 0.0000000000
135545  -46.075  20.255  52.840 0.0000000000
99088  -45.703  19.418  52.789 0.0000000000
89932  -44.533  5.639  55.001 0.0000000000
132219  -42.931  5.544  52.525 0.0000000000
89953  -43.568  5.648  52.834 0.0000000000
89954  -44.306  5.353  52.474 0.0000000000
89972  -44.427  4.846  51.543 0.0000000000
135365  -43.969  4.620  50.607 0.0000000000
89146  -43.318  4.638  49.821 0.0000000000
90005  -42.206  5.446  48.784 0.0000000000
90760  -41.502  5.888  48.769 0.0000000000
90004  -41.083  5.838  49.528 0.0000000000
90769  -41.353  6.496  48.089 0.0000000000
131670  -40.657  7.693  48.021 0.0000000000
139891  -41.496  9.892  47.777 0.0000000000
105498  -35.988  30.589  49.518 0.0000000000
105500  -35.806  30.849  48.517 0.0000000000
105501  -36.210  30.102  48.903 0.0000000000
105499  -36.406  29.736  49.762 0.0000000000
104371  -36.888  28.719  49.451 0.0000000000
104372  -37.304  28.076  49.742 0.0000000000
103765  -37.892  27.171  50.745 0.0000000000
103146  -38.862  26.555  50.194 0.0000000000
103147  -39.496  26.475  49.979 0.0000000000
103148  -40.339  26.523  49.833 0.0000000000
104378  -39.346  27.929  48.282 0.0000000000
103774  -40.602  26.965  49.202 0.0000000000
103149  -41.237  26.626  49.752 0.0000000000
103150  -42.148  26.714  49.677 0.0000000000
103776  -42.377  27.204  49.045 0.0000000000
103151  -43.115  26.869  49.607 0.0000000000
106089  -38.839  32.067  44.846 0.0000000000
105514  -39.713  31.137  46.023 0.0000000000
139280  -40.781  30.536  46.271 0.0000000000
104993  -41.211  29.335  46.950 0.0000000000
105510  -42.138  30.318  46.232 0.0000000000
105005  -41.902  29.765  46.643 0.0000000000
103793  -43.480  27.732  48.507 0.0000000000
103777  -43.803  27.235  49.131 0.0000000000
103778  -44.779  27.178  49.358 0.0000000000
103779  -45.787  27.474  49.547 0.0000000000
103780  -47.015  27.958  49.633 0.0000000000
104400  -45.756  29.119  47.629 0.0000000000
104385  -46.409  28.592  48.237 0.0000000000
103796  -47.051  28.255  48.836 0.0000000000
104373  -48.012  28.709  49.431 0.0000000000
104374  -48.982  29.109  49.476 0.0000000000
103797  -49.441  28.583  49.216 0.0000000000
105021  -46.232  29.680  45.350 0.0000000000
105017  -46.875  29.651  46.053 0.0000000000
105011  -47.577  29.620  46.729 0.0000000000
105012  -48.398  29.485  46.730 0.0000000000
139730  -48.223  29.571  47.393 0.0000000000
104403  -49.348  29.460  48.290 0.0000000000
104387  -49.533  29.199  48.867 0.0000000000
103161  -49.696  27.475  48.585 0.0000000000
102547  -50.143  26.241  47.950 0.0000000000
134873  -50.444  24.982  47.429 0.0000000000
101941  -50.829  23.891  46.979 0.0000000000
101365  -50.993  22.981  46.288 0.0000000000
141010  -50.950  24.714  44.173 0.0000000000
126519  -50.806  23.361  43.953 0.0000000000
104443  -51.725  28.267  43.203 0.0000000000
103852  -52.127  27.006  42.914 0.0000000000
91486  -40.255  7.326  53.916 0.0000000000
131698  -39.208  8.468  53.885 0.0000000000
91490  -40.195  7.464  53.046 0.0000000000
91499  -39.709  7.745  51.839 0.0000000000
92248  -39.779  8.220  51.529 0.0000000000
94227  -40.695  11.442  55.436 0.0000000000
94233  -40.706  11.403  54.467 0.0000000000
144019  -40.412  10.680  53.071 0.0000000000
94251  -41.921  11.348  52.688 0.0000000000
94241  -41.023  11.123  52.901 0.0000000000
93616  -40.732  10.453  52.427 0.0000000000
92936  -40.435  9.681  52.049 0.0000000000
141317  -40.106  8.878  51.565 0.0000000000
92249  -39.949  8.277  50.922 0.0000000000
92960  -40.790  9.170  49.740 0.0000000000
93633  -42.392  10.475  50.056 0.0000000000
137669  -41.938  10.132  49.669 0.0000000000
92961  -41.397  9.702  49.255 0.0000000000
92969  -41.426  9.758  48.448 0.0000000000
125227  -42.013  10.281  48.151 0.0000000000
93654  -42.658  10.754  47.746 0.0000000000
97996  -40.987  17.554  55.488 0.0000000000
97430  -41.869  16.215  55.574 0.0000000000
97431  -42.758  16.214  55.553 0.0000000000
103742  -44.413  28.076  54.666 0.0000000000
103091  -45.677  27.601  55.285 0.0000000000
141036  -44.956  27.928  55.260 0.0000000000
103090  -44.160  27.551  55.226 0.0000000000
101316  -43.896  23.693  54.602 0.0000000000
131239  -48.199  23.650  55.690 0.0000000000
100743  -47.395  22.695  55.717 0.0000000000
100742  -46.110  22.744  55.294 0.0000000000
99613  -47.230  21.040  56.091 0.0000000000
139166  -44.960  22.380  55.070 0.0000000000
100751  -44.145  22.601  54.887 0.0000000000
100741  -43.728  21.884  55.172 0.0000000000
99611  -43.827  21.035  55.451 0.0000000000
98548  -43.858  18.834  55.490 0.0000000000
131332  -45.187  18.006  55.529 0.0000000000
131333  -44.250  18.097  55.497 0.0000000000
131334  -43.324  18.150  55.494 0.0000000000
127646  -43.213  16.856  55.509 0.0000000000
97432  -43.636  16.227  55.538 0.0000000000
96136  -43.786  14.682  55.819 0.0000000000
96131  -44.469  13.709  56.449 0.0000000000
95520  -45.518  13.017  56.884 0.0000000000
143264  -46.606  12.088  57.690 0.0000000000
95527  -47.232  12.977  56.509 0.0000000000
95522  -47.135  12.186  57.343 0.0000000000
94223  -47.108  11.749  57.364 0.0000000000
128347  -46.544  11.527  55.823 0.0000000000
94247  -46.275  11.795  54.223 0.0000000000
94246  -46.393  11.907  53.381 0.0000000000
95530  -49.845  13.769  55.408 0.0000000000
95532  -49.406  13.190  55.299 0.0000000000
94879  -49.097  12.704  54.793 0.0000000000
143528  -49.525  12.617  53.052 0.0000000000
94893  -49.062  12.471  53.061 0.0000000000
94884  -48.748  12.381  53.955 0.0000000000
94891  -46.647  12.118  52.503 0.0000000000
137533  -46.046  12.033  51.720 0.0000000000
121607  -45.581  11.741  51.055 0.0000000000
94274  -45.514  11.664  50.261 0.0000000000
138841  -45.053  11.519  49.634 0.0000000000
94284  -46.670  11.996  49.454 0.0000000000
94283  -45.785  11.707  49.378 0.0000000000
132245  -44.953  11.472  49.020 0.0000000000
94289  -44.039  11.222  47.954 0.0000000000
93655  -43.369  11.109  47.635 0.0000000000
142671  -42.407  10.806  47.143 0.0000000000
94298  -42.936  11.182  46.950 0.0000000000
94306  -43.607  11.508  46.134 0.0000000000
94316  -44.467  11.804  45.493 0.0000000000
94309  -46.373  12.163  45.663 0.0000000000
94324  -44.191  12.021  44.633 0.0000000000
94971  -44.869  12.375  43.888 0.0000000000
94984  -45.624  12.755  43.062 0.0000000000
94964  -50.450  13.522  44.945 0.0000000000
94963  -49.786  13.187  44.491 0.0000000000
135736  -49.068  13.557  43.498 0.0000000000
96274  -48.938  14.215  43.220 0.0000000000
94987  -49.173  13.964  43.228 0.0000000000
94986  -48.394  13.660  42.983 0.0000000000
94985  -47.460  13.538  42.597 0.0000000000
94997  -46.493  13.483  42.205 0.0000000000
95599  -45.723  13.696  41.176 0.0000000000
95616  -45.453  14.632  40.152 0.0000000000
96914  -46.223  15.345  41.268 0.0000000000
96920  -45.191  15.443  40.540 0.0000000000
97477  -49.284  16.223  51.972 0.0000000000
96856  -48.467  15.138  50.548 0.0000000000
96833  -47.745  15.426  51.115 0.0000000000
96169  -48.118  14.808  49.847 0.0000000000
136330  -47.441  14.528  48.570 0.0000000000
96196  -46.701  14.526  48.234 0.0000000000
96888  -44.554  14.902  48.688 0.0000000000
96179  -45.427  14.777  48.729 0.0000000000
96195  -45.821  14.584  48.114 0.0000000000
96228  -45.722  14.435  46.420 0.0000000000
120145  -45.398  14.397  45.645 0.0000000000
96243  -44.534  14.266  45.204 0.0000000000
120139  -43.811  14.268  44.584 0.0000000000
89921  -45.027  5.618  55.649 0.0000000000
89952  -42.213  5.780  52.618 0.0000000000
92910  -39.860  9.797  59.771 0.0000000000
92915  -39.633  9.507  59.314 0.0000000000
92928  -38.655  9.686  54.796 0.0000000000
92968  -40.833  9.205  48.776 0.0000000000
93610  -40.041  11.068  54.292 0.0000000000
93614  -40.510  11.123  53.639 0.0000000000
94230  -45.324  11.265  56.836 0.0000000000
94232  -46.799  11.506  56.777 0.0000000000
94238  -46.796  11.754  55.007 0.0000000000
94290  -44.767  11.446  48.288 0.0000000000
94867  -46.254  11.773  57.792 0.0000000000
94870  -46.871  11.902  57.603 0.0000000000
94871  -48.000  12.220  56.602 0.0000000000
94875  -48.644  12.606  55.791 0.0000000000
94880  -49.716  13.066  54.593 0.0000000000
94892  -47.486  12.327  52.476 0.0000000000
94894  -49.538  12.666  52.318 0.0000000000
94913  -49.778  12.632  50.351 0.0000000000
94923  -51.007  12.841  49.087 0.0000000000
94944  -51.649  13.132  47.001 0.0000000000
94952  -50.163  12.871  45.448 0.0000000000
94953  -50.927  13.201  45.714 0.0000000000
94975  -49.673  13.692  43.698 0.0000000000
94976  -50.225  13.827  44.110 0.0000000000
95519  -43.926  13.297  57.124 0.0000000000
95526  -46.140  13.494  56.336 0.0000000000
95534  -50.671  13.998  54.361 0.0000000000
95568  -51.829  13.528  47.595 0.0000000000
95569  -51.848  14.007  48.194 0.0000000000
95579  -51.322  13.526  46.187 0.0000000000
95601  -47.564  14.468  41.806 0.0000000000
96142  -50.321  14.429  55.310 0.0000000000
96146  -50.932  14.606  54.592 0.0000000000
96161  -51.604  14.090  52.009 0.0000000000
96162  -51.969  14.783  51.196 0.0000000000
96170  -49.217  14.948  49.969 0.0000000000
96182  -47.783  14.610  49.129 0.0000000000
96199  -51.618  14.220  47.946 0.0000000000
96232  -50.798  14.087  45.809 0.0000000000
96248  -50.447  14.057  44.898 0.0000000000
96261  -49.557  14.303  43.738 0.0000000000
96281  -45.854  15.374  41.658 0.0000000000
96283  -47.382  14.879  41.823 0.0000000000
96289  -46.111  14.936  40.730 0.0000000000
96802  -43.244  15.504  55.626 0.0000000000
96803  -44.253  15.548  55.584 0.0000000000
96811  -51.080  15.144  54.807 0.0000000000
96812  -51.318  15.186  54.093 0.0000000000
96858  -50.815  15.541  50.442 0.0000000000
96860  -51.903  15.134  50.572 0.0000000000
96913  -45.433  15.490  41.052 0.0000000000
97429  -41.010  16.177  55.602 0.0000000000
97437  -50.965  16.793  55.616 0.0000000000
97440  -51.381  16.245  54.373 0.0000000000
97457  -50.386  16.608  52.649 0.0000000000
97989  -50.450  17.864  56.341 0.0000000000
97991  -51.161  18.181  56.090 0.0000000000
97999  -43.708  17.465  55.492 0.0000000000
98000  -44.569  17.389  55.492 0.0000000000
98002  -46.884  17.060  55.656 0.0000000000
98007  -51.118  17.996  54.897 0.0000000000
98011  -50.528  17.478  53.776 0.0000000000
98536  -49.024  18.743  56.456 0.0000000000
98549  -44.819  18.806  55.512 0.0000000000
98557  -51.179  18.173  55.567 0.0000000000
99064  -42.506  19.543  55.498 0.0000000000
99065  -43.440  19.577  55.509 0.0000000000
99595  -49.029  20.735  56.692 0.0000000000
100168  -41.344  21.403  55.351 0.0000000000
100169  -42.200  21.397  55.317 0.0000000000
100194  -46.159  22.029  51.640 0.0000000000
100722  -49.011  22.085  56.621 0.0000000000
100750  -43.317  22.771  54.845 0.0000000000
100822  -50.852  22.315  46.695 0.0000000000
101313  -41.343  23.558  54.730 0.0000000000
101314  -42.073  23.685  54.654 0.0000000000
101317  -45.336  23.216  54.826 0.0000000000
102509  -49.859  25.541  55.095 0.0000000000
103109  -48.774  27.545  54.514 0.0000000000
103119  -49.534  26.101  53.271 0.0000000000
103126  -40.645  25.955  51.258 0.0000000000
103141  -44.473  26.498  50.998 0.0000000000
103727  -44.509  28.130  55.055 0.0000000000
103730  -47.582  28.450  54.938 0.0000000000
103743  -46.094  28.664  54.583 0.0000000000
103745  -47.676  28.608  54.144 0.0000000000
103766  -38.318  26.930  50.123 0.0000000000
103771  -37.755  27.445  49.960 0.0000000000
103772  -38.898  26.846  49.646 0.0000000000
103775  -41.511  27.080  49.119 0.0000000000
103787  -37.847  27.758  49.166 0.0000000000
103789  -39.950  27.371  48.700 0.0000000000
104369  -37.523  27.777  50.601 0.0000000000
104397  -42.528  28.688  47.521 0.0000000000
104989  -37.302  29.472  47.919 0.0000000000
104991  -39.279  29.251  47.392 0.0000000000
104992  -40.191  29.248  47.153 0.0000000000
104994  -42.168  29.239  47.064 0.0000000000
104995  -43.096  29.201  47.111 0.0000000000
104996  -44.093  29.403  47.041 0.0000000000
105038  -52.225  29.161  42.450 0.0000000000
105503  -36.305  30.405  47.972 0.0000000000
105504  -37.535  30.874  47.016 0.0000000000
105521  -42.638  30.800  43.932 0.0000000000
105528  -43.466  30.450  43.872 0.0000000000
105545  -48.654  30.128  42.480 0.0000000000
105564  -49.049  30.776  40.534 0.0000000000
106072  -35.343  31.586  48.057 0.0000000000
106076  -35.491  31.828  47.115 0.0000000000
106084  -38.510  31.667  45.614 0.0000000000
106085  -39.317  31.576  45.458 0.0000000000
106086  -40.111  31.458  45.365 0.0000000000
106614  -34.476  32.851  48.284 0.0000000000
106631  -34.596  33.124  46.926 0.0000000000
106641  -36.315  32.593  45.471 0.0000000000
107150  -34.501  33.778  46.533 0.0000000000
107155  -35.381  33.710  45.501 0.0000000000
107156  -36.014  33.369  45.090 0.0000000000
119803  -47.351  12.085  53.222 0.0000000000
120146  -47.729  14.501  46.497 0.0000000000
120155  -42.983  11.570  53.441 0.0000000000
120458  -46.125  21.052  55.684 0.0000000000
121365  -42.283  11.535  53.464 0.0000000000
122258  -47.460  12.010  57.237 0.0000000000
125806  -37.129  32.358  45.198 0.0000000000
126156  -49.812  22.068  56.653 0.0000000000
127644  -44.803  16.735  55.499 0.0000000000
130595  -45.635  15.872  55.544 0.0000000000
130829  -43.063  27.345  48.947 0.0000000000
131081  -47.328  11.667  55.973 0.0000000000
131108  -50.317  21.124  56.401 0.0000000000
131180  -40.422  6.910  49.138 0.0000000000
132220  -42.669  11.302  52.212 0.0000000000
133392  -42.851  30.599  44.774 0.0000000000
134737  -49.122  24.980  55.721 0.0000000000
136414  -48.797  17.401  56.079 0.0000000000
136515  -50.424  16.281  52.020 0.0000000000
136716  -44.895  29.802  45.729 0.0000000000
137483  -49.901  23.979  56.176 0.0000000000
137830  -46.635  12.050  47.424 0.0000000000
139033  -44.507  20.830  55.499 0.0000000000
139793  -44.966  27.283  55.230 0.0000000000
140093  -43.660  27.876  55.063 0.0000000000
140370  -38.527  29.290  47.573 0.0000000000
140958  -36.684  29.094  49.810 0.0000000000
141063  -48.547  27.619  52.887 0.0000000000
141787  -45.300  11.643  47.867 0.0000000000
142377  -44.359  22.067  55.120 0.0000000000
142579  -42.956  25.916  52.175 0.0000000000
143539  -48.168  29.553  47.715 0.0000000000
144059  -41.346  11.506  54.338 0.0000000000
144937  -39.708  7.784  51.258 0.0000000000
145014  -50.549  21.052  56.033 0.0000000000
