#!ascii label  , from subject sub-v1s8x0051343_ses-1 vox2ras=TkReg
640
8205  -39.514  -85.057  23.549 0.0000000000
11803  -38.274  -81.783  18.749 0.0000000000
144921  -37.404  -79.596  25.169 0.0000000000
11793  -43.309  -81.577  19.599 0.0000000000
18282  -41.110  -75.206  23.902 0.0000000000
10826  -40.013  -83.184  28.894 0.0000000000
16306  -36.098  -77.066  30.897 0.0000000000
20032  -39.979  -72.766  35.451 0.0000000000
16344  -34.631  -76.929  26.776 0.0000000000
15329  -39.239  -77.811  25.955 0.0000000000
18256  -36.213  -75.179  26.792 0.0000000000
13424  -37.780  -79.771  30.085 0.0000000000
143790  -38.101  -77.925  32.853 0.0000000000
22471  -41.117  -69.652  35.252 0.0000000000
21621  -37.472  -70.805  34.895 0.0000000000
9123  -36.951  -84.517  20.469 0.0000000000
12645  -41.589  -80.723  18.600 0.0000000000
133890  -40.669  -83.495  15.597 0.0000000000
10136  -38.948  -83.011  15.237 0.0000000000
10871  -39.829  -83.207  24.502 0.0000000000
10902  -41.463  -83.152  22.623 0.0000000000
15383  -43.479  -77.661  22.861 0.0000000000
13507  -40.272  -79.067  22.249 0.0000000000
10836  -37.683  -82.652  26.987 0.0000000000
13438  -35.362  -79.432  28.334 0.0000000000
17260  -33.427  -75.259  30.368 0.0000000000
17203  -39.303  -76.085  34.755 0.0000000000
18173  -37.592  -74.766  34.342 0.0000000000
20062  -34.872  -72.894  33.892 0.0000000000
124928  -32.283  -70.525  32.364 0.0000000000
9151  -39.990  -84.939  18.342 0.0000000000
139039  -33.637  -80.035  22.278 0.0000000000
10947  -34.639  -82.260  19.212 0.0000000000
10144  -32.294  -83.722  15.500 0.0000000000
17289  -33.263  -75.428  28.088 0.0000000000
16340  -36.064  -75.917  26.821 0.0000000000
10030  -37.180  -83.725  22.500 0.0000000000
11791  -39.597  -81.095  19.192 0.0000000000
11818  -40.192  -81.790  17.389 0.0000000000
10986  -38.735  -82.487  17.093 0.0000000000
10148  -37.218  -83.493  15.356 0.0000000000
10984  -36.571  -82.872  17.795 0.0000000000
12555  -38.427  -80.773  24.641 0.0000000000
12541  -40.266  -80.000  24.901 0.0000000000
16351  -40.675  -76.453  25.046 0.0000000000
15332  -42.313  -77.769  24.668 0.0000000000
16383  -42.444  -76.601  23.420 0.0000000000
14439  -42.167  -78.061  22.360 0.0000000000
16396  -41.179  -75.867  22.761 0.0000000000
10847  -38.405  -83.395  26.485 0.0000000000
10837  -38.581  -83.174  27.544 0.0000000000
14359  -36.991  -78.408  30.704 0.0000000000
12507  -36.544  -80.275  28.771 0.0000000000
14358  -35.593  -78.247  29.604 0.0000000000
125807  -34.219  -77.731  28.728 0.0000000000
17261  -35.014  -75.903  30.998 0.0000000000
120513  -40.065  -74.623  35.274 0.0000000000
17202  -38.548  -75.895  34.386 0.0000000000
19135  -38.547  -73.385  35.095 0.0000000000
129541  -36.516  -69.842  34.681 0.0000000000
20047  -35.925  -72.057  34.560 0.0000000000
21618  -34.734  -70.490  34.392 0.0000000000
20851  -33.009  -71.663  33.266 0.0000000000
139794  -42.846  -82.019  21.853 0.0000000000
10067  -40.646  -82.992  19.843 0.0000000000
134245  -42.608  -82.907  18.925 0.0000000000
8304  -39.201  -85.201  15.428 0.0000000000
14450  -31.829  -78.856  22.085 0.0000000000
11766  -34.657  -81.394  20.630 0.0000000000
11000  -32.068  -82.851  16.814 0.0000000000
134466  -35.713  -78.099  26.159 0.0000000000
120722  -39.064  -78.998  25.403 0.0000000000
15322  -37.310  -77.244  26.312 0.0000000000
140273  -38.452  -76.587  26.255 0.0000000000
17299  -38.880  -74.994  25.532 0.0000000000
11655  -38.949  -81.382  29.593 0.0000000000
14342  -38.305  -79.132  31.411 0.0000000000
16292  -36.986  -77.487  31.950 0.0000000000
20817  -40.963  -71.233  35.464 0.0000000000
124386  -38.511  -72.010  35.257 0.0000000000
21605  -39.040  -70.410  35.141 0.0000000000
22494  -38.623  -68.970  34.713 0.0000000000
24250  -37.609  -67.972  34.163 0.0000000000
12636  -43.073  -80.186  18.968 0.0000000000
10972  -42.946  -82.322  17.983 0.0000000000
11820  -42.052  -81.951  16.867 0.0000000000
11013  -39.826  -82.956  15.164 0.0000000000
10173  -38.710  -83.829  13.546 0.0000000000
9233  -37.054  -83.789  13.453 0.0000000000
9211  -36.075  -84.060  14.011 0.0000000000
9231  -34.028  -84.626  13.650 0.0000000000
9061  -40.261  -84.733  23.758 0.0000000000
132995  -40.341  -83.915  22.653 0.0000000000
10014  -42.633  -82.259  23.520 0.0000000000
11736  -43.931  -81.046  22.433 0.0000000000
13466  -40.799  -79.230  25.286 0.0000000000
13482  -43.723  -79.484  24.104 0.0000000000
12610  -44.429  -79.597  21.667 0.0000000000
141322  -43.099  -79.179  21.335 0.0000000000
12608  -41.408  -79.967  21.016 0.0000000000
12621  -38.965  -80.801  20.639 0.0000000000
9989  -39.625  -84.582  24.861 0.0000000000
9987  -38.436  -82.803  25.181 0.0000000000
11694  -37.129  -81.713  25.454 0.0000000000
11665  -37.512  -81.628  28.335 0.0000000000
12521  -35.949  -80.879  27.369 0.0000000000
12530  -35.589  -80.023  26.336 0.0000000000
14384  -34.624  -78.700  26.859 0.0000000000
16333  -33.260  -76.560  28.468 0.0000000000
18235  -32.587  -74.348  29.516 0.0000000000
16250  -38.759  -76.602  34.341 0.0000000000
16271  -37.610  -76.750  33.320 0.0000000000
17239  -36.331  -75.997  32.549 0.0000000000
141482  -37.121  -72.650  34.750 0.0000000000
19169  -36.263  -73.546  34.234 0.0000000000
18219  -35.183  -75.088  32.207 0.0000000000
18204  -33.844  -74.177  31.992 0.0000000000
19181  -32.679  -72.920  31.753 0.0000000000
10919  -39.562  -82.834  21.123 0.0000000000
122472  -38.622  -84.822  19.323 0.0000000000
9166  -40.902  -84.604  17.288 0.0000000000
8291  -39.537  -85.556  16.943 0.0000000000
122333  -39.058  -77.000  22.501 0.0000000000
13505  -38.574  -79.562  22.296 0.0000000000
12620  -37.981  -80.926  20.822 0.0000000000
11751  -36.223  -81.160  21.046 0.0000000000
10949  -36.669  -82.128  19.060 0.0000000000
10113  -35.068  -83.412  17.298 0.0000000000
9194  -33.770  -84.388  15.250 0.0000000000
18241  -33.042  -74.560  28.289 0.0000000000
18253  -33.719  -74.803  27.789 0.0000000000
9074  -36.913  -84.248  23.354 0.0000000000
9093  -37.995  -84.156  23.053 0.0000000000
11790  -38.989  -81.448  18.981 0.0000000000
11804  -39.143  -81.812  18.200 0.0000000000
10971  -38.404  -82.177  17.988 0.0000000000
10985  -37.627  -82.589  17.650 0.0000000000
10970  -37.551  -82.155  18.534 0.0000000000
12540  -37.434  -80.422  24.906 0.0000000000
12556  -39.582  -80.781  24.600 0.0000000000
13464  -38.236  -79.709  24.951 0.0000000000
17311  -40.855  -75.508  24.475 0.0000000000
16367  -41.448  -76.254  24.503 0.0000000000
17312  -41.569  -75.699  23.979 0.0000000000
16397  -41.999  -76.448  22.785 0.0000000000
17332  -41.389  -75.479  23.444 0.0000000000
124756  -41.063  -84.406  28.799 0.0000000000
126654  -40.484  -83.991  28.505 0.0000000000
9935  -39.540  -83.610  28.150 0.0000000000
10825  -38.990  -82.776  28.490 0.0000000000
15276  -36.725  -77.691  31.116 0.0000000000
140141  -36.319  -77.967  30.396 0.0000000000
142711  -36.236  -77.502  30.664 0.0000000000
16305  -35.341  -76.661  30.609 0.0000000000
20033  -40.902  -72.782  35.543 0.0000000000
20034  -41.839  -72.874  35.548 0.0000000000
120107  -40.479  -73.426  35.493 0.0000000000
19137  -40.598  -74.180  35.448 0.0000000000
19136  -39.600  -73.747  35.307 0.0000000000
22491  -35.873  -69.171  34.541 0.0000000000
21619  -35.762  -70.309  34.635 0.0000000000
128467  -34.123  -69.797  34.097 0.0000000000
22514  -34.377  -69.026  33.882 0.0000000000
11771  -43.411  -81.491  21.028 0.0000000000
124577  -42.739  -82.415  19.608 0.0000000000
11785  -33.142  -81.747  19.671 0.0000000000
10965  -32.461  -82.119  18.179 0.0000000000
11817  -31.930  -81.679  17.688 0.0000000000
15320  -35.166  -77.607  26.429 0.0000000000
14386  -36.565  -78.101  25.996 0.0000000000
15321  -36.163  -77.363  26.300 0.0000000000
17294  -36.873  -75.686  26.664 0.0000000000
16346  -36.643  -76.525  26.570 0.0000000000
126216  -38.328  -75.660  26.111 0.0000000000
17295  -37.589  -75.297  26.354 0.0000000000
14341  -37.759  -78.537  31.626 0.0000000000
15266  -37.722  -78.016  32.334 0.0000000000
137724  -41.478  -70.711  35.440 0.0000000000
135389  -40.777  -70.343  35.367 0.0000000000
20816  -39.905  -71.027  35.413 0.0000000000
22470  -40.477  -69.596  35.147 0.0000000000
23387  -38.072  -68.367  34.455 0.0000000000
8243  -37.162  -85.450  19.782 0.0000000000
12635  -42.238  -80.260  19.098 0.0000000000
11807  -42.662  -81.250  17.864 0.0000000000
131285  -42.051  -81.017  17.977 0.0000000000
11001  -39.237  -82.664  15.977 0.0000000000
11002  -40.307  -82.592  15.840 0.0000000000
10160  -38.643  -83.546  13.995 0.0000000000
10172  -37.966  -83.637  13.496 0.0000000000
130334  -36.171  -83.729  15.679 0.0000000000
141364  -35.203  -84.271  14.520 0.0000000000
9232  -35.168  -84.372  13.821 0.0000000000
9210  -34.354  -84.484  14.527 0.0000000000
10003  -40.741  -84.057  23.669 0.0000000000
11735  -43.435  -81.603  22.968 0.0000000000
11708  -43.261  -81.118  23.981 0.0000000000
133190  -39.405  -78.370  25.720 0.0000000000
140106  -39.942  -78.768  25.522 0.0000000000
142983  -40.412  -78.630  25.460 0.0000000000
13468  -42.750  -78.562  24.735 0.0000000000
14420  -44.050  -78.729  23.525 0.0000000000
13493  -44.540  -79.396  22.744 0.0000000000
14441  -44.028  -78.511  22.485 0.0000000000
13523  -43.677  -79.426  20.750 0.0000000000
14438  -41.012  -78.257  22.416 0.0000000000
13508  -41.487  -78.880  22.118 0.0000000000
13521  -40.894  -79.579  21.740 0.0000000000
12622  -39.840  -80.548  20.779 0.0000000000
13520  -40.033  -79.787  21.841 0.0000000000
9973  -38.219  -83.104  25.748 0.0000000000
10846  -37.589  -82.616  26.167 0.0000000000
142474  -37.527  -81.891  25.166 0.0000000000
10845  -37.089  -82.079  25.918 0.0000000000
12495  -38.438  -80.492  29.937 0.0000000000
11666  -38.469  -81.900  28.813 0.0000000000
11654  -37.975  -81.099  29.150 0.0000000000
13439  -36.034  -79.746  28.796 0.0000000000
134707  -36.326  -80.764  28.124 0.0000000000
12506  -35.682  -80.208  27.957 0.0000000000
12531  -35.933  -80.801  26.549 0.0000000000
13447  -35.017  -79.603  27.427 0.0000000000
13454  -35.007  -79.395  26.721 0.0000000000
13446  -34.641  -79.060  27.151 0.0000000000
16304  -34.063  -76.614  29.727 0.0000000000
15309  -33.651  -77.143  28.554 0.0000000000
16320  -33.435  -76.520  29.170 0.0000000000
131158  -32.974  -75.969  28.525 0.0000000000
17259  -32.808  -74.811  29.942 0.0000000000
17201  -37.801  -75.518  34.132 0.0000000000
17227  -37.986  -76.278  33.894 0.0000000000
17226  -37.357  -75.993  33.545 0.0000000000
17240  -36.993  -76.440  32.935 0.0000000000
18192  -36.959  -75.163  33.786 0.0000000000
20814  -37.938  -71.363  35.079 0.0000000000
137482  -38.280  -72.653  35.144 0.0000000000
20030  -37.630  -72.149  34.964 0.0000000000
20046  -35.098  -72.118  34.281 0.0000000000
19151  -35.659  -72.840  34.285 0.0000000000
19168  -35.440  -73.596  33.812 0.0000000000
18206  -35.546  -74.785  32.905 0.0000000000
18205  -34.694  -74.354  32.602 0.0000000000
19183  -34.010  -73.774  32.674 0.0000000000
20850  -32.621  -70.944  33.058 0.0000000000
20071  -32.915  -72.545  32.713 0.0000000000
20070  -32.368  -72.159  32.018 0.0000000000
20084  -32.207  -72.209  31.156 0.0000000000
10052  -40.705  -83.273  22.313 0.0000000000
10051  -39.876  -83.249  22.013 0.0000000000
10920  -40.290  -82.808  21.544 0.0000000000
10081  -40.109  -83.713  19.375 0.0000000000
10080  -39.130  -83.841  19.640 0.0000000000
9140  -39.648  -84.592  19.008 0.0000000000
8256  -39.184  -85.307  18.608 0.0000000000
8270  -39.514  -85.448  18.020 0.0000000000
10137  -41.853  -82.853  16.465 0.0000000000
135792  -42.126  -83.569  17.596 0.0000000000
9181  -41.007  -84.257  16.355 0.0000000000
7494  -38.454  -85.520  15.116 0.0000000000
8292  -39.756  -85.131  16.081 0.0000000000
16395  -39.612  -76.111  22.517 0.0000000000
16394  -38.549  -76.142  22.470 0.0000000000
135978  -37.866  -79.604  22.405 0.0000000000
12588  -38.081  -80.157  22.148 0.0000000000
12604  -37.589  -80.616  21.633 0.0000000000
11750  -35.429  -81.147  21.075 0.0000000000
11787  -35.157  -81.843  19.844 0.0000000000
11788  -36.113  -81.832  19.769 0.0000000000
10948  -35.628  -82.198  19.154 0.0000000000
10969  -36.067  -82.540  18.480 0.0000000000
10968  -35.096  -82.611  18.561 0.0000000000
10130  -32.589  -83.467  16.383 0.0000000000
10131  -33.556  -83.708  16.603 0.0000000000
9193  -32.962  -84.243  15.196 0.0000000000
16338  -34.259  -76.188  27.190 0.0000000000
16345  -35.617  -76.704  26.577 0.0000000000
17291  -34.810  -75.400  27.121 0.0000000000
18255  -35.467  -74.679  26.965 0.0000000000
23366  -40.241  -68.960  34.865 0.0000000000
23390  -40.647  -68.485  34.720 0.0000000000
10049  -37.386  -83.517  21.636 0.0000000000
11792  -40.466  -80.894  18.905 0.0000000000
11806  -41.071  -81.262  17.930 0.0000000000
11805  -39.877  -81.376  18.440 0.0000000000
140371  -39.240  -82.152  17.497 0.0000000000
141834  -38.563  -82.927  15.919 0.0000000000
10135  -37.875  -83.233  15.910 0.0000000000
10134  -36.669  -83.479  16.316 0.0000000000
10133  -35.608  -83.638  16.521 0.0000000000
11704  -39.045  -81.600  24.546 0.0000000000
11705  -40.043  -81.671  24.459 0.0000000000
12557  -40.670  -80.882  24.595 0.0000000000
132459  -41.318  -80.150  24.937 0.0000000000
15324  -39.731  -77.497  25.743 0.0000000000
15330  -40.546  -77.457  25.376 0.0000000000
16352  -41.213  -76.974  24.951 0.0000000000
129597  -42.558  -77.069  24.049 0.0000000000
15362  -43.035  -77.298  23.405 0.0000000000
14440  -43.283  -78.141  22.431 0.0000000000
15382  -42.679  -77.305  22.696 0.0000000000
15381  -41.620  -77.322  22.532 0.0000000000
15380  -40.532  -77.572  22.526 0.0000000000
13410  -37.322  -79.099  30.371 0.0000000000
12494  -37.450  -80.344  29.390 0.0000000000
13423  -36.798  -79.585  29.562 0.0000000000
13422  -35.864  -79.126  29.246 0.0000000000
14376  -35.112  -78.736  28.723 0.0000000000
14371  -34.796  -78.175  28.987 0.0000000000
15301  -34.831  -77.633  29.494 0.0000000000
15287  -34.754  -76.966  29.954 0.0000000000
125529  -34.184  -75.750  30.525 0.0000000000
18160  -40.788  -75.028  35.363 0.0000000000
17185  -39.960  -75.457  35.120 0.0000000000
18175  -39.124  -75.411  34.788 0.0000000000
18159  -39.336  -74.713  35.016 0.0000000000
18158  -38.762  -74.142  34.946 0.0000000000
19153  -37.865  -73.975  34.707 0.0000000000
21620  -36.754  -70.611  34.762 0.0000000000
20837  -37.136  -71.378  34.846 0.0000000000
20836  -36.275  -71.286  34.704 0.0000000000
20835  -35.371  -71.281  34.510 0.0000000000
20061  -34.317  -72.206  33.916 0.0000000000
20060  -33.611  -72.356  33.433 0.0000000000
121951  -33.714  -71.531  33.813 0.0000000000
135779  -33.183  -70.819  33.556 0.0000000000
22513  -33.183  -69.309  32.990 0.0000000000
10922  -42.170  -82.310  21.599 0.0000000000
10934  -40.348  -82.666  20.736 0.0000000000
10935  -41.984  -82.347  20.532 0.0000000000
10950  -41.786  -82.883  19.566 0.0000000000
10082  -41.135  -83.616  19.100 0.0000000000
9197  -40.366  -84.434  15.716 0.0000000000
12599  -32.556  -80.270  21.113 0.0000000000
12600  -33.034  -80.205  21.780 0.0000000000
122263  -33.822  -80.526  21.743 0.0000000000
12619  -33.816  -80.990  21.105 0.0000000000
11786  -34.133  -81.912  19.878 0.0000000000
10946  -33.676  -82.248  19.174 0.0000000000
10967  -34.132  -82.671  18.610 0.0000000000
10111  -32.942  -83.155  17.281 0.0000000000
10129  -31.879  -83.129  16.080 0.0000000000
14392  -36.818  -78.996  25.507 0.0000000000
120420  -37.958  -78.886  25.379 0.0000000000
14387  -37.629  -78.122  25.885 0.0000000000
15323  -38.371  -77.436  26.191 0.0000000000
141688  -37.971  -76.899  26.409 0.0000000000
16348  -39.159  -77.060  26.032 0.0000000000
16350  -39.867  -76.757  25.539 0.0000000000
17301  -40.054  -75.793  25.155 0.0000000000
17300  -39.557  -75.174  25.241 0.0000000000
10813  -39.466  -82.277  29.257 0.0000000000
13425  -38.433  -79.920  30.496 0.0000000000
13411  -38.892  -79.797  31.091 0.0000000000
123822  -38.077  -79.409  30.756 0.0000000000
14360  -37.629  -78.820  31.039 0.0000000000
15288  -37.291  -78.300  31.234 0.0000000000
16291  -36.424  -76.987  31.576 0.0000000000
121316  -41.377  -72.035  35.521 0.0000000000
121317  -40.426  -71.959  35.475 0.0000000000
121856  -39.438  -71.950  35.415 0.0000000000
20815  -38.818  -71.229  35.276 0.0000000000
21604  -38.155  -70.616  35.004 0.0000000000
135037  -39.857  -69.440  34.971 0.0000000000
22469  -39.190  -69.609  34.931 0.0000000000
22468  -38.350  -69.802  34.839 0.0000000000
22493  -37.743  -69.112  34.667 0.0000000000
120408  -37.257  -68.496  34.422 0.0000000000
23386  -36.924  -68.017  34.012 0.0000000000
143343  -43.554  -80.703  19.511 0.0000000000
10951  -43.012  -82.366  18.735 0.0000000000
11808  -43.216  -81.599  18.345 0.0000000000
11821  -42.678  -81.947  17.440 0.0000000000
11004  -41.620  -82.427  16.429 0.0000000000
10152  -40.516  -82.923  15.581 0.0000000000
10161  -39.058  -83.700  13.965 0.0000000000
9212  -36.899  -83.727  14.174 0.0000000000
120492  -36.373  -84.125  13.096 0.0000000000
139250  -36.136  -84.298  12.409 0.0000000000
9253  -35.211  -84.513  12.068 0.0000000000
9252  -34.269  -84.605  12.755 0.0000000000
9076  -40.034  -85.045  23.668 0.0000000000
9094  -39.068  -84.380  22.948 0.0000000000
9077  -40.460  -84.454  23.402 0.0000000000
10013  -40.988  -83.954  23.247 0.0000000000
10034  -41.559  -83.418  23.063 0.0000000000
10873  -42.013  -82.577  23.733 0.0000000000
10903  -42.287  -82.624  22.631 0.0000000000
141570  -42.875  -82.194  22.520 0.0000000000
10923  -43.360  -81.682  22.229 0.0000000000
11753  -43.980  -80.905  21.427 0.0000000000
14396  -41.908  -78.476  25.077 0.0000000000
13467  -42.325  -79.173  25.059 0.0000000000
12560  -43.813  -80.282  23.784 0.0000000000
12590  -44.380  -80.315  21.868 0.0000000000
12609  -44.255  -80.025  20.807 0.0000000000
132688  -43.869  -79.727  20.236 0.0000000000
13534  -43.467  -79.650  20.001 0.0000000000
12624  -41.831  -80.106  20.038 0.0000000000
13509  -42.700  -78.711  21.940 0.0000000000
13522  -42.042  -79.407  21.575 0.0000000000
12634  -41.090  -80.527  19.492 0.0000000000
12633  -39.898  -80.754  19.880 0.0000000000
134000  -38.325  -81.165  20.166 0.0000000000
9060  -39.815  -85.164  24.242 0.0000000000
10002  -40.207  -84.341  24.273 0.0000000000
9988  -39.343  -83.507  24.851 0.0000000000
141592  -38.783  -83.809  25.866 0.0000000000
137686  -38.987  -83.686  25.360 0.0000000000
10870  -38.828  -82.428  24.721 0.0000000000
10869  -37.969  -82.084  24.954 0.0000000000
11695  -37.563  -81.398  24.896 0.0000000000
121352  -36.802  -80.976  25.307 0.0000000000
10824  -37.986  -82.400  27.967 0.0000000000
11676  -37.138  -81.971  27.422 0.0000000000
12508  -37.070  -80.919  28.629 0.0000000000
11664  -36.662  -81.333  27.813 0.0000000000
11675  -36.419  -81.493  26.919 0.0000000000
11686  -36.544  -81.446  26.027 0.0000000000
12539  -36.198  -80.524  25.856 0.0000000000
13463  -36.702  -80.044  25.344 0.0000000000
13461  -35.452  -79.317  26.222 0.0000000000
14385  -35.055  -78.589  26.411 0.0000000000
15319  -34.379  -77.883  26.856 0.0000000000
14380  -34.358  -78.473  27.386 0.0000000000
15310  -33.913  -77.703  27.780 0.0000000000
15315  -33.926  -77.008  27.299 0.0000000000
16337  -33.475  -76.259  27.789 0.0000000000
139799  -32.830  -75.334  28.644 0.0000000000
138299  -38.375  -76.449  34.124 0.0000000000
16272  -38.238  -76.982  33.765 0.0000000000
15252  -37.887  -77.464  33.050 0.0000000000
16281  -37.281  -77.195  32.666 0.0000000000
16280  -36.672  -76.786  32.284 0.0000000000
17252  -36.150  -76.446  31.939 0.0000000000
20031  -39.045  -72.760  35.353 0.0000000000
19134  -37.738  -73.020  34.907 0.0000000000
19152  -37.059  -73.353  34.594 0.0000000000
121761  -36.754  -72.042  34.728 0.0000000000
18172  -36.949  -74.225  34.278 0.0000000000
18207  -36.242  -75.279  33.120 0.0000000000
17238  -35.777  -75.418  32.547 0.0000000000
17251  -35.606  -75.826  31.883 0.0000000000
124275  -34.933  -75.371  31.575 0.0000000000
17250  -34.311  -75.264  31.051 0.0000000000
17249  -33.685  -74.637  31.175 0.0000000000
19182  -33.337  -73.437  32.279 0.0000000000
18217  -33.055  -73.855  31.315 0.0000000000
18227  -33.070  -74.510  30.614 0.0000000000
18226  -32.642  -73.943  30.335 0.0000000000
19210  -32.466  -73.351  29.595 0.0000000000
10032  -39.461  -83.792  22.485 0.0000000000
132902  -38.142  -83.323  21.388 0.0000000000
10064  -37.662  -83.760  20.658 0.0000000000
10066  -39.685  -83.110  20.167 0.0000000000
9125  -38.329  -84.008  19.969 0.0000000000
9124  -37.742  -84.610  19.884 0.0000000000
9139  -37.915  -85.360  19.394 0.0000000000
10084  -42.674  -82.942  18.204 0.0000000000
10097  -41.388  -84.054  18.320 0.0000000000
9152  -40.770  -84.621  18.041 0.0000000000
8280  -40.293  -85.047  16.795 0.0000000000
8279  -39.729  -85.424  17.449 0.0000000000
121075  -35.027  -73.789  27.098 0.0000000000
18262  -38.173  -74.713  25.847 0.0000000000
18269  -40.108  -74.879  24.659 0.0000000000
18306  -40.780  -74.968  23.474 0.0000000000
120774  -40.339  -75.475  22.705 0.0000000000
129649  -40.010  -76.889  22.516 0.0000000000
14437  -39.546  -77.782  22.524 0.0000000000
139214  -38.271  -77.066  22.504 0.0000000000
127982  -38.512  -77.933  22.528 0.0000000000
14436  -39.209  -78.778  22.442 0.0000000000
12589  -38.773  -80.083  21.988 0.0000000000
12605  -38.460  -80.507  21.505 0.0000000000
11769  -37.525  -81.431  20.130 0.0000000000
12601  -34.761  -80.795  21.538 0.0000000000
12602  -35.771  -80.734  21.639 0.0000000000
12603  -36.685  -80.677  21.675 0.0000000000
11752  -37.108  -81.104  20.959 0.0000000000
125271  -36.888  -81.765  19.728 0.0000000000
11789  -37.515  -81.788  19.282 0.0000000000
141293  -36.896  -82.476  18.338 0.0000000000
10114  -36.102  -83.315  17.181 0.0000000000
10132  -34.591  -83.753  16.619 0.0000000000
9195  -34.724  -84.267  15.197 0.0000000000
9209  -33.366  -84.494  14.549 0.0000000000
8255  -38.336  -85.798  18.861 0.0000000000
8271  -40.212  -85.072  17.708 0.0000000000
8305  -39.770  -84.559  15.186 0.0000000000
9095  -40.127  -84.578  23.119 0.0000000000
9141  -40.544  -84.324  18.692 0.0000000000
9153  -41.376  -84.230  17.675 0.0000000000
9167  -41.580  -84.015  16.965 0.0000000000
9182  -41.447  -83.436  16.281 0.0000000000
9196  -35.835  -84.000  14.933 0.0000000000
9213  -39.095  -84.007  13.821 0.0000000000
10031  -38.278  -83.594  22.305 0.0000000000
10033  -40.936  -84.051  22.956 0.0000000000
10035  -42.171  -82.773  23.260 0.0000000000
10050  -38.969  -83.249  21.698 0.0000000000
10065  -38.696  -83.281  20.590 0.0000000000
10083  -42.077  -83.455  18.654 0.0000000000
10098  -42.585  -82.665  17.417 0.0000000000
10115  -37.170  -83.127  16.963 0.0000000000
10116  -38.185  -82.846  16.609 0.0000000000
10117  -41.983  -83.401  16.752 0.0000000000
10118  -42.323  -82.970  16.875 0.0000000000
10145  -33.185  -84.018  15.845 0.0000000000
10146  -34.156  -84.119  15.935 0.0000000000
10149  -38.342  -83.290  14.792 0.0000000000
10158  -31.742  -83.558  14.783 0.0000000000
10835  -36.999  -82.072  26.526 0.0000000000
10857  -37.639  -82.327  25.512 0.0000000000
10904  -42.917  -82.239  23.037 0.0000000000
10921  -41.183  -82.533  21.521 0.0000000000
10936  -42.817  -81.988  20.681 0.0000000000
10980  -32.269  -82.427  17.490 0.0000000000
10982  -34.576  -83.059  17.982 0.0000000000
10983  -35.572  -82.980  17.902 0.0000000000
10987  -39.777  -82.292  16.645 0.0000000000
10989  -42.223  -82.420  16.848 0.0000000000
11703  -38.289  -81.668  24.706 0.0000000000
11709  -43.758  -80.953  23.255 0.0000000000
11721  -43.135  -81.734  23.518 0.0000000000
11765  -33.526  -81.422  20.410 0.0000000000
11767  -35.702  -81.496  20.457 0.0000000000
11768  -36.596  -81.490  20.352 0.0000000000
11770  -38.979  -81.137  19.735 0.0000000000
11772  -43.752  -80.749  20.336 0.0000000000
11809  -43.438  -80.960  18.933 0.0000000000
11831  -41.432  -82.170  16.445 0.0000000000
12487  -38.939  -80.305  30.566 0.0000000000
12520  -35.349  -80.246  26.978 0.0000000000
12574  -44.356  -80.113  23.096 0.0000000000
12591  -44.526  -79.864  22.384 0.0000000000
12606  -39.392  -80.290  21.498 0.0000000000
12607  -40.357  -80.171  21.267 0.0000000000
12623  -40.699  -80.387  20.444 0.0000000000
12625  -42.915  -79.799  19.553 0.0000000000
12626  -43.784  -80.129  19.845 0.0000000000
12637  -43.424  -80.347  19.153 0.0000000000
12646  -42.557  -80.654  18.443 0.0000000000
12647  -43.146  -80.729  18.518 0.0000000000
13437  -34.726  -78.990  27.847 0.0000000000
13462  -36.031  -79.635  25.789 0.0000000000
13465  -39.882  -79.338  25.244 0.0000000000
13480  -39.239  -79.879  24.869 0.0000000000
13492  -44.284  -79.470  23.397 0.0000000000
13502  -33.385  -79.460  22.708 0.0000000000
13506  -39.365  -79.632  22.127 0.0000000000
13510  -44.501  -79.336  22.216 0.0000000000
13519  -32.302  -79.602  21.674 0.0000000000
13524  -44.079  -79.425  21.114 0.0000000000
13525  -44.274  -79.054  21.913 0.0000000000
13533  -42.693  -79.598  20.590 0.0000000000
13535  -43.514  -79.909  19.544 0.0000000000
14372  -36.513  -78.718  30.001 0.0000000000
14375  -34.432  -78.353  28.247 0.0000000000
14391  -35.855  -78.801  25.911 0.0000000000
14393  -38.643  -78.248  25.828 0.0000000000
14394  -40.030  -78.150  25.664 0.0000000000
14395  -40.954  -78.405  25.342 0.0000000000
14421  -44.418  -78.784  22.905 0.0000000000
14442  -44.435  -78.961  22.431 0.0000000000
15277  -37.281  -78.037  31.653 0.0000000000
15300  -34.080  -77.153  29.292 0.0000000000
15314  -33.498  -76.978  27.904 0.0000000000
15331  -41.467  -77.705  25.044 0.0000000000
15346  -41.895  -76.984  24.577 0.0000000000
15348  -43.492  -78.640  24.211 0.0000000000
15363  -43.618  -78.017  23.484 0.0000000000
16290  -35.815  -76.456  31.297 0.0000000000
16303  -33.676  -76.046  29.912 0.0000000000
16339  -35.157  -76.055  26.883 0.0000000000
16347  -37.626  -76.278  26.492 0.0000000000
16368  -42.082  -76.327  24.007 0.0000000000
16398  -42.736  -76.836  22.950 0.0000000000
17225  -36.785  -75.777  33.182 0.0000000000
17282  -32.586  -74.851  28.992 0.0000000000
17290  -33.943  -75.465  27.523 0.0000000000
17292  -35.569  -75.435  26.917 0.0000000000
17296  -39.175  -76.033  25.728 0.0000000000
17333  -41.940  -75.995  23.442 0.0000000000
17345  -41.015  -75.298  22.995 0.0000000000
17346  -41.731  -75.792  23.000 0.0000000000
18174  -38.433  -74.913  34.628 0.0000000000
18191  -35.250  -74.173  33.291 0.0000000000
18218  -34.470  -74.794  31.744 0.0000000000
18281  -40.569  -74.777  24.057 0.0000000000
19166  -33.715  -73.145  33.046 0.0000000000
19167  -34.579  -73.580  33.301 0.0000000000
19192  -32.525  -73.138  30.867 0.0000000000
19199  -32.470  -73.259  30.276 0.0000000000
20098  -32.298  -72.546  30.261 0.0000000000
20834  -34.489  -71.390  34.239 0.0000000000
20852  -33.877  -70.657  34.076 0.0000000000
20861  -32.462  -71.558  32.566 0.0000000000
20871  -32.066  -71.366  31.725 0.0000000000
21637  -32.764  -70.169  33.105 0.0000000000
21647  -32.605  -69.739  32.533 0.0000000000
22467  -37.402  -70.002  34.757 0.0000000000
22492  -36.851  -69.164  34.617 0.0000000000
22524  -32.330  -69.808  31.979 0.0000000000
23367  -40.934  -69.048  35.031 0.0000000000
23384  -35.118  -68.734  34.147 0.0000000000
23385  -36.445  -68.525  34.366 0.0000000000
120470  -41.999  -81.471  17.434 0.0000000000
120986  -40.997  -76.668  22.607 0.0000000000
121418  -40.251  -74.505  23.594 0.0000000000
121716  -38.246  -81.462  19.503 0.0000000000
123909  -43.061  -79.351  24.699 0.0000000000
125466  -41.194  -82.854  16.019 0.0000000000
126723  -35.177  -84.466  12.989 0.0000000000
127036  -39.079  -85.631  16.491 0.0000000000
127158  -34.213  -72.862  33.540 0.0000000000
128583  -39.578  -82.308  24.501 0.0000000000
129013  -36.454  -72.745  34.559 0.0000000000
133488  -41.144  -82.561  20.388 0.0000000000
133740  -41.588  -79.014  25.244 0.0000000000
133879  -39.880  -70.083  35.212 0.0000000000
134543  -40.449  -76.158  22.582 0.0000000000
134831  -34.509  -76.323  30.301 0.0000000000
136210  -32.924  -75.610  29.331 0.0000000000
137947  -40.090  -78.333  22.459 0.0000000000
138693  -42.223  -76.271  23.054 0.0000000000
138741  -32.888  -82.647  17.900 0.0000000000
138769  -36.733  -83.698  14.928 0.0000000000
140056  -38.751  -84.794  23.416 0.0000000000
140483  -36.085  -74.410  33.658 0.0000000000
141120  -33.415  -69.966  33.646 0.0000000000
141630  -41.798  -82.608  22.176 0.0000000000
142356  -35.631  -77.412  30.236 0.0000000000
142861  -39.060  -85.829  17.073 0.0000000000
143085  -32.696  -74.938  29.444 0.0000000000
143469  -44.052  -78.249  22.997 0.0000000000
143526  -44.268  -80.474  22.644 0.0000000000
143530  -33.069  -76.205  28.891 0.0000000000
143968  -36.860  -83.876  21.094 0.0000000000
144035  -42.405  -81.694  17.390 0.0000000000
144205  -33.204  -80.619  21.332 0.0000000000
