#!ascii label  , from subject sub-v1s8x0051343_ses-1 vox2ras=TkReg
828
144004  35.792  11.320  50.863 0.0000000000
130349  41.395  10.674  42.862 0.0000000000
97970  46.174  18.007  37.209 0.0000000000
88542  44.591  5.288  36.574 0.0000000000
90882  42.107  8.977  50.826 0.0000000000
98552  49.308  19.059  43.081 0.0000000000
91004  43.358  8.902  37.718 0.0000000000
95842  38.920  14.200  42.729 0.0000000000
97270  42.790  16.301  44.637 0.0000000000
137063  38.852  11.774  46.571 0.0000000000
91738  44.602  10.538  47.071 0.0000000000
98572  42.244  19.740  41.064 0.0000000000
95094  39.922  13.132  38.712 0.0000000000
95865  44.033  14.341  39.348 0.0000000000
93469  42.015  11.275  33.248 0.0000000000
97937  39.991  17.466  43.875 0.0000000000
96520  38.983  15.039  47.884 0.0000000000
134209  37.356  11.662  48.612 0.0000000000
91714  43.476  9.907  48.948 0.0000000000
99856  47.089  20.549  39.863 0.0000000000
100538  44.430  21.388  40.869 0.0000000000
133962  44.283  18.450  39.601 0.0000000000
96585  41.661  15.352  40.402 0.0000000000
96601  42.809  15.563  37.624 0.0000000000
95056  41.536  13.430  43.364 0.0000000000
96566  43.618  15.496  42.227 0.0000000000
94250  42.206  12.522  41.096 0.0000000000
89373  45.207  7.854  34.857 0.0000000000
91834  42.750  9.812  34.950 0.0000000000
90172  42.993  7.727  34.568 0.0000000000
91021  40.698  8.312  36.119 0.0000000000
89345  42.403  6.456  37.444 0.0000000000
87641  42.653  4.551  41.147 0.0000000000
91686  37.540  9.399  52.828 0.0000000000
91703  38.917  9.613  50.941 0.0000000000
98577  48.479  19.050  40.039 0.0000000000
90956  43.773  8.135  42.470 0.0000000000
91808  41.846  9.723  40.349 0.0000000000
90980  45.320  8.405  39.928 0.0000000000
130378  46.337  8.351  36.856 0.0000000000
98507  44.794  18.567  47.660 0.0000000000
97243  41.327  16.858  47.300 0.0000000000
95817  40.744  14.390  45.686 0.0000000000
137459  40.210  10.837  44.720 0.0000000000
129182  39.491  9.551  48.994 0.0000000000
91741  40.546  9.303  46.686 0.0000000000
90929  42.454  8.570  44.478 0.0000000000
91759  45.578  10.442  44.720 0.0000000000
90850  36.440  8.116  54.305 0.0000000000
123062  42.158  21.912  42.781 0.0000000000
99205  39.924  20.158  41.352 0.0000000000
96568  41.213  16.054  42.001 0.0000000000
95071  39.426  13.786  41.264 0.0000000000
92651  38.472  10.771  39.644 0.0000000000
126878  45.508  18.445  44.195 0.0000000000
97948  45.947  17.718  41.028 0.0000000000
96598  45.983  16.138  37.265 0.0000000000
93449  41.889  11.222  38.649 0.0000000000
132356  43.147  13.406  36.467 0.0000000000
96625  43.226  15.486  34.474 0.0000000000
131865  40.749  12.675  35.300 0.0000000000
91829  38.967  9.648  37.807 0.0000000000
97929  39.349  18.138  44.258 0.0000000000
98558  38.773  19.208  43.568 0.0000000000
137811  36.847  13.327  49.234 0.0000000000
93375  36.560  11.863  49.697 0.0000000000
99216  46.331  19.756  38.651 0.0000000000
99868  45.589  20.287  39.296 0.0000000000
97963  44.874  18.365  38.606 0.0000000000
97304  43.902  16.818  38.898 0.0000000000
97312  44.167  16.784  37.587 0.0000000000
130592  41.344  12.622  43.108 0.0000000000
95062  42.328  13.568  42.008 0.0000000000
94251  41.864  12.053  41.501 0.0000000000
89374  44.792  7.052  35.282 0.0000000000
89375  44.192  7.387  34.841 0.0000000000
89364  43.296  6.873  35.639 0.0000000000
89365  42.427  7.073  36.093 0.0000000000
88544  43.197  5.891  37.181 0.0000000000
88526  43.258  5.025  38.558 0.0000000000
87659  44.130  4.139  37.701 0.0000000000
90869  38.844  8.650  52.593 0.0000000000
142626  49.545  19.920  40.779 0.0000000000
98562  48.539  18.945  41.643 0.0000000000
90940  45.289  8.891  43.064 0.0000000000
90969  44.095  8.006  41.506 0.0000000000
90967  46.255  8.654  41.194 0.0000000000
91000  47.359  8.941  37.806 0.0000000000
89352  47.353  7.297  37.368 0.0000000000
89353  46.955  7.006  36.789 0.0000000000
95026  38.590  13.330  47.421 0.0000000000
96529  39.942  15.117  46.869 0.0000000000
95033  39.602  13.523  46.428 0.0000000000
95041  40.521  13.148  45.133 0.0000000000
134966  39.587  11.771  45.538 0.0000000000
91701  40.900  9.527  51.084 0.0000000000
91710  40.003  9.624  49.996 0.0000000000
122313  41.430  9.488  50.642 0.0000000000
91726  44.058  10.173  48.264 0.0000000000
121984  42.183  9.590  48.019 0.0000000000
91739  42.847  9.682  47.515 0.0000000000
91751  41.177  9.018  46.031 0.0000000000
121325  43.598  9.773  46.733 0.0000000000
90928  43.476  8.834  44.939 0.0000000000
92592  45.284  10.766  46.653 0.0000000000
91746  47.154  10.973  45.708 0.0000000000
121772  42.957  20.747  40.542 0.0000000000
100528  43.217  21.544  41.652 0.0000000000
100540  42.110  21.113  40.848 0.0000000000
131044  40.856  20.601  41.014 0.0000000000
99204  41.365  19.920  41.182 0.0000000000
97943  41.579  18.364  42.342 0.0000000000
97950  42.128  17.826  41.862 0.0000000000
95867  40.784  14.337  39.546 0.0000000000
95858  40.606  14.472  40.434 0.0000000000
95087  39.847  13.418  39.651 0.0000000000
94258  38.893  12.347  39.993 0.0000000000
93443  39.014  12.029  39.132 0.0000000000
97910  43.345  18.009  46.149 0.0000000000
122304  45.306  18.595  45.887 0.0000000000
97928  43.805  17.303  44.578 0.0000000000
96576  43.926  15.243  41.404 0.0000000000
97281  44.643  16.552  42.152 0.0000000000
96583  44.982  15.445  40.094 0.0000000000
97295  45.810  16.825  39.697 0.0000000000
96592  45.199  15.399  39.111 0.0000000000
90993  42.921  8.818  38.939 0.0000000000
92650  41.745  10.422  39.101 0.0000000000
91827  42.151  9.650  37.600 0.0000000000
138172  42.339  10.408  33.471 0.0000000000
128665  42.278  12.131  35.548 0.0000000000
95113  42.641  13.593  34.117 0.0000000000
95894  43.662  14.842  34.675 0.0000000000
95118  42.292  13.816  33.775 0.0000000000
95896  41.943  14.521  34.324 0.0000000000
94281  41.255  12.549  34.279 0.0000000000
90154  40.741  7.626  37.161 0.0000000000
91013  39.855  8.534  37.244 0.0000000000
90143  39.657  7.702  38.381 0.0000000000
90144  38.892  7.935  38.750 0.0000000000
98531  48.532  18.636  45.238 0.0000000000
96550  39.342  15.906  44.188 0.0000000000
96559  39.632  15.483  43.472 0.0000000000
97236  39.695  16.446  48.781 0.0000000000
96512  37.934  14.999  48.843 0.0000000000
95019  37.831  13.244  47.989 0.0000000000
94211  38.152  12.403  47.606 0.0000000000
90881  42.674  9.221  50.096 0.0000000000
135872  45.474  21.198  41.139 0.0000000000
99859  43.901  20.796  40.192 0.0000000000
98580  43.125  18.870  40.787 0.0000000000
97290  42.561  17.153  41.248 0.0000000000
97297  43.602  17.085  39.958 0.0000000000
96593  42.589  15.589  38.870 0.0000000000
95874  41.587  14.579  37.957 0.0000000000
95824  42.161  14.885  44.008 0.0000000000
96547  43.096  15.989  43.884 0.0000000000
95831  42.396  14.614  43.184 0.0000000000
95848  42.970  14.022  41.522 0.0000000000
95077  42.887  13.200  40.192 0.0000000000
91018  44.965  8.645  35.221 0.0000000000
91020  43.310  9.283  35.450 0.0000000000
91019  44.338  8.750  34.767 0.0000000000
91036  43.557  8.837  34.293 0.0000000000
91038  42.540  9.399  33.773 0.0000000000
91843  41.258  9.834  34.449 0.0000000000
90174  41.435  8.034  35.489 0.0000000000
90153  41.273  7.423  36.723 0.0000000000
89338  41.531  6.346  38.936 0.0000000000
86750  43.266  4.122  40.289 0.0000000000
92545  36.617  10.262  52.158 0.0000000000
92556  36.960  10.540  50.754 0.0000000000
91695  37.929  9.917  51.885 0.0000000000
90876  40.127  8.824  51.791 0.0000000000
90040  41.174  7.766  51.471 0.0000000000
99837  49.242  20.513  41.656 0.0000000000
99866  47.568  20.003  39.448 0.0000000000
98594  47.056  18.372  38.040 0.0000000000
90957  42.379  8.623  42.354 0.0000000000
91800  41.903  9.560  41.179 0.0000000000
91799  42.310  8.778  41.419 0.0000000000
90982  43.274  8.548  39.808 0.0000000000
90992  43.979  8.610  38.623 0.0000000000
90979  46.443  8.594  39.485 0.0000000000
90990  46.016  8.532  38.652 0.0000000000
91002  45.017  8.586  37.618 0.0000000000
90152  45.929  8.187  36.098 0.0000000000
89362  45.461  7.143  35.474 0.0000000000
87677  45.453  5.027  36.397 0.0000000000
125774  44.767  3.747  37.076 0.0000000000
97905  42.480  17.876  47.409 0.0000000000
97252  42.236  16.928  46.136 0.0000000000
97245  39.961  16.135  47.969 0.0000000000
96528  40.638  15.476  46.569 0.0000000000
96537  41.582  15.521  45.514 0.0000000000
95040  41.027  13.906  44.999 0.0000000000
94230  41.145  12.889  43.936 0.0000000000
93417  40.977  11.163  43.563 0.0000000000
92560  37.495  10.577  49.529 0.0000000000
92564  38.318  10.451  48.352 0.0000000000
92574  38.602  10.689  47.519 0.0000000000
91716  42.017  9.762  49.456 0.0000000000
91730  39.861  9.515  47.339 0.0000000000
92583  39.306  10.535  46.156 0.0000000000
92593  40.102  10.198  45.119 0.0000000000
92604  40.823  9.788  44.058 0.0000000000
91777  41.392  9.161  43.840 0.0000000000
90943  42.524  8.472  43.369 0.0000000000
90927  44.119  8.876  44.261 0.0000000000
91775  45.800  9.934  43.737 0.0000000000
92580  46.182  11.019  46.434 0.0000000000
92601  47.156  11.309  45.056 0.0000000000
91688  35.988  10.170  52.665 0.0000000000
90861  37.191  8.292  53.731 0.0000000000
88390  37.211  5.876  54.338 0.0000000000
121835  43.546  21.698  43.456 0.0000000000
100517  41.331  21.939  42.976 0.0000000000
98556  40.147  18.945  42.956 0.0000000000
97277  40.560  16.925  43.412 0.0000000000
96570  39.958  15.108  42.772 0.0000000000
96577  41.461  15.632  41.262 0.0000000000
95849  40.393  14.637  41.236 0.0000000000
95851  39.184  13.977  42.032 0.0000000000
123186  47.171  18.747  44.265 0.0000000000
97275  44.326  16.808  42.962 0.0000000000
97933  45.387  17.983  42.887 0.0000000000
140450  47.523  18.726  42.250 0.0000000000
97947  46.932  18.325  40.347 0.0000000000
97961  47.097  17.828  38.442 0.0000000000
97978  46.216  17.479  36.837 0.0000000000
93435  41.906  11.259  40.432 0.0000000000
94260  42.606  12.604  39.702 0.0000000000
94265  42.713  12.688  38.876 0.0000000000
91835  41.926  10.240  37.011 0.0000000000
94270  42.675  12.800  37.282 0.0000000000
95091  43.671  13.820  38.197 0.0000000000
95880  44.748  15.061  36.349 0.0000000000
96618  45.142  15.824  35.685 0.0000000000
143190  44.978  17.083  36.049 0.0000000000
96610  43.458  16.026  35.544 0.0000000000
95883  41.723  14.552  36.768 0.0000000000
94271  40.294  12.808  37.123 0.0000000000
92666  40.178  10.563  36.011 0.0000000000
93461  39.896  11.376  36.689 0.0000000000
93450  39.284  11.775  38.389 0.0000000000
131645  38.492  10.116  38.970 0.0000000000
88511  41.441  5.233  41.848 0.0000000000
99187  37.912  19.649  42.497 0.0000000000
94195  36.046  12.404  50.155 0.0000000000
94198  36.492  12.807  49.642 0.0000000000
93371  36.217  11.333  50.397 0.0000000000
99223  46.127  19.236  38.137 0.0000000000
98586  45.383  19.077  38.537 0.0000000000
98596  45.805  18.618  37.800 0.0000000000
97972  44.605  17.434  38.209 0.0000000000
97311  44.957  17.286  36.969 0.0000000000
93416  41.281  11.715  42.918 0.0000000000
94243  41.615  12.321  42.286 0.0000000000
93422  41.582  11.389  42.094 0.0000000000
88555  44.511  6.039  35.988 0.0000000000
89363  44.097  6.666  35.545 0.0000000000
89354  43.640  6.273  36.334 0.0000000000
88543  44.015  5.492  36.803 0.0000000000
88534  43.742  5.080  37.752 0.0000000000
87669  44.431  4.756  37.132 0.0000000000
98540  49.216  18.810  44.269 0.0000000000
98561  49.404  19.224  42.015 0.0000000000
91786  46.075  9.466  42.801 0.0000000000
90954  45.627  8.704  42.095 0.0000000000
90953  46.370  9.236  41.958 0.0000000000
90141  47.552  8.357  37.730 0.0000000000
89343  47.611  6.985  38.202 0.0000000000
89344  47.154  6.194  37.392 0.0000000000
95064  38.576  13.620  42.406 0.0000000000
94217  38.746  12.454  46.964 0.0000000000
95034  39.101  13.142  46.816 0.0000000000
94224  39.345  12.466  46.159 0.0000000000
93395  39.156  11.398  46.024 0.0000000000
91700  41.566  9.304  51.038 0.0000000000
91699  42.058  9.337  50.452 0.0000000000
121344  43.901  10.286  47.692 0.0000000000
91748  44.474  10.309  46.285 0.0000000000
99210  42.306  20.455  40.734 0.0000000000
100551  42.758  21.094  40.648 0.0000000000
99860  42.138  20.819  40.642 0.0000000000
126754  41.656  20.427  40.875 0.0000000000
98573  41.890  19.048  41.604 0.0000000000
97949  42.592  18.458  41.312 0.0000000000
95086  40.378  13.827  39.145 0.0000000000
94261  39.429  12.743  39.392 0.0000000000
134165  39.460  12.442  38.720 0.0000000000
97921  42.898  17.283  45.747 0.0000000000
97920  43.558  17.630  45.352 0.0000000000
97260  43.197  16.916  45.015 0.0000000000
95856  43.839  14.405  40.211 0.0000000000
95846  44.253  15.021  40.580 0.0000000000
95855  44.521  14.888  39.717 0.0000000000
95864  44.693  14.853  38.752 0.0000000000
91821  42.522  9.231  38.214 0.0000000000
137032  42.141  11.074  33.334 0.0000000000
93468  42.269  11.732  33.581 0.0000000000
93473  42.059  11.870  33.293 0.0000000000
94284  42.004  12.760  33.517 0.0000000000
94285  41.791  12.765  33.619 0.0000000000
93470  41.665  12.107  33.587 0.0000000000
90142  40.515  7.392  38.084 0.0000000000
90155  40.103  7.914  37.618 0.0000000000
90135  40.004  7.299  38.871 0.0000000000
90136  39.313  7.464  39.193 0.0000000000
97271  39.532  16.921  44.428 0.0000000000
96560  39.001  15.086  43.793 0.0000000000
97278  39.909  16.364  43.772 0.0000000000
96501  38.348  15.690  49.350 0.0000000000
95785  37.374  14.554  49.208 0.0000000000
94197  36.921  12.358  48.981 0.0000000000
95020  37.279  13.221  48.625 0.0000000000
94205  37.515  12.383  48.260 0.0000000000
93382  37.944  11.392  48.004 0.0000000000
100537  46.683  20.992  41.405 0.0000000000
99846  46.267  20.810  40.563 0.0000000000
98587  44.602  19.353  39.333 0.0000000000
99218  44.679  20.269  39.606 0.0000000000
132049  43.806  20.154  40.125 0.0000000000
98579  43.776  19.166  40.161 0.0000000000
97956  43.803  18.059  40.223 0.0000000000
97313  43.367  16.171  38.224 0.0000000000
97305  43.115  16.271  39.434 0.0000000000
96602  42.100  15.013  38.386 0.0000000000
95873  42.240  15.045  37.160 0.0000000000
95832  41.800  14.188  43.660 0.0000000000
96557  42.712  15.337  43.512 0.0000000000
94242  41.993  12.842  41.712 0.0000000000
95070  42.576  13.221  41.091 0.0000000000
95069  43.245  13.828  40.668 0.0000000000
90161  45.177  8.380  34.890 0.0000000000
91025  44.790  8.544  34.667 0.0000000000
89376  43.347  7.373  34.809 0.0000000000
90171  43.845  8.102  34.423 0.0000000000
90181  43.260  8.317  34.266 0.0000000000
91037  42.992  8.758  33.929 0.0000000000
91027  42.768  8.200  34.402 0.0000000000
91028  42.139  8.559  34.413 0.0000000000
90173  42.268  7.841  35.029 0.0000000000
89356  41.897  7.041  36.828 0.0000000000
129049  41.766  6.901  37.622 0.0000000000
89357  41.215  7.255  37.412 0.0000000000
89346  42.047  6.481  38.227 0.0000000000
88536  42.259  5.999  38.822 0.0000000000
87647  43.512  3.832  39.207 0.0000000000
87648  43.200  4.634  39.302 0.0000000000
92544  37.412  9.906  52.287 0.0000000000
121312  38.157  9.580  52.334 0.0000000000
90868  39.441  8.747  52.277 0.0000000000
90031  39.953  8.111  52.168 0.0000000000
90867  40.707  8.353  51.702 0.0000000000
90041  40.412  7.488  51.867 0.0000000000
98576  49.173  19.631  40.580 0.0000000000
99854  49.131  19.999  40.561 0.0000000000
99209  48.377  19.628  39.939 0.0000000000
99214  47.711  19.415  39.185 0.0000000000
98584  47.947  18.992  39.315 0.0000000000
90970  43.036  8.180  41.674 0.0000000000
129872  44.446  8.134  40.697 0.0000000000
130618  43.580  8.192  40.712 0.0000000000
90981  44.235  8.399  39.808 0.0000000000
90978  47.016  8.850  40.105 0.0000000000
123051  47.713  9.380  39.004 0.0000000000
139511  46.907  8.481  37.250 0.0000000000
90989  47.091  8.999  38.391 0.0000000000
124057  46.595  8.661  37.540 0.0000000000
91001  45.742  8.577  37.837 0.0000000000
91009  45.827  8.483  36.770 0.0000000000
142870  46.637  6.116  36.741 0.0000000000
89361  46.174  6.775  36.188 0.0000000000
88553  46.067  5.563  36.424 0.0000000000
88554  45.442  6.028  36.040 0.0000000000
141122  45.346  4.159  36.626 0.0000000000
97906  41.773  17.518  47.761 0.0000000000
127353  42.348  17.944  48.305 0.0000000000
97911  42.657  17.624  46.546 0.0000000000
97912  41.952  17.294  46.901 0.0000000000
96510  39.309  15.762  48.292 0.0000000000
96519  39.611  15.430  47.555 0.0000000000
95808  40.391  14.757  46.304 0.0000000000
96538  41.029  15.103  45.953 0.0000000000
96527  41.294  15.832  46.228 0.0000000000
95816  41.330  14.760  45.261 0.0000000000
93400  40.083  11.639  44.959 0.0000000000
94231  40.602  12.405  44.560 0.0000000000
93408  40.572  11.455  44.271 0.0000000000
94237  40.954  12.047  43.715 0.0000000000
92549  37.894  9.932  51.060 0.0000000000
92555  37.471  10.360  50.272 0.0000000000
92554  38.268  9.971  50.113 0.0000000000
91711  38.938  9.786  49.566 0.0000000000
91719  38.724  9.887  48.783 0.0000000000
92563  39.078  9.816  48.001 0.0000000000
91706  42.939  9.666  49.533 0.0000000000
91707  42.428  9.547  49.804 0.0000000000
91715  42.759  9.910  49.239 0.0000000000
91729  41.057  9.321  47.903 0.0000000000
91742  39.726  9.792  46.362 0.0000000000
92594  39.733  10.129  45.704 0.0000000000
91752  40.326  9.557  45.667 0.0000000000
90916  41.726  8.793  45.222 0.0000000000
146702  40.914  9.170  45.217 0.0000000000
91762  41.103  9.177  44.540 0.0000000000
90930  41.626  8.792  44.330 0.0000000000
90944  41.857  8.711  43.770 0.0000000000
91760  44.825  9.803  44.795 0.0000000000
91776  44.961  9.406  43.940 0.0000000000
91747  46.546  10.897  46.200 0.0000000000
92589  47.314  11.112  45.340 0.0000000000
92546  35.286  10.568  52.534 0.0000000000
145883  36.673  8.636  53.865 0.0000000000
90025  37.639  7.457  53.640 0.0000000000
90026  37.034  7.439  54.210 0.0000000000
100516  42.972  21.828  42.596 0.0000000000
100485  43.392  21.786  44.577 0.0000000000
141795  42.699  21.889  43.639 0.0000000000
100500  41.851  22.058  43.783 0.0000000000
99848  40.377  20.244  41.207 0.0000000000
99194  40.225  19.676  42.087 0.0000000000
97283  41.555  17.123  42.306 0.0000000000
97944  41.128  17.595  42.940 0.0000000000
97284  40.941  16.495  42.735 0.0000000000
96558  40.326  15.939  43.165 0.0000000000
96569  40.579  15.562  42.379 0.0000000000
97299  42.191  16.068  40.897 0.0000000000
95859  40.011  14.151  40.846 0.0000000000
95850  39.779  14.342  41.630 0.0000000000
95072  38.845  13.335  41.697 0.0000000000
95080  39.067  13.006  40.833 0.0000000000
93436  38.366  11.508  40.283 0.0000000000
98506  45.748  18.557  47.347 0.0000000000
98543  45.607  18.606  45.016 0.0000000000
121841  46.019  18.695  45.742 0.0000000000
98533  46.716  18.772  45.147 0.0000000000
98542  46.291  18.644  44.242 0.0000000000
96556  43.335  15.749  43.054 0.0000000000
97276  43.671  16.421  43.404 0.0000000000
97282  43.945  16.182  42.578 0.0000000000
97280  45.306  17.044  41.662 0.0000000000
97942  44.976  17.267  42.508 0.0000000000
97941  45.653  17.860  41.975 0.0000000000
98563  46.392  18.479  42.346 0.0000000000
98571  46.399  18.276  41.389 0.0000000000
98570  47.523  18.591  41.260 0.0000000000
96591  45.796  16.068  38.350 0.0000000000
97962  46.590  17.367  38.964 0.0000000000
97310  46.430  16.691  37.689 0.0000000000
97309  46.597  17.357  37.383 0.0000000000
97318  46.275  16.850  36.808 0.0000000000
92639  41.808  10.446  40.853 0.0000000000
93442  41.902  11.256  39.597 0.0000000000
93441  42.274  11.988  39.197 0.0000000000
131156  42.474  9.713  36.399 0.0000000000
92665  42.282  10.226  35.969 0.0000000000
94275  42.592  12.806  36.138 0.0000000000
93458  42.122  12.034  36.863 0.0000000000
95100  43.349  13.465  37.559 0.0000000000
95099  43.640  13.924  36.618 0.0000000000
95881  44.072  14.276  37.283 0.0000000000
95899  43.160  15.113  34.194 0.0000000000
95887  44.454  15.335  35.254 0.0000000000
96624  44.627  15.856  35.084 0.0000000000
97324  44.871  16.580  35.592 0.0000000000
96619  43.640  15.942  34.937 0.0000000000
97319  44.210  16.465  35.624 0.0000000000
96620  42.927  15.592  34.925 0.0000000000
95108  41.417  14.007  35.021 0.0000000000
95890  41.810  14.565  35.483 0.0000000000
95109  40.772  13.288  35.989 0.0000000000
95101  41.239  14.006  36.357 0.0000000000
91029  41.180  8.849  35.114 0.0000000000
92672  40.767  10.643  34.860 0.0000000000
91836  40.531  9.585  35.610 0.0000000000
91828  39.466  9.451  37.153 0.0000000000
92667  39.610  10.359  36.869 0.0000000000
92661  39.193  10.244  37.565 0.0000000000
93455  39.561  11.607  37.614 0.0000000000
92657  39.207  10.960  38.040 0.0000000000
93451  38.836  11.066  38.861 0.0000000000
91823  38.675  9.467  38.389 0.0000000000
90137  38.689  7.734  39.608 0.0000000000
90994  38.491  8.438  39.315 0.0000000000
88510  42.031  5.205  41.185 0.0000000000
87642  42.101  4.744  41.893 0.0000000000
97930  38.927  17.568  44.924 0.0000000000
98557  39.725  18.627  43.554 0.0000000000
95786  36.870  14.102  49.511 0.0000000000
95012  36.532  13.580  49.714 0.0000000000
93374  37.022  11.338  49.181 0.0000000000
99867  46.629  20.211  39.233 0.0000000000
99857  45.862  20.575  39.875 0.0000000000
99217  45.440  19.746  38.846 0.0000000000
97964  44.234  17.612  39.367 0.0000000000
96600  43.598  16.261  36.683 0.0000000000
95055  42.050  13.892  42.838 0.0000000000
95063  41.732  13.156  42.515 0.0000000000
90170  44.761  8.229  34.557 0.0000000000
144031  44.821  7.684  34.771 0.0000000000
90162  42.641  7.347  35.317 0.0000000000
89355  42.774  6.579  36.615 0.0000000000
88535  42.802  5.741  38.156 0.0000000000
87655  43.626  4.379  38.466 0.0000000000
90860  37.904  8.190  53.219 0.0000000000
90870  38.209  8.907  52.769 0.0000000000
90859  38.463  8.204  52.841 0.0000000000
142631  49.931  20.323  42.037 0.0000000000
99193  49.967  19.663  41.602 0.0000000000
98568  49.405  19.385  41.182 0.0000000000
98569  48.650  19.032  40.769 0.0000000000
90955  44.729  8.329  42.282 0.0000000000
90968  45.199  8.233  41.194 0.0000000000
128455  46.056  8.420  40.441 0.0000000000
134444  47.706  9.169  38.274 0.0000000000
90999  47.930  9.064  38.042 0.0000000000
90150  47.057  7.869  37.116 0.0000000000
90151  46.476  7.858  36.551 0.0000000000
97234  41.079  17.189  48.186 0.0000000000
95802  38.775  14.261  47.596 0.0000000000
95801  39.376  14.693  47.273 0.0000000000
95025  39.235  13.878  47.072 0.0000000000
95809  39.749  14.363  46.638 0.0000000000
95032  40.205  13.992  46.096 0.0000000000
137650  40.517  13.744  45.547 0.0000000000
95042  40.043  13.208  45.793 0.0000000000
94223  40.025  12.435  45.356 0.0000000000
91702  39.980  9.622  50.872 0.0000000000
140545  39.231  9.697  50.314 0.0000000000
122148  40.737  9.605  50.604 0.0000000000
91709  41.019  9.597  50.073 0.0000000000
91727  43.136  10.099  48.490 0.0000000000
91740  41.648  9.224  47.097 0.0000000000
91750  42.300  9.031  46.421 0.0000000000
90915  42.878  8.860  45.644 0.0000000000
91749  43.723  9.451  45.798 0.0000000000
91761  44.300  9.623  45.317 0.0000000000
92603  45.272  10.651  45.739 0.0000000000
90913  46.887  10.034  45.781 0.0000000000
90926  48.129  9.952  44.556 0.0000000000
100539  43.470  21.366  40.810 0.0000000000
124176  44.021  21.473  41.586 0.0000000000
121955  42.784  21.344  41.011 0.0000000000
100529  42.409  21.487  41.746 0.0000000000
100530  41.550  21.556  41.957 0.0000000000
99847  41.470  20.726  40.762 0.0000000000
122602  40.867  20.310  41.062 0.0000000000
144332  40.721  19.898  41.324 0.0000000000
98564  41.237  19.423  41.979 0.0000000000
95857  41.229  14.762  39.968 0.0000000000
95078  40.235  13.988  40.034 0.0000000000
95079  39.668  13.602  40.463 0.0000000000
94257  39.378  13.051  40.075 0.0000000000
93444  38.697  11.546  39.590 0.0000000000
98522  44.083  18.520  46.684 0.0000000000
98521  45.056  18.656  46.683 0.0000000000
98534  44.008  18.284  45.714 0.0000000000
97919  44.201  17.969  44.936 0.0000000000
97927  44.446  17.690  44.165 0.0000000000
96565  44.311  15.877  41.790 0.0000000000
97289  44.985  16.301  41.320 0.0000000000
97296  45.311  16.101  40.434 0.0000000000
96582  45.564  16.033  39.439 0.0000000000
96599  45.364  15.444  37.996 0.0000000000
146977  42.076  9.270  39.909 0.0000000000
91815  41.826  9.755  39.540 0.0000000000
131867  42.288  9.235  39.204 0.0000000000
91822  41.924  9.672  38.640 0.0000000000
92656  41.769  10.303  38.109 0.0000000000
143948  42.685  10.217  34.195 0.0000000000
92671  42.396  10.565  34.988 0.0000000000
93465  42.283  11.456  34.696 0.0000000000
94280  42.417  12.482  34.170 0.0000000000
95107  42.977  13.535  35.252 0.0000000000
95106  43.484  14.076  35.562 0.0000000000
137038  43.182  14.217  34.525 0.0000000000
95112  43.037  14.387  33.942 0.0000000000
138806  42.632  14.626  33.999 0.0000000000
95895  42.672  15.013  34.166 0.0000000000
95900  42.162  14.321  33.858 0.0000000000
95114  41.649  13.992  33.963 0.0000000000
91012  40.476  8.070  36.889 0.0000000000
91022  40.189  8.926  36.466 0.0000000000
91014  39.097  8.956  37.825 0.0000000000
91006  38.746  8.676  38.536 0.0000000000
97272  38.949  16.415  44.881 0.0000000000
95833  39.274  14.769  43.076 0.0000000000
96511  38.632  15.400  48.578 0.0000000000
95793  38.350  14.627  48.197 0.0000000000
135526  37.169  13.883  48.990 0.0000000000
95794  37.671  14.093  48.485 0.0000000000
124192  38.213  13.921  47.909 0.0000000000
93390  38.498  11.599  47.223 0.0000000000
90045  42.455  8.297  50.376 0.0000000000
90051  43.037  8.464  49.709 0.0000000000
90056  43.603  8.648  49.118 0.0000000000
90890  43.829  9.569  48.908 0.0000000000
90889  44.313  9.643  48.424 0.0000000000
91725  44.499  10.149  48.096 0.0000000000
92572  44.729  10.385  47.549 0.0000000000
92582  45.183  10.680  47.109 0.0000000000
100526  45.799  21.368  42.127 0.0000000000
99858  44.789  20.781  39.884 0.0000000000
100548  45.078  21.068  40.383 0.0000000000
100549  44.095  21.166  40.351 0.0000000000
100550  43.376  21.074  40.491 0.0000000000
131591  42.986  19.969  40.634 0.0000000000
97957  43.177  17.659  40.772 0.0000000000
97298  42.869  16.594  40.428 0.0000000000
96584  42.366  15.773  39.934 0.0000000000
96594  41.876  15.138  39.451 0.0000000000
95866  41.417  14.643  39.016 0.0000000000
95093  40.538  13.677  38.215 0.0000000000
96548  42.467  15.609  44.318 0.0000000000
96567  42.994  15.063  42.696 0.0000000000
95839  42.677  14.318  42.358 0.0000000000
95838  43.318  14.754  41.893 0.0000000000
95847  43.601  14.530  41.062 0.0000000000
95076  43.456  13.776  39.821 0.0000000000
91011  44.061  8.882  36.145 0.0000000000
91826  42.831  9.222  36.941 0.0000000000
91833  43.529  9.135  34.296 0.0000000000
91026  44.278  8.632  34.594 0.0000000000
91841  42.750  9.933  33.783 0.0000000000
91848  42.543  10.043  33.539 0.0000000000
92676  41.958  10.699  33.338 0.0000000000
92677  41.551  10.702  33.858 0.0000000000
91842  41.838  9.411  33.978 0.0000000000
90163  41.754  7.432  35.951 0.0000000000
90164  40.997  7.747  36.368 0.0000000000
89347  41.290  6.925  38.227 0.0000000000
88519  42.572  5.091  40.190 0.0000000000
88527  42.715  5.399  39.116 0.0000000000
140019  43.017  3.881  41.199 0.0000000000
92551  36.197  10.672  51.243 0.0000000000
92550  37.195  10.223  51.617 0.0000000000
91694  38.764  9.719  51.840 0.0000000000
91685  38.893  9.280  52.338 0.0000000000
91693  39.509  9.292  51.882 0.0000000000
122076  39.490  9.482  51.418 0.0000000000
121494  40.183  9.345  51.419 0.0000000000
91692  40.898  9.101  51.420 0.0000000000
90046  41.834  8.070  50.962 0.0000000000
100525  48.027  20.745  41.707 0.0000000000
99845  47.563  20.636  40.720 0.0000000000
99843  49.649  20.126  41.106 0.0000000000
99844  48.780  20.391  40.913 0.0000000000
99215  47.154  19.636  38.764 0.0000000000
99222  46.855  19.148  38.167 0.0000000000
98595  46.511  18.543  37.729 0.0000000000
91788  41.613  9.815  42.638 0.0000000000
92629  41.655  10.325  41.837 0.0000000000
91787  41.870  9.289  42.068 0.0000000000
141521  42.188  9.046  40.566 0.0000000000
125281  42.783  8.548  40.691 0.0000000000
91807  42.560  8.875  39.869 0.0000000000
90991  45.036  8.432  38.783 0.0000000000
91003  44.287  8.725  37.296 0.0000000000
91010  45.035  8.625  36.348 0.0000000000
91017  45.461  8.374  35.655 0.0000000000
90160  45.598  8.029  35.277 0.0000000000
90159  45.926  7.691  35.809 0.0000000000
124793  45.040  6.259  35.624 0.0000000000
87678  44.989  5.506  36.151 0.0000000000
87668  44.899  4.712  36.638 0.0000000000
145165  45.259  3.604  36.846 0.0000000000
98508  43.870  18.491  47.583 0.0000000000
97904  43.218  18.255  47.061 0.0000000000
97261  42.521  16.591  45.394 0.0000000000
97235  40.399  16.786  48.531 0.0000000000
97244  40.637  16.495  47.650 0.0000000000
96518  40.290  15.786  47.243 0.0000000000
97254  40.926  16.194  46.878 0.0000000000
97253  41.577  16.568  46.517 0.0000000000
97262  41.854  16.253  45.781 0.0000000000
96536  42.193  15.899  45.082 0.0000000000
96549  41.858  15.209  44.767 0.0000000000
95825  41.577  14.454  44.485 0.0000000000
95048  41.348  13.684  44.190 0.0000000000
95049  40.910  13.212  44.554 0.0000000000
93370  36.867  10.936  49.925 0.0000000000
92559  38.161  10.220  49.154 0.0000000000
93383  37.633  10.902  48.759 0.0000000000
92584  38.837  10.989  46.689 0.0000000000
91708  41.816  9.574  50.071 0.0000000000
121843  41.354  9.641  49.593 0.0000000000
91728  42.137  9.818  48.787 0.0000000000
121687  41.219  9.631  48.940 0.0000000000
91718  40.138  9.419  48.397 0.0000000000
92573  39.192  10.177  46.981 0.0000000000
93401  39.654  10.905  45.414 0.0000000000
91763  40.582  9.677  44.830 0.0000000000
146197  40.429  10.218  44.548 0.0000000000
92605  40.638  10.634  44.101 0.0000000000
92618  41.057  10.413  43.579 0.0000000000
123546  41.380  9.799  43.329 0.0000000000
90958  41.804  9.058  43.035 0.0000000000
90942  43.530  8.346  43.384 0.0000000000
142153  43.262  8.501  44.113 0.0000000000
90941  44.434  8.547  43.269 0.0000000000
92591  45.959  11.112  46.304 0.0000000000
92602  46.260  11.130  45.496 0.0000000000
92590  46.676  11.092  45.864 0.0000000000
92617  46.470  10.899  44.507 0.0000000000
91774  46.640  10.401  43.483 0.0000000000
92552  35.745  10.673  51.993 0.0000000000
91687  36.835  9.833  52.855 0.0000000000
124214  36.095  9.635  53.299 0.0000000000
91677  36.920  9.171  53.472 0.0000000000
91676  37.567  8.837  53.229 0.0000000000
89210  36.820  6.594  54.616 0.0000000000
89209  37.433  6.695  54.074 0.0000000000
89216  37.703  6.015  53.815 0.0000000000
100518  40.521  21.824  43.049 0.0000000000
124648  40.827  21.688  42.327 0.0000000000
129107  40.093  21.385  42.229 0.0000000000
99186  39.180  19.517  42.599 0.0000000000
98565  40.890  18.724  42.733 0.0000000000
97936  40.492  18.032  43.365 0.0000000000
95841  39.542  14.526  42.374 0.0000000000
97291  41.864  16.587  41.639 0.0000000000
96586  41.040  14.931  40.841 0.0000000000
96578  40.792  15.230  41.617 0.0000000000
95840  40.180  14.852  42.007 0.0000000000
94244  38.258  12.930  42.111 0.0000000000
135161  38.478  12.325  40.673 0.0000000000
98520  45.883  18.667  46.483 0.0000000000
98532  47.620  18.704  45.723 0.0000000000
98541  47.848  18.766  44.753 0.0000000000
98553  48.120  18.873  43.746 0.0000000000
97269  43.444  16.637  44.233 0.0000000000
97935  44.092  17.012  43.807 0.0000000000
97934  44.691  17.484  43.344 0.0000000000
98555  45.077  18.138  43.746 0.0000000000
98554  45.876  18.499  43.440 0.0000000000
124448  47.055  18.716  43.300 0.0000000000
134601  48.325  18.900  42.677 0.0000000000
125307  48.028  18.646  40.333 0.0000000000
98578  47.785  18.582  39.607 0.0000000000
97955  46.155  17.653  39.966 0.0000000000
97954  47.154  17.990  39.272 0.0000000000
98585  47.491  18.432  38.820 0.0000000000
97969  46.872  17.760  37.813 0.0000000000
98602  46.615  17.950  37.399 0.0000000000
93429  41.839  11.246  41.239 0.0000000000
93428  42.072  11.945  40.782 0.0000000000
92644  41.757  10.480  39.995 0.0000000000
93434  42.218  11.947  40.045 0.0000000000
94256  42.434  12.575  40.480 0.0000000000
95085  43.069  13.221  39.370 0.0000000000
95084  43.588  13.795  38.984 0.0000000000
93454  41.864  11.143  37.530 0.0000000000
93459  42.081  11.079  36.165 0.0000000000
93448  42.259  12.132  38.123 0.0000000000
131701  42.823  12.896  38.132 0.0000000000
95092  43.211  13.296  38.549 0.0000000000
95872  44.139  14.320  38.415 0.0000000000
95871  44.768  14.900  37.624 0.0000000000
96609  45.425  15.559  36.816 0.0000000000
95888  44.056  14.555  35.917 0.0000000000
96608  45.694  16.311  36.351 0.0000000000
97984  45.604  16.989  36.167 0.0000000000
97979  45.655  17.430  36.691 0.0000000000
137345  44.420  16.811  36.470 0.0000000000
96611  42.912  15.595  36.237 0.0000000000
95889  42.289  15.031  35.076 0.0000000000
95882  42.355  15.063  35.852 0.0000000000
95884  41.133  14.085  37.565 0.0000000000
94266  40.235  13.132  37.871 0.0000000000
93466  41.303  11.550  34.148 0.0000000000
93460  40.525  11.691  35.338 0.0000000000
91837  39.932  9.751  36.441 0.0000000000
94276  40.318  12.342  36.296 0.0000000000
94272  39.888  12.143  37.142 0.0000000000
94267  39.776  12.451  37.951 0.0000000000
130346  38.269  9.908  39.743 0.0000000000
91816  38.389  9.255  39.110 0.0000000000
131732  43.759  3.585  38.327 0.0000000000
90140  48.111  8.763  38.174 0.0000000000
90875  41.451  8.700  51.306 0.0000000000
90887  43.296  9.412  49.471 0.0000000000
91005  39.372  8.253  38.042 0.0000000000
91713  44.071  10.012  48.565 0.0000000000
91717  40.530  9.548  49.338 0.0000000000
91724  45.021  10.325  47.595 0.0000000000
91847  42.983  9.450  33.956 0.0000000000
91849  42.164  9.981  33.436 0.0000000000
91850  41.767  10.095  33.585 0.0000000000
92571  45.219  10.601  47.200 0.0000000000
92581  45.630  10.767  46.767 0.0000000000
92662  38.819  10.245  38.248 0.0000000000
92670  42.418  10.779  33.930 0.0000000000
92682  42.187  10.613  33.390 0.0000000000
94283  42.206  12.695  33.633 0.0000000000
95102  40.682  13.510  37.224 0.0000000000
95115  41.302  13.338  34.671 0.0000000000
95119  41.908  13.584  33.653 0.0000000000
95120  41.596  13.337  33.897 0.0000000000
95875  40.951  14.222  38.599 0.0000000000
95893  43.864  15.604  34.726 0.0000000000
96575  44.666  15.622  40.967 0.0000000000
96617  44.876  16.190  35.339 0.0000000000
97288  45.566  16.897  40.728 0.0000000000
97302  46.754  17.257  38.115 0.0000000000
97303  46.161  16.691  38.683 0.0000000000
97323  45.250  16.431  35.734 0.0000000000
97325  44.369  16.192  35.069 0.0000000000
97971  45.440  17.837  37.559 0.0000000000
98544  44.872  18.316  44.546 0.0000000000
98593  47.425  18.982  38.635 0.0000000000
99192  50.238  19.926  42.172 0.0000000000
99202  50.034  19.999  41.465 0.0000000000
99203  49.723  19.861  41.028 0.0000000000
99855  48.177  20.240  40.193 0.0000000000
100541  41.391  21.108  41.069 0.0000000000
122105  44.726  18.438  45.345 0.0000000000
126879  44.608  18.509  46.055 0.0000000000
128411  41.844  11.417  33.392 0.0000000000
131399  42.546  12.955  35.014 0.0000000000
135504  39.497  10.894  37.382 0.0000000000
137514  41.972  12.025  33.293 0.0000000000
143695  40.625  8.826  35.847 0.0000000000
144465  47.122  8.875  39.209 0.0000000000
145001  40.321  8.410  36.704 0.0000000000
145531  42.958  8.229  42.635 0.0000000000
145810  41.901  21.274  41.388 0.0000000000
