#!ascii label  , from subject sub-v1s8x0051343_ses-1 vox2ras=TkReg
1004
51686  31.647  -33.677  74.751 0.0000000000
72747  40.820  -11.218  60.473 0.0000000000
60369  34.559  -24.606  66.444 0.0000000000
41649  16.031  -44.654  83.821 0.0000000000
53482  25.060  -30.805  80.502 0.0000000000
65298  33.617  -19.454  64.816 0.0000000000
140858  20.190  -39.379  80.394 0.0000000000
123256  20.501  -44.724  83.158 0.0000000000
48978  21.935  -36.128  78.706 0.0000000000
138174  44.773  -10.196  60.340 0.0000000000
55364  32.758  -30.104  74.532 0.0000000000
56337  32.941  -28.616  71.694 0.0000000000
53544  36.057  -31.154  75.607 0.0000000000
77171  43.579  -6.301  59.446 0.0000000000
124704  46.202  -7.118  56.797 0.0000000000
72714  36.998  -11.656  63.542 0.0000000000
69849  40.941  -15.005  63.637 0.0000000000
67142  37.163  -17.139  64.117 0.0000000000
62291  38.529  -22.568  65.396 0.0000000000
122901  30.128  -34.800  79.003 0.0000000000
39870  13.562  -46.666  85.350 0.0000000000
129326  9.757  -47.909  86.194 0.0000000000
38112  7.545  -48.130  89.437 0.0000000000
52590  28.153  -31.827  76.394 0.0000000000
51630  25.576  -33.797  78.641 0.0000000000
60305  29.467  -24.564  69.708 0.0000000000
60291  35.586  -25.716  72.188 0.0000000000
81036  49.394  -2.315  55.149 0.0000000000
73604  42.297  -10.932  59.998 0.0000000000
71814  42.688  -12.551  61.809 0.0000000000
53552  33.049  -32.044  73.679 0.0000000000
53557  34.365  -31.339  73.075 0.0000000000
135280  34.410  -33.131  75.537 0.0000000000
75420  40.321  -8.325  61.351 0.0000000000
76274  41.872  -6.698  61.026 0.0000000000
75436  41.778  -8.493  59.517 0.0000000000
133146  43.525  -8.982  58.898 0.0000000000
33286  7.306  -53.211  88.890 0.0000000000
69870  36.712  -13.636  63.645 0.0000000000
69852  35.341  -14.599  64.825 0.0000000000
63350  33.991  -22.169  64.804 0.0000000000
64328  35.950  -20.776  64.096 0.0000000000
61310  36.240  -23.617  65.357 0.0000000000
60333  37.684  -25.194  68.526 0.0000000000
40785  18.507  -45.286  82.748 0.0000000000
40754  19.663  -45.661  85.133 0.0000000000
143631  16.788  -45.720  84.759 0.0000000000
39861  15.756  -46.660  86.590 0.0000000000
40767  14.574  -45.199  84.565 0.0000000000
41643  10.583  -44.801  85.960 0.0000000000
38980  8.529  -48.195  87.668 0.0000000000
53493  26.778  -31.080  78.775 0.0000000000
51656  26.725  -32.927  76.571 0.0000000000
141630  24.359  -32.124  77.976 0.0000000000
46243  23.692  -39.253  81.011 0.0000000000
48951  23.868  -36.868  81.159 0.0000000000
57303  35.972  -27.520  74.452 0.0000000000
135594  34.355  -26.314  72.096 0.0000000000
67981  34.275  -16.367  66.287 0.0000000000
64302  33.026  -20.060  66.765 0.0000000000
62285  32.683  -22.866  66.556 0.0000000000
44415  23.133  -41.346  81.222 0.0000000000
125847  22.447  -43.513  83.681 0.0000000000
43490  21.128  -42.720  81.483 0.0000000000
43492  19.635  -43.362  81.659 0.0000000000
42551  17.834  -43.412  82.650 0.0000000000
52579  22.459  -33.137  78.744 0.0000000000
50735  20.796  -34.128  79.539 0.0000000000
48160  20.943  -37.435  79.150 0.0000000000
57293  31.017  -27.823  75.646 0.0000000000
57320  29.804  -27.944  73.219 0.0000000000
55384  32.557  -29.686  72.340 0.0000000000
55371  35.673  -29.840  73.464 0.0000000000
79082  45.992  -4.310  57.137 0.0000000000
77181  44.802  -6.185  57.798 0.0000000000
75442  45.576  -8.464  58.373 0.0000000000
73599  38.733  -10.912  61.709 0.0000000000
71804  40.152  -13.025  61.872 0.0000000000
70842  39.052  -13.886  62.855 0.0000000000
68898  38.724  -15.705  64.017 0.0000000000
66212  39.719  -18.377  63.840 0.0000000000
66214  35.165  -18.200  64.276 0.0000000000
64327  37.116  -19.700  64.090 0.0000000000
50761  30.734  -34.612  76.880 0.0000000000
51641  33.858  -33.982  77.531 0.0000000000
74484  38.846  -9.050  63.494 0.0000000000
42541  13.935  -43.291  84.337 0.0000000000
126568  12.681  -44.750  84.491 0.0000000000
38994  11.464  -47.628  85.038 0.0000000000
134485  10.877  -49.712  86.576 0.0000000000
143370  9.400  -50.080  86.842 0.0000000000
37216  7.926  -50.004  88.167 0.0000000000
36263  6.833  -50.479  89.871 0.0000000000
36250  5.452  -50.306  91.127 0.0000000000
121754  29.613  -32.376  75.047 0.0000000000
50773  28.165  -33.419  76.167 0.0000000000
50747  27.800  -34.472  78.768 0.0000000000
50734  23.337  -34.741  78.712 0.0000000000
59338  31.973  -25.239  67.701 0.0000000000
58342  29.860  -27.135  70.733 0.0000000000
59304  32.732  -26.466  70.353 0.0000000000
130088  34.602  -26.087  68.914 0.0000000000
52572  36.031  -33.054  78.301 0.0000000000
80130  51.164  -3.314  54.464 0.0000000000
79089  48.068  -4.780  55.688 0.0000000000
78128  49.932  -5.224  55.544 0.0000000000
72746  41.715  -11.426  60.424 0.0000000000
72737  43.162  -11.840  61.197 0.0000000000
72738  41.202  -11.975  60.911 0.0000000000
52622  32.503  -32.558  73.843 0.0000000000
52621  33.359  -32.612  73.794 0.0000000000
51685  33.214  -33.591  75.093 0.0000000000
74517  39.903  -10.139  60.716 0.0000000000
75426  40.704  -8.766  60.355 0.0000000000
74515  41.148  -9.711  59.801 0.0000000000
73613  42.067  -10.109  59.618 0.0000000000
34248  6.663  -53.115  89.298 0.0000000000
70807  35.677  -13.782  65.274 0.0000000000
69828  35.666  -14.093  66.002 0.0000000000
61312  34.507  -23.472  65.546 0.0000000000
61311  35.338  -23.574  65.368 0.0000000000
61303  35.831  -24.232  65.875 0.0000000000
60366  37.162  -24.714  66.668 0.0000000000
60353  35.783  -25.312  66.934 0.0000000000
41659  17.236  -44.784  82.905 0.0000000000
40778  17.736  -45.407  83.293 0.0000000000
136667  16.390  -45.359  84.206 0.0000000000
133967  16.117  -45.736  84.951 0.0000000000
40766  15.568  -45.209  84.395 0.0000000000
53494  25.943  -30.954  79.074 0.0000000000
53524  25.388  -31.609  77.532 0.0000000000
53496  24.408  -31.324  78.722 0.0000000000
45302  24.245  -40.794  82.483 0.0000000000
59269  28.832  -25.629  73.982 0.0000000000
58293  35.971  -26.107  74.454 0.0000000000
63329  32.768  -20.990  66.532 0.0000000000
63312  31.945  -21.225  67.826 0.0000000000
45327  22.054  -40.698  79.939 0.0000000000
44416  22.350  -41.708  81.052 0.0000000000
45328  21.185  -40.844  80.108 0.0000000000
44405  19.981  -41.814  81.616 0.0000000000
44406  19.430  -42.116  82.083 0.0000000000
43480  18.517  -43.145  82.333 0.0000000000
51618  22.012  -32.756  80.280 0.0000000000
128654  19.420  -37.390  80.953 0.0000000000
122259  19.735  -36.168  80.285 0.0000000000
46269  21.085  -38.798  79.512 0.0000000000
46268  21.790  -39.287  79.376 0.0000000000
56314  31.662  -28.761  73.707 0.0000000000
143619  32.413  -29.763  73.036 0.0000000000
144118  35.092  -31.254  73.726 0.0000000000
54445  35.174  -30.565  73.036 0.0000000000
54427  35.790  -30.801  74.576 0.0000000000
55363  36.454  -29.601  74.952 0.0000000000
54417  36.803  -30.485  76.213 0.0000000000
77164  43.019  -6.133  60.180 0.0000000000
78099  44.465  -5.813  58.694 0.0000000000
77183  43.736  -6.708  58.814 0.0000000000
74520  44.254  -9.505  59.244 0.0000000000
74528  44.494  -8.839  58.845 0.0000000000
131463  45.150  -9.214  59.277 0.0000000000
72728  38.125  -11.242  62.352 0.0000000000
71806  38.414  -12.269  62.099 0.0000000000
70852  37.772  -12.790  62.631 0.0000000000
136514  37.090  -15.405  64.066 0.0000000000
68910  37.878  -14.979  63.808 0.0000000000
68011  37.904  -16.749  64.044 0.0000000000
67140  39.755  -17.357  63.728 0.0000000000
67141  38.045  -17.593  63.991 0.0000000000
66203  33.637  -18.049  65.479 0.0000000000
128131  34.169  -17.081  64.828 0.0000000000
66215  34.455  -18.640  64.503 0.0000000000
63349  37.092  -22.146  64.596 0.0000000000
123322  36.768  -20.578  64.129 0.0000000000
63355  38.386  -21.194  64.495 0.0000000000
64319  39.221  -20.931  64.660 0.0000000000
121917  30.229  -34.671  77.505 0.0000000000
50743  31.707  -34.649  78.277 0.0000000000
72699  38.063  -10.261  64.952 0.0000000000
73571  38.084  -10.179  63.965 0.0000000000
73593  38.429  -10.332  62.407 0.0000000000
42550  21.670  -43.836  83.279 0.0000000000
140965  21.381  -44.539  84.627 0.0000000000
39862  14.535  -46.881  86.460 0.0000000000
39850  15.443  -46.992  87.336 0.0000000000
39852  14.163  -47.314  86.809 0.0000000000
38985  13.646  -47.684  86.580 0.0000000000
42529  12.858  -42.813  84.909 0.0000000000
41652  13.397  -44.000  84.406 0.0000000000
41641  11.934  -44.197  84.878 0.0000000000
39864  9.997  -46.010  86.126 0.0000000000
39873  10.577  -46.315  85.382 0.0000000000
38995  10.697  -47.244  85.256 0.0000000000
38140  11.689  -48.471  85.382 0.0000000000
38134  10.345  -48.535  85.876 0.0000000000
36289  10.081  -49.994  86.662 0.0000000000
38135  9.661  -48.639  86.373 0.0000000000
38120  8.038  -48.166  88.611 0.0000000000
123372  8.215  -49.036  87.987 0.0000000000
37215  7.752  -48.982  88.841 0.0000000000
36271  7.413  -50.787  88.654 0.0000000000
38113  7.288  -48.863  89.567 0.0000000000
52589  29.053  -31.964  76.770 0.0000000000
52588  29.831  -32.187  76.391 0.0000000000
51690  28.555  -32.371  75.594 0.0000000000
51671  28.623  -32.874  75.431 0.0000000000
51672  27.858  -32.498  75.878 0.0000000000
51642  25.727  -33.380  77.682 0.0000000000
130430  27.262  -34.051  77.887 0.0000000000
141372  27.048  -34.236  78.836 0.0000000000
50752  21.999  -34.502  78.558 0.0000000000
50751  23.094  -34.033  78.360 0.0000000000
49856  22.589  -34.790  78.501 0.0000000000
49827  24.268  -36.246  81.250 0.0000000000
129296  41.031  -14.159  63.125 0.0000000000
70840  41.586  -13.691  62.871 0.0000000000
69848  41.818  -14.758  63.555 0.0000000000
62243  30.102  -22.958  69.151 0.0000000000
61271  30.787  -23.617  68.086 0.0000000000
60336  30.505  -24.607  68.348 0.0000000000
56339  31.187  -28.570  71.954 0.0000000000
57347  29.763  -27.713  71.395 0.0000000000
57345  31.642  -27.652  71.201 0.0000000000
60278  34.859  -25.801  71.985 0.0000000000
59293  33.177  -26.541  71.007 0.0000000000
132180  33.857  -26.243  70.934 0.0000000000
138621  33.109  -26.295  69.013 0.0000000000
59302  35.299  -26.084  70.246 0.0000000000
59301  36.133  -25.924  69.691 0.0000000000
51640  34.481  -33.901  78.048 0.0000000000
131419  49.953  -2.921  54.717 0.0000000000
78106  45.992  -5.146  56.837 0.0000000000
79091  46.566  -4.663  56.566 0.0000000000
77206  47.098  -6.056  56.391 0.0000000000
78114  49.445  -5.993  55.852 0.0000000000
77202  50.842  -6.600  56.487 0.0000000000
47218  19.651  -38.836  81.162 0.0000000000
46244  19.859  -39.759  81.058 0.0000000000
73603  43.716  -10.765  60.264 0.0000000000
72735  44.816  -11.120  61.481 0.0000000000
72736  43.891  -11.241  60.943 0.0000000000
54436  33.050  -30.955  73.583 0.0000000000
54447  33.615  -31.183  72.712 0.0000000000
52628  33.752  -31.943  73.330 0.0000000000
52620  34.125  -32.615  73.985 0.0000000000
53532  35.313  -32.200  75.398 0.0000000000
129801  42.086  -6.544  62.877 0.0000000000
76275  41.401  -7.078  61.419 0.0000000000
76283  41.585  -7.320  60.527 0.0000000000
76291  42.047  -7.615  59.668 0.0000000000
75434  43.277  -8.073  58.731 0.0000000000
75435  42.496  -8.561  59.051 0.0000000000
74521  42.748  -9.552  59.264 0.0000000000
34258  7.786  -52.615  88.250 0.0000000000
72701  36.697  -12.044  64.176 0.0000000000
70845  36.669  -12.935  63.512 0.0000000000
131260  36.340  -13.226  64.015 0.0000000000
122613  35.854  -14.593  64.386 0.0000000000
68012  36.038  -16.461  64.252 0.0000000000
63360  33.907  -20.910  64.550 0.0000000000
64330  34.445  -20.357  64.381 0.0000000000
62303  34.664  -21.908  64.509 0.0000000000
62301  36.142  -22.250  64.487 0.0000000000
62292  37.620  -22.756  65.149 0.0000000000
61302  37.653  -24.075  66.193 0.0000000000
60350  38.423  -24.634  67.905 0.0000000000
50711  29.452  -35.159  80.533 0.0000000000
41658  19.836  -45.004  82.600 0.0000000000
40753  20.111  -45.327  84.644 0.0000000000
40777  18.687  -45.546  83.500 0.0000000000
142359  18.204  -46.028  85.287 0.0000000000
39859  17.704  -46.407  85.891 0.0000000000
40757  15.286  -45.772  85.143 0.0000000000
40758  13.837  -45.825  84.928 0.0000000000
41634  10.841  -44.086  86.175 0.0000000000
40738  9.739  -45.217  87.054 0.0000000000
39854  9.151  -46.636  87.315 0.0000000000
123870  9.143  -47.744  86.887 0.0000000000
38973  8.675  -47.133  87.852 0.0000000000
39841  8.314  -46.658  88.675 0.0000000000
38962  7.833  -47.188  89.207 0.0000000000
53522  26.977  -31.476  76.803 0.0000000000
52605  27.273  -32.030  76.124 0.0000000000
53523  26.276  -31.573  76.983 0.0000000000
51658  25.252  -32.669  77.413 0.0000000000
51643  25.002  -33.268  77.982 0.0000000000
48154  22.605  -37.768  79.552 0.0000000000
146548  23.078  -36.424  79.678 0.0000000000
48149  23.630  -37.479  81.097 0.0000000000
124883  41.086  -16.283  63.634 0.0000000000
60292  28.817  -24.360  71.053 0.0000000000
57331  34.397  -28.247  72.155 0.0000000000
136540  33.766  -27.182  71.839 0.0000000000
58317  35.093  -26.424  72.875 0.0000000000
59267  35.499  -25.907  73.292 0.0000000000
81031  47.993  -2.051  55.828 0.0000000000
127619  4.830  -52.576  90.601 0.0000000000
67113  34.843  -17.036  67.621 0.0000000000
66196  33.937  -18.589  67.095 0.0000000000
64310  33.127  -20.037  65.980 0.0000000000
123501  33.200  -21.123  65.816 0.0000000000
62284  33.489  -22.848  65.979 0.0000000000
61306  33.472  -23.613  66.266 0.0000000000
44403  23.686  -41.531  82.179 0.0000000000
43461  23.840  -42.547  83.632 0.0000000000
43476  23.352  -42.292  82.658 0.0000000000
42549  22.089  -43.282  82.814 0.0000000000
42562  20.871  -43.489  81.826 0.0000000000
124722  20.302  -41.428  81.129 0.0000000000
43491  20.286  -43.256  81.594 0.0000000000
41675  20.291  -44.022  81.773 0.0000000000
41677  19.055  -44.396  81.872 0.0000000000
41670  17.685  -44.430  82.480 0.0000000000
41671  17.068  -44.078  82.803 0.0000000000
53497  23.705  -31.571  79.151 0.0000000000
52552  22.612  -32.269  80.278 0.0000000000
51631  21.833  -33.192  79.379 0.0000000000
48980  21.356  -35.157  78.711 0.0000000000
124836  19.966  -34.554  80.802 0.0000000000
130035  20.231  -35.972  79.378 0.0000000000
48969  21.499  -36.757  78.802 0.0000000000
47238  22.267  -38.546  79.328 0.0000000000
46256  23.311  -39.844  80.434 0.0000000000
58294  30.423  -27.059  75.803 0.0000000000
128852  29.663  -27.040  74.676 0.0000000000
57307  30.149  -27.628  74.155 0.0000000000
56327  31.160  -28.491  72.976 0.0000000000
55393  32.763  -29.241  71.892 0.0000000000
139146  33.637  -30.619  71.973 0.0000000000
55382  34.201  -30.068  71.769 0.0000000000
56325  34.730  -29.224  72.072 0.0000000000
56312  35.925  -28.759  74.041 0.0000000000
56299  36.346  -28.212  74.937 0.0000000000
79075  45.125  -4.532  58.535 0.0000000000
78107  45.416  -5.658  57.325 0.0000000000
77193  45.501  -6.616  57.180 0.0000000000
76303  44.397  -7.647  58.092 0.0000000000
76302  45.181  -7.896  57.847 0.0000000000
72740  39.375  -11.519  61.248 0.0000000000
71816  40.684  -12.516  61.413 0.0000000000
71817  39.768  -12.339  61.407 0.0000000000
70850  39.612  -13.461  62.354 0.0000000000
69867  39.558  -14.610  63.259 0.0000000000
69869  37.427  -14.050  63.365 0.0000000000
69868  38.458  -14.383  63.275 0.0000000000
69850  40.074  -15.136  63.640 0.0000000000
125903  40.209  -16.398  63.865 0.0000000000
67139  40.617  -18.077  63.837 0.0000000000
140499  34.595  -15.652  65.749 0.0000000000
68013  35.226  -16.476  64.477 0.0000000000
122791  36.313  -17.324  64.173 0.0000000000
136500  35.086  -19.143  64.216 0.0000000000
127613  36.551  -18.918  64.073 0.0000000000
122889  37.105  -18.071  64.095 0.0000000000
143941  39.051  -19.385  64.066 0.0000000000
50781  30.955  -34.136  75.235 0.0000000000
51670  32.527  -34.004  75.619 0.0000000000
50759  32.396  -34.500  77.651 0.0000000000
50726  32.633  -34.572  78.784 0.0000000000
74483  39.448  -8.503  63.037 0.0000000000
74509  39.396  -9.703  61.446 0.0000000000
42539  15.969  -43.121  83.801 0.0000000000
43449  14.580  -42.612  84.403 0.0000000000
133741  14.600  -43.453  84.177 0.0000000000
41651  14.191  -44.171  84.264 0.0000000000
122499  13.614  -44.898  84.415 0.0000000000
39876  13.054  -46.223  84.707 0.0000000000
41642  11.155  -44.738  85.316 0.0000000000
39878  11.790  -46.090  84.735 0.0000000000
39871  12.839  -47.004  84.998 0.0000000000
38993  12.457  -47.939  85.271 0.0000000000
133091  11.675  -49.423  86.593 0.0000000000
132547  8.906  -51.226  87.217 0.0000000000
38127  8.653  -49.109  87.345 0.0000000000
37224  8.460  -49.828  87.417 0.0000000000
35313  8.072  -51.865  87.726 0.0000000000
35301  7.537  -51.794  88.232 0.0000000000
35292  7.016  -51.555  89.168 0.0000000000
36264  6.345  -51.423  90.115 0.0000000000
37201  6.267  -49.841  90.760 0.0000000000
36257  6.148  -50.698  90.708 0.0000000000
121715  5.572  -51.336  90.975 0.0000000000
52623  31.598  -32.464  74.004 0.0000000000
52612  30.237  -32.499  74.837 0.0000000000
51687  30.739  -33.363  74.631 0.0000000000
50782  30.123  -33.819  75.015 0.0000000000
122779  29.906  -34.541  76.454 0.0000000000
50746  29.000  -34.632  77.970 0.0000000000
50774  27.391  -33.111  76.304 0.0000000000
122950  28.177  -34.420  77.911 0.0000000000
137699  28.643  -34.666  78.754 0.0000000000
52577  23.816  -32.560  78.229 0.0000000000
51644  23.837  -33.230  78.302 0.0000000000
146273  24.673  -34.136  79.329 0.0000000000
48967  23.438  -36.015  79.752 0.0000000000
49839  24.383  -35.249  80.105 0.0000000000
50715  25.487  -34.839  80.463 0.0000000000
71793  42.283  -13.147  62.541 0.0000000000
62256  31.336  -22.015  68.039 0.0000000000
61288  31.918  -23.520  67.057 0.0000000000
124773  33.194  -24.901  67.075 0.0000000000
58319  28.921  -26.567  73.566 0.0000000000
58331  28.764  -26.578  71.634 0.0000000000
58355  29.181  -25.876  70.346 0.0000000000
58340  31.826  -26.836  70.871 0.0000000000
142890  30.802  -26.651  69.936 0.0000000000
59306  30.333  -26.123  69.427 0.0000000000
59322  31.617  -26.215  68.760 0.0000000000
59337  33.312  -25.992  68.280 0.0000000000
59354  34.561  -25.620  67.505 0.0000000000
59318  36.108  -25.887  68.706 0.0000000000
122115  33.883  -33.747  76.642 0.0000000000
51654  35.154  -33.139  76.936 0.0000000000
52598  36.193  -32.146  77.016 0.0000000000
53503  37.035  -31.847  78.328 0.0000000000
53517  36.793  -31.642  77.466 0.0000000000
81040  52.028  -2.123  53.841 0.0000000000
81032  47.349  -2.699  56.276 0.0000000000
80128  48.494  -3.346  55.516 0.0000000000
78115  48.441  -5.799  55.858 0.0000000000
79088  49.036  -5.043  55.612 0.0000000000
80127  49.283  -3.379  55.222 0.0000000000
79109  50.838  -4.034  54.739 0.0000000000
79097  51.738  -5.021  54.709 0.0000000000
51700  32.036  -33.106  74.046 0.0000000000
51699  33.026  -33.155  74.152 0.0000000000
132609  32.480  -33.530  74.647 0.0000000000
73606  40.594  -10.420  60.283 0.0000000000
74516  40.428  -9.651  60.341 0.0000000000
73605  41.411  -10.667  60.008 0.0000000000
34236  6.000  -52.893  89.961 0.0000000000
61305  34.180  -23.952  66.068 0.0000000000
61304  34.979  -24.104  65.943 0.0000000000
60368  35.415  -24.771  66.375 0.0000000000
41660  16.586  -44.348  83.281 0.0000000000
40779  16.792  -45.107  83.485 0.0000000000
53495  25.120  -30.978  79.398 0.0000000000
44402  24.563  -41.242  83.124 0.0000000000
45293  24.651  -40.416  83.271 0.0000000000
59257  28.910  -25.444  74.797 0.0000000000
46258  21.492  -40.112  79.679 0.0000000000
135196  20.553  -40.090  80.183 0.0000000000
132060  19.687  -38.106  80.765 0.0000000000
47229  20.259  -38.665  80.063 0.0000000000
46259  20.889  -39.427  79.722 0.0000000000
144292  32.060  -28.977  74.302 0.0000000000
56313  32.431  -29.554  74.131 0.0000000000
53545  35.483  -31.555  74.846 0.0000000000
54426  36.391  -30.317  75.219 0.0000000000
76281  42.793  -6.893  59.543 0.0000000000
77170  44.065  -6.082  59.074 0.0000000000
73611  44.085  -10.183  59.865 0.0000000000
74514  44.856  -9.768  59.808 0.0000000000
138888  45.473  -9.479  59.931 0.0000000000
34246  8.948  -52.443  88.649 0.0000000000
72713  37.537  -11.175  63.096 0.0000000000
71807  37.565  -11.927  62.674 0.0000000000
122459  36.969  -16.262  64.153 0.0000000000
68899  37.851  -15.908  64.059 0.0000000000
66204  33.561  -18.782  65.136 0.0000000000
67144  33.880  -18.286  64.805 0.0000000000
66216  33.942  -18.926  64.735 0.0000000000
63348  38.058  -22.013  64.722 0.0000000000
63356  37.456  -21.336  64.355 0.0000000000
141260  30.429  -34.700  78.272 0.0000000000
122902  30.980  -34.739  78.725 0.0000000000
50728  30.905  -34.895  79.617 0.0000000000
72700  37.482  -10.806  64.058 0.0000000000
73578  37.948  -10.552  63.160 0.0000000000
41657  20.970  -44.184  82.804 0.0000000000
41647  21.197  -44.366  83.708 0.0000000000
39869  14.277  -46.453  85.715 0.0000000000
39863  13.911  -47.038  86.140 0.0000000000
38992  13.289  -47.465  85.701 0.0000000000
42530  12.149  -43.213  85.132 0.0000000000
38987  9.656  -46.980  86.365 0.0000000000
127051  10.166  -46.836  85.696 0.0000000000
38986  10.199  -47.638  85.721 0.0000000000
37208  7.326  -49.716  89.188 0.0000000000
52576  28.527  -31.758  77.535 0.0000000000
52603  28.949  -32.101  75.562 0.0000000000
52604  27.999  -32.077  75.952 0.0000000000
50748  26.390  -33.900  78.318 0.0000000000
50731  26.355  -34.211  79.450 0.0000000000
49857  21.945  -35.384  78.584 0.0000000000
141327  41.270  -14.552  63.423 0.0000000000
60306  29.180  -24.117  70.360 0.0000000000
61243  29.603  -23.406  69.979 0.0000000000
61258  29.866  -24.044  69.060 0.0000000000
60320  29.960  -25.178  69.069 0.0000000000
56338  32.004  -28.521  71.617 0.0000000000
57346  30.573  -28.209  71.604 0.0000000000
60277  35.102  -25.918  72.287 0.0000000000
59291  34.739  -26.060  71.732 0.0000000000
59303  34.487  -26.192  70.759 0.0000000000
60304  35.367  -26.024  71.301 0.0000000000
122479  49.510  -1.347  55.270 0.0000000000
81035  50.028  -1.973  54.691 0.0000000000
77192  46.238  -6.157  56.621 0.0000000000
78117  46.722  -5.367  56.456 0.0000000000
139852  19.239  -37.882  81.695 0.0000000000
47204  19.147  -38.617  82.194 0.0000000000
122942  18.886  -37.904  82.486 0.0000000000
144557  19.122  -37.199  81.621 0.0000000000
142567  43.117  -11.187  60.346 0.0000000000
72727  43.576  -12.361  62.107 0.0000000000
54428  32.817  -31.513  74.068 0.0000000000
128704  33.202  -31.616  73.215 0.0000000000
51684  33.897  -33.182  74.706 0.0000000000
52611  34.645  -32.730  74.942 0.0000000000
52619  34.896  -32.127  74.335 0.0000000000
75408  40.155  -8.004  62.450 0.0000000000
75407  40.767  -7.486  61.872 0.0000000000
143402  41.338  -8.879  59.753 0.0000000000
75425  41.334  -8.111  60.057 0.0000000000
73612  43.073  -10.399  59.736 0.0000000000
71773  36.594  -12.292  64.973 0.0000000000
71783  36.469  -12.640  64.153 0.0000000000
70817  35.627  -14.022  64.759 0.0000000000
68900  36.180  -15.461  64.228 0.0000000000
68901  35.376  -15.203  64.598 0.0000000000
63351  33.627  -21.486  64.899 0.0000000000
145029  34.096  -21.534  64.562 0.0000000000
62294  35.747  -22.948  64.850 0.0000000000
62293  36.664  -22.891  64.938 0.0000000000
61309  37.173  -23.514  65.535 0.0000000000
62283  38.117  -23.348  65.802 0.0000000000
60351  37.499  -25.019  67.536 0.0000000000
72688  36.951  -11.458  64.635 0.0000000000
40784  19.226  -45.362  82.963 0.0000000000
146850  19.260  -45.461  83.574 0.0000000000
40765  17.187  -45.568  84.137 0.0000000000
132891  18.202  -45.756  84.379 0.0000000000
140221  17.483  -45.883  85.017 0.0000000000
40756  16.802  -46.048  85.505 0.0000000000
131639  14.601  -45.932  85.286 0.0000000000
40739  9.240  -45.721  87.710 0.0000000000
39853  9.538  -46.116  86.921 0.0000000000
39840  8.789  -46.207  88.196 0.0000000000
53492  27.569  -31.288  78.485 0.0000000000
53508  26.846  -31.284  77.617 0.0000000000
53511  24.658  -31.652  78.000 0.0000000000
52593  24.922  -32.069  77.538 0.0000000000
51659  24.511  -32.688  77.907 0.0000000000
47228  22.912  -38.518  79.949 0.0000000000
48150  23.168  -37.800  80.312 0.0000000000
47217  23.540  -38.336  80.881 0.0000000000
60279  28.748  -24.609  72.053 0.0000000000
57318  35.034  -27.387  72.818 0.0000000000
57319  34.312  -27.233  72.261 0.0000000000
57304  35.617  -26.717  73.863 0.0000000000
58305  35.663  -26.222  73.742 0.0000000000
59256  35.936  -25.879  74.070 0.0000000000
35287  4.452  -51.963  90.973 0.0000000000
66189  34.427  -17.837  67.383 0.0000000000
63330  32.355  -21.664  66.829 0.0000000000
63340  33.084  -22.048  66.247 0.0000000000
44404  22.852  -42.022  81.800 0.0000000000
44417  21.522  -41.934  81.079 0.0000000000
43489  22.020  -42.381  81.578 0.0000000000
42561  21.647  -43.042  82.039 0.0000000000
134083  19.616  -40.068  81.932 0.0000000000
45314  20.201  -40.707  80.863 0.0000000000
43478  19.874  -42.664  81.610 0.0000000000
42574  19.688  -43.942  81.668 0.0000000000
41676  19.754  -44.570  81.919 0.0000000000
42564  18.228  -43.988  82.100 0.0000000000
42565  17.550  -43.894  82.528 0.0000000000
42552  17.172  -43.558  82.925 0.0000000000
53484  23.721  -31.408  80.234 0.0000000000
52551  23.209  -31.905  80.833 0.0000000000
51619  21.141  -33.369  80.280 0.0000000000
51632  21.317  -33.716  79.254 0.0000000000
136388  21.318  -34.343  78.856 0.0000000000
130234  20.236  -36.787  79.622 0.0000000000
48970  20.747  -36.414  78.898 0.0000000000
48159  21.914  -37.651  79.048 0.0000000000
45326  22.700  -40.341  80.086 0.0000000000
46257  22.656  -39.428  79.745 0.0000000000
44429  23.262  -40.640  80.746 0.0000000000
45313  23.723  -40.792  81.597 0.0000000000
57294  30.315  -27.416  75.052 0.0000000000
56326  31.910  -28.994  72.305 0.0000000000
55372  32.769  -30.399  72.744 0.0000000000
55381  35.111  -29.996  72.349 0.0000000000
55392  33.668  -29.188  71.727 0.0000000000
56324  35.422  -29.072  72.921 0.0000000000
55353  36.844  -29.689  75.709 0.0000000000
56311  36.363  -29.019  74.726 0.0000000000
77145  42.800  -5.886  61.879 0.0000000000
80113  45.306  -3.759  58.881 0.0000000000
79066  44.868  -4.368  59.377 0.0000000000
78098  44.909  -5.305  58.160 0.0000000000
76318  44.861  -7.096  57.641 0.0000000000
76304  43.738  -7.444  58.439 0.0000000000
75444  44.045  -8.230  58.562 0.0000000000
74527  45.180  -8.714  58.803 0.0000000000
75443  44.801  -8.312  58.402 0.0000000000
71818  39.092  -12.139  61.637 0.0000000000
70851  38.638  -13.143  62.376 0.0000000000
71805  39.244  -12.761  61.886 0.0000000000
70841  40.087  -14.117  62.867 0.0000000000
70844  37.207  -13.263  63.078 0.0000000000
69851  39.066  -15.097  63.683 0.0000000000
68897  39.662  -15.667  63.992 0.0000000000
68010  39.295  -16.453  63.962 0.0000000000
68878  35.088  -14.861  66.212 0.0000000000
125590  34.366  -17.827  64.600 0.0000000000
68014  34.617  -16.586  64.742 0.0000000000
67143  34.926  -17.246  64.451 0.0000000000
145085  35.619  -17.020  64.312 0.0000000000
138513  35.617  -17.586  64.251 0.0000000000
64329  35.219  -20.574  64.185 0.0000000000
65305  34.985  -19.874  64.218 0.0000000000
137978  37.435  -18.937  64.053 0.0000000000
66213  38.157  -18.476  63.978 0.0000000000
65304  38.303  -19.531  64.086 0.0000000000
50771  31.256  -34.456  76.242 0.0000000000
50770  32.104  -34.392  76.570 0.0000000000
50760  31.538  -34.589  77.277 0.0000000000
50727  31.725  -34.756  79.249 0.0000000000
73592  38.894  -10.180  61.768 0.0000000000
73598  39.330  -10.580  61.195 0.0000000000
142045  23.133  -43.146  83.959 0.0000000000
42535  23.740  -43.075  84.544 0.0000000000
42536  22.829  -43.665  84.659 0.0000000000
39849  16.287  -46.931  87.248 0.0000000000
43450  13.669  -42.582  84.713 0.0000000000
42540  15.238  -43.248  84.032 0.0000000000
40768  13.105  -45.496  84.453 0.0000000000
40769  12.452  -45.696  84.551 0.0000000000
40760  10.582  -45.463  85.620 0.0000000000
39872  11.217  -46.647  84.973 0.0000000000
38999  12.008  -46.982  84.811 0.0000000000
39877  12.422  -46.407  84.704 0.0000000000
37230  11.192  -49.084  85.848 0.0000000000
35310  9.652  -50.810  87.100 0.0000000000
36277  8.857  -50.522  87.095 0.0000000000
38126  9.071  -48.799  86.904 0.0000000000
37225  8.306  -50.560  87.493 0.0000000000
36278  8.450  -51.210  87.432 0.0000000000
36279  7.910  -51.096  87.793 0.0000000000
35293  6.515  -52.307  89.554 0.0000000000
37191  6.341  -48.855  90.753 0.0000000000
35277  4.885  -51.127  91.200 0.0000000000
53546  31.964  -31.931  74.297 0.0000000000
52602  30.065  -32.253  75.276 0.0000000000
51688  29.936  -32.862  74.712 0.0000000000
122104  29.035  -33.913  76.034 0.0000000000
121821  29.420  -34.588  77.194 0.0000000000
50762  28.571  -34.261  77.030 0.0000000000
52591  26.561  -32.146  76.501 0.0000000000
51673  27.130  -32.463  76.151 0.0000000000
50729  28.231  -34.719  79.578 0.0000000000
52578  23.187  -32.362  78.749 0.0000000000
50750  24.005  -33.899  78.627 0.0000000000
140008  24.397  -33.335  78.180 0.0000000000
48957  23.217  -37.072  80.207 0.0000000000
48956  23.677  -36.447  80.417 0.0000000000
49826  24.841  -35.746  81.261 0.0000000000
145760  24.495  -35.700  80.734 0.0000000000
50691  24.908  -35.252  80.648 0.0000000000
50716  24.832  -34.667  79.981 0.0000000000
71803  41.181  -13.135  62.148 0.0000000000
63313  31.756  -21.329  68.748 0.0000000000
128441  31.047  -21.761  68.686 0.0000000000
60356  31.386  -24.324  67.681 0.0000000000
61289  31.279  -23.057  67.727 0.0000000000
60355  32.300  -24.597  67.248 0.0000000000
58306  29.443  -27.175  73.894 0.0000000000
57321  29.165  -27.443  72.925 0.0000000000
57335  29.074  -27.432  71.959 0.0000000000
57348  29.272  -27.148  71.264 0.0000000000
58343  29.181  -26.532  70.788 0.0000000000
58354  29.880  -26.521  70.066 0.0000000000
58329  33.794  -26.758  71.746 0.0000000000
58330  32.954  -26.823  71.196 0.0000000000
58352  31.804  -26.655  70.435 0.0000000000
59305  31.433  -26.515  69.557 0.0000000000
60319  30.747  -25.779  68.777 0.0000000000
59320  33.863  -26.112  69.052 0.0000000000
59336  34.190  -25.948  68.246 0.0000000000
59355  33.669  -25.582  67.585 0.0000000000
59353  35.310  -25.585  67.420 0.0000000000
59335  35.167  -25.871  68.254 0.0000000000
121718  36.893  -25.543  70.142 0.0000000000
50769  33.082  -34.210  76.863 0.0000000000
51669  33.330  -33.835  75.993 0.0000000000
51639  35.261  -33.500  77.915 0.0000000000
51655  34.561  -33.631  77.240 0.0000000000
52586  35.798  -32.821  77.441 0.0000000000
52599  35.593  -32.553  76.620 0.0000000000
54408  37.064  -30.855  77.110 0.0000000000
81041  51.303  -2.411  54.256 0.0000000000
133149  51.931  -3.188  54.083 0.0000000000
79074  45.602  -3.997  58.008 0.0000000000
79090  47.239  -4.419  56.216 0.0000000000
80122  47.106  -3.548  56.367 0.0000000000
80121  47.799  -3.708  55.786 0.0000000000
79100  49.570  -4.377  55.305 0.0000000000
80126  50.061  -3.809  54.844 0.0000000000
79099  50.364  -4.623  55.120 0.0000000000
72745  42.498  -11.540  60.523 0.0000000000
131722  42.172  -12.082  60.992 0.0000000000
53553  32.293  -32.105  73.859 0.0000000000
74508  40.008  -9.227  60.959 0.0000000000
74522  41.911  -9.266  59.423 0.0000000000
70815  36.405  -12.863  65.555 0.0000000000
70806  36.029  -13.400  65.748 0.0000000000
69834  35.335  -14.381  65.315 0.0000000000
62295  33.980  -22.879  65.303 0.0000000000
137644  34.748  -22.813  64.902 0.0000000000
124966  36.711  -24.215  65.961 0.0000000000
60367  36.263  -24.840  66.427 0.0000000000
60352  36.619  -25.259  67.184 0.0000000000
40786  17.877  -45.051  82.655 0.0000000000
40731  8.892  -45.274  88.602 0.0000000000
53509  26.002  -31.212  77.947 0.0000000000
53510  25.164  -31.192  78.318 0.0000000000
144000  23.887  -39.460  81.713 0.0000000000
145443  24.279  -39.909  82.786 0.0000000000
57279  36.410  -27.249  75.281 0.0000000000
58292  36.134  -26.552  74.865 0.0000000000
134976  32.454  -20.741  67.340 0.0000000000
44430  22.599  -41.081  80.468 0.0000000000
44431  21.839  -41.336  80.429 0.0000000000
45303  19.746  -40.963  81.889 0.0000000000
136282  19.611  -41.480  82.281 0.0000000000
43479  19.196  -42.891  81.925 0.0000000000
42563  19.057  -43.689  81.792 0.0000000000
50718  20.513  -34.065  80.326 0.0000000000
48952  19.190  -36.452  81.339 0.0000000000
48958  19.675  -36.913  80.425 0.0000000000
48155  20.074  -37.679  79.979 0.0000000000
47240  20.784  -38.199  79.512 0.0000000000
47239  21.526  -38.333  79.259 0.0000000000
45340  22.151  -40.024  79.635 0.0000000000
57305  31.604  -28.535  74.930 0.0000000000
55373  32.144  -29.308  73.251 0.0000000000
143449  34.804  -30.969  72.989 0.0000000000
54435  35.566  -30.505  73.797 0.0000000000
54434  36.037  -30.108  74.346 0.0000000000
77157  42.494  -6.208  61.057 0.0000000000
77163  43.686  -5.553  60.205 0.0000000000
78088  44.684  -5.086  59.024 0.0000000000
78089  44.351  -5.471  59.428 0.0000000000
77182  44.132  -6.680  58.221 0.0000000000
75433  45.799  -8.785  59.016 0.0000000000
74519  45.912  -9.029  59.720 0.0000000000
72741  38.708  -11.637  61.751 0.0000000000
68911  36.705  -14.542  63.932 0.0000000000
144122  38.540  -16.414  64.024 0.0000000000
139327  38.754  -17.120  63.860 0.0000000000
122471  38.905  -17.958  63.767 0.0000000000
67131  33.852  -17.156  65.704 0.0000000000
141132  33.852  -17.631  64.947 0.0000000000
63357  36.489  -21.462  64.247 0.0000000000
144212  37.783  -20.462  64.206 0.0000000000
64326  38.638  -20.448  64.316 0.0000000000
50744  30.949  -34.662  77.858 0.0000000000
73577  38.399  -9.798  63.306 0.0000000000
42537  21.912  -43.991  84.209 0.0000000000
145795  15.082  -46.821  86.744 0.0000000000
39851  14.661  -47.217  87.294 0.0000000000
38978  13.910  -47.717  87.491 0.0000000000
38132  13.040  -48.214  86.182 0.0000000000
43435  13.229  -42.218  85.461 0.0000000000
42542  13.302  -43.248  84.561 0.0000000000
42543  12.701  -43.685  84.669 0.0000000000
38141  10.894  -48.202  85.358 0.0000000000
37231  10.343  -49.300  86.283 0.0000000000
37232  9.586  -49.423  86.613 0.0000000000
138660  8.258  -47.455  88.399 0.0000000000
36251  4.947  -50.233  91.107 0.0000000000
51689  29.175  -32.548  75.150 0.0000000000
50783  29.362  -33.330  75.089 0.0000000000
51657  26.018  -32.767  76.977 0.0000000000
50764  26.500  -33.497  77.333 0.0000000000
50730  27.345  -34.508  79.577 0.0000000000
51645  22.525  -33.860  78.485 0.0000000000
132226  23.155  -33.239  78.421 0.0000000000
48143  24.061  -37.271  81.874 0.0000000000
125951  24.274  -36.784  81.752 0.0000000000
70849  40.620  -13.638  62.523 0.0000000000
69865  41.789  -14.172  63.341 0.0000000000
62229  30.000  -22.290  69.908 0.0000000000
127153  30.743  -22.671  68.460 0.0000000000
61272  30.340  -23.559  68.577 0.0000000000
56328  30.414  -28.387  72.524 0.0000000000
57334  29.664  -28.079  72.221 0.0000000000
58341  30.685  -27.370  70.992 0.0000000000
59279  34.661  -26.156  72.201 0.0000000000
59280  33.987  -26.443  71.666 0.0000000000
59292  34.272  -26.293  71.681 0.0000000000
59321  32.469  -26.423  69.386 0.0000000000
122967  33.538  -26.273  70.007 0.0000000000
132329  34.492  -26.152  69.733 0.0000000000
59319  35.312  -26.107  69.258 0.0000000000
144459  33.906  -34.175  78.239 0.0000000000
138358  34.908  -33.866  78.588 0.0000000000
51628  35.650  -33.671  78.963 0.0000000000
81042  50.622  -2.611  54.509 0.0000000000
130064  47.007  -4.941  56.328 0.0000000000
78116  47.478  -5.393  56.110 0.0000000000
78113  50.354  -6.007  55.891 0.0000000000
78127  50.719  -5.368  55.443 0.0000000000
78112  51.117  -5.994  55.908 0.0000000000
46231  19.446  -39.326  81.867 0.0000000000
123326  19.120  -35.504  81.766 0.0000000000
126409  44.405  -10.678  60.627 0.0000000000
73602  45.165  -10.450  60.959 0.0000000000
123826  44.104  -11.737  61.798 0.0000000000
52627  34.478  -31.953  73.590 0.0000000000
145921  35.670  -31.713  75.507 0.0000000000
75419  40.947  -7.784  60.874 0.0000000000
76282  42.239  -6.755  60.306 0.0000000000
76290  43.256  -7.129  58.928 0.0000000000
138834  42.711  -7.632  59.109 0.0000000000
140213  43.516  -9.751  59.335 0.0000000000
34257  8.290  -52.852  88.441 0.0000000000
71795  36.724  -12.332  63.656 0.0000000000
70816  36.071  -13.218  64.775 0.0000000000
70826  36.130  -13.843  64.187 0.0000000000
143595  36.608  -16.795  64.185 0.0000000000
64331  33.762  -20.152  64.658 0.0000000000
63359  34.598  -21.134  64.341 0.0000000000
63358  35.466  -21.487  64.258 0.0000000000
62302  35.327  -22.281  64.533 0.0000000000
61301  38.565  -23.877  66.528 0.0000000000
61285  38.769  -24.213  67.198 0.0000000000
61286  38.067  -24.505  66.962 0.0000000000
129009  30.112  -35.098  79.990 0.0000000000
40776  19.846  -45.225  83.605 0.0000000000
40764  19.270  -45.594  84.292 0.0000000000
40755  18.953  -45.906  85.163 0.0000000000
40747  15.943  -46.100  85.839 0.0000000000
39868  15.061  -46.280  86.043 0.0000000000
41635  10.222  -44.487  86.665 0.0000000000
40748  10.202  -45.202  86.252 0.0000000000
53507  27.625  -31.479  77.253 0.0000000000
53521  27.409  -31.748  76.390 0.0000000000
53535  26.895  -31.745  76.469 0.0000000000
52592  25.687  -32.080  77.059 0.0000000000
48968  22.420  -36.802  79.163 0.0000000000
124764  23.881  -38.737  81.748 0.0000000000
47203  23.885  -37.907  81.849 0.0000000000
68895  41.397  -15.493  63.634 0.0000000000
59308  29.014  -25.017  70.315 0.0000000000
57332  33.627  -28.046  71.773 0.0000000000
57333  32.899  -27.640  71.457 0.0000000000
58318  34.151  -26.752  72.286 0.0000000000
59268  34.875  -26.158  72.550 0.0000000000
82045  48.770  -1.668  55.576 0.0000000000
76316  46.597  -7.893  57.080 0.0000000000
77191  47.111  -7.075  56.572 0.0000000000
132098  5.344  -52.619  90.480 0.0000000000
67980  35.148  -16.179  67.691 0.0000000000
139622  34.512  -16.419  67.164 0.0000000000
129582  33.765  -17.879  66.502 0.0000000000
66197  33.484  -18.663  66.080 0.0000000000
65288  33.470  -19.253  66.606 0.0000000000
65289  33.305  -19.378  65.489 0.0000000000
64320  33.354  -20.674  64.961 0.0000000000
134284  33.509  -22.115  65.547 0.0000000000
145876  33.210  -21.649  66.037 0.0000000000
61313  33.937  -23.393  65.804 0.0000000000
60370  33.720  -24.382  66.577 0.0000000000
44391  24.066  -41.808  83.005 0.0000000000
43462  22.888  -42.912  83.189 0.0000000000
43477  22.493  -42.684  82.314 0.0000000000
133003  21.334  -43.657  82.431 0.0000000000
44432  20.997  -41.419  80.716 0.0000000000
44418  20.638  -42.175  81.275 0.0000000000
135304  20.749  -43.991  82.142 0.0000000000
41667  20.371  -44.478  82.293 0.0000000000
41668  19.144  -45.052  82.240 0.0000000000
41669  18.406  -44.769  82.273 0.0000000000
53483  24.349  -31.141  79.751 0.0000000000
52564  23.108  -31.963  79.714 0.0000000000
52565  22.503  -32.584  79.449 0.0000000000
51646  21.847  -33.768  78.739 0.0000000000
49841  19.933  -35.371  80.058 0.0000000000
136177  20.339  -34.712  79.835 0.0000000000
137973  20.740  -35.673  78.826 0.0000000000
48979  21.275  -35.926  78.582 0.0000000000
141450  23.278  -39.088  80.327 0.0000000000
136135  23.705  -40.038  81.214 0.0000000000
145770  24.182  -41.369  82.689 0.0000000000
59248  29.086  -25.805  75.346 0.0000000000
58295  29.617  -26.585  75.475 0.0000000000
57306  30.942  -28.147  74.327 0.0000000000
140203  30.509  -28.139  73.472 0.0000000000
54446  34.462  -30.724  72.396 0.0000000000
55383  33.215  -30.007  71.799 0.0000000000
130297  35.053  -28.362  72.647 0.0000000000
57317  35.518  -27.928  73.468 0.0000000000
55370  36.087  -29.503  74.316 0.0000000000
79083  45.457  -4.790  57.648 0.0000000000
76317  45.715  -7.526  57.315 0.0000000000
73607  39.989  -10.992  60.688 0.0000000000
72739  40.247  -11.797  60.907 0.0000000000
69866  40.536  -14.652  63.334 0.0000000000
71794  37.034  -12.500  63.019 0.0000000000
70843  38.034  -13.581  62.886 0.0000000000
68896  40.554  -15.611  63.762 0.0000000000
142212  40.822  -17.150  63.689 0.0000000000
69835  34.940  -15.012  65.178 0.0000000000
67999  34.261  -16.397  65.238 0.0000000000
68885  34.792  -15.825  64.813 0.0000000000
139856  35.513  -15.881  64.459 0.0000000000
65306  34.315  -19.506  64.492 0.0000000000
142815  35.916  -19.804  64.077 0.0000000000
129080  35.745  -18.844  64.102 0.0000000000
123493  36.076  -18.154  64.120 0.0000000000
137213  38.956  -18.814  63.893 0.0000000000
64325  39.322  -19.988  64.347 0.0000000000
65303  39.613  -19.202  64.111 0.0000000000
50780  31.707  -34.210  75.656 0.0000000000
50758  33.249  -34.331  78.000 0.0000000000
74498  39.662  -8.843  61.912 0.0000000000
74499  38.908  -9.431  62.424 0.0000000000
41648  20.639  -44.837  84.156 0.0000000000
42553  16.549  -43.680  83.284 0.0000000000
41661  15.885  -43.862  83.691 0.0000000000
41650  15.132  -44.237  84.109 0.0000000000
42531  11.466  -43.674  85.597 0.0000000000
40770  11.809  -45.192  84.737 0.0000000000
40759  11.157  -45.734  85.050 0.0000000000
133670  12.797  -48.681  86.780 0.0000000000
38133  12.254  -48.898  85.965 0.0000000000
141042  12.334  -49.108  86.879 0.0000000000
37222  10.567  -50.312  87.134 0.0000000000
35311  9.209  -51.638  87.542 0.0000000000
34256  8.808  -52.261  87.931 0.0000000000
37223  8.996  -49.654  86.957 0.0000000000
35312  8.614  -51.808  87.529 0.0000000000
34268  8.311  -52.321  87.895 0.0000000000
35302  7.150  -52.492  88.779 0.0000000000
35285  5.795  -52.143  90.454 0.0000000000
38105  6.944  -48.272  90.216 0.0000000000
123896  6.895  -49.348  90.146 0.0000000000
35286  5.028  -52.042  91.093 0.0000000000
58285  30.934  -27.035  76.426 0.0000000000
51701  31.301  -33.036  74.199 0.0000000000
53547  31.001  -32.288  74.699 0.0000000000
51702  30.763  -32.685  74.421 0.0000000000
50772  30.419  -34.394  75.816 0.0000000000
127204  29.722  -34.115  75.555 0.0000000000
50745  29.780  -34.704  78.133 0.0000000000
146846  27.111  -33.539  76.975 0.0000000000
50763  27.776  -33.847  77.024 0.0000000000
122900  29.368  -34.737  78.693 0.0000000000
138797  29.230  -34.871  79.567 0.0000000000
53512  23.976  -31.862  78.402 0.0000000000
50749  24.828  -33.710  78.715 0.0000000000
49851  22.757  -35.722  78.984 0.0000000000
50717  23.684  -35.392  79.449 0.0000000000
49840  23.982  -35.851  80.329 0.0000000000
50733  24.164  -34.633  79.368 0.0000000000
50732  25.406  -34.152  79.638 0.0000000000
146241  26.052  -34.542  80.216 0.0000000000
71815  41.696  -12.630  61.599 0.0000000000
62270  31.792  -22.352  67.194 0.0000000000
61287  32.827  -24.009  66.722 0.0000000000
58296  29.082  -26.362  74.589 0.0000000000
142611  28.702  -25.895  73.168 0.0000000000
134219  28.729  -26.677  72.602 0.0000000000
59281  28.600  -25.704  72.298 0.0000000000
59294  28.693  -25.548  71.148 0.0000000000
59307  29.575  -25.599  69.741 0.0000000000
58353  30.791  -26.886  70.463 0.0000000000
60335  31.355  -25.449  68.138 0.0000000000
125629  32.349  -25.968  68.346 0.0000000000
59356  32.775  -25.434  67.667 0.0000000000
135615  34.093  -25.115  66.958 0.0000000000
60354  34.961  -25.209  66.900 0.0000000000
59334  36.001  -25.628  67.741 0.0000000000
60334  36.857  -25.548  68.114 0.0000000000
60318  36.957  -25.687  69.131 0.0000000000
124281  33.900  -33.503  75.714 0.0000000000
51668  34.514  -33.343  76.351 0.0000000000
52600  35.013  -32.779  76.000 0.0000000000
144485  35.446  -32.367  76.069 0.0000000000
53531  35.824  -31.927  76.143 0.0000000000
52558  36.301  -33.181  79.041 0.0000000000
52571  36.673  -32.580  78.708 0.0000000000
52585  36.459  -32.388  77.855 0.0000000000
128518  36.486  -31.394  76.589 0.0000000000
54416  37.414  -30.213  76.826 0.0000000000
80123  46.534  -3.884  56.687 0.0000000000
130171  48.006  -2.856  55.696 0.0000000000
81037  48.661  -2.612  55.463 0.0000000000
79101  48.723  -4.116  55.520 0.0000000000
80131  50.553  -3.370  54.623 0.0000000000
79098  51.088  -4.836  54.884 0.0000000000
79108  51.666  -4.139  54.552 0.0000000000
50736  20.791  -34.897  79.122 0.0000000000
51698  33.630  -32.953  74.075 0.0000000000
56349  31.298  -28.282  71.615 0.0000000000
67121  34.072  -17.054  66.914 0.0000000000
130267  23.972  -40.046  82.056 0.0000000000
135754  33.281  -19.970  64.983 0.0000000000
144288  22.559  -34.312  78.454 0.0000000000
145173  20.368  -35.355  79.351 0.0000000000
