#!ascii label  , from subject sub-v1s8x0051343_ses-1 vox2ras=TkReg
906
75881  15.572  -8.044  10.815 0.2500000000
75890  16.149  -7.796  10.528 0.2500000000
145887  16.963  -8.818  10.629 0.7500000000
80540  14.584  -3.897  11.449 0.2500000000
79575  14.684  -4.440  11.476 0.1250000000
79594  14.923  -3.970  11.133 0.3750000000
121328  15.389  -5.924  11.008 0.2500000000
141511  15.493  -7.468  10.802 0.2500000000
128780  16.736  -7.507  10.072 0.7500000000
76774  15.711  -7.409  10.625 0.3750000000
74970  17.433  -8.840  10.183 0.8750000000
74971  16.696  -8.266  10.478 0.8750000000
138886  17.984  -9.529  9.650 0.8750000000
78637  15.081  -4.825  11.033 0.3750000000
78635  16.073  -6.041  10.366 0.3750000000
76773  16.241  -6.733  10.294 0.8750000000
75901  17.968  -7.665  9.165 1.0000000000
76783  17.329  -7.214  9.542 1.0000000000
76784  16.373  -7.131  10.262 0.8750000000
139276  18.148  -8.672  9.342 1.0000000000
75889  17.320  -8.016  9.763 0.8750000000
74111  19.716  -9.756  8.402 1.0000000000
80559  14.949  -3.393  10.987 0.2500000000
78636  15.722  -5.151  10.373 0.7500000000
78651  16.394  -5.291  9.782 0.8750000000
78650  16.555  -6.016  9.804 0.8750000000
76794  18.533  -7.266  8.623 1.0000000000
76795  17.941  -7.059  8.927 1.0000000000
77694  17.239  -6.351  9.403 1.0000000000
121198  20.402  -9.338  8.198 1.0000000000
75899  19.607  -8.715  8.429 1.0000000000
137476  19.026  -8.998  8.796 1.0000000000
81499  13.505  -2.380  12.062 0.1250000000
79593  15.467  -4.166  10.395 0.6250000000
123113  16.940  -5.323  9.345 1.0000000000
79606  16.169  -4.364  9.752 0.8750000000
78649  17.002  -5.818  9.437 1.0000000000
76807  19.823  -7.270  8.002 1.0000000000
77706  19.138  -6.840  8.319 1.0000000000
77707  18.352  -6.554  8.555 1.0000000000
78662  17.514  -5.884  8.976 1.0000000000
75911  20.080  -8.219  8.038 1.0000000000
76793  19.349  -7.686  8.349 1.0000000000
75908  21.662  -8.406  7.383 1.0000000000
75910  20.552  -8.855  7.766 1.0000000000
84420  17.889  0.379  8.782 0.2500000000
81498  15.430  -2.716  10.265 0.2500000000
80558  15.356  -3.307  10.411 0.5000000000
80572  16.566  -3.540  9.212 1.0000000000
81518  15.828  -2.567  9.743 0.6250000000
79605  16.787  -4.527  9.269 1.0000000000
78676  18.558  -5.384  8.169 1.0000000000
79617  17.188  -4.714  8.961 1.0000000000
77719  20.150  -6.908  7.675 1.0000000000
77720  19.616  -6.559  7.881 1.0000000000
78675  19.295  -5.566  7.753 1.0000000000
143076  20.842  -6.842  7.212 1.0000000000
76814  22.504  -7.024  6.434 1.0000000000
76804  22.169  -7.676  6.939 1.0000000000
83508  17.585  -0.784  8.155 0.5000000000
83482  17.085  -0.882  8.492 0.3750000000
83496  16.740  -1.034  8.687 0.3750000000
82522  16.386  -1.466  9.123 0.5000000000
82540  16.625  -1.656  8.792 0.5000000000
80583  17.296  -2.822  8.400 0.8750000000
143949  17.516  -3.644  8.401 1.0000000000
138565  17.976  -2.688  7.749 1.0000000000
135008  19.005  -4.988  7.769 1.0000000000
79632  17.922  -4.002  8.149 1.0000000000
77732  20.831  -5.958  6.902 1.0000000000
78674  20.032  -5.678  7.374 1.0000000000
77730  22.774  -6.330  5.989 1.0000000000
77731  21.754  -6.395  6.414 1.0000000000
145631  23.715  -7.277  6.444 0.8750000000
84431  17.896  -0.609  8.033 0.5000000000
83495  17.067  -0.999  8.395 0.5000000000
133096  17.796  -1.169  7.902 0.6250000000
81549  18.129  -1.895  7.601 0.6250000000
82539  17.094  -1.827  8.404 0.7500000000
80594  18.234  -3.505  7.757 1.0000000000
79661  22.551  -4.150  5.736 1.0000000000
126455  21.067  -4.322  6.442 1.0000000000
79631  19.383  -4.396  7.488 1.0000000000
131889  22.323  -4.877  5.808 1.0000000000
127570  21.728  -5.486  6.146 1.0000000000
78688  20.772  -5.063  6.788 1.0000000000
140504  23.093  -5.115  5.910 0.8750000000
78687  22.615  -5.477  5.849 1.0000000000
129515  23.851  -6.066  6.370 0.8750000000
83507  18.164  -0.603  7.835 0.5000000000
82556  18.529  -0.977  7.601 0.8750000000
82571  21.306  -2.193  6.132 1.0000000000
81562  19.649  -2.604  7.009 1.0000000000
80624  22.912  -3.523  5.484 1.0000000000
81560  21.770  -3.009  6.174 1.0000000000
80610  19.782  -3.539  7.152 1.0000000000
81578  22.980  -2.773  5.391 1.0000000000
79646  23.314  -4.417  5.944 1.0000000000
79647  22.814  -4.656  5.713 1.0000000000
80623  23.287  -3.265  5.517 1.0000000000
146985  23.404  -3.710  5.697 1.0000000000
138644  19.068  -0.242  7.408 0.5000000000
82573  19.461  -0.844  7.059 0.8750000000
135805  22.026  -0.875  5.326 1.0000000000
123079  21.997  -1.867  5.442 1.0000000000
82572  20.184  -1.748  6.624 1.0000000000
82598  23.663  -1.251  4.775 1.0000000000
82583  23.420  -1.694  5.094 1.0000000000
82582  23.969  -1.918  5.220 1.0000000000
132234  23.221  -2.060  5.273 1.0000000000
81576  24.043  -2.496  5.700 1.0000000000
81547  24.058  -3.105  6.199 0.8750000000
86238  22.672  1.898  4.106 1.0000000000
86229  21.248  1.481  5.522 0.3750000000
83545  22.368  -0.104  4.893 1.0000000000
83542  23.725  -0.655  4.472 1.0000000000
83543  23.190  -0.665  4.294 1.0000000000
142499  22.485  2.669  4.046 0.8750000000
86250  22.738  2.192  3.076 1.0000000000
85370  22.954  1.491  3.340 1.0000000000
123406  22.744  0.249  4.065 1.0000000000
84460  23.445  -0.207  4.131 1.0000000000
84471  23.564  0.678  3.924 1.0000000000
84450  24.196  0.008  4.593 1.0000000000
87118  22.487  3.282  3.559 0.7500000000
85381  23.335  1.482  2.346 1.0000000000
85368  24.156  1.391  2.267 1.0000000000
136735  23.631  1.503  3.000 1.0000000000
84472  23.168  1.058  3.597 1.0000000000
86260  22.806  1.970  1.932 1.0000000000
85392  23.594  1.405  1.741 1.0000000000
85380  23.901  1.012  1.812 1.0000000000
92122  22.064  9.206  4.225 0.1250000000
91302  21.862  8.390  2.871 0.2500000000
131106  21.772  9.082  3.345 0.1250000000
91306  21.567  8.501  2.104 0.3750000000
92129  21.607  9.684  2.912 0.2500000000
132869  21.391  8.706  1.257 0.5000000000
92139  21.163  9.587  1.079 0.2500000000
92953  21.560  10.466  3.395 0.2500000000
92972  21.232  10.185  1.644 0.2500000000
92961  21.423  10.333  2.412 0.2500000000
93783  21.047  10.955  1.853 0.2500000000
92973  20.673  10.523  0.972 0.2500000000
92140  20.862  9.808  0.353 0.3750000000
92977  20.396  10.463  -0.057 0.3750000000
125517  15.449  -7.311  10.969 0.1250000000
77683  15.611  -6.850  10.702 0.2500000000
78618  15.037  -5.256  11.298 0.1250000000
74123  20.568  -10.120  7.267 1.0000000000
82555  19.089  -1.806  7.311 0.8750000000
132724  22.838  -2.035  5.303 1.0000000000
122993  15.841  -8.519  11.360 0.1250000000
74960  17.188  -9.456  10.580 0.6250000000
73274  18.366  -10.881  9.565 0.7500000000
79560  13.483  -4.109  12.753 0.1250000000
73273  18.721  -11.263  8.659 1.0000000000
77653  15.458  -6.773  11.151 0.1250000000
142383  19.597  -10.451  7.406 1.0000000000
121103  20.174  -9.781  6.034 1.0000000000
74122  21.434  -10.204  7.875 1.0000000000
82487  14.443  -0.692  11.989 0.3750000000
83483  16.638  0.457  9.823 0.2500000000
83484  15.847  0.043  10.342 0.2500000000
76803  23.208  -7.613  6.623 0.8750000000
78685  24.204  -5.453  6.809 0.8750000000
76812  23.982  -6.889  6.408 0.8750000000
80592  24.194  -3.834  6.745 0.8750000000
86220  21.238  1.770  5.979 0.1250000000
83536  20.647  -0.200  5.990 0.6250000000
80607  23.764  -3.803  6.038 0.8750000000
129946  22.359  2.484  4.831 0.5000000000
85346  20.933  0.980  5.492 0.8750000000
85358  24.301  0.993  4.247 1.0000000000
124609  24.088  1.438  3.494 1.0000000000
88023  22.505  3.820  2.112 0.8750000000
87151  22.650  2.903  1.506 1.0000000000
144753  23.567  1.620  1.632 1.0000000000
85379  24.029  1.011  1.826 1.0000000000
130289  22.166  8.994  5.709 0.1250000000
128644  22.049  7.762  4.186 0.1250000000
134910  22.157  6.808  1.963 0.6250000000
136611  21.591  7.962  1.503 0.6250000000
91312  21.374  7.936  0.673 0.5000000000
141500  21.721  9.703  3.637 0.2500000000
92144  20.988  8.823  0.271 0.5000000000
127140  21.322  11.214  2.720 0.2500000000
92145  20.652  9.568  -0.447 0.5000000000
93765  20.869  11.830  2.125 0.1250000000
93784  20.467  11.646  1.301 0.2500000000
93812  19.711  11.175  -0.666 0.2500000000
92980  20.201  10.445  -1.079 0.3750000000
93813  19.113  11.987  -1.418 0.2500000000
134014  15.481  -8.010  10.952 0.1250000000
75880  16.059  -8.302  10.780 0.3750000000
74961  16.494  -8.877  10.911 0.5000000000
78617  15.402  -6.099  11.150 0.1250000000
145170  17.604  -9.488  10.144 0.7500000000
74113  18.421  -10.380  9.141 1.0000000000
74978  18.662  -9.698  8.884 1.0000000000
140637  16.915  -6.873  9.720 1.0000000000
121166  19.971  -10.145  7.301 1.0000000000
74988  20.568  -10.061  7.619 1.0000000000
80573  15.922  -3.404  9.727 0.8750000000
78663  17.361  -5.297  8.959 1.0000000000
76806  20.459  -7.716  7.622 1.0000000000
78661  18.104  -5.941  8.517 1.0000000000
75909  20.894  -8.372  7.523 1.0000000000
74987  21.041  -9.330  7.693 1.0000000000
82523  15.964  -2.037  9.630 0.3750000000
133771  16.220  -1.932  9.297 0.5000000000
81517  16.336  -2.568  9.219 0.8750000000
131621  17.119  -3.779  8.764 1.0000000000
142345  18.150  -4.772  8.232 1.0000000000
76805  21.210  -7.673  7.246 1.0000000000
141980  20.116  -6.324  7.468 1.0000000000
77721  18.952  -6.115  8.171 1.0000000000
142831  19.563  -6.053  7.699 1.0000000000
76813  23.361  -6.949  6.226 1.0000000000
143865  17.374  -1.266  8.191 0.6250000000
127907  17.704  -3.114  8.078 1.0000000000
81548  18.759  -2.866  7.431 1.0000000000
79630  19.799  -5.036  7.426 1.0000000000
129666  18.547  -4.380  7.813 1.0000000000
80593  18.894  -3.789  7.522 1.0000000000
145244  22.225  -5.944  5.965 1.0000000000
124601  23.273  -5.820  5.945 0.8750000000
79660  23.041  -3.973  5.565 1.0000000000
79648  21.727  -4.622  6.107 1.0000000000
79649  20.293  -4.351  7.045 1.0000000000
80608  21.846  -3.836  6.129 1.0000000000
79645  23.903  -4.578  6.533 0.8750000000
144912  21.867  -2.457  5.718 1.0000000000
81561  20.595  -2.814  6.580 1.0000000000
80625  22.472  -3.334  5.665 1.0000000000
80609  20.856  -3.672  6.522 1.0000000000
81579  22.353  -2.603  5.556 1.0000000000
81577  23.542  -2.470  5.420 1.0000000000
80622  23.688  -3.139  5.719 1.0000000000
83524  19.760  -0.061  6.653 0.6250000000
83523  20.209  -0.762  6.473 0.7500000000
82586  21.031  -1.163  5.871 1.0000000000
144676  21.190  -0.544  5.591 1.0000000000
82585  22.726  -1.473  5.134 1.0000000000
83544  22.944  -0.508  4.222 1.0000000000
82600  22.843  -1.025  4.703 1.0000000000
83534  24.251  -0.781  4.893 1.0000000000
82599  23.133  -1.164  4.622 1.0000000000
82584  23.127  -1.539  5.014 1.0000000000
86239  22.224  1.611  5.012 0.7500000000
85359  22.507  1.016  4.190 1.0000000000
85360  21.694  0.993  4.970 0.7500000000
83535  21.341  -0.048  5.364 1.0000000000
84451  21.500  0.546  5.167 1.0000000000
87136  22.598  3.015  2.524 0.8750000000
85369  23.395  1.421  2.944 1.0000000000
84461  23.082  0.071  3.785 1.0000000000
84473  23.026  0.878  3.685 1.0000000000
85391  23.958  1.107  1.477 1.0000000000
86273  23.165  2.410  1.379 1.0000000000
91291  22.311  8.826  4.998 0.1250000000
91298  21.938  8.419  3.719 0.1250000000
141289  22.194  8.443  4.433 0.1250000000
125015  21.800  10.100  4.237 0.2500000000
92135  21.457  9.444  2.008 0.2500000000
126076  22.103  7.677  3.205 0.3750000000
93799  20.045  11.290  0.368 0.2500000000
74962  16.077  -8.652  10.876 0.2500000000
74929  15.712  -9.102  11.758 0.1250000000
74952  15.852  -9.179  11.595 0.1250000000
74094  16.630  -9.786  11.098 0.6250000000
74102  17.900  -10.157  10.059 0.7500000000
74112  19.293  -10.630  8.289 1.0000000000
139657  20.737  1.343  5.962 0.5000000000
84439  19.664  0.471  6.735 0.6250000000
84453  20.278  0.464  6.306 0.7500000000
84452  20.825  0.450  5.634 0.8750000000
84462  22.208  0.589  4.688 1.0000000000
87152  22.613  2.980  0.451 1.0000000000
86272  23.380  2.281  1.418 1.0000000000
90465  21.868  7.190  1.190 0.7500000000
123619  21.931  7.616  2.224 0.5000000000
92984  19.341  11.238  -1.883 0.2500000000
92983  20.136  10.619  -2.139 0.3750000000
70451  20.226  -15.036  9.108 0.7500000000
69487  22.366  -15.976  8.947 0.7500000000
70452  19.398  -14.676  9.449 0.7500000000
70453  18.638  -14.301  9.861 0.7500000000
69498  22.062  -15.276  8.477 0.7500000000
70467  19.868  -14.220  8.841 0.7500000000
71421  19.135  -13.780  9.257 0.7500000000
69504  22.168  -14.800  7.898 0.7500000000
70465  21.525  -14.788  8.129 0.7500000000
71438  20.329  -13.808  8.284 0.7500000000
72367  18.303  -11.655  9.415 0.7500000000
144076  20.145  -13.262  8.180 0.7500000000
71451  19.933  -12.655  7.931 0.8750000000
72366  18.692  -12.095  8.841 0.8750000000
70479  22.375  -14.529  7.725 0.7500000000
70480  21.849  -14.455  7.658 0.7500000000
71449  21.389  -13.761  7.526 0.7500000000
135620  19.712  -12.126  7.173 0.8750000000
73288  19.272  -11.128  7.511 0.8750000000
71456  22.201  -13.336  7.069 0.7500000000
71457  21.558  -13.234  7.131 0.7500000000
138939  20.850  -12.413  6.852 0.8750000000
121102  18.459  -10.835  6.081 0.8750000000
73285  22.161  -11.731  7.142 0.7500000000
141032  21.138  -11.570  6.757 0.8750000000
73297  20.419  -10.860  6.198 0.8750000000
74120  23.340  -10.517  8.065 0.8750000000
74121  22.237  -10.765  7.904 0.8750000000
129618  22.709  -9.859  7.783 0.8750000000
74986  22.127  -9.174  7.539 0.8750000000
75897  25.117  -8.871  8.440 0.3750000000
75898  24.588  -8.742  7.828 0.6250000000
74985  23.352  -8.992  7.409 0.7500000000
75888  25.457  -8.117  8.995 0.5000000000
129659  25.018  -8.121  8.121 0.5000000000
76792  24.570  -7.953  7.406 0.7500000000
76802  24.021  -7.682  6.776 0.7500000000
77678  25.665  -6.705  9.859 0.1250000000
77704  25.378  -6.826  8.309 0.3750000000
77705  24.511  -7.136  7.109 0.6250000000
133700  24.412  -6.317  6.909 0.6250000000
78627  26.373  -5.447  10.417 0.1250000000
77691  25.815  -5.843  9.761 0.1250000000
129573  25.552  -5.440  8.971 0.1250000000
79601  25.556  -4.397  8.995 0.1250000000
79614  25.310  -5.104  8.060 0.6250000000
79629  24.638  -4.692  7.291 0.6250000000
79600  26.276  -4.364  9.782 0.1250000000
80568  26.069  -3.692  9.653 0.1250000000
80582  25.253  -3.635  8.350 0.1250000000
129661  24.704  -3.736  7.571 0.5000000000
127037  24.492  -3.039  7.002 0.7500000000
79586  26.586  -4.650  10.417 0.1250000000
125291  24.915  -2.945  7.878 0.5000000000
81532  25.420  -2.262  8.090 0.5000000000
81546  24.984  -2.333  7.235 0.6250000000
132913  22.487  4.003  3.076 0.6250000000
88841  22.413  4.783  3.485 0.5000000000
88014  22.383  4.695  2.589 0.7500000000
82554  25.040  -1.669  6.699 0.6250000000
83521  24.806  -1.184  6.040 0.6250000000
83522  24.354  -1.377  5.257 0.8750000000
83506  25.321  -0.802  6.824 0.5000000000
134385  25.125  -0.528  6.286 0.6250000000
83533  24.724  -0.607  5.584 0.7500000000
85345  24.637  0.843  4.979 0.8750000000
86237  24.459  1.770  3.715 0.8750000000
86249  24.471  2.181  2.776 0.8750000000
84426  25.555  0.074  6.846 0.3750000000
84438  25.189  -0.009  6.110 0.5000000000
84449  24.876  0.272  5.474 0.6250000000
139350  25.914  0.845  7.068 0.2500000000
85335  25.502  0.852  6.353 0.5000000000
88850  22.393  5.449  2.935 0.6250000000
88855  22.311  5.226  2.075 0.7500000000
88860  22.359  4.466  1.820 0.7500000000
88040  22.258  3.640  1.145 0.8750000000
87135  24.364  2.355  1.730 0.7500000000
87117  24.674  2.905  2.275 0.8750000000
85357  24.838  1.651  4.794 0.7500000000
86217  25.777  1.907  6.256 0.5000000000
86248  24.783  2.593  3.768 0.7500000000
85334  26.143  1.532  6.899 0.2500000000
89648  22.290  6.083  2.299 0.6250000000
88861  22.090  4.699  1.189 0.8750000000
87167  22.519  3.397  -0.120 0.8750000000
87165  23.142  2.760  -0.159 0.8750000000
87149  23.651  2.876  1.264 0.8750000000
86236  25.125  2.530  4.537 0.5000000000
87089  26.227  3.297  5.728 0.2500000000
87090  25.704  3.372  5.056 0.5000000000
86226  25.545  2.429  5.488 0.5000000000
86216  26.457  2.401  6.744 0.2500000000
89649  22.382  6.225  3.331 0.5000000000
89657  21.991  6.293  1.487 0.6250000000
130814  21.817  5.555  0.938 0.7500000000
88059  22.022  3.977  0.069 0.7500000000
88879  21.881  4.571  -0.667 0.7500000000
87187  22.365  4.023  -0.453 0.7500000000
88073  23.011  3.745  -0.437 0.7500000000
138948  22.467  4.130  -0.531 0.7500000000
130506  21.773  4.894  -1.524 0.7500000000
88058  23.398  3.685  -0.202 0.7500000000
88039  23.794  4.011  0.823 0.7500000000
88871  23.916  4.814  0.045 0.7500000000
145409  24.632  3.921  3.157 0.5000000000
88849  24.680  5.474  2.697 0.3750000000
88022  24.329  4.715  1.829 0.6250000000
88006  25.730  4.397  4.779 0.2500000000
88012  25.071  4.206  3.927 0.3750000000
130628  24.843  4.885  3.417 0.3750000000
89664  21.710  6.386  0.608 0.6250000000
130033  21.608  5.400  -0.886 0.7500000000
88074  22.047  4.607  -1.300 0.7500000000
88884  22.826  5.258  -1.273 0.7500000000
131874  23.573  5.616  -0.388 0.6250000000
89656  24.612  6.168  2.176 0.3750000000
88859  24.189  5.450  1.284 0.3750000000
138749  25.746  6.583  3.608 0.1250000000
88848  25.280  5.883  3.567 0.2500000000
89670  21.484  6.226  -0.363 0.6250000000
88886  21.807  5.066  -2.230 0.6250000000
88885  22.159  5.011  -2.184 0.7500000000
89669  24.061  6.077  0.572 0.3750000000
88877  23.202  4.575  -0.577 0.7500000000
131068  24.856  7.429  1.609 0.2500000000
89663  24.516  6.586  1.490 0.3750000000
144081  26.619  6.921  3.126 0.1250000000
89647  25.938  7.040  3.213 0.1250000000
88839  26.418  5.402  4.690 0.1250000000
90472  21.395  7.112  0.180 0.6250000000
90479  20.745  6.845  -0.789 0.6250000000
89682  21.415  5.742  -2.609 0.3750000000
89676  21.382  5.804  -1.553 0.3750000000
89681  22.069  5.735  -2.793 0.3750000000
90477  23.837  7.384  -0.538 0.2500000000
89675  23.413  6.267  -1.000 0.3750000000
89680  22.769  5.781  -2.102 0.3750000000
91305  25.973  8.456  1.293 0.1250000000
90464  24.435  7.130  0.888 0.3750000000
89654  27.345  6.890  2.658 0.1250000000
89662  25.001  7.084  2.229 0.1250000000
91326  20.446  8.227  -1.593 0.3750000000
91319  20.765  7.723  -0.255 0.3750000000
90485  20.857  6.617  -1.873 0.3750000000
90490  21.202  6.491  -2.823 0.3750000000
90484  22.676  6.783  -2.446 0.3750000000
90489  22.021  6.604  -3.275 0.3750000000
89685  21.625  6.154  -3.075 0.3750000000
91325  23.256  7.982  -1.848 0.3750000000
90478  23.372  7.012  -1.549 0.3750000000
92147  26.132  9.004  -0.741 0.1250000000
91311  24.939  8.462  0.273 0.1250000000
91317  24.171  8.289  -0.208 0.2500000000
143014  26.679  8.402  1.092 0.1250000000
91332  21.085  7.663  -3.208 0.2500000000
91338  21.461  7.677  -4.203 0.2500000000
90495  21.379  6.831  -3.507 0.3750000000
143524  21.188  7.103  -2.885 0.3750000000
92165  22.847  8.243  -3.471 0.1250000000
92158  23.281  8.742  -2.210 0.1250000000
91330  22.664  7.632  -2.861 0.2500000000
124606  25.818  9.548  -2.253 0.1250000000
92150  23.565  8.990  -1.207 0.1250000000
92159  20.463  9.847  -2.520 0.3750000000
91333  20.565  8.637  -2.604 0.3750000000
91339  21.009  8.589  -3.836 0.2500000000
92166  22.242  7.900  -4.412 0.1250000000
92174  22.050  8.301  -5.129 0.1250000000
92173  22.912  8.889  -4.291 0.1250000000
92172  24.447  9.692  -3.709 0.1250000000
92195  21.841  9.843  -5.982 0.1250000000
129561  23.548  9.511  -4.775 0.1250000000
92183  22.488  9.225  -5.718 0.1250000000
92170  26.220  9.629  -4.017 0.1250000000
92162  26.472  9.453  -2.998 0.1250000000
73305  19.273  -11.155  5.791 0.8750000000
138448  23.662  -9.719  7.761 0.6250000000
144348  24.529  -0.326  5.131 0.8750000000
145591  22.122  5.609  1.640 0.6250000000
88041  22.132  3.775  0.401 0.8750000000
88872  21.829  4.618  0.285 0.7500000000
87166  22.939  2.848  -0.221 0.8750000000
87185  23.124  2.960  -0.297 0.7500000000
87102  25.232  3.377  4.274 0.5000000000
87116  24.730  3.203  3.390 0.7500000000
92148  25.263  9.171  -0.802 0.1250000000
91337  21.862  7.758  -4.401 0.2500000000
92171  25.426  9.750  -4.176 0.1250000000
125293  25.356  -5.993  8.177 0.5000000000
78673  24.900  -5.697  7.426 0.6250000000
82537  25.381  -1.773  7.564 0.3750000000
83492  25.541  -1.104  7.561 0.3750000000
84425  26.071  0.539  7.598 0.2500000000
92157  23.862  9.391  -1.712 0.1250000000
85322  26.413  1.257  7.495 0.1250000000
131534  21.074  -16.846  9.744 0.7500000000
144997  19.849  -16.298  9.845 0.7500000000
69489  18.856  -15.239  9.933 0.7500000000
130272  22.496  -16.596  9.545 0.7500000000
69488  21.570  -15.853  8.905 0.7500000000
125113  23.750  -15.549  9.296 0.7500000000
72351  18.017  -11.891  10.267 0.6250000000
71440  18.798  -12.930  9.008 0.7500000000
70463  23.369  -14.650  8.354 0.6250000000
71447  23.152  -13.854  7.844 0.7500000000
122946  23.269  -13.021  8.200 0.6250000000
72377  22.824  -12.202  7.964 0.6250000000
74110  24.134  -10.726  8.308 0.5000000000
74108  25.269  -10.224  8.578 0.3750000000
74119  24.330  -10.084  7.943 0.5000000000
75879  25.582  -8.496  9.970 0.1250000000
77677  26.078  -6.256  10.527 0.1250000000
78609  26.911  -5.132  11.184 0.1250000000
79585  27.138  -4.115  11.148 0.1250000000
80550  26.584  -3.863  10.367 0.1250000000
80567  26.407  -3.008  10.236 0.1250000000
81491  26.359  -2.068  9.913 0.1250000000
81514  25.878  -2.879  9.464 0.1250000000
82536  25.793  -1.475  8.403 0.1250000000
83505  25.781  -0.281  7.584 0.2500000000
135832  26.707  3.882  5.898 0.1250000000
88005  26.493  4.707  5.158 0.1250000000
89640  26.793  6.170  4.175 0.1250000000
90452  22.284  6.899  2.762 0.3750000000
89645  27.105  6.570  3.539 0.1250000000
90456  27.314  7.606  1.940 0.1250000000
91315  26.789  8.802  -0.241 0.1250000000
132519  27.789  8.155  -1.725 0.1250000000
139367  21.593  10.842  4.173 0.1250000000
92167  20.602  9.683  -3.487 0.2500000000
92176  20.933  9.662  -4.599 0.1250000000
92996  20.550  10.806  -4.588 0.1250000000
92193  22.718  9.987  -6.560 0.1250000000
92182  24.644  9.756  -5.183 0.1250000000
92169  26.976  9.244  -3.880 0.1250000000
92180  25.777  9.700  -5.139 0.1250000000
127739  22.711  -8.328  7.106 0.7500000000
82570  24.470  -1.890  5.753 0.7500000000
81559  24.492  -2.409  6.374 0.7500000000
87103  22.320  3.422  4.554 0.3750000000
74129  20.885  -10.655  6.758 0.8750000000
72378  19.485  -11.783  8.079 0.8750000000
74136  19.306  -10.401  5.915 0.8750000000
75907  23.546  -8.226  6.972 0.7500000000
87150  23.196  2.738  0.271 0.8750000000
86259  24.380  1.665  1.891 0.8750000000
91320  20.561  8.492  -0.758 0.3750000000
92151  20.495  9.410  -1.529 0.3750000000
92987  19.384  11.560  -3.106 0.1250000000
68609  19.655  -15.569  9.614 0.7500000000
68608  20.707  -16.027  9.406 0.7500000000
69499  21.094  -15.310  8.678 0.7500000000
68606  23.110  -16.102  9.238 0.7500000000
69486  23.049  -15.301  8.743 0.7500000000
71422  18.453  -13.347  9.768 0.7500000000
70466  20.703  -14.571  8.478 0.7500000000
71439  19.704  -13.274  8.645 0.7500000000
71450  20.522  -13.283  7.749 0.7500000000
72350  18.287  -12.461  9.487 0.7500000000
73262  18.071  -10.980  10.234 0.6250000000
72365  19.382  -12.476  8.588 0.7500000000
70486  22.024  -14.059  7.279 0.7500000000
71459  20.107  -12.425  7.022 0.8750000000
72387  19.412  -11.995  6.311 0.8750000000
72386  21.811  -12.503  6.910 0.7500000000
72385  22.351  -12.616  7.102 0.7500000000
73284  22.708  -11.294  8.072 0.7500000000
73286  21.620  -11.017  7.139 0.8750000000
73272  23.499  -11.346  8.343 0.6250000000
128788  25.561  -9.051  9.154 0.2500000000
74977  24.890  -9.679  8.090 0.5000000000
74984  24.218  -9.249  7.746 0.6250000000
75906  24.105  -8.463  7.302 0.7500000000
143919  25.316  -7.518  8.445 0.5000000000
76782  25.526  -7.184  9.061 0.2500000000
76770  25.606  -7.597  9.901 0.1250000000
77692  25.559  -6.322  9.024 0.2500000000
77718  24.998  -6.559  7.576 0.6250000000
78644  26.170  -5.036  9.639 0.1250000000
143532  25.160  -4.333  8.016 0.5000000000
80569  25.621  -3.507  9.039 0.1250000000
81515  25.496  -2.904  8.628 0.1250000000
85344  25.198  1.328  5.584 0.5000000000
136269  23.439  2.893  -0.053 0.7500000000
88013  24.516  4.250  2.499 0.6250000000
127323  24.347  3.506  1.708 0.7500000000
87997  26.291  4.046  5.394 0.1250000000
86225  26.160  2.690  6.144 0.2500000000
87079  26.782  3.298  6.415 0.1250000000
143188  21.692  5.541  -0.008 0.7500000000
88878  22.448  4.775  -1.044 0.7500000000
144147  24.435  5.484  2.035 0.3750000000
88840  25.477  5.239  4.196 0.3750000000
88890  21.792  5.504  -2.602 0.3750000000
89655  25.207  6.600  2.961 0.3750000000
88847  25.961  6.128  4.118 0.1250000000
89646  26.314  6.685  3.738 0.1250000000
89674  23.943  6.718  0.009 0.3750000000
90470  25.040  8.097  1.108 0.2500000000
90457  26.420  7.479  2.552 0.1250000000
90463  25.579  7.873  2.016 0.1250000000
90480  20.361  7.455  -1.153 0.3750000000
90471  24.351  7.725  0.323 0.2500000000
91309  26.348  8.738  0.602 0.1250000000
91310  25.620  8.670  0.703 0.1250000000
90491  20.690  7.419  -2.264 0.3750000000
91331  22.139  7.327  -3.880 0.3750000000
91316  25.729  8.898  -0.042 0.1250000000
92155  26.002  9.284  -1.414 0.1250000000
91324  26.798  8.936  -1.205 0.1250000000
132233  24.750  8.833  -0.351 0.1250000000
92149  24.176  9.308  -0.895 0.1250000000
90461  27.271  8.068  1.190 0.1250000000
91308  27.066  8.452  0.525 0.1250000000
92175  21.317  8.595  -4.724 0.2500000000
92164  23.613  9.241  -2.962 0.1250000000
126552  24.718  9.621  -2.503 0.1250000000
92156  24.973  9.460  -1.539 0.1250000000
92163  25.578  9.699  -3.221 0.1250000000
92185  21.425  9.179  -5.386 0.1250000000
92184  21.863  8.932  -5.788 0.1250000000
145383  23.595  9.425  -3.801 0.1250000000
139960  26.702  9.276  -2.062 0.1250000000
92995  21.200  10.331  -5.184 0.1250000000
136536  20.380  -16.779  10.038 0.7500000000
68607  21.695  -16.454  9.377 0.7500000000
68589  21.844  -17.077  10.109 0.7500000000
69470  19.175  -15.995  10.212 0.7500000000
68590  19.623  -16.601  10.548 0.7500000000
71423  17.834  -12.841  10.248 0.5000000000
73271  24.344  -11.370  8.508 0.5000000000
82516  26.213  -1.561  9.221 0.1250000000
81531  25.799  -2.170  8.984 0.1250000000
87996  26.923  4.455  5.606 0.1250000000
91323  27.621  8.464  -0.941 0.1250000000
92154  27.309  8.720  -1.849 0.1250000000
68591  18.816  -16.416  10.866 0.7500000000
70431  18.190  -14.872  10.418 0.5000000000
67696  22.406  -17.694  10.490 0.6250000000
67695  23.217  -17.505  10.518 0.6250000000
68586  24.295  -16.476  10.232 0.3750000000
145916  23.153  -16.615  9.692 0.6250000000
128905  25.180  -15.217  10.794 0.2500000000
69485  24.475  -15.818  9.753 0.3750000000
74109  24.744  -10.589  8.357 0.3750000000
69497  23.813  -14.789  9.007 0.5000000000
71436  24.166  -13.700  8.526 0.5000000000
72349  24.688  -12.966  8.769 0.3750000000
68567  24.694  -17.180  11.296 0.5000000000
67694  23.999  -17.175  10.789 0.6250000000
137395  23.735  -12.178  8.467 0.5000000000
66790  22.516  -18.745  11.292 0.6250000000
70432  17.527  -14.674  10.773 0.3750000000
68570  18.136  -16.086  11.269 0.3750000000
67697  21.611  -17.735  10.724 0.6250000000
67698  20.966  -17.322  10.350 0.6250000000
68569  19.230  -17.122  11.098 0.6250000000
127066  24.888  -17.893  11.751 0.3750000000
138586  24.223  -17.731  11.253 0.5000000000
66806  22.884  -18.205  10.798 0.6250000000
70433  16.891  -14.066  10.873 0.2500000000
67674  25.888  -16.845  12.019 0.3750000000
135314  25.572  -15.001  11.201 0.2500000000
69451  25.505  -15.672  11.218 0.2500000000
74093  17.345  -10.336  10.695 0.3750000000
127232  25.274  -14.317  9.838 0.2500000000
71420  24.682  -13.671  8.920 0.3750000000
72348  25.205  -12.953  9.130 0.2500000000
73270  24.890  -11.450  8.611 0.2500000000
141870  25.056  -10.859  8.756 0.2500000000
83467  16.080  0.320  11.021 0.1250000000
84430  18.575  -0.351  7.715 0.2500000000
128618  25.560  -9.839  9.255 0.2500000000
85347  20.556  0.945  6.053 0.3750000000
90453  22.035  6.999  3.815 0.2500000000
139065  17.085  0.410  9.557 0.1250000000
83468  15.373  0.099  11.348 0.2500000000
70462  24.074  -14.254  8.599 0.5000000000
69471  18.491  -15.664  10.619 0.5000000000
68588  22.755  -16.996  10.199 0.6250000000
68605  23.775  -16.307  9.632 0.5000000000
136063  24.345  -15.085  9.432 0.5000000000
74101  25.427  -10.636  9.317 0.2500000000
71403  17.846  -13.902  10.367 0.3750000000
73255  17.592  -11.207  10.924 0.2500000000
68568  20.241  -17.083  10.960 0.6250000000
71404  17.262  -13.282  10.664 0.3750000000
72364  24.613  -12.171  8.583 0.2500000000
67675  23.615  -17.998  10.927 0.6250000000
68585  24.900  -15.930  10.567 0.2500000000
68566  25.296  -16.502  11.365 0.2500000000
69450  26.261  -15.228  11.571 0.2500000000
70449  25.060  -15.128  9.897 0.3750000000
67658  25.681  -17.591  12.245 0.3750000000
69452  17.771  -15.413  10.941 0.3750000000
67676  20.807  -17.719  11.117 0.6250000000
66788  24.034  -18.308  11.506 0.3750000000
71402  25.589  -13.721  10.213 0.2500000000
125295  25.590  -12.174  9.459 0.2500000000
84378  15.887  0.673  11.896 0.1250000000
65895  20.308  -19.013  11.918 0.5000000000
130562  24.527  -18.603  12.193 0.2500000000
65870  23.442  -19.667  12.268 0.3750000000
65892  22.915  -19.281  11.657 0.5000000000
66792  20.547  -18.428  11.517 0.5000000000
126264  19.917  -19.535  12.324 0.3750000000
66794  19.318  -18.071  12.143 0.5000000000
67677  19.843  -17.786  11.485 0.5000000000
144218  19.949  -18.429  11.867 0.5000000000
64906  18.231  -20.565  13.357 0.1250000000
65873  19.130  -19.342  12.591 0.3750000000
121703  18.555  -16.718  11.659 0.2500000000
132938  19.166  -22.036  13.642 0.1250000000
64905  19.073  -20.664  13.127 0.2500000000
64928  20.248  -20.257  12.464 0.3750000000
65869  24.318  -19.387  12.536 0.2500000000
127696  21.752  -20.403  12.088 0.3750000000
65871  21.267  -19.857  11.807 0.5000000000
63919  17.843  -21.233  13.780 0.1250000000
64929  19.512  -20.076  12.760 0.3750000000
64927  20.929  -20.401  12.183 0.3750000000
65855  17.508  -18.874  13.312 0.1250000000
67660  17.771  -17.530  12.800 0.1250000000
83491  26.057  -0.630  8.317 0.1250000000
66789  23.274  -18.606  11.268 0.3750000000
66791  21.368  -18.295  11.252 0.5000000000
122747  21.832  -18.753  11.358 0.5000000000
68571  17.869  -16.295  12.132 0.2500000000
130236  17.640  -15.699  11.620 0.2500000000
65868  25.130  -19.086  12.766 0.2500000000
65872  20.635  -19.709  12.013 0.5000000000
65894  21.115  -19.126  11.554 0.5000000000
66793  19.578  -18.826  12.221 0.5000000000
65891  23.700  -18.925  11.972 0.3750000000
65893  22.004  -19.502  11.598 0.3750000000
130352  22.636  -20.040  12.019 0.3750000000
66773  18.787  -18.585  12.508 0.2500000000
67659  18.483  -17.815  12.427 0.1250000000
67678  19.039  -17.342  12.018 0.1250000000
64930  18.697  -19.912  13.010 0.2500000000
65854  17.818  -19.750  13.322 0.1250000000
65874  18.321  -19.121  12.925 0.1250000000
67679  18.189  -17.082  12.278 0.1250000000
127218  18.335  -21.853  13.813 0.1250000000
63918  18.671  -21.302  13.441 0.1250000000
63937  19.842  -20.801  12.973 0.3750000000
64925  23.238  -20.365  12.668 0.2500000000
66774  18.046  -18.294  12.918 0.1250000000
63916  20.853  -21.673  12.907 0.2500000000
63914  22.356  -21.431  12.993 0.2500000000
72340  17.516  -12.227  11.114 0.2500000000
64924  24.053  -20.110  12.845 0.2500000000
63917  20.050  -21.644  13.213 0.1250000000
143774  19.375  -21.302  13.266 0.1250000000
63935  21.235  -21.054  12.479 0.2500000000
63936  20.528  -20.985  12.662 0.2500000000
72330  16.740  -12.126  11.497 0.1250000000
140312  22.448  4.129  3.974 0.1250000000
144310  22.364  4.753  4.223 0.1250000000
88007  21.958  5.008  4.884 0.1250000000
89641  22.108  6.347  4.399 0.1250000000
135327  22.052  5.208  5.752 0.1250000000
88842  21.918  5.721  5.036 0.1250000000
90450  22.269  7.155  4.860 0.1250000000
87091  22.177  3.804  5.323 0.1250000000
89637  22.203  6.508  5.425 0.1250000000
89634  22.080  6.468  6.194 0.1250000000
86227  22.139  3.076  5.226 0.1250000000
84429  19.306  -0.059  7.253 0.1250000000
69453  17.148  -15.033  11.426 0.1250000000
71394  15.879  -13.155  11.688 0.1250000000
85328  20.018  0.768  6.443 0.1250000000
87999  22.033  4.521  5.484 0.1250000000
133794  22.109  4.943  6.308 0.1250000000
90443  21.728  7.241  6.640 0.1250000000
90447  22.340  7.259  5.764 0.1250000000
86228  21.954  2.289  5.546 0.1250000000
74095  16.274  -9.138  11.324 0.1250000000
74084  16.097  -9.841  11.478 0.1250000000
88851  22.336  5.491  4.008 0.1250000000
71405  16.602  -13.161  11.048 0.1250000000
138365  16.387  -13.817  11.489 0.1250000000
85337  20.041  0.926  6.390 0.1250000000
74083  16.431  -10.348  11.355 0.1250000000
72329  17.199  -11.436  11.454 0.1250000000
72320  15.603  -11.801  11.960 0.1250000000
123487  15.728  -12.075  11.644 0.1250000000
87998  22.268  4.281  4.759 0.1250000000
134575  22.074  5.932  5.886 0.1250000000
88829  21.939  5.672  6.393 0.1250000000
66771  26.162  -18.001  12.793 0.1250000000
67656  26.983  -16.857  12.981 0.1250000000
68551  26.503  -16.459  12.406 0.1250000000
69439  26.623  -15.658  12.229 0.1250000000
70418  26.019  -14.477  11.327 0.1250000000
70430  25.456  -14.517  10.631 0.1250000000
71393  25.885  -13.787  10.997 0.1250000000
125068  25.560  -12.945  9.874 0.1250000000
72318  26.829  -12.463  12.019 0.1250000000
72338  26.324  -12.307  11.177 0.1250000000
138731  26.636  -10.890  11.283 0.1250000000
73261  25.332  -11.429  9.113 0.1250000000
74091  26.240  -10.583  10.742 0.1250000000
74092  25.767  -10.224  10.052 0.1250000000
135229  23.741  -20.641  13.215 0.1250000000
64926  22.467  -20.715  12.550 0.1250000000
65853  24.831  -19.819  13.112 0.1250000000
66760  25.824  -18.684  13.140 0.1250000000
67646  27.399  -17.242  13.565 0.1250000000
67647  26.749  -17.586  13.242 0.1250000000
69438  27.121  -16.028  12.833 0.1250000000
134438  27.153  -15.198  12.674 0.1250000000
70408  26.992  -14.419  12.484 0.1250000000
133082  26.735  -13.572  12.180 0.1250000000
145039  27.238  -12.951  12.583 0.1250000000
73244  27.177  -10.842  11.751 0.1250000000
74958  26.223  -9.708  10.679 0.1250000000
74951  26.654  -9.223  11.154 0.1250000000
74082  26.822  -10.063  11.358 0.1250000000
74959  25.647  -9.346  10.040 0.1250000000
66772  25.406  -18.330  12.462 0.1250000000
67657  26.375  -17.260  12.580 0.1250000000
73254  25.877  -11.253  9.950 0.1250000000
135211  26.739  -15.000  12.126 0.1250000000
72339  25.996  -12.195  10.303 0.1250000000
65852  25.510  -19.407  13.456 0.1250000000
64904  23.106  -21.010  13.145 0.1250000000
66759  26.510  -18.326  13.511 0.1250000000
70417  26.545  -14.463  11.861 0.1250000000
72328  25.977  -13.026  10.656 0.1250000000
142437  26.748  -11.576  11.558 0.1250000000
72327  26.347  -13.182  11.447 0.1250000000
73235  27.327  -11.550  12.167 0.1250000000
73253  26.248  -11.458  10.878 0.1250000000
74081  27.546  -10.113  12.019 0.1250000000
140904  24.418  -21.005  14.014 0.1250000000
64902  25.220  -20.112  13.803 0.1250000000
68543  27.584  -16.447  13.435 0.1250000000
127958  27.262  -9.152  11.764 0.1250000000
63915  21.595  -21.648  12.873 0.1250000000
63934  21.859  -21.060  12.552 0.2500000000
64903  24.472  -20.538  13.548 0.1250000000
66807  22.133  -18.225  10.996 0.6250000000
68565  26.105  -16.090  11.705 0.2500000000
68587  23.533  -16.839  10.229 0.6250000000
70450  24.640  -14.385  9.316 0.2500000000
70464  22.684  -14.846  8.091 0.7500000000
70477  23.604  -14.178  8.169 0.5000000000
70478  22.970  -14.452  7.890 0.7500000000
70481  21.075  -14.174  7.896 0.7500000000
71392  26.318  -13.910  11.576 0.1250000000
71419  25.196  -13.669  9.501 0.2500000000
71437  24.024  -12.961  8.532 0.3750000000
71448  22.571  -14.017  7.501 0.7500000000
71455  22.723  -13.211  7.552 0.7500000000
71458  20.740  -12.871  7.243 0.8750000000
72363  25.175  -12.222  8.781 0.2500000000
72388  18.842  -11.654  6.136 0.8750000000
72394  19.667  -11.867  5.949 0.8750000000
72395  19.100  -11.795  5.905 0.8750000000
72396  18.990  -11.973  6.066 0.8750000000
72397  18.576  -11.561  5.979 0.8750000000
72400  18.760  -11.779  5.973 0.8750000000
72401  18.703  -12.035  6.296 0.8750000000
73256  17.041  -10.635  11.370 0.2500000000
73287  19.226  -11.632  6.871 0.8750000000
73298  18.642  -11.041  6.417 0.8750000000
73304  19.950  -10.999  5.858 0.8750000000
73310  18.878  -11.345  5.741 0.8750000000
74124  18.960  -10.816  6.793 0.8750000000
74130  20.380  -10.057  5.993 0.8750000000
74135  19.990  -10.168  5.873 0.8750000000
74137  18.634  -10.789  5.848 0.8750000000
74945  15.713  -9.286  11.818 0.1250000000
74976  25.360  -9.561  8.629 0.2500000000
74999  19.814  -9.839  6.014 1.0000000000
75863  15.733  -8.648  11.314 0.1250000000
75900  18.713  -8.152  8.686 1.0000000000
76815  21.640  -7.114  6.811 1.0000000000
77671  15.464  -6.761  10.949 0.2500000000
77695  16.714  -6.551  9.774 1.0000000000
77708  17.708  -6.387  8.918 1.0000000000
77729  23.502  -6.446  6.114 0.8750000000
78601  13.845  -4.548  12.575 0.1250000000
78686  23.575  -5.242  6.286 0.8750000000
79615  17.828  -5.324  8.536 1.0000000000
79616  17.570  -4.521  8.564 1.0000000000
81474  13.088  -2.638  12.835 0.1250000000
81533  16.812  -2.661  8.731 0.8750000000
81550  17.557  -2.064  8.026 0.7500000000
82503  15.059  -0.950  10.993 0.3750000000
83433  16.004  0.289  12.460 0.1250000000
84369  15.696  0.521  12.406 0.1250000000
84379  15.350  0.605  12.237 0.1250000000
84392  15.585  0.602  11.763 0.1250000000
86271  24.101  1.511  1.595 0.8750000000
86287  23.132  2.718  0.261 0.8750000000
87186  22.796  3.365  -0.334 0.7500000000
90458  25.605  7.268  2.634 0.1250000000
90462  26.577  8.101  1.761 0.1250000000
91314  27.445  8.340  -0.108 0.1250000000
91318  23.655  8.261  -0.921 0.2500000000
91343  21.718  8.389  -4.966 0.1250000000
121101  18.388  -11.225  6.039 0.8750000000
121176  18.241  -10.955  5.780 0.8750000000
121195  18.646  -11.454  5.775 0.8750000000
121392  19.110  -10.401  6.258 0.8750000000
130521  21.633  7.036  -3.696 0.2500000000
131515  21.649  9.037  2.652 0.2500000000
136895  20.006  -12.233  6.535 0.8750000000
136905  20.220  -11.768  6.238 0.8750000000
138455  17.428  -0.752  8.293 0.5000000000
139449  25.029  -7.365  7.782 0.7500000000
139650  25.324  -17.219  11.717 0.3750000000
139777  14.089  -1.595  11.732 0.2500000000
142156  23.643  -13.604  8.284 0.6250000000
142231  17.397  -6.683  9.370 1.0000000000
143900  24.578  -16.611  10.926 0.3750000000
144308  18.514  -10.924  5.709 0.8750000000
144668  18.559  -4.910  8.012 1.0000000000
145058  23.904  8.914  -0.610 0.1250000000
