#!ascii label  , from subject sub-v1s8x0051343_ses-1 vox2ras=TkReg
437
19701  49.259  -68.455  39.542 0.0000000000
21789  43.051  -66.984  31.326 0.0000000000
14118  42.946  -74.327  39.401 0.0000000000
21693  40.585  -66.680  38.638 0.0000000000
130935  41.965  -70.632  35.435 0.0000000000
15032  39.578  -73.444  36.795 0.0000000000
133919  39.911  -72.375  33.122 0.0000000000
133600  39.524  -65.600  35.489 0.0000000000
25508  41.157  -62.123  37.001 0.0000000000
132184  45.118  -71.045  40.651 0.0000000000
17805  40.911  -70.450  39.579 0.0000000000
18768  38.623  -69.393  36.383 0.0000000000
20740  43.790  -67.400  34.161 0.0000000000
17837  47.938  -70.565  34.263 0.0000000000
19696  54.491  -69.283  39.835 0.0000000000
16832  49.597  -70.912  42.116 0.0000000000
14098  45.970  -74.679  40.324 0.0000000000
24572  45.304  -63.757  37.407 0.0000000000
140976  40.519  -74.526  34.200 0.0000000000
22691  42.595  -65.412  33.219 0.0000000000
23705  40.912  -63.943  33.881 0.0000000000
15928  43.484  -72.171  40.219 0.0000000000
143189  41.554  -72.710  39.515 0.0000000000
122027  39.404  -71.637  35.455 0.0000000000
16872  38.508  -71.044  37.190 0.0000000000
138896  40.469  -69.883  35.516 0.0000000000
123160  40.647  -68.616  35.329 0.0000000000
18780  42.747  -69.744  35.526 0.0000000000
18804  47.582  -69.337  33.349 0.0000000000
15908  48.693  -72.633  42.493 0.0000000000
136653  47.145  -72.899  41.400 0.0000000000
14086  47.671  -74.535  41.123 0.0000000000
21676  42.586  -66.989  39.189 0.0000000000
22625  42.859  -65.580  38.423 0.0000000000
27416  41.648  -60.219  35.673 0.0000000000
26426  43.596  -61.364  36.635 0.0000000000
13312  42.433  -75.513  36.900 0.0000000000
14130  40.722  -73.979  37.944 0.0000000000
14151  41.230  -74.963  35.659 0.0000000000
15048  39.627  -73.221  35.222 0.0000000000
16900  40.974  -71.178  34.206 0.0000000000
141139  39.349  -66.034  37.600 0.0000000000
128252  40.740  -64.093  37.647 0.0000000000
24597  39.611  -63.526  36.141 0.0000000000
25521  40.128  -61.903  35.372 0.0000000000
125559  43.690  -67.934  30.088 0.0000000000
139884  46.693  -69.478  40.642 0.0000000000
135036  42.346  -69.348  39.675 0.0000000000
19709  40.230  -69.005  39.481 0.0000000000
15944  39.793  -72.713  38.409 0.0000000000
17810  38.782  -70.327  38.622 0.0000000000
20700  39.038  -67.766  38.347 0.0000000000
20730  38.981  -67.369  35.858 0.0000000000
20742  41.564  -67.028  34.536 0.0000000000
21747  44.274  -66.696  33.022 0.0000000000
17825  44.894  -70.834  35.374 0.0000000000
123545  46.190  -69.122  34.179 0.0000000000
19783  46.031  -67.963  32.621 0.0000000000
20791  45.309  -67.922  31.345 0.0000000000
19718  53.915  -68.853  38.660 0.0000000000
19699  51.921  -68.912  39.422 0.0000000000
17780  52.268  -70.071  40.624 0.0000000000
130944  49.519  -69.415  40.446 0.0000000000
16835  46.845  -71.084  41.418 0.0000000000
15925  45.707  -72.381  40.905 0.0000000000
143584  44.401  -74.650  39.880 0.0000000000
12438  45.252  -76.555  38.386 0.0000000000
125627  43.408  -75.844  37.793 0.0000000000
25489  43.601  -62.872  37.425 0.0000000000
143069  50.394  -68.121  39.112 0.0000000000
136565  50.785  -67.661  38.639 0.0000000000
19722  49.550  -68.015  39.150 0.0000000000
22701  42.692  -65.652  32.592 0.0000000000
22702  42.142  -65.128  32.777 0.0000000000
14100  43.438  -73.786  40.016 0.0000000000
136753  42.216  -72.815  39.765 0.0000000000
14119  42.098  -74.039  39.081 0.0000000000
17842  40.617  -70.964  35.055 0.0000000000
17829  40.154  -70.474  35.372 0.0000000000
17828  41.114  -70.360  35.412 0.0000000000
18781  41.132  -69.441  35.457 0.0000000000
126920  41.974  -70.064  35.613 0.0000000000
18818  49.386  -69.920  32.482 0.0000000000
14985  47.740  -73.857  41.570 0.0000000000
20698  41.129  -67.318  39.074 0.0000000000
21691  42.726  -66.243  38.750 0.0000000000
22626  41.998  -65.646  38.471 0.0000000000
28372  42.631  -59.725  34.880 0.0000000000
13319  41.894  -75.362  36.112 0.0000000000
13329  41.679  -75.398  35.192 0.0000000000
14162  40.036  -74.066  33.991 0.0000000000
14161  40.261  -74.268  34.727 0.0000000000
130057  39.691  -72.885  33.790 0.0000000000
16916  39.903  -72.032  33.944 0.0000000000
138673  40.509  -71.580  33.330 0.0000000000
22649  38.974  -65.861  36.100 0.0000000000
22648  39.256  -65.303  36.745 0.0000000000
22664  39.151  -64.913  35.927 0.0000000000
125539  39.953  -62.656  34.998 0.0000000000
25553  39.834  -62.796  34.414 0.0000000000
26462  39.916  -61.368  34.648 0.0000000000
17786  45.445  -70.406  40.679 0.0000000000
18722  45.878  -69.547  40.452 0.0000000000
17787  44.731  -70.457  40.396 0.0000000000
131894  41.590  -68.883  39.572 0.0000000000
18752  40.535  -69.726  39.574 0.0000000000
14144  40.189  -73.857  37.265 0.0000000000
15023  40.435  -73.210  38.557 0.0000000000
15031  39.823  -73.273  37.764 0.0000000000
127123  38.498  -70.202  36.780 0.0000000000
16866  38.660  -71.099  38.091 0.0000000000
18762  38.576  -69.488  38.246 0.0000000000
19725  38.876  -68.600  38.583 0.0000000000
19726  38.516  -68.799  37.780 0.0000000000
20711  38.635  -67.685  37.169 0.0000000000
145362  38.757  -68.047  36.054 0.0000000000
19756  42.037  -68.075  34.866 0.0000000000
20728  41.021  -67.886  35.015 0.0000000000
20741  42.461  -67.194  34.396 0.0000000000
131597  43.271  -66.758  34.021 0.0000000000
20751  44.091  -66.923  33.687 0.0000000000
15090  49.115  -73.670  33.300 0.0000000000
16894  48.532  -71.222  34.272 0.0000000000
141683  48.231  -72.305  34.436 0.0000000000
16896  46.696  -71.785  35.189 0.0000000000
17838  46.368  -71.049  35.174 0.0000000000
17824  45.700  -70.266  34.929 0.0000000000
18792  46.663  -70.070  34.561 0.0000000000
18820  47.939  -69.228  32.659 0.0000000000
19782  46.604  -68.402  32.779 0.0000000000
145644  46.446  -68.266  32.305 0.0000000000
20782  45.408  -67.646  32.202 0.0000000000
121575  46.120  -68.300  31.233 0.0000000000
19695  54.653  -68.717  39.270 0.0000000000
133552  54.178  -69.191  39.146 0.0000000000
19698  52.863  -69.188  39.269 0.0000000000
18743  53.333  -69.671  39.701 0.0000000000
130149  50.573  -70.912  42.154 0.0000000000
17767  52.223  -70.483  41.390 0.0000000000
17782  50.462  -70.381  41.475 0.0000000000
18719  50.476  -69.782  40.719 0.0000000000
17783  49.550  -70.086  41.204 0.0000000000
17784  48.007  -69.887  41.091 0.0000000000
17769  48.532  -70.529  41.599 0.0000000000
14087  46.314  -73.629  40.848 0.0000000000
144902  45.964  -73.056  40.889 0.0000000000
14993  45.590  -73.298  40.670 0.0000000000
14994  44.878  -73.421  40.469 0.0000000000
14116  45.068  -74.786  40.035 0.0000000000
11532  45.212  -77.560  36.058 0.0000000000
12446  44.791  -76.848  37.616 0.0000000000
12439  44.197  -76.150  38.230 0.0000000000
24576  41.184  -63.390  37.553 0.0000000000
24575  42.125  -63.374  37.654 0.0000000000
25490  42.571  -62.691  37.459 0.0000000000
125934  44.496  -61.623  36.477 0.0000000000
21740  41.219  -65.387  34.372 0.0000000000
22680  40.776  -64.293  34.383 0.0000000000
15927  44.358  -72.027  40.427 0.0000000000
16845  43.805  -71.381  40.200 0.0000000000
16859  41.215  -71.339  39.558 0.0000000000
15961  39.121  -72.177  35.988 0.0000000000
15952  38.894  -72.367  37.231 0.0000000000
16884  38.956  -71.482  35.986 0.0000000000
17831  38.824  -70.101  36.010 0.0000000000
18784  38.969  -69.412  35.848 0.0000000000
18783  39.450  -68.988  35.633 0.0000000000
18782  40.220  -69.236  35.484 0.0000000000
122516  42.022  -69.164  35.363 0.0000000000
19743  42.842  -68.747  35.021 0.0000000000
17856  48.040  -69.875  33.747 0.0000000000
17870  49.074  -70.031  33.154 0.0000000000
18819  48.661  -69.564  32.646 0.0000000000
16833  48.598  -71.505  42.255 0.0000000000
16834  47.747  -71.283  41.825 0.0000000000
15916  47.834  -72.866  41.958 0.0000000000
14986  46.988  -73.777  41.190 0.0000000000
127128  46.934  -74.623  40.688 0.0000000000
22624  44.145  -65.367  38.318 0.0000000000
22638  44.031  -64.706  38.062 0.0000000000
27399  41.573  -60.806  36.215 0.0000000000
26427  42.459  -61.165  36.663 0.0000000000
27398  42.288  -60.480  36.126 0.0000000000
27414  43.418  -59.959  35.329 0.0000000000
14135  42.243  -75.016  37.697 0.0000000000
14129  41.693  -74.368  38.284 0.0000000000
14136  41.359  -74.611  37.441 0.0000000000
140255  40.697  -74.307  37.171 0.0000000000
140342  40.287  -74.110  36.557 0.0000000000
14152  40.502  -74.396  35.631 0.0000000000
133635  39.831  -73.727  35.900 0.0000000000
15971  39.465  -72.399  35.297 0.0000000000
16901  40.281  -71.458  34.396 0.0000000000
22628  39.958  -65.955  38.205 0.0000000000
22627  40.983  -65.866  38.325 0.0000000000
22641  39.695  -65.249  37.642 0.0000000000
126254  40.000  -64.059  37.392 0.0000000000
24596  40.029  -62.940  36.569 0.0000000000
24612  39.876  -63.486  35.227 0.0000000000
25522  39.858  -62.707  35.786 0.0000000000
130664  40.240  -62.176  36.107 0.0000000000
125824  40.278  -61.137  35.314 0.0000000000
132949  40.507  -60.149  34.320 0.0000000000
20793  43.380  -67.557  30.800 0.0000000000
18748  48.083  -68.830  40.064 0.0000000000
137168  47.752  -68.379  39.654 0.0000000000
18749  47.026  -68.759  40.065 0.0000000000
127527  41.577  -68.004  39.445 0.0000000000
140169  40.208  -67.477  38.991 0.0000000000
16860  40.369  -71.637  39.362 0.0000000000
145265  38.978  -71.761  38.257 0.0000000000
16865  39.188  -71.210  38.813 0.0000000000
17806  40.058  -70.363  39.511 0.0000000000
18753  39.702  -69.622  39.431 0.0000000000
19710  39.476  -68.796  39.233 0.0000000000
20699  39.525  -66.961  38.310 0.0000000000
20710  38.909  -67.357  37.718 0.0000000000
21711  38.843  -66.758  36.263 0.0000000000
21728  39.195  -66.535  35.729 0.0000000000
19745  40.133  -67.902  35.288 0.0000000000
143375  40.449  -66.991  34.955 0.0000000000
20743  41.046  -66.316  34.577 0.0000000000
21739  41.731  -66.112  34.301 0.0000000000
22690  43.207  -65.836  33.010 0.0000000000
21756  43.708  -66.336  32.737 0.0000000000
140475  41.904  -71.200  34.486 0.0000000000
145276  48.288  -73.031  34.185 0.0000000000
16883  44.030  -71.444  35.288 0.0000000000
17826  43.651  -70.889  35.479 0.0000000000
124255  44.234  -70.458  35.357 0.0000000000
18794  44.340  -69.382  34.814 0.0000000000
19755  44.731  -68.392  34.275 0.0000000000
19765  46.803  -68.829  33.340 0.0000000000
19766  46.033  -68.225  33.420 0.0000000000
19767  45.162  -67.900  33.703 0.0000000000
20750  44.722  -67.287  33.363 0.0000000000
21755  44.212  -66.788  32.288 0.0000000000
20784  43.924  -67.106  31.556 0.0000000000
144841  44.912  -68.153  30.738 0.0000000000
20705  54.564  -67.782  37.828 0.0000000000
20686  54.815  -68.037  38.493 0.0000000000
20688  53.635  -68.299  38.217 0.0000000000
19719  53.230  -68.781  38.741 0.0000000000
19720  52.336  -68.558  38.903 0.0000000000
19700  50.923  -68.696  39.461 0.0000000000
146464  52.947  -70.925  41.885 0.0000000000
17779  53.044  -70.037  40.222 0.0000000000
18717  52.173  -69.685  40.150 0.0000000000
18746  50.522  -69.314  40.155 0.0000000000
18747  48.941  -68.882  39.978 0.0000000000
18720  48.487  -69.361  40.485 0.0000000000
136790  47.104  -70.023  41.179 0.0000000000
134343  45.761  -71.365  40.999 0.0000000000
135602  46.504  -72.109  41.275 0.0000000000
146191  45.524  -71.844  40.882 0.0000000000
16843  45.139  -71.781  40.693 0.0000000000
15926  44.974  -72.637  40.583 0.0000000000
14117  43.801  -74.539  39.689 0.0000000000
13301  44.774  -75.915  38.965 0.0000000000
128493  44.053  -75.587  38.801 0.0000000000
13303  42.983  -75.326  38.182 0.0000000000
23629  42.457  -64.842  38.160 0.0000000000
23643  42.703  -64.021  37.853 0.0000000000
24573  44.474  -63.416  37.451 0.0000000000
25506  43.056  -61.974  37.177 0.0000000000
146652  44.405  -62.749  37.195 0.0000000000
11519  45.503  -77.378  36.914 0.0000000000
12447  43.883  -76.418  37.333 0.0000000000
13289  44.378  -75.180  39.434 0.0000000000
13290  43.428  -75.107  38.984 0.0000000000
13302  43.591  -75.602  38.397 0.0000000000
13336  40.973  -74.963  33.902 0.0000000000
14099  44.404  -74.083  40.229 0.0000000000
14128  42.554  -74.716  38.622 0.0000000000
14143  41.096  -74.718  36.511 0.0000000000
14995  44.072  -73.024  40.368 0.0000000000
14996  43.036  -72.938  40.112 0.0000000000
15010  42.562  -73.557  39.670 0.0000000000
15011  41.765  -73.317  39.370 0.0000000000
15040  39.370  -72.987  35.970 0.0000000000
15047  39.963  -73.878  35.194 0.0000000000
15057  39.789  -73.539  34.465 0.0000000000
15073  48.687  -73.357  33.816 0.0000000000
15917  47.316  -72.048  41.651 0.0000000000
15918  46.419  -72.977  41.100 0.0000000000
15937  41.004  -72.228  39.440 0.0000000000
15939  39.757  -71.700  39.092 0.0000000000
15945  39.481  -72.062  38.627 0.0000000000
15953  38.747  -71.807  36.685 0.0000000000
15980  47.232  -72.259  34.660 0.0000000000
15983  39.647  -72.625  34.555 0.0000000000
16826  49.469  -71.915  42.757 0.0000000000
16844  44.539  -71.212  40.413 0.0000000000
16861  39.799  -71.052  39.322 0.0000000000
16868  38.712  -71.802  37.579 0.0000000000
16882  44.744  -71.522  35.376 0.0000000000
16885  38.681  -70.925  36.323 0.0000000000
16895  47.621  -71.550  34.652 0.0000000000
16902  39.741  -71.819  34.750 0.0000000000
17754  53.700  -71.010  42.069 0.0000000000
17768  51.324  -70.651  41.798 0.0000000000
17770  47.604  -70.549  41.488 0.0000000000
17781  51.373  -70.123  40.987 0.0000000000
17785  46.239  -70.283  40.988 0.0000000000
17788  43.975  -70.587  40.129 0.0000000000
17809  39.336  -70.346  39.220 0.0000000000
17812  38.464  -70.277  37.728 0.0000000000
17827  42.775  -70.607  35.546 0.0000000000
17830  39.290  -70.807  35.658 0.0000000000
17843  39.885  -71.164  35.106 0.0000000000
17869  49.828  -70.494  32.995 0.0000000000
18715  54.348  -69.834  40.336 0.0000000000
18716  53.802  -70.105  40.125 0.0000000000
18718  51.389  -69.684  40.364 0.0000000000
18721  47.570  -69.369  40.585 0.0000000000
18723  45.035  -69.722  40.340 0.0000000000
18742  53.981  -69.684  39.649 0.0000000000
18744  52.502  -69.480  39.771 0.0000000000
18745  51.428  -69.268  39.857 0.0000000000
18761  39.008  -69.517  39.025 0.0000000000
18765  38.431  -69.435  37.274 0.0000000000
18778  44.887  -70.065  35.086 0.0000000000
18779  43.506  -70.126  35.491 0.0000000000
18791  47.465  -69.928  34.182 0.0000000000
18793  45.270  -69.341  34.598 0.0000000000
18795  43.433  -69.305  35.119 0.0000000000
18803  48.368  -69.620  33.204 0.0000000000
18805  45.443  -68.554  34.122 0.0000000000
19678  46.082  -68.818  40.038 0.0000000000
19697  53.608  -69.308  39.176 0.0000000000
19702  48.487  -68.403  39.586 0.0000000000
19708  40.867  -68.531  39.437 0.0000000000
19721  51.341  -68.319  39.021 0.0000000000
19723  48.792  -67.956  39.172 0.0000000000
19729  38.506  -68.460  36.819 0.0000000000
19744  41.384  -68.644  35.248 0.0000000000
19746  39.314  -68.111  35.654 0.0000000000
19781  47.249  -68.800  32.715 0.0000000000
19792  46.648  -68.396  31.823 0.0000000000
19793  45.996  -68.082  31.913 0.0000000000
19801  44.520  -68.336  30.041 0.0000000000
20671  55.138  -67.942  39.678 0.0000000000
20677  42.439  -67.737  39.441 0.0000000000
20678  40.120  -68.244  39.295 0.0000000000
20679  39.454  -67.931  38.913 0.0000000000
20687  54.255  -68.315  38.218 0.0000000000
20691  49.870  -67.547  38.692 0.0000000000
20701  38.628  -68.078  37.796 0.0000000000
20704  54.971  -67.430  37.578 0.0000000000
20716  38.693  -67.558  36.486 0.0000000000
20729  39.583  -67.224  35.456 0.0000000000
20739  44.445  -67.621  33.987 0.0000000000
20749  45.411  -67.637  33.020 0.0000000000
20765  44.809  -67.216  32.608 0.0000000000
20783  44.704  -67.358  31.816 0.0000000000
20792  44.341  -67.823  30.976 0.0000000000
21677  41.896  -67.285  39.263 0.0000000000
21692  41.711  -66.551  38.846 0.0000000000
21703  38.831  -67.054  36.994 0.0000000000
21710  38.997  -66.269  36.845 0.0000000000
21726  40.328  -65.976  34.887 0.0000000000
21727  39.750  -66.469  35.289 0.0000000000
21738  42.424  -66.368  34.170 0.0000000000
21748  43.606  -66.381  33.360 0.0000000000
21749  42.946  -65.956  33.612 0.0000000000
21775  43.505  -66.531  32.029 0.0000000000
21776  42.679  -66.286  31.837 0.0000000000
22639  41.206  -64.940  38.011 0.0000000000
22640  40.346  -65.307  38.027 0.0000000000
22663  40.347  -65.082  34.896 0.0000000000
22678  42.161  -65.523  33.867 0.0000000000
23628  43.412  -65.160  38.271 0.0000000000
23642  44.667  -64.249  37.729 0.0000000000
23644  41.733  -64.100  37.850 0.0000000000
23645  40.181  -64.660  37.694 0.0000000000
23646  39.639  -64.534  37.150 0.0000000000
23658  39.439  -64.365  36.390 0.0000000000
23671  39.800  -64.501  35.322 0.0000000000
23672  39.454  -64.123  35.832 0.0000000000
24574  43.676  -63.892  37.720 0.0000000000
24577  40.325  -63.474  37.236 0.0000000000
24578  39.752  -63.799  36.834 0.0000000000
24630  40.206  -63.462  34.384 0.0000000000
24646  39.496  -62.946  33.780 0.0000000000
25491  41.615  -62.690  37.392 0.0000000000
25492  40.733  -62.778  37.140 0.0000000000
25505  44.791  -62.360  36.803 0.0000000000
25507  42.055  -61.960  37.182 0.0000000000
25509  40.550  -62.353  36.656 0.0000000000
25539  39.880  -62.122  34.735 0.0000000000
26428  40.768  -61.773  36.441 0.0000000000
26444  40.836  -60.681  35.637 0.0000000000
26445  40.488  -61.440  35.878 0.0000000000
27397  43.262  -60.523  36.122 0.0000000000
27415  42.521  -60.046  35.615 0.0000000000
27427  41.016  -59.898  34.957 0.0000000000
27428  40.333  -60.566  34.879 0.0000000000
28373  41.877  -59.825  35.161 0.0000000000
122050  39.603  -69.843  35.617 0.0000000000
122709  47.166  -70.835  34.821 0.0000000000
123886  43.039  -67.751  34.489 0.0000000000
124205  39.939  -68.574  35.448 0.0000000000
124701  43.807  -68.370  34.514 0.0000000000
125920  46.903  -68.512  32.332 0.0000000000
126008  38.824  -68.738  35.955 0.0000000000
126733  40.003  -60.742  34.113 0.0000000000
126749  41.461  -61.467  36.665 0.0000000000
127733  46.042  -74.037  40.548 0.0000000000
128549  45.319  -74.065  40.411 0.0000000000
129181  39.771  -73.556  33.706 0.0000000000
129902  39.088  -66.728  37.505 0.0000000000
131080  46.996  -69.381  33.917 0.0000000000
131662  40.770  -67.902  39.280 0.0000000000
134216  39.083  -72.656  36.667 0.0000000000
135024  40.453  -70.967  39.477 0.0000000000
136365  40.938  -69.180  39.546 0.0000000000
136744  47.977  -72.056  42.107 0.0000000000
136878  39.200  -72.457  37.909 0.0000000000
136989  43.671  -65.963  38.569 0.0000000000
137252  49.793  -68.896  39.905 0.0000000000
137692  40.985  -61.197  36.196 0.0000000000
138166  44.288  -71.086  35.449 0.0000000000
139190  41.798  -75.069  36.934 0.0000000000
139204  54.355  -68.690  38.716 0.0000000000
140077  44.005  -62.156  36.975 0.0000000000
141815  55.193  -67.348  38.162 0.0000000000
142450  42.898  -71.412  34.765 0.0000000000
143028  42.944  -63.369  37.650 0.0000000000
143317  50.052  -68.512  39.517 0.0000000000
143534  44.966  -68.877  34.450 0.0000000000
143673  48.821  -69.813  40.950 0.0000000000
143746  44.141  -60.935  36.177 0.0000000000
143829  46.440  -69.136  40.322 0.0000000000
145862  43.173  -66.103  32.474 0.0000000000
146193  50.524  -68.941  39.783 0.0000000000
146568  39.238  -72.889  37.293 0.0000000000
147023  43.262  -64.521  38.020 0.0000000000
