#!ascii label  , from subject sub-v1s8x0051346_ses-1 vox2ras=TkReg
1225
50768  -31.196  -26.857  62.663 0.0000000000
60651  -43.402  -14.482  58.957 0.0000000000
53155  -39.121  -23.225  58.559 0.0000000000
114961  -5.272  -45.355  77.817 0.0000000000
48074  -28.254  -28.944  68.630 0.0000000000
35636  -17.715  -43.570  79.350 0.0000000000
35683  -28.380  -43.915  76.943 0.0000000000
42818  -29.788  -35.703  74.977 0.0000000000
46152  -30.687  -31.288  73.685 0.0000000000
40033  -11.615  -38.959  74.006 0.0000000000
38114  -13.429  -40.959  79.062 0.0000000000
39090  -15.012  -40.089  74.577 0.0000000000
35717  -24.534  -43.464  74.257 0.0000000000
38197  -29.225  -40.625  73.826 0.0000000000
121985  -32.737  -25.871  68.232 0.0000000000
50692  -36.962  -27.339  66.439 0.0000000000
56355  -42.117  -19.753  58.568 0.0000000000
51650  -35.931  -25.878  60.348 0.0000000000
59863  -44.014  -16.332  53.671 0.0000000000
31185  -2.967  -48.686  79.428 0.0000000000
49781  -31.325  -27.776  71.866 0.0000000000
51565  -28.530  -26.780  65.704 0.0000000000
36529  -18.867  -43.271  74.946 0.0000000000
34865  -22.279  -44.960  77.768 0.0000000000
50756  -40.834  -26.748  64.214 0.0000000000
127213  -50.839  -14.600  51.747 0.0000000000
42830  -28.347  -35.244  74.239 0.0000000000
44512  -28.304  -33.957  73.629 0.0000000000
40035  -13.124  -39.172  74.654 0.0000000000
38220  -27.640  -39.925  71.883 0.0000000000
40040  -28.848  -38.066  73.415 0.0000000000
41100  -29.673  -37.547  74.316 0.0000000000
50711  -32.277  -26.918  65.540 0.0000000000
50671  -34.624  -26.701  67.189 0.0000000000
113211  -34.121  -27.039  64.253 0.0000000000
58017  -42.218  -16.890  58.747 0.0000000000
125118  -44.383  -19.754  61.144 0.0000000000
61491  -44.420  -13.363  59.004 0.0000000000
33953  -4.412  -45.648  75.168 0.0000000000
117935  -4.430  -46.864  78.121 0.0000000000
48044  -29.351  -30.257  70.700 0.0000000000
48015  -31.051  -29.785  73.037 0.0000000000
48925  -29.670  -28.581  69.993 0.0000000000
50640  -30.132  -26.375  68.578 0.0000000000
49829  -28.471  -27.183  67.400 0.0000000000
36473  -15.556  -42.375  79.122 0.0000000000
37279  -14.137  -42.381  81.596 0.0000000000
108556  -16.850  -43.813  81.707 0.0000000000
34810  -18.846  -44.446  81.059 0.0000000000
122736  -17.504  -42.001  72.504 0.0000000000
110946  -20.316  -42.892  73.095 0.0000000000
35701  -26.355  -43.789  75.283 0.0000000000
34904  -23.638  -44.446  75.688 0.0000000000
106277  -25.251  -44.708  76.680 0.0000000000
34827  -24.573  -45.651  79.563 0.0000000000
37352  -7.751  -41.610  75.041 0.0000000000
38141  -7.597  -40.952  77.432 0.0000000000
37292  -6.775  -41.540  80.041 0.0000000000
52390  -37.591  -24.909  58.822 0.0000000000
123194  -38.605  -26.153  62.347 0.0000000000
52347  -40.805  -24.957  61.753 0.0000000000
107805  -52.643  -14.530  50.291 0.0000000000
120682  -4.834  -46.317  81.151 0.0000000000
42805  -31.346  -35.487  76.142 0.0000000000
44477  -32.178  -33.167  76.087 0.0000000000
122730  -30.554  -33.472  74.388 0.0000000000
46164  -28.932  -31.894  72.087 0.0000000000
39069  -10.388  -39.495  75.417 0.0000000000
39021  -11.340  -39.886  78.374 0.0000000000
39055  -12.428  -39.675  76.419 0.0000000000
38158  -14.332  -40.415  76.712 0.0000000000
37324  -15.988  -41.962  77.171 0.0000000000
36567  -22.868  -42.949  72.793 0.0000000000
36588  -25.826  -42.010  72.363 0.0000000000
36571  -27.150  -42.229  73.333 0.0000000000
36532  -29.134  -42.451  75.196 0.0000000000
38180  -30.827  -40.878  75.347 0.0000000000
41078  -31.574  -37.524  75.695 0.0000000000
115976  -9.740  -39.939  72.777 0.0000000000
52291  -33.235  -25.577  71.909 0.0000000000
51469  -36.020  -25.253  73.180 0.0000000000
51511  -35.209  -25.913  70.597 0.0000000000
50644  -37.747  -26.731  69.333 0.0000000000
54779  -40.620  -21.721  58.701 0.0000000000
53104  -42.579  -23.585  61.024 0.0000000000
54754  -43.767  -22.012  60.710 0.0000000000
28930  1.723  -51.357  81.876 0.0000000000
107050  -33.697  -26.341  60.994 0.0000000000
52427  -34.684  -24.266  57.759 0.0000000000
55558  -38.032  -20.629  57.719 0.0000000000
57172  -38.776  -18.158  57.536 0.0000000000
58873  -39.927  -16.971  57.333 0.0000000000
58885  -41.539  -16.506  57.180 0.0000000000
119901  -43.588  -15.986  56.729 0.0000000000
58931  -41.444  -16.758  53.454 0.0000000000
31163  -3.411  -48.200  82.512 0.0000000000
128370  -1.691  -49.323  82.915 0.0000000000
30426  0.033  -50.296  83.184 0.0000000000
49735  -33.734  -27.400  76.557 0.0000000000
126176  -31.992  -30.568  75.185 0.0000000000
48881  -32.455  -28.264  74.697 0.0000000000
50593  -32.597  -26.042  73.598 0.0000000000
51507  -31.687  -25.787  70.477 0.0000000000
51541  -30.791  -26.126  67.533 0.0000000000
50728  -30.267  -26.935  64.587 0.0000000000
38088  -11.985  -40.891  81.232 0.0000000000
37357  -17.056  -42.138  75.054 0.0000000000
35677  -18.661  -43.576  77.185 0.0000000000
35714  -21.516  -43.600  74.349 0.0000000000
35680  -21.000  -44.119  76.017 0.0000000000
34840  -19.827  -44.417  78.703 0.0000000000
34813  -21.507  -45.189  80.476 0.0000000000
34894  -5.513  -44.467  74.714 0.0000000000
36523  -6.852  -43.179  74.682 0.0000000000
35657  -5.907  -43.918  77.377 0.0000000000
50751  -36.401  -26.846  63.333 0.0000000000
50714  -38.564  -27.515  64.942 0.0000000000
50697  -41.092  -27.387  66.531 0.0000000000
51599  -42.650  -25.431  63.520 0.0000000000
60682  -45.559  -14.926  57.064 0.0000000000
60684  -47.390  -14.592  56.575 0.0000000000
61523  -49.438  -12.818  55.080 0.0000000000
60732  -48.725  -14.579  52.460 0.0000000000
107092  -51.417  -12.327  54.182 0.0000000000
42829  -27.845  -35.306  74.011 0.0000000000
111361  -27.874  -34.623  73.917 0.0000000000
43673  -26.925  -34.309  73.645 0.0000000000
41110  -27.737  -37.224  72.835 0.0000000000
109642  -27.627  -36.593  73.310 0.0000000000
42009  -28.119  -36.444  73.937 0.0000000000
114925  -31.752  -26.964  64.056 0.0000000000
122069  -33.658  -27.066  65.121 0.0000000000
127078  -32.953  -26.972  63.641 0.0000000000
58856  -42.605  -16.013  58.850 0.0000000000
58019  -43.970  -17.660  59.307 0.0000000000
58848  -45.001  -16.616  59.927 0.0000000000
59811  -44.733  -14.760  59.566 0.0000000000
61490  -43.873  -13.823  59.075 0.0000000000
33939  -4.906  -45.663  76.058 0.0000000000
32982  -4.375  -46.429  76.389 0.0000000000
33912  -4.831  -46.102  77.962 0.0000000000
48056  -28.874  -29.931  69.965 0.0000000000
48057  -29.576  -29.423  70.332 0.0000000000
112808  -28.823  -28.833  69.145 0.0000000000
48933  -28.874  -28.159  68.723 0.0000000000
49819  -28.296  -27.998  68.074 0.0000000000
126206  -8.642  -39.928  79.323 0.0000000000
36475  -16.903  -43.055  79.294 0.0000000000
36454  -16.076  -43.115  80.586 0.0000000000
35628  -17.235  -43.533  80.010 0.0000000000
35610  -18.112  -44.243  81.598 0.0000000000
35629  -18.522  -44.108  80.302 0.0000000000
35702  -27.154  -43.689  75.533 0.0000000000
35681  -25.535  -44.181  75.966 0.0000000000
34888  -26.731  -44.380  76.894 0.0000000000
34868  -26.062  -44.850  77.345 0.0000000000
39051  -9.066  -39.831  76.447 0.0000000000
39034  -8.372  -40.032  77.937 0.0000000000
123670  -7.777  -40.462  79.082 0.0000000000
50545  -34.926  -25.880  76.974 0.0000000000
52411  -38.880  -24.113  58.695 0.0000000000
52377  -38.705  -24.997  59.885 0.0000000000
53116  -40.104  -24.148  59.948 0.0000000000
42804  -30.579  -35.587  75.474 0.0000000000
43638  -30.878  -34.943  75.649 0.0000000000
119837  -29.741  -34.685  74.673 0.0000000000
45338  -28.806  -33.291  73.160 0.0000000000
45352  -28.392  -32.353  71.945 0.0000000000
46180  -28.355  -31.538  70.739 0.0000000000
39088  -11.039  -39.184  74.763 0.0000000000
39054  -11.625  -39.510  76.041 0.0000000000
39071  -11.683  -39.265  75.324 0.0000000000
39074  -14.461  -39.893  75.193 0.0000000000
111117  -13.869  -39.774  75.760 0.0000000000
38159  -14.942  -40.734  76.345 0.0000000000
37323  -15.329  -41.380  76.873 0.0000000000
37339  -15.551  -41.205  75.974 0.0000000000
37401  -24.485  -41.616  71.351 0.0000000000
38212  -28.687  -40.422  73.184 0.0000000000
37385  -27.489  -41.420  72.694 0.0000000000
37386  -28.219  -41.220  73.162 0.0000000000
36550  -28.446  -42.353  74.559 0.0000000000
37371  -29.538  -41.148  74.222 0.0000000000
37361  -30.193  -41.316  74.795 0.0000000000
38198  -29.980  -40.333  74.135 0.0000000000
41983  -29.868  -36.857  74.755 0.0000000000
40028  -31.082  -37.930  74.942 0.0000000000
41975  -31.197  -36.658  75.725 0.0000000000
118412  -31.800  -36.943  76.369 0.0000000000
39114  -10.315  -39.465  72.747 0.0000000000
108366  -32.766  -25.688  70.390 0.0000000000
51498  -34.639  -25.692  71.357 0.0000000000
51510  -34.537  -25.931  70.007 0.0000000000
50672  -35.514  -26.851  67.156 0.0000000000
50658  -35.822  -26.638  68.134 0.0000000000
50674  -37.510  -26.957  67.842 0.0000000000
50660  -38.239  -26.927  68.591 0.0000000000
106676  -38.025  -27.226  67.101 0.0000000000
55550  -41.869  -20.630  58.686 0.0000000000
54768  -42.742  -21.593  59.933 0.0000000000
55537  -42.986  -20.804  59.974 0.0000000000
56320  -45.693  -19.491  62.456 0.0000000000
56362  -38.098  -19.538  57.594 0.0000000000
57185  -37.562  -17.985  57.398 0.0000000000
122188  -38.633  -17.328  56.515 0.0000000000
58884  -40.044  -17.190  56.484 0.0000000000
110222  -40.652  -16.738  57.147 0.0000000000
106920  -40.957  -17.296  56.412 0.0000000000
108916  -41.733  -17.353  55.108 0.0000000000
32045  -3.405  -47.762  77.172 0.0000000000
31184  -2.262  -49.141  79.071 0.0000000000
32921  -4.435  -46.978  82.517 0.0000000000
32931  -4.371  -47.010  81.238 0.0000000000
31988  -4.033  -47.629  83.073 0.0000000000
31153  -2.361  -49.219  84.033 0.0000000000
30421  -1.931  -49.844  84.157 0.0000000000
30427  -0.732  -50.076  83.550 0.0000000000
29679  -0.465  -50.829  83.887 0.0000000000
28915  -0.104  -51.406  83.703 0.0000000000
116934  -31.332  -31.948  74.863 0.0000000000
46139  -31.899  -31.847  75.425 0.0000000000
46153  -31.246  -31.271  74.401 0.0000000000
48907  -31.456  -28.352  72.429 0.0000000000
48016  -31.632  -29.252  73.518 0.0000000000
49782  -31.749  -27.703  72.579 0.0000000000
49757  -32.403  -27.441  74.092 0.0000000000
113116  -31.986  -26.883  72.758 0.0000000000
51482  -31.987  -25.756  71.902 0.0000000000
50619  -31.684  -26.106  71.385 0.0000000000
126567  -29.766  -26.434  67.486 0.0000000000
51528  -30.048  -26.224  68.034 0.0000000000
125412  -29.578  -26.610  66.585 0.0000000000
51567  -30.005  -26.729  66.087 0.0000000000
51583  -28.742  -26.725  65.231 0.0000000000
38127  -12.706  -40.470  78.585 0.0000000000
38112  -11.721  -40.492  79.726 0.0000000000
38101  -13.038  -41.133  79.988 0.0000000000
36563  -18.536  -42.820  73.501 0.0000000000
37382  -17.199  -42.082  73.221 0.0000000000
36528  -18.164  -42.882  75.188 0.0000000000
36527  -17.467  -42.563  75.508 0.0000000000
114361  -18.627  -43.211  75.632 0.0000000000
120589  -23.547  -43.041  73.123 0.0000000000
35732  -22.405  -43.198  73.428 0.0000000000
119960  -23.108  -43.253  73.761 0.0000000000
34866  -23.146  -44.848  77.069 0.0000000000
34902  -21.888  -44.205  75.802 0.0000000000
34864  -21.374  -44.783  77.424 0.0000000000
34863  -20.548  -44.561  77.562 0.0000000000
125618  -20.909  -44.773  78.076 0.0000000000
117505  -20.923  -44.958  79.801 0.0000000000
34842  -22.375  -45.237  78.644 0.0000000000
37328  -31.627  -41.840  76.910 0.0000000000
37351  -7.369  -42.507  74.406 0.0000000000
36509  -6.776  -42.815  76.295 0.0000000000
35672  -6.375  -43.599  76.027 0.0000000000
37283  -6.936  -41.665  81.362 0.0000000000
50808  -34.442  -26.162  60.643 0.0000000000
50772  -34.933  -26.655  62.567 0.0000000000
50791  -36.182  -26.319  61.875 0.0000000000
51613  -39.444  -26.116  62.745 0.0000000000
50753  -38.251  -26.936  63.679 0.0000000000
50735  -39.915  -26.936  64.185 0.0000000000
50715  -39.791  -27.514  65.662 0.0000000000
127552  -40.989  -27.132  64.964 0.0000000000
53091  -43.841  -23.541  61.866 0.0000000000
52349  -42.553  -24.576  62.269 0.0000000000
52334  -43.721  -24.617  63.127 0.0000000000
58905  -44.204  -16.668  55.199 0.0000000000
59838  -44.277  -15.758  56.629 0.0000000000
58906  -44.964  -16.394  54.970 0.0000000000
60693  -46.860  -15.106  55.144 0.0000000000
112668  -47.361  -14.576  54.656 0.0000000000
61522  -48.729  -13.455  55.587 0.0000000000
60704  -47.920  -14.191  54.184 0.0000000000
61576  -48.979  -14.454  50.407 0.0000000000
60747  -48.278  -14.630  50.948 0.0000000000
106960  -49.347  -14.793  52.026 0.0000000000
61541  -49.817  -13.302  53.804 0.0000000000
61556  -50.727  -13.635  52.982 0.0000000000
61557  -51.707  -13.133  52.939 0.0000000000
61570  -53.646  -13.381  51.874 0.0000000000
42817  -28.970  -35.579  74.597 0.0000000000
43652  -28.858  -34.858  74.295 0.0000000000
43674  -28.429  -34.326  73.927 0.0000000000
44511  -27.727  -33.761  73.230 0.0000000000
40034  -12.387  -38.994  74.287 0.0000000000
40078  -27.714  -38.364  71.981 0.0000000000
40079  -28.338  -38.786  72.372 0.0000000000
40060  -29.275  -38.880  73.378 0.0000000000
39095  -29.934  -39.221  73.876 0.0000000000
41099  -28.998  -37.599  73.963 0.0000000000
41997  -28.933  -36.768  74.275 0.0000000000
51542  -32.466  -26.070  67.596 0.0000000000
51544  -34.099  -26.312  67.869 0.0000000000
50670  -33.817  -26.617  67.060 0.0000000000
111076  -34.241  -26.973  65.687 0.0000000000
50713  -35.826  -27.140  65.681 0.0000000000
110707  -42.341  -18.006  58.604 0.0000000000
56345  -43.140  -19.928  59.976 0.0000000000
57156  -43.878  -18.740  60.244 0.0000000000
57144  -44.600  -18.551  61.295 0.0000000000
61492  -45.109  -13.057  58.882 0.0000000000
112329  -3.791  -47.112  76.611 0.0000000000
113090  -3.845  -47.659  78.207 0.0000000000
47044  -29.964  -30.950  72.416 0.0000000000
47037  -30.873  -30.487  73.353 0.0000000000
111544  -30.267  -29.861  71.687 0.0000000000
48046  -30.512  -29.173  71.494 0.0000000000
49791  -30.531  -27.926  70.725 0.0000000000
50627  -30.597  -26.481  69.931 0.0000000000
50626  -30.060  -27.115  69.629 0.0000000000
49821  -29.608  -26.789  68.265 0.0000000000
50668  -28.698  -26.786  66.730 0.0000000000
37296  -14.253  -41.504  79.053 0.0000000000
37289  -14.128  -42.005  80.606 0.0000000000
36463  -14.789  -42.340  80.259 0.0000000000
35607  -15.525  -43.373  82.187 0.0000000000
34796  -18.718  -44.647  82.098 0.0000000000
36580  -18.782  -42.613  72.623 0.0000000000
36564  -19.415  -42.929  73.250 0.0000000000
35718  -25.138  -43.720  74.777 0.0000000000
35699  -24.257  -43.977  75.089 0.0000000000
127257  -25.000  -44.017  75.445 0.0000000000
34886  -24.541  -44.513  75.963 0.0000000000
106205  -24.014  -45.064  77.813 0.0000000000
33919  -23.823  -45.412  78.714 0.0000000000
34844  -24.785  -45.374  78.488 0.0000000000
38204  -8.754  -40.862  72.923 0.0000000000
38187  -8.338  -40.776  75.060 0.0000000000
116384  -7.130  -41.636  77.322 0.0000000000
37305  -6.737  -41.745  78.966 0.0000000000
126553  -7.477  -40.787  78.715 0.0000000000
51673  -37.065  -25.444  59.531 0.0000000000
51629  -36.526  -25.975  61.155 0.0000000000
51653  -38.156  -25.712  60.864 0.0000000000
51632  -39.429  -25.755  61.965 0.0000000000
51614  -40.752  -25.494  62.473 0.0000000000
59880  -43.436  -15.556  53.006 0.0000000000
59864  -44.846  -16.134  54.045 0.0000000000
60713  -44.020  -15.050  52.722 0.0000000000
122087  -50.221  -14.537  50.029 0.0000000000
60743  -51.713  -14.332  51.559 0.0000000000
107652  -51.224  -14.397  49.594 0.0000000000
60770  -51.977  -14.301  49.225 0.0000000000
124593  -5.407  -45.143  79.225 0.0000000000
33893  -5.118  -45.765  79.459 0.0000000000
43624  -32.415  -34.430  76.682 0.0000000000
43639  -31.625  -34.704  76.155 0.0000000000
44487  -30.998  -33.688  74.921 0.0000000000
45330  -30.419  -32.911  74.017 0.0000000000
44496  -29.061  -33.807  73.770 0.0000000000
45329  -29.723  -33.112  73.538 0.0000000000
47036  -30.112  -31.631  73.010 0.0000000000
47043  -29.253  -31.252  71.910 0.0000000000
47074  -28.616  -30.782  70.315 0.0000000000
39052  -9.769  -39.686  76.774 0.0000000000
39020  -10.400  -39.777  78.102 0.0000000000
39038  -11.182  -39.750  77.449 0.0000000000
39039  -12.132  -39.866  77.372 0.0000000000
39023  -12.817  -40.149  77.833 0.0000000000
39072  -13.043  -39.456  75.579 0.0000000000
39056  -13.349  -39.817  76.374 0.0000000000
38129  -14.099  -41.021  78.360 0.0000000000
37308  -14.776  -41.522  78.313 0.0000000000
37310  -16.030  -42.250  77.908 0.0000000000
115804  -16.903  -42.885  78.531 0.0000000000
36586  -24.283  -42.373  72.151 0.0000000000
36569  -25.409  -42.657  73.121 0.0000000000
37404  -26.944  -41.045  71.842 0.0000000000
37384  -26.677  -41.780  72.510 0.0000000000
126655  -25.837  -42.893  73.618 0.0000000000
36530  -26.817  -43.229  74.664 0.0000000000
36531  -27.725  -43.026  75.071 0.0000000000
36515  -28.021  -43.545  75.924 0.0000000000
36502  -29.328  -43.433  76.923 0.0000000000
36516  -29.262  -42.839  75.954 0.0000000000
37344  -30.613  -41.679  75.557 0.0000000000
38165  -31.362  -40.380  75.865 0.0000000000
39096  -30.542  -39.549  74.517 0.0000000000
39061  -31.425  -39.414  75.735 0.0000000000
40017  -31.813  -38.901  76.287 0.0000000000
41065  -32.007  -37.667  76.557 0.0000000000
38205  -9.298  -40.215  73.362 0.0000000000
52260  -33.773  -25.057  73.356 0.0000000000
52276  -35.134  -25.214  72.951 0.0000000000
51485  -35.723  -25.483  72.304 0.0000000000
51512  -36.819  -25.948  70.886 0.0000000000
51533  -35.180  -26.427  68.833 0.0000000000
51524  -36.151  -26.263  70.115 0.0000000000
54778  -39.968  -22.151  58.602 0.0000000000
53117  -40.719  -23.572  59.974 0.0000000000
53921  -41.688  -22.669  59.897 0.0000000000
53901  -43.090  -22.830  60.581 0.0000000000
53886  -44.449  -22.710  61.571 0.0000000000
55526  -44.561  -20.599  61.174 0.0000000000
54737  -45.339  -21.546  61.982 0.0000000000
50787  -31.182  -26.894  61.239 0.0000000000
107544  -32.489  -26.636  61.955 0.0000000000
106629  -32.319  -26.648  60.383 0.0000000000
50807  -33.155  -26.421  60.300 0.0000000000
51670  -34.005  -25.868  58.838 0.0000000000
51690  -35.557  -25.385  58.649 0.0000000000
52409  -35.837  -24.836  58.230 0.0000000000
129018  -36.840  -23.820  57.976 0.0000000000
53951  -37.732  -22.758  58.067 0.0000000000
124270  -38.806  -21.899  58.172 0.0000000000
113487  -39.389  -20.925  57.884 0.0000000000
55560  -39.703  -20.381  57.789 0.0000000000
56365  -40.493  -18.991  57.967 0.0000000000
58049  -38.260  -17.393  56.891 0.0000000000
58025  -39.422  -17.764  57.574 0.0000000000
57174  -40.985  -18.144  58.218 0.0000000000
58016  -41.533  -17.490  58.462 0.0000000000
59816  -41.471  -16.034  58.409 0.0000000000
59824  -42.214  -15.548  58.043 0.0000000000
59825  -42.956  -15.232  57.813 0.0000000000
58886  -42.313  -16.520  56.701 0.0000000000
58903  -42.490  -17.066  55.520 0.0000000000
112760  -42.857  -16.858  54.053 0.0000000000
59879  -42.570  -15.821  52.933 0.0000000000
32944  -4.752  -46.513  79.684 0.0000000000
32943  -4.204  -47.250  79.992 0.0000000000
31174  -3.144  -48.563  80.416 0.0000000000
31159  -3.623  -48.462  84.068 0.0000000000
117567  -2.857  -48.694  82.077 0.0000000000
116729  -2.543  -49.081  81.184 0.0000000000
120791  -1.694  -49.554  81.503 0.0000000000
111831  -0.589  -49.876  81.911 0.0000000000
30435  0.983  -50.079  81.482 0.0000000000
29687  1.142  -51.027  82.431 0.0000000000
50562  -33.692  -26.519  76.030 0.0000000000
47009  -32.822  -30.791  76.318 0.0000000000
48007  -31.683  -29.905  74.154 0.0000000000
47996  -32.048  -29.815  74.952 0.0000000000
123384  -32.841  -27.920  75.316 0.0000000000
50561  -33.143  -26.476  75.243 0.0000000000
51449  -32.937  -25.558  74.096 0.0000000000
51467  -32.840  -25.691  73.194 0.0000000000
116022  -32.391  -25.624  71.743 0.0000000000
51520  -32.131  -25.644  69.917 0.0000000000
51518  -30.675  -26.167  69.324 0.0000000000
114452  -31.090  -25.973  68.793 0.0000000000
51530  -31.910  -25.786  68.322 0.0000000000
51554  -31.259  -26.424  66.877 0.0000000000
50729  -31.166  -26.960  64.710 0.0000000000
121230  -30.816  -26.955  63.254 0.0000000000
48949  -27.196  -28.629  67.219 0.0000000000
118503  -27.203  -27.880  66.762 0.0000000000
109697  -27.667  -26.839  65.889 0.0000000000
118836  -28.047  -26.625  65.233 0.0000000000
51582  -28.061  -26.480  64.989 0.0000000000
50744  -28.877  -26.849  63.732 0.0000000000
50766  -29.354  -26.904  62.851 0.0000000000
107566  -29.880  -26.806  61.979 0.0000000000
37278  -13.330  -41.839  81.435 0.0000000000
38190  -15.461  -40.472  73.960 0.0000000000
37381  -16.489  -41.565  73.366 0.0000000000
37355  -15.796  -41.166  75.172 0.0000000000
36526  -16.704  -42.130  75.811 0.0000000000
36500  -17.175  -42.742  77.311 0.0000000000
36501  -17.973  -43.202  77.819 0.0000000000
36566  -22.010  -42.950  72.847 0.0000000000
35730  -20.890  -43.320  73.730 0.0000000000
35713  -20.610  -43.640  74.535 0.0000000000
35697  -22.285  -43.844  74.974 0.0000000000
35696  -21.273  -43.860  75.192 0.0000000000
35695  -20.342  -43.826  75.409 0.0000000000
35678  -19.344  -43.809  76.686 0.0000000000
35662  -19.355  -43.917  77.512 0.0000000000
35647  -19.052  -43.949  78.743 0.0000000000
35630  -19.172  -44.394  80.110 0.0000000000
34812  -20.679  -44.927  80.653 0.0000000000
34893  -5.075  -45.037  75.172 0.0000000000
34876  -5.541  -44.824  76.214 0.0000000000
36557  -6.409  -42.789  72.845 0.0000000000
35726  -5.892  -43.264  73.204 0.0000000000
35689  -6.207  -43.825  74.943 0.0000000000
122616  -5.816  -44.318  75.605 0.0000000000
34857  -5.640  -44.610  77.649 0.0000000000
35643  -5.844  -43.956  78.178 0.0000000000
36468  -6.389  -42.316  79.673 0.0000000000
50771  -33.993  -26.696  62.638 0.0000000000
113210  -34.991  -27.003  64.196 0.0000000000
107547  -36.246  -27.262  64.907 0.0000000000
50774  -37.194  -26.616  62.804 0.0000000000
50752  -37.380  -26.951  63.752 0.0000000000
106673  -38.166  -27.598  65.692 0.0000000000
50695  -39.281  -27.486  66.458 0.0000000000
111263  -41.262  -24.454  61.285 0.0000000000
52348  -41.591  -24.880  62.162 0.0000000000
108334  -41.879  -25.754  63.430 0.0000000000
60666  -44.137  -14.182  57.926 0.0000000000
60667  -44.865  -14.000  57.783 0.0000000000
60668  -45.907  -14.089  57.713 0.0000000000
59865  -45.691  -15.857  54.599 0.0000000000
60683  -46.559  -14.909  56.924 0.0000000000
61504  -47.569  -13.357  58.029 0.0000000000
61505  -48.519  -13.031  57.571 0.0000000000
62359  -49.395  -12.496  57.214 0.0000000000
60731  -47.867  -14.560  52.417 0.0000000000
61540  -49.156  -13.789  53.826 0.0000000000
62379  -50.198  -12.394  54.788 0.0000000000
61558  -53.069  -13.056  52.353 0.0000000000
42828  -27.152  -35.141  73.562 0.0000000000
42008  -27.599  -35.931  73.870 0.0000000000
50746  -31.516  -26.951  63.337 0.0000000000
113212  -32.519  -26.998  64.179 0.0000000000
50747  -32.301  -26.945  63.447 0.0000000000
59809  -43.069  -15.185  58.817 0.0000000000
116968  -43.771  -16.119  59.012 0.0000000000
59810  -43.749  -14.822  59.136 0.0000000000
113912  -44.571  -15.816  59.338 0.0000000000
60652  -43.980  -13.991  59.327 0.0000000000
33926  -4.893  -45.923  77.065 0.0000000000
48066  -28.556  -29.536  69.264 0.0000000000
48924  -29.102  -29.099  69.715 0.0000000000
109760  -9.158  -39.841  79.010 0.0000000000
123701  -9.614  -39.798  78.336 0.0000000000
36464  -16.605  -43.207  80.063 0.0000000000
106380  -17.927  -43.840  80.074 0.0000000000
35682  -27.376  -43.996  76.466 0.0000000000
35664  -27.575  -44.409  77.307 0.0000000000
52392  -39.247  -24.498  59.444 0.0000000000
53134  -39.624  -23.746  59.109 0.0000000000
43653  -30.154  -35.128  75.125 0.0000000000
45351  -27.606  -32.778  71.833 0.0000000000
38174  -15.112  -40.545  75.426 0.0000000000
37370  -28.768  -41.390  73.909 0.0000000000
41974  -30.327  -36.284  75.241 0.0000000000
41089  -30.667  -37.128  75.231 0.0000000000
117491  -31.008  -36.022  75.766 0.0000000000
39087  -10.768  -39.140  73.655 0.0000000000
51521  -33.065  -25.780  69.629 0.0000000000
51509  -33.641  -25.764  70.358 0.0000000000
51522  -33.969  -25.949  69.439 0.0000000000
109953  -36.162  -27.091  66.439 0.0000000000
50673  -36.575  -26.952  67.350 0.0000000000
107067  -37.355  -27.194  67.027 0.0000000000
56354  -41.198  -19.869  58.316 0.0000000000
55551  -42.609  -20.350  59.235 0.0000000000
55512  -46.310  -19.765  63.017 0.0000000000
58901  -40.344  -17.489  55.670 0.0000000000
108467  -41.053  -17.456  55.342 0.0000000000
32030  -2.933  -48.402  77.810 0.0000000000
31199  -2.764  -48.752  78.616 0.0000000000
31979  -4.269  -47.897  83.963 0.0000000000
30420  -1.063  -50.271  83.979 0.0000000000
28916  -0.751  -51.637  84.212 0.0000000000
46146  -30.821  -32.060  74.211 0.0000000000
125191  -31.705  -27.079  72.170 0.0000000000
50605  -31.852  -26.255  72.147 0.0000000000
112015  -31.489  -26.823  71.541 0.0000000000
51552  -29.119  -26.746  66.494 0.0000000000
123612  -29.638  -26.463  67.053 0.0000000000
51566  -29.192  -26.745  65.976 0.0000000000
38113  -12.522  -40.713  79.416 0.0000000000
36546  -19.125  -43.180  74.104 0.0000000000
36545  -18.333  -42.876  74.370 0.0000000000
35733  -23.963  -43.207  73.693 0.0000000000
126477  -22.159  -44.782  77.028 0.0000000000
114975  -21.553  -44.961  78.354 0.0000000000
38166  -31.825  -40.812  76.611 0.0000000000
36496  -6.498  -42.741  77.726 0.0000000000
51649  -35.070  -25.988  60.214 0.0000000000
50809  -35.172  -26.102  61.009 0.0000000000
51628  -35.827  -26.091  61.254 0.0000000000
50755  -40.326  -26.493  63.630 0.0000000000
50754  -39.630  -26.592  63.448 0.0000000000
107130  -40.283  -27.296  64.882 0.0000000000
52350  -43.390  -24.296  62.437 0.0000000000
58919  -43.588  -16.794  54.419 0.0000000000
58920  -44.359  -16.559  54.456 0.0000000000
115637  -47.233  -14.573  53.784 0.0000000000
60741  -50.029  -14.907  51.446 0.0000000000
106727  -49.131  -14.854  51.143 0.0000000000
60733  -50.304  -14.482  52.296 0.0000000000
60734  -51.310  -13.952  52.313 0.0000000000
43693  -27.008  -33.985  73.727 0.0000000000
44495  -27.626  -34.196  73.777 0.0000000000
44510  -26.780  -33.733  73.145 0.0000000000
40058  -28.241  -37.915  72.675 0.0000000000
40059  -28.730  -38.597  72.968 0.0000000000
40041  -29.539  -38.266  73.875 0.0000000000
41996  -28.348  -35.917  74.428 0.0000000000
41982  -29.285  -36.172  74.806 0.0000000000
50688  -32.620  -26.789  66.235 0.0000000000
50669  -32.982  -26.538  66.952 0.0000000000
50732  -34.577  -27.162  64.995 0.0000000000
50712  -35.003  -26.985  65.798 0.0000000000
57165  -43.020  -18.671  58.944 0.0000000000
57166  -43.673  -18.419  59.426 0.0000000000
58012  -44.852  -17.798  61.030 0.0000000000
57145  -45.325  -18.155  61.744 0.0000000000
61481  -45.161  -13.109  59.198 0.0000000000
32969  -4.459  -46.672  77.250 0.0000000000
127628  -4.025  -47.249  77.463 0.0000000000
47058  -29.770  -30.496  71.551 0.0000000000
110434  -30.285  -30.273  72.106 0.0000000000
48916  -30.198  -28.744  70.706 0.0000000000
48917  -30.772  -28.310  71.307 0.0000000000
49799  -30.100  -27.894  70.191 0.0000000000
111008  -29.737  -27.888  69.607 0.0000000000
49820  -28.973  -27.308  68.155 0.0000000000
50655  -29.183  -26.726  67.478 0.0000000000
106273  -14.981  -41.936  79.076 0.0000000000
122880  -14.521  -41.949  79.740 0.0000000000
37297  -15.179  -42.387  79.694 0.0000000000
35618  -16.166  -43.483  81.455 0.0000000000
36453  -15.474  -42.991  81.230 0.0000000000
36581  -19.728  -42.650  72.282 0.0000000000
35719  -25.955  -43.581  74.629 0.0000000000
35700  -25.649  -43.868  75.287 0.0000000000
34867  -24.292  -44.858  76.884 0.0000000000
107410  -25.038  -45.060  77.550 0.0000000000
34845  -25.778  -45.348  78.239 0.0000000000
38188  -8.750  -40.648  74.082 0.0000000000
124642  -8.155  -41.222  74.323 0.0000000000
38156  -7.902  -40.749  76.815 0.0000000000
38140  -7.200  -41.208  78.270 0.0000000000
39001  -8.261  -40.115  79.603 0.0000000000
51652  -37.642  -25.636  60.237 0.0000000000
52376  -38.018  -25.286  59.540 0.0000000000
52378  -39.453  -24.847  60.342 0.0000000000
52363  -39.521  -25.356  61.155 0.0000000000
51633  -40.156  -25.378  61.757 0.0000000000
110996  -40.003  -25.759  62.382 0.0000000000
60756  -49.707  -14.250  49.811 0.0000000000
60757  -50.502  -14.329  49.619 0.0000000000
61583  -50.157  -13.889  49.168 0.0000000000
32912  -4.930  -46.292  82.987 0.0000000000
42788  -31.929  -35.792  76.814 0.0000000000
42806  -31.939  -35.146  76.639 0.0000000000
43654  -30.544  -34.492  75.084 0.0000000000
44476  -31.304  -34.217  75.552 0.0000000000
45322  -31.011  -32.826  74.667 0.0000000000
44485  -29.339  -34.267  74.186 0.0000000000
46159  -28.929  -32.477  72.515 0.0000000000
45339  -29.639  -32.495  72.972 0.0000000000
46165  -29.507  -31.812  72.450 0.0000000000
39037  -10.327  -39.704  77.259 0.0000000000
39053  -10.715  -39.598  76.414 0.0000000000
126089  -11.618  -39.691  76.742 0.0000000000
39040  -13.007  -39.928  77.108 0.0000000000
40023  -12.379  -39.191  75.055 0.0000000000
39057  -13.971  -40.019  76.377 0.0000000000
39041  -13.733  -40.113  76.971 0.0000000000
38144  -14.139  -40.675  77.545 0.0000000000
126904  -14.472  -41.072  77.965 0.0000000000
37322  -14.819  -41.187  77.584 0.0000000000
108248  -15.388  -41.749  77.712 0.0000000000
36485  -16.201  -42.609  78.705 0.0000000000
125679  -16.478  -42.403  77.415 0.0000000000
37402  -25.305  -41.459  71.504 0.0000000000
36587  -25.033  -42.198  72.156 0.0000000000
110306  -24.726  -42.640  72.800 0.0000000000
38241  -27.132  -40.260  71.481 0.0000000000
128141  -27.391  -40.666  72.062 0.0000000000
36570  -26.287  -42.532  73.264 0.0000000000
116326  -26.788  -42.756  73.919 0.0000000000
36548  -26.195  -43.062  74.029 0.0000000000
113952  -28.543  -42.903  75.497 0.0000000000
108280  -31.223  -41.359  76.043 0.0000000000
40027  -30.383  -38.399  74.386 0.0000000000
39079  -31.083  -38.943  74.992 0.0000000000
40016  -31.518  -38.476  75.611 0.0000000000
40005  -32.041  -38.363  76.810 0.0000000000
40004  -31.963  -38.182  76.122 0.0000000000
41963  -31.540  -36.219  76.330 0.0000000000
41964  -31.976  -36.535  76.974 0.0000000000
118122  -9.764  -39.644  75.985 0.0000000000
52274  -33.576  -25.400  72.639 0.0000000000
52275  -34.308  -25.237  72.780 0.0000000000
51499  -35.452  -25.721  71.488 0.0000000000
51500  -36.278  -25.709  71.647 0.0000000000
117252  -35.978  -25.907  70.934 0.0000000000
51532  -34.386  -26.248  68.692 0.0000000000
50657  -34.945  -26.501  67.976 0.0000000000
50659  -36.694  -26.761  68.425 0.0000000000
50642  -35.998  -26.520  69.104 0.0000000000
50643  -36.900  -26.569  69.381 0.0000000000
128174  -36.955  -26.289  70.138 0.0000000000
127933  -37.436  -26.491  69.873 0.0000000000
50628  -38.129  -26.568  70.070 0.0000000000
50661  -39.315  -26.950  69.118 0.0000000000
53939  -40.469  -22.539  59.116 0.0000000000
53940  -41.178  -22.195  59.374 0.0000000000
123059  -43.103  -21.991  60.286 0.0000000000
53922  -42.471  -22.370  60.096 0.0000000000
53902  -43.894  -22.902  61.004 0.0000000000
128758  -44.237  -22.335  61.070 0.0000000000
107358  -43.819  -19.456  60.570 0.0000000000
56332  -43.741  -20.420  60.544 0.0000000000
55510  -45.238  -20.806  61.790 0.0000000000
29691  1.849  -50.771  81.396 0.0000000000
51669  -33.145  -26.024  58.727 0.0000000000
50829  -33.548  -26.195  59.523 0.0000000000
51689  -34.379  -25.434  58.260 0.0000000000
114305  -35.075  -24.997  58.098 0.0000000000
53151  -35.549  -24.269  57.935 0.0000000000
53167  -36.090  -23.466  57.866 0.0000000000
53168  -36.909  -23.050  57.940 0.0000000000
53153  -37.567  -23.704  58.040 0.0000000000
54788  -38.008  -21.742  57.960 0.0000000000
54789  -38.756  -21.186  57.928 0.0000000000
56363  -38.849  -19.060  57.614 0.0000000000
55559  -38.931  -20.196  57.658 0.0000000000
56364  -39.654  -19.543  57.715 0.0000000000
55561  -40.377  -20.114  57.975 0.0000000000
57173  -39.565  -18.538  57.694 0.0000000000
58872  -39.147  -17.150  57.030 0.0000000000
58026  -40.035  -17.326  57.612 0.0000000000
119196  -40.200  -17.970  57.808 0.0000000000
58027  -40.810  -17.233  58.037 0.0000000000
58863  -40.584  -16.833  57.661 0.0000000000
127739  -41.287  -16.055  58.188 0.0000000000
59835  -41.673  -15.892  57.803 0.0000000000
127845  -41.852  -15.867  58.555 0.0000000000
59836  -42.224  -15.838  57.513 0.0000000000
58918  -42.177  -17.258  54.298 0.0000000000
111541  -42.922  -17.043  54.735 0.0000000000
31183  -1.510  -49.364  78.843 0.0000000000
33878  -5.039  -45.850  80.466 0.0000000000
32932  -4.674  -46.618  80.479 0.0000000000
31996  -3.869  -47.663  81.900 0.0000000000
32007  -3.767  -47.842  80.764 0.0000000000
32018  -3.604  -48.076  79.745 0.0000000000
31167  -3.290  -48.367  81.443 0.0000000000
31157  -2.046  -49.099  83.458 0.0000000000
31162  -2.851  -48.710  83.018 0.0000000000
31161  -2.114  -49.094  82.384 0.0000000000
30431  -0.490  -49.923  82.885 0.0000000000
30436  -0.012  -49.926  81.123 0.0000000000
30430  0.391  -50.135  82.291 0.0000000000
29688  0.630  -50.696  82.717 0.0000000000
28923  -0.213  -52.254  83.682 0.0000000000
50531  -34.373  -26.464  76.857 0.0000000000
114162  -31.982  -33.901  76.087 0.0000000000
44465  -32.607  -33.473  76.563 0.0000000000
47021  -32.182  -31.052  75.633 0.0000000000
46140  -32.444  -31.759  76.075 0.0000000000
47022  -32.477  -30.244  75.605 0.0000000000
125021  -31.294  -30.001  73.615 0.0000000000
113762  -31.979  -29.097  74.402 0.0000000000
48870  -32.299  -29.032  75.019 0.0000000000
47997  -32.618  -29.422  75.514 0.0000000000
48871  -32.723  -28.617  75.417 0.0000000000
50592  -32.350  -26.714  73.485 0.0000000000
49758  -32.782  -27.300  74.889 0.0000000000
50577  -32.712  -26.396  74.350 0.0000000000
51432  -33.198  -25.677  74.897 0.0000000000
51496  -31.891  -25.750  71.217 0.0000000000
51508  -32.209  -25.631  70.847 0.0000000000
50641  -30.290  -26.472  69.277 0.0000000000
113428  -30.660  -26.097  67.994 0.0000000000
127426  -31.174  -25.945  68.066 0.0000000000
114131  -31.630  -26.057  67.540 0.0000000000
50709  -30.579  -26.872  65.387 0.0000000000
119813  -30.920  -26.983  63.937 0.0000000000
50745  -29.981  -26.938  63.666 0.0000000000
48960  -26.606  -28.055  66.259 0.0000000000
51564  -27.756  -26.666  65.346 0.0000000000
51596  -27.638  -26.451  64.294 0.0000000000
50726  -28.350  -26.628  64.503 0.0000000000
122552  -28.038  -26.565  63.854 0.0000000000
116923  -10.706  -39.864  78.830 0.0000000000
39005  -11.216  -40.005  79.243 0.0000000000
38100  -12.264  -40.844  80.298 0.0000000000
114590  -13.378  -41.623  80.501 0.0000000000
37368  -16.914  -42.003  74.198 0.0000000000
37356  -16.434  -41.722  75.022 0.0000000000
113839  -16.098  -41.611  75.666 0.0000000000
118054  -18.057  -42.920  75.984 0.0000000000
36513  -17.312  -42.643  76.356 0.0000000000
36514  -18.010  -43.007  76.847 0.0000000000
35715  -22.328  -43.455  74.115 0.0000000000
35731  -21.721  -43.268  73.580 0.0000000000
35698  -23.265  -43.932  75.081 0.0000000000
35679  -20.156  -43.938  76.310 0.0000000000
35648  -19.931  -44.260  77.885 0.0000000000
118572  -19.410  -44.002  78.183 0.0000000000
35638  -19.324  -44.304  79.349 0.0000000000
34826  -23.072  -45.440  78.882 0.0000000000
33901  -23.528  -45.601  79.593 0.0000000000
36517  -29.977  -42.864  76.339 0.0000000000
37365  -7.844  -41.938  73.880 0.0000000000
37379  -7.660  -41.862  72.718 0.0000000000
36538  -6.783  -43.073  73.723 0.0000000000
35709  -6.289  -43.646  73.965 0.0000000000
35671  -5.952  -44.052  76.547 0.0000000000
128221  -5.707  -44.514  76.957 0.0000000000
52263  -36.383  -25.049  74.215 0.0000000000
125791  -33.417  -26.567  61.871 0.0000000000
50770  -32.982  -26.819  62.824 0.0000000000
50773  -35.808  -26.628  62.572 0.0000000000
50750  -35.421  -26.859  63.366 0.0000000000
113209  -35.849  -27.111  64.151 0.0000000000
121988  -36.612  -27.108  64.194 0.0000000000
116068  -37.957  -25.980  61.678 0.0000000000
50792  -37.068  -26.243  61.918 0.0000000000
51612  -37.772  -26.363  62.336 0.0000000000
50734  -38.955  -27.028  64.112 0.0000000000
50733  -38.028  -27.331  64.374 0.0000000000
107225  -37.861  -27.577  65.076 0.0000000000
50694  -38.485  -27.478  66.421 0.0000000000
106672  -38.956  -27.555  65.671 0.0000000000
121178  -40.628  -27.384  65.668 0.0000000000
50696  -40.130  -27.441  66.500 0.0000000000
53118  -41.379  -23.382  60.202 0.0000000000
53102  -40.921  -24.028  60.536 0.0000000000
53103  -41.734  -23.798  60.846 0.0000000000
52333  -43.010  -24.889  62.958 0.0000000000
51616  -42.193  -25.153  62.868 0.0000000000
51615  -41.493  -25.469  62.853 0.0000000000
60680  -43.646  -15.021  57.323 0.0000000000
60665  -43.549  -14.517  58.219 0.0000000000
59839  -45.165  -15.665  56.503 0.0000000000
60681  -44.471  -14.753  57.111 0.0000000000
60694  -47.442  -14.643  55.630 0.0000000000
118896  -46.825  -15.185  56.072 0.0000000000
60669  -47.077  -14.212  57.527 0.0000000000
61515  -47.991  -13.934  57.095 0.0000000000
61516  -48.715  -13.393  56.618 0.0000000000
62369  -49.491  -12.774  56.187 0.0000000000
62360  -50.338  -11.846  56.920 0.0000000000
62370  -50.205  -12.227  55.683 0.0000000000
60740  -48.465  -14.754  51.691 0.0000000000
60739  -47.662  -14.517  51.507 0.0000000000
60718  -48.570  -14.255  53.163 0.0000000000
62391  -50.453  -12.629  54.117 0.0000000000
62380  -51.031  -12.133  54.739 0.0000000000
127422  -50.796  -12.006  55.314 0.0000000000
60750  -51.800  -14.609  50.660 0.0000000000
61568  -52.415  -13.447  52.172 0.0000000000
60744  -52.845  -14.131  51.208 0.0000000000
41111  -28.401  -37.161  73.384 0.0000000000
50730  -31.997  -26.980  64.815 0.0000000000
116677  -32.985  -26.950  65.593 0.0000000000
50731  -32.790  -27.047  64.923 0.0000000000
125315  -33.287  -27.059  64.275 0.0000000000
117507  -43.343  -16.867  58.966 0.0000000000
58857  -44.296  -16.795  59.269 0.0000000000
58858  -45.458  -15.705  59.926 0.0000000000
60642  -45.880  -14.714  60.077 0.0000000000
32994  -4.091  -46.150  75.587 0.0000000000
48045  -29.958  -29.673  71.075 0.0000000000
48934  -29.307  -28.354  69.345 0.0000000000
36474  -15.970  -42.798  79.680 0.0000000000
35627  -16.831  -43.575  80.782 0.0000000000
35619  -17.474  -43.908  81.255 0.0000000000
106187  -18.084  -43.998  80.804 0.0000000000
126389  -25.989  -43.920  75.676 0.0000000000
116712  -26.431  -44.011  76.087 0.0000000000
34887  -26.010  -44.418  76.571 0.0000000000
34869  -26.928  -44.675  77.536 0.0000000000
38157  -8.390  -40.307  76.620 0.0000000000
38142  -8.119  -40.357  77.374 0.0000000000
38126  -7.818  -40.516  78.204 0.0000000000
39017  -8.369  -39.984  78.740 0.0000000000
52391  -38.501  -24.810  58.991 0.0000000000
52364  -40.319  -24.740  60.966 0.0000000000
44486  -30.169  -34.064  74.569 0.0000000000
114195  -28.105  -32.946  72.591 0.0000000000
46171  -28.698  -31.754  71.468 0.0000000000
124202  -27.911  -32.227  71.151 0.0000000000
39070  -11.080  -39.422  75.598 0.0000000000
108698  -12.233  -39.397  75.696 0.0000000000
39073  -13.834  -39.396  74.991 0.0000000000
118430  -14.464  -40.201  75.979 0.0000000000
38145  -14.723  -40.859  77.022 0.0000000000
37340  -16.037  -41.774  76.367 0.0000000000
38221  -28.171  -39.694  72.508 0.0000000000
38211  -27.886  -40.558  72.626 0.0000000000
37369  -27.912  -41.868  73.676 0.0000000000
36549  -27.474  -42.605  74.205 0.0000000000
37360  -29.396  -41.894  74.629 0.0000000000
38179  -30.526  -40.427  74.779 0.0000000000
41088  -30.320  -37.541  74.730 0.0000000000
39101  -9.937  -39.641  73.591 0.0000000000
112008  -10.185  -39.472  74.511 0.0000000000
107219  -32.968  -25.662  71.103 0.0000000000
52292  -34.069  -25.519  72.014 0.0000000000
51497  -33.815  -25.670  71.242 0.0000000000
117220  -34.375  -25.789  70.705 0.0000000000
121473  -37.405  -26.817  68.716 0.0000000000
107836  -38.304  -27.072  67.733 0.0000000000
106675  -38.773  -27.317  67.173 0.0000000000
55549  -40.982  -20.845  58.392 0.0000000000
54780  -41.519  -21.455  58.984 0.0000000000
54781  -42.325  -21.173  59.420 0.0000000000
54769  -43.336  -21.287  60.394 0.0000000000
127466  -44.804  -19.522  61.501 0.0000000000
56319  -45.107  -19.933  61.746 0.0000000000
55511  -45.633  -20.173  62.423 0.0000000000
62333  -48.824  -11.920  58.969 0.0000000000
120581  -35.138  -23.481  57.718 0.0000000000
55573  -37.280  -19.958  57.564 0.0000000000
56375  -37.419  -18.854  57.510 0.0000000000
56376  -38.130  -18.540  57.513 0.0000000000
57186  -38.183  -17.881  57.365 0.0000000000
58883  -39.301  -17.257  56.438 0.0000000000
111484  -39.911  -16.894  57.035 0.0000000000
121501  -40.530  -16.804  57.364 0.0000000000
58902  -41.712  -17.062  56.079 0.0000000000
58917  -41.165  -17.219  54.328 0.0000000000
30445  -1.692  -49.528  79.646 0.0000000000
32922  -4.815  -46.297  82.071 0.0000000000
31154  -3.168  -48.876  84.212 0.0000000000
30428  -1.556  -49.676  83.826 0.0000000000
113867  -1.316  -49.640  83.269 0.0000000000
29685  -0.348  -50.432  83.623 0.0000000000
29684  0.183  -50.846  83.372 0.0000000000
45323  -31.562  -32.597  75.216 0.0000000000
45314  -32.040  -32.536  75.811 0.0000000000
46147  -31.710  -31.203  75.032 0.0000000000
48895  -31.314  -29.048  72.695 0.0000000000
48896  -31.741  -28.407  73.045 0.0000000000
48880  -32.065  -28.359  73.837 0.0000000000
49772  -32.075  -27.595  73.290 0.0000000000
51466  -32.308  -26.123  72.822 0.0000000000
51495  -31.510  -26.002  70.818 0.0000000000
50656  -29.733  -26.481  67.754 0.0000000000
51540  -30.108  -26.215  67.556 0.0000000000
51553  -30.274  -26.386  66.884 0.0000000000
50708  -29.660  -26.857  65.314 0.0000000000
39006  -11.943  -40.265  78.916 0.0000000000
37287  -12.733  -41.308  80.861 0.0000000000
106155  -14.823  -42.870  81.905 0.0000000000
36441  -14.158  -42.698  82.586 0.0000000000
37383  -17.958  -42.411  72.959 0.0000000000
36562  -17.728  -42.506  73.813 0.0000000000
36544  -17.603  -42.509  74.687 0.0000000000
35693  -18.667  -43.386  76.333 0.0000000000
119969  -23.155  -44.642  76.211 0.0000000000
34903  -22.778  -44.299  75.684 0.0000000000
34884  -22.443  -44.611  76.375 0.0000000000
34883  -21.579  -44.557  76.556 0.0000000000
34882  -20.757  -44.447  76.799 0.0000000000
34841  -20.386  -44.602  78.213 0.0000000000
34824  -20.736  -44.856  78.874 0.0000000000
112214  -21.694  -45.166  79.384 0.0000000000
127319  -7.491  -41.638  75.948 0.0000000000
110882  -7.168  -42.407  75.508 0.0000000000
119954  -6.740  -43.190  75.521 0.0000000000
36495  -6.356  -43.259  77.015 0.0000000000
36481  -6.098  -43.283  77.906 0.0000000000
38110  -7.124  -40.950  80.491 0.0000000000
119506  -6.893  -41.401  80.896 0.0000000000
50790  -34.435  -26.426  61.646 0.0000000000
107197  -35.387  -26.390  61.820 0.0000000000
50775  -38.835  -26.643  63.187 0.0000000000
108692  -39.423  -27.397  64.879 0.0000000000
115724  -41.435  -27.295  65.503 0.0000000000
52365  -42.126  -24.229  61.534 0.0000000000
52366  -42.965  -23.963  61.712 0.0000000000
58888  -43.918  -16.448  56.037 0.0000000000
59850  -44.731  -16.274  55.863 0.0000000000
59851  -45.540  -15.991  55.658 0.0000000000
60685  -48.106  -14.105  56.139 0.0000000000
61521  -47.991  -14.024  55.074 0.0000000000
61532  -48.743  -13.607  54.546 0.0000000000
60719  -49.611  -14.080  53.051 0.0000000000
108288  -50.330  -13.246  53.564 0.0000000000
61542  -51.104  -12.851  53.594 0.0000000000
61543  -51.931  -12.597  53.586 0.0000000000
60751  -53.586  -14.005  50.402 0.0000000000
61577  -53.707  -13.644  51.201 0.0000000000
125491  -29.496  -35.226  74.710 0.0000000000
40036  -13.767  -39.245  74.100 0.0000000000
39089  -14.385  -39.599  74.358 0.0000000000
40097  -27.314  -38.810  71.657 0.0000000000
39121  -27.842  -39.088  71.767 0.0000000000
39107  -28.771  -39.370  73.000 0.0000000000
39108  -29.340  -39.828  73.540 0.0000000000
120066  -33.448  -25.963  68.639 0.0000000000
51543  -33.278  -26.166  67.709 0.0000000000
50689  -33.531  -26.855  66.157 0.0000000000
50690  -34.371  -26.852  66.418 0.0000000000
116676  -35.003  -26.868  66.582 0.0000000000
50691  -35.504  -26.964  66.333 0.0000000000
57164  -42.268  -18.878  58.585 0.0000000000
56356  -42.809  -19.492  59.106 0.0000000000
56357  -43.396  -19.155  59.725 0.0000000000
126345  -44.120  -19.263  61.054 0.0000000000
57167  -44.130  -18.170  59.887 0.0000000000
56346  -44.058  -18.863  60.995 0.0000000000
56333  -44.447  -19.141  61.310 0.0000000000
56334  -45.147  -19.107  61.777 0.0000000000
60653  -45.064  -13.827  59.626 0.0000000000
62318  -46.016  -12.887  59.176 0.0000000000
62330  -46.007  -12.923  58.846 0.0000000000
125422  -3.763  -46.681  75.929 0.0000000000
32981  -3.069  -46.941  75.904 0.0000000000
32031  -3.415  -48.291  78.799 0.0000000000
122318  -30.408  -30.921  73.063 0.0000000000
47045  -30.589  -30.362  72.685 0.0000000000
48028  -30.742  -29.621  72.235 0.0000000000
48906  -31.000  -28.716  72.019 0.0000000000
49792  -30.955  -27.405  71.096 0.0000000000
49800  -30.564  -27.200  70.378 0.0000000000
108514  -29.896  -26.960  69.041 0.0000000000
49811  -29.492  -27.456  68.944 0.0000000000
51539  -29.269  -26.593  67.021 0.0000000000
50685  -28.687  -26.851  66.279 0.0000000000
37288  -13.768  -41.571  79.797 0.0000000000
36452  -14.779  -42.572  80.964 0.0000000000
108028  -15.360  -42.729  80.376 0.0000000000
35609  -17.471  -44.078  82.175 0.0000000000
37399  -18.186  -42.081  72.161 0.0000000000
35735  -25.410  -43.233  73.993 0.0000000000
34885  -23.762  -44.743  76.327 0.0000000000
34843  -23.101  -45.195  78.126 0.0000000000
34828  -25.558  -45.645  79.182 0.0000000000
37366  -8.245  -41.333  73.414 0.0000000000
38172  -7.943  -40.898  75.990 0.0000000000
107513  -6.757  -42.042  77.986 0.0000000000
38125  -7.151  -40.954  79.359 0.0000000000
126056  -36.518  -25.726  59.884 0.0000000000
51651  -36.853  -25.801  60.354 0.0000000000
51630  -37.367  -25.890  61.044 0.0000000000
52362  -38.826  -25.371  60.642 0.0000000000
51631  -38.768  -25.745  61.434 0.0000000000
51597  -40.178  -26.007  63.047 0.0000000000
106398  -41.002  -26.026  63.373 0.0000000000
59881  -44.431  -15.673  53.219 0.0000000000
60714  -44.774  -14.993  52.822 0.0000000000
107714  -48.871  -13.737  49.763 0.0000000000
60748  -49.925  -14.758  50.548 0.0000000000
60742  -50.839  -14.773  50.986 0.0000000000
60758  -51.886  -14.583  49.869 0.0000000000
60769  -51.030  -14.061  49.122 0.0000000000
34837  -5.192  -45.574  78.643 0.0000000000
44488  -31.654  -33.330  75.517 0.0000000000
128555  -31.310  -33.110  75.083 0.0000000000
44497  -29.888  -33.643  74.049 0.0000000000
46151  -30.252  -32.212  73.588 0.0000000000
47057  -29.016  -31.014  71.129 0.0000000000
47092  -27.989  -30.450  69.435 0.0000000000
39036  -9.569  -39.741  77.553 0.0000000000
128664  -11.708  -39.865  77.851 0.0000000000
39022  -12.131  -39.997  78.177 0.0000000000
38128  -13.438  -40.589  78.155 0.0000000000
40022  -11.801  -39.076  74.699 0.0000000000
38143  -13.429  -40.279  77.527 0.0000000000
37309  -15.492  -42.067  78.477 0.0000000000
36486  -17.495  -43.214  78.615 0.0000000000
118679  -23.594  -42.628  72.409 0.0000000000
36568  -24.148  -42.855  72.965 0.0000000000
35734  -24.706  -43.023  73.496 0.0000000000
37403  -26.185  -41.316  71.671 0.0000000000
126879  -28.697  -43.275  76.291 0.0000000000
36533  -29.999  -42.315  75.432 0.0000000000
36518  -30.742  -42.314  76.400 0.0000000000
114421  -30.961  -39.936  75.205 0.0000000000
39062  -31.816  -39.811  76.440 0.0000000000
116406  -32.130  -39.150  76.982 0.0000000000
41066  -32.055  -37.259  77.097 0.0000000000
39086  -8.943  -40.135  75.026 0.0000000000
38189  -9.424  -39.922  74.308 0.0000000000
52248  -33.961  -24.943  74.134 0.0000000000
51484  -34.887  -25.503  72.142 0.0000000000
51486  -36.589  -25.478  72.503 0.0000000000
121481  -34.673  -26.173  69.337 0.0000000000
51523  -35.287  -26.252  69.678 0.0000000000
120665  -37.708  -25.992  71.250 0.0000000000
50645  -38.460  -26.825  69.404 0.0000000000
53938  -39.815  -22.907  58.856 0.0000000000
53135  -40.292  -23.321  59.443 0.0000000000
53920  -40.938  -22.940  59.688 0.0000000000
53119  -42.184  -23.139  60.399 0.0000000000
54767  -41.962  -21.899  59.654 0.0000000000
53105  -43.310  -23.410  61.174 0.0000000000
53092  -44.691  -23.260  62.347 0.0000000000
55525  -44.035  -21.178  60.721 0.0000000000
54755  -44.648  -21.666  61.299 0.0000000000
53887  -45.111  -22.375  62.028 0.0000000000
30434  1.628  -50.346  81.141 0.0000000000
107545  -31.608  -26.705  61.954 0.0000000000
50769  -32.024  -26.827  62.701 0.0000000000
50788  -32.009  -26.750  61.196 0.0000000000
50789  -32.858  -26.546  61.132 0.0000000000
125399  -33.862  -26.219  60.244 0.0000000000
50830  -34.442  -25.982  59.666 0.0000000000
51688  -33.610  -25.643  58.282 0.0000000000
120347  -34.804  -25.707  58.821 0.0000000000
51671  -35.344  -25.796  59.472 0.0000000000
51672  -36.177  -25.576  59.385 0.0000000000
51691  -36.562  -24.996  58.639 0.0000000000
53152  -36.369  -24.340  58.083 0.0000000000
110726  -37.207  -24.417  58.192 0.0000000000
52410  -38.103  -24.362  58.335 0.0000000000
53154  -38.358  -23.474  58.265 0.0000000000
54787  -37.061  -22.095  57.848 0.0000000000
53952  -38.553  -22.573  58.239 0.0000000000
53953  -39.296  -22.399  58.431 0.0000000000
54790  -39.479  -21.632  58.201 0.0000000000
54791  -40.127  -21.084  58.083 0.0000000000
57163  -41.426  -18.970  58.350 0.0000000000
58038  -37.850  -17.596  57.103 0.0000000000
58039  -38.714  -17.520  57.224 0.0000000000
125666  -41.691  -18.289  58.429 0.0000000000
58865  -41.460  -16.568  58.453 0.0000000000
58864  -41.161  -16.398  58.100 0.0000000000
58855  -41.853  -16.039  58.689 0.0000000000
59808  -42.340  -15.621  58.688 0.0000000000
60650  -42.899  -15.210  58.730 0.0000000000
60659  -42.981  -14.841  58.461 0.0000000000
59837  -42.957  -15.866  57.154 0.0000000000
58887  -43.122  -16.571  56.287 0.0000000000
58904  -43.407  -16.883  55.378 0.0000000000
58933  -43.163  -16.422  53.482 0.0000000000
59893  -42.724  -15.144  52.618 0.0000000000
32958  -4.837  -46.345  78.809 0.0000000000
32957  -4.414  -47.104  78.986 0.0000000000
128105  -3.947  -47.705  79.140 0.0000000000
31978  -3.548  -48.249  83.563 0.0000000000
31158  -2.922  -48.734  83.875 0.0000000000
31173  -2.432  -49.123  80.033 0.0000000000
31166  -1.792  -49.580  80.575 0.0000000000
30432  -1.306  -49.618  82.378 0.0000000000
127151  -1.182  -49.751  81.662 0.0000000000
109574  1.315  -50.567  81.986 0.0000000000
28921  0.693  -51.147  82.870 0.0000000000
28926  1.042  -51.596  82.560 0.0000000000
51420  -34.346  -25.701  76.233 0.0000000000
44466  -33.034  -33.801  77.103 0.0000000000
45315  -32.620  -32.591  76.403 0.0000000000
47028  -31.214  -30.569  73.994 0.0000000000
47029  -31.697  -30.576  74.589 0.0000000000
47984  -32.921  -29.789  76.186 0.0000000000
49734  -33.102  -28.089  75.966 0.0000000000
49743  -33.188  -27.290  75.662 0.0000000000
51468  -33.316  -25.164  73.776 0.0000000000
52259  -33.269  -25.368  73.109 0.0000000000
52273  -32.918  -25.586  72.519 0.0000000000
51483  -32.384  -25.758  72.417 0.0000000000
51531  -32.497  -25.761  68.993 0.0000000000
50618  -31.114  -26.503  70.759 0.0000000000
51506  -31.112  -26.084  70.190 0.0000000000
51529  -30.443  -26.151  68.593 0.0000000000
51519  -31.361  -25.853  69.687 0.0000000000
114441  -31.769  -25.726  69.165 0.0000000000
51555  -32.138  -26.489  66.910 0.0000000000
50687  -31.786  -26.737  66.201 0.0000000000
50686  -30.902  -26.687  66.151 0.0000000000
50710  -31.458  -26.884  65.468 0.0000000000
48073  -27.618  -29.605  68.264 0.0000000000
48941  -27.696  -28.748  67.883 0.0000000000
49828  -27.771  -27.889  67.365 0.0000000000
124252  -27.887  -27.098  66.634 0.0000000000
49841  -27.145  -27.336  66.108 0.0000000000
50684  -28.206  -26.738  66.073 0.0000000000
51551  -28.220  -26.771  65.735 0.0000000000
51581  -27.557  -26.560  64.584 0.0000000000
50727  -29.297  -26.858  64.514 0.0000000000
50765  -28.272  -26.723  62.963 0.0000000000
50767  -30.360  -26.880  62.729 0.0000000000
107565  -30.770  -26.781  61.967 0.0000000000
39019  -10.026  -39.835  78.914 0.0000000000
39004  -10.494  -39.916  79.513 0.0000000000
39102  -14.933  -39.797  73.682 0.0000000000
112512  -15.470  -40.709  74.675 0.0000000000
36512  -16.606  -42.295  76.734 0.0000000000
124224  -17.245  -42.928  78.053 0.0000000000
36565  -21.192  -42.850  72.998 0.0000000000
36547  -19.996  -43.316  73.885 0.0000000000
35712  -19.700  -43.544  74.746 0.0000000000
35716  -23.685  -43.562  74.416 0.0000000000
119961  -22.936  -43.584  74.496 0.0000000000
35694  -19.369  -43.619  75.710 0.0000000000
35663  -20.025  -44.123  77.132 0.0000000000
35661  -18.771  -43.729  78.011 0.0000000000
35646  -18.242  -43.641  78.663 0.0000000000
35637  -18.575  -43.948  79.511 0.0000000000
34823  -20.050  -44.673  79.740 0.0000000000
34811  -19.794  -44.710  80.830 0.0000000000
34825  -22.649  -45.446  79.506 0.0000000000
34814  -22.226  -45.386  80.218 0.0000000000
33965  -4.151  -45.243  74.514 0.0000000000
34856  -5.360  -45.164  76.966 0.0000000000
35708  -5.520  -44.136  73.907 0.0000000000
34838  -5.597  -44.735  78.572 0.0000000000
36459  -6.550  -42.091  80.829 0.0000000000
50748  -33.649  -26.908  63.509 0.0000000000
50749  -34.525  -26.857  63.416 0.0000000000
107548  -35.417  -27.221  64.948 0.0000000000
107066  -36.620  -27.321  65.666 0.0000000000
123493  -36.529  -26.557  62.499 0.0000000000
112897  -38.016  -26.664  62.991 0.0000000000
107546  -37.152  -27.320  64.811 0.0000000000
106674  -37.409  -27.510  65.681 0.0000000000
50693  -37.726  -27.447  66.398 0.0000000000
50675  -39.583  -27.329  67.284 0.0000000000
51598  -41.549  -26.275  63.959 0.0000000000
50736  -41.732  -26.811  64.646 0.0000000000
60660  -43.518  -14.239  58.817 0.0000000000
61500  -43.934  -13.833  58.667 0.0000000000
61501  -44.556  -13.517  58.508 0.0000000000
61502  -45.319  -13.330  58.399 0.0000000000
61503  -46.415  -13.394  58.335 0.0000000000
59852  -46.261  -15.578  55.451 0.0000000000
59840  -46.053  -15.508  56.343 0.0000000000
62344  -47.019  -12.784  58.799 0.0000000000
62345  -48.151  -12.610  58.613 0.0000000000
62346  -49.182  -12.160  58.237 0.0000000000
62347  -50.046  -11.613  58.016 0.0000000000
109580  -47.110  -14.537  52.944 0.0000000000
60717  -47.815  -14.321  53.345 0.0000000000
60705  -48.470  -14.104  53.852 0.0000000000
61533  -49.618  -13.029  54.354 0.0000000000
61569  -53.253  -13.447  51.836 0.0000000000
36499  -16.649  -42.672  77.976 0.0000000000
51513  -37.515  -26.269  70.498 0.0000000000
58018  -43.187  -17.789  58.867 0.0000000000
58040  -39.451  -17.292  57.311 0.0000000000
58874  -41.125  -16.330  57.769 0.0000000000
59817  -42.329  -15.592  58.531 0.0000000000
59823  -41.608  -15.885  58.252 0.0000000000
60749  -50.865  -14.620  50.146 0.0000000000
110324  -33.636  -25.900  75.542 0.0000000000
114854  -40.057  -21.669  58.381 0.0000000000
120713  -34.974  -25.421  58.402 0.0000000000
121852  -17.494  -43.796  80.564 0.0000000000
125732  -38.273  -25.433  60.227 0.0000000000
125841  -32.109  -25.887  72.318 0.0000000000
