#!ascii label  , from subject sub-v1s8x0051346_ses-1 vox2ras=TkReg
1065
39000  -1.889  -39.058  79.405 0.0000000000
128199  -23.272  -36.675  78.221 0.0000000000
50615  -23.748  -26.943  71.544 0.0000000000
41074  -18.619  -36.689  77.326 0.0000000000
57153  -30.386  -18.860  60.291 0.0000000000
54716  -25.357  -20.655  63.171 0.0000000000
42735  -24.553  -34.950  81.660 0.0000000000
109243  -21.874  -40.675  76.961 0.0000000000
59786  -36.949  -15.503  62.352 0.0000000000
63124  -39.206  -10.869  60.537 0.0000000000
64615  -42.276  -9.253  57.950 0.0000000000
55440  -25.160  -20.349  71.328 0.0000000000
53035  -22.642  -23.164  67.429 0.0000000000
108209  -28.042  -21.007  67.915 0.0000000000
53840  -32.129  -22.167  64.814 0.0000000000
125805  -11.553  -33.910  73.990 0.0000000000
37262  0.257  -41.058  82.557 0.0000000000
45328  -24.171  -31.911  74.757 0.0000000000
53000  -26.167  -24.075  74.536 0.0000000000
43701  -16.534  -34.286  72.284 0.0000000000
40053  -19.308  -37.938  73.051 0.0000000000
63185  -39.766  -11.628  52.703 0.0000000000
65340  -44.616  -8.468  55.280 0.0000000000
53916  -29.095  -22.104  60.103 0.0000000000
55524  -35.185  -20.083  62.403 0.0000000000
40011  -2.988  -37.732  76.133 0.0000000000
32940  1.350  -45.344  78.658 0.0000000000
124396  -38.138  -12.573  61.877 0.0000000000
54612  -26.749  -20.671  69.122 0.0000000000
43698  -10.112  -34.070  72.401 0.0000000000
38095  -0.962  -39.864  80.910 0.0000000000
44484  -21.636  -33.363  75.660 0.0000000000
45303  -22.434  -33.279  77.462 0.0000000000
41989  -17.137  -34.954  74.900 0.0000000000
42017  -17.989  -36.052  72.473 0.0000000000
41096  -18.591  -37.278  74.762 0.0000000000
38150  -24.222  -39.757  77.188 0.0000000000
38192  -22.301  -40.525  74.659 0.0000000000
39060  -24.588  -39.159  76.164 0.0000000000
41958  -16.618  -35.443  78.409 0.0000000000
43650  -15.167  -34.284  75.445 0.0000000000
112386  -34.977  -12.278  56.421 0.0000000000
107604  -38.007  -11.817  53.870 0.0000000000
65331  -43.330  -8.600  56.473 0.0000000000
53839  -22.564  -21.853  65.297 0.0000000000
54748  -27.149  -21.150  61.280 0.0000000000
53090  -34.254  -23.120  63.051 0.0000000000
43678  -6.654  -34.499  73.717 0.0000000000
42811  -4.776  -34.673  75.219 0.0000000000
41957  -3.302  -35.987  77.059 0.0000000000
41083  -3.909  -37.288  74.332 0.0000000000
32942  0.701  -45.915  78.000 0.0000000000
42753  -23.195  -35.067  80.170 0.0000000000
44452  -23.915  -32.804  79.372 0.0000000000
44443  -25.687  -32.215  80.024 0.0000000000
39981  -19.333  -37.252  79.619 0.0000000000
40013  -19.545  -38.345  76.756 0.0000000000
38130  -21.168  -39.484  79.090 0.0000000000
39010  -23.421  -39.310  79.808 0.0000000000
58835  -33.816  -16.775  61.617 0.0000000000
60640  -35.402  -14.244  61.252 0.0000000000
62314  -35.885  -12.038  59.830 0.0000000000
62343  -37.931  -10.664  57.828 0.0000000000
63154  -39.654  -10.774  56.494 0.0000000000
64603  -40.246  -9.746  59.150 0.0000000000
53016  -23.675  -23.629  71.410 0.0000000000
51527  -22.699  -24.917  69.278 0.0000000000
53812  -23.446  -22.315  69.268 0.0000000000
54647  -25.192  -20.565  67.445 0.0000000000
54686  -27.000  -20.607  65.482 0.0000000000
107521  -28.218  -20.729  64.071 0.0000000000
54670  -30.264  -20.982  66.274 0.0000000000
43662  -9.948  -33.680  74.983 0.0000000000
43696  -8.581  -34.531  72.695 0.0000000000
65362  -43.689  -8.319  51.109 0.0000000000
36425  1.035  -41.769  82.884 0.0000000000
45337  -22.477  -32.012  73.272 0.0000000000
48026  -24.444  -28.856  72.879 0.0000000000
47007  -25.416  -30.107  76.671 0.0000000000
48879  -25.625  -28.050  74.268 0.0000000000
51481  -25.274  -25.652  73.184 0.0000000000
53799  -24.896  -22.379  73.075 0.0000000000
40039  -20.237  -38.969  74.837 0.0000000000
43634  -12.994  -34.675  76.281 0.0000000000
44505  -13.864  -33.670  73.288 0.0000000000
63901  -40.458  -10.612  55.730 0.0000000000
63912  -41.955  -9.854  54.212 0.0000000000
64642  -42.461  -9.340  52.703 0.0000000000
65352  -45.983  -8.456  53.526 0.0000000000
37319  -1.587  -41.084  76.966 0.0000000000
36480  -0.551  -42.547  77.505 0.0000000000
54777  -29.743  -21.557  59.796 0.0000000000
53865  -30.187  -22.326  62.571 0.0000000000
53898  -31.975  -22.032  61.926 0.0000000000
57140  -32.658  -19.133  61.325 0.0000000000
57983  -36.023  -17.812  62.358 0.0000000000
39998  -2.396  -38.579  77.970 0.0000000000
36456  0.154  -42.491  79.767 0.0000000000
35622  0.954  -43.311  80.406 0.0000000000
35611  1.636  -42.719  80.711 0.0000000000
38096  -1.433  -39.678  80.061 0.0000000000
41962  -23.175  -36.809  77.499 0.0000000000
42803  -21.848  -35.549  76.900 0.0000000000
43615  -22.443  -34.791  78.299 0.0000000000
41979  -18.152  -35.983  76.015 0.0000000000
110020  -18.275  -36.531  74.834 0.0000000000
41095  -18.469  -36.683  75.557 0.0000000000
118205  -24.345  -38.148  78.065 0.0000000000
120495  -24.382  -39.438  76.624 0.0000000000
125310  -24.270  -37.958  77.671 0.0000000000
41076  -24.079  -37.901  76.462 0.0000000000
41050  -18.082  -36.670  78.992 0.0000000000
41049  -17.357  -36.275  79.152 0.0000000000
41959  -17.533  -35.762  77.873 0.0000000000
41969  -17.364  -35.415  76.723 0.0000000000
62378  -37.589  -11.845  54.565 0.0000000000
48914  -23.422  -28.602  71.409 0.0000000000
49810  -22.910  -27.701  70.172 0.0000000000
54702  -24.073  -20.683  64.514 0.0000000000
54727  -23.580  -21.616  63.028 0.0000000000
54730  -26.141  -20.849  62.312 0.0000000000
42002  -5.306  -36.127  73.509 0.0000000000
43657  -5.491  -34.217  74.677 0.0000000000
41987  -4.536  -35.851  74.180 0.0000000000
41977  -3.961  -36.539  74.719 0.0000000000
40032  -4.484  -37.474  73.587 0.0000000000
42743  -23.821  -34.800  80.982 0.0000000000
43599  -23.545  -34.269  80.451 0.0000000000
43601  -24.999  -33.699  81.285 0.0000000000
38995  -20.092  -38.026  80.398 0.0000000000
39025  -20.296  -38.448  78.874 0.0000000000
122321  -21.078  -38.728  80.442 0.0000000000
41027  -24.248  -37.201  81.769 0.0000000000
38985  -23.207  -39.156  81.660 0.0000000000
41035  -23.966  -37.124  81.030 0.0000000000
39974  -24.289  -37.706  79.651 0.0000000000
58837  -35.252  -16.164  62.021 0.0000000000
59800  -34.443  -15.243  61.524 0.0000000000
60631  -35.839  -14.787  61.714 0.0000000000
63119  -39.045  -11.478  61.349 0.0000000000
62307  -36.674  -12.369  60.678 0.0000000000
63123  -38.009  -11.238  60.257 0.0000000000
121456  -36.814  -11.161  58.833 0.0000000000
63127  -38.163  -10.819  59.280 0.0000000000
63129  -39.429  -10.416  58.474 0.0000000000
113260  -39.911  -10.143  59.731 0.0000000000
53806  -24.320  -21.988  71.737 0.0000000000
53809  -23.541  -22.416  70.279 0.0000000000
54591  -24.666  -21.138  70.274 0.0000000000
54631  -27.429  -20.800  68.508 0.0000000000
54629  -25.522  -20.796  68.138 0.0000000000
54648  -26.250  -20.708  67.538 0.0000000000
109440  -25.938  -20.473  66.700 0.0000000000
107585  -27.778  -21.012  67.080 0.0000000000
113136  -27.995  -20.711  65.601 0.0000000000
107436  -29.839  -20.924  67.126 0.0000000000
43647  -11.851  -34.228  75.323 0.0000000000
120601  -10.317  -33.960  75.624 0.0000000000
121155  -10.920  -34.012  74.255 0.0000000000
43697  -9.329  -34.348  72.592 0.0000000000
65363  -45.348  -8.124  51.331 0.0000000000
66188  -45.143  -7.786  50.514 0.0000000000
36426  0.855  -41.762  82.829 0.0000000000
110785  -22.186  -32.202  75.517 0.0000000000
45335  -21.560  -32.666  74.297 0.0000000000
121639  -23.616  -31.870  73.924 0.0000000000
122559  -23.910  -30.827  72.764 0.0000000000
47034  -24.924  -30.375  74.002 0.0000000000
123174  -25.596  -31.048  78.531 0.0000000000
45306  -24.935  -31.517  78.104 0.0000000000
46994  -25.808  -30.237  77.478 0.0000000000
51448  -26.699  -24.910  75.216 0.0000000000
123879  -26.460  -26.814  74.985 0.0000000000
50591  -26.305  -26.030  74.256 0.0000000000
50590  -25.813  -26.598  73.882 0.0000000000
108799  -25.761  -25.149  73.709 0.0000000000
53008  -25.164  -24.021  73.169 0.0000000000
53790  -25.411  -22.907  73.696 0.0000000000
41122  -18.824  -37.372  72.436 0.0000000000
39044  -20.584  -39.457  77.661 0.0000000000
40025  -19.742  -38.791  75.440 0.0000000000
39076  -20.375  -39.297  75.581 0.0000000000
39093  -21.988  -40.013  73.836 0.0000000000
42799  -14.277  -34.903  77.027 0.0000000000
43686  -15.672  -33.880  73.649 0.0000000000
43685  -14.930  -33.893  74.133 0.0000000000
44520  -15.276  -33.672  72.761 0.0000000000
44532  -14.249  -33.556  71.749 0.0000000000
63887  -40.646  -10.054  57.552 0.0000000000
63164  -39.784  -10.749  55.931 0.0000000000
63893  -40.840  -10.195  56.717 0.0000000000
65339  -43.764  -8.695  55.595 0.0000000000
64626  -42.591  -9.317  55.285 0.0000000000
64633  -43.492  -9.122  54.867 0.0000000000
63917  -41.837  -9.834  53.177 0.0000000000
64637  -43.547  -9.090  54.154 0.0000000000
64644  -44.361  -8.677  53.529 0.0000000000
65347  -45.698  -8.380  54.289 0.0000000000
119754  -22.399  -24.569  67.790 0.0000000000
50654  -22.389  -26.205  68.152 0.0000000000
53937  -29.199  -21.799  59.363 0.0000000000
128898  -29.347  -22.072  59.949 0.0000000000
53851  -29.945  -21.675  63.855 0.0000000000
54720  -29.565  -21.797  63.049 0.0000000000
53867  -31.580  -22.695  63.266 0.0000000000
54734  -34.489  -22.045  62.562 0.0000000000
53899  -33.132  -22.332  62.324 0.0000000000
54751  -33.154  -21.754  62.059 0.0000000000
115282  -31.953  -20.903  61.503 0.0000000000
56330  -34.424  -19.264  62.190 0.0000000000
57142  -34.348  -18.209  62.091 0.0000000000
57125  -35.898  -18.848  62.413 0.0000000000
41956  -3.023  -36.799  77.009 0.0000000000
41059  -2.723  -37.206  77.610 0.0000000000
39988  -2.508  -37.662  78.307 0.0000000000
39033  -2.577  -38.745  77.020 0.0000000000
39049  -2.339  -39.660  76.796 0.0000000000
39066  -2.868  -39.054  75.483 0.0000000000
35642  -0.089  -43.054  77.969 0.0000000000
36466  -0.382  -42.024  79.140 0.0000000000
35641  0.299  -43.576  78.545 0.0000000000
32941  1.007  -45.629  78.423 0.0000000000
34817  0.880  -44.251  79.186 0.0000000000
33877  1.163  -44.112  79.389 0.0000000000
34789  1.239  -43.251  80.396 0.0000000000
34816  1.508  -44.036  79.292 0.0000000000
38077  -21.607  -38.883  82.300 0.0000000000
60629  -38.883  -14.225  63.205 0.0000000000
60633  -37.581  -14.032  62.341 0.0000000000
61458  -39.020  -13.433  63.026 0.0000000000
55468  -25.692  -20.512  70.005 0.0000000000
44503  -11.892  -33.712  72.898 0.0000000000
106600  -10.783  -33.920  73.335 0.0000000000
106541  -0.793  -39.332  82.392 0.0000000000
38081  -0.096  -40.582  82.083 0.0000000000
42802  -21.561  -35.081  76.195 0.0000000000
44475  -21.943  -33.567  76.629 0.0000000000
45320  -23.078  -31.925  75.941 0.0000000000
54554  -25.823  -22.391  75.036 0.0000000000
42822  -17.116  -34.842  73.753 0.0000000000
42845  -17.643  -35.325  72.035 0.0000000000
42823  -17.734  -35.471  74.146 0.0000000000
41991  -18.224  -36.785  74.028 0.0000000000
41107  -18.723  -37.329  73.631 0.0000000000
37325  -22.955  -40.907  77.020 0.0000000000
38162  -22.069  -40.889  76.128 0.0000000000
37358  -23.219  -41.113  75.595 0.0000000000
38176  -23.888  -40.998  75.080 0.0000000000
40026  -24.681  -38.791  75.715 0.0000000000
42768  -15.571  -35.267  78.772 0.0000000000
42800  -15.505  -34.866  77.075 0.0000000000
42801  -16.450  -34.912  76.687 0.0000000000
43651  -16.168  -34.435  75.236 0.0000000000
61498  -33.459  -13.061  57.272 0.0000000000
62390  -38.638  -11.971  53.339 0.0000000000
65323  -43.016  -8.078  58.276 0.0000000000
64616  -42.608  -8.864  57.247 0.0000000000
53051  -22.249  -22.621  65.897 0.0000000000
53913  -26.390  -21.922  60.101 0.0000000000
54749  -27.877  -21.445  60.828 0.0000000000
53856  -34.332  -22.519  64.244 0.0000000000
53060  -33.304  -22.874  63.583 0.0000000000
53063  -35.068  -22.350  64.343 0.0000000000
44492  -7.158  -33.395  74.791 0.0000000000
44481  -6.188  -33.447  75.008 0.0000000000
43628  -4.266  -34.307  76.155 0.0000000000
42792  -3.754  -35.100  76.564 0.0000000000
123874  -3.576  -36.427  75.607 0.0000000000
40021  -3.139  -38.145  75.420 0.0000000000
39084  -3.054  -39.352  74.645 0.0000000000
39085  -3.502  -39.167  73.936 0.0000000000
41948  -23.627  -36.811  78.786 0.0000000000
43616  -22.657  -34.348  79.028 0.0000000000
43607  -23.018  -34.269  79.863 0.0000000000
44442  -25.067  -32.368  79.518 0.0000000000
40000  -19.147  -37.103  78.201 0.0000000000
115011  -19.339  -37.618  77.331 0.0000000000
119099  -19.539  -37.651  78.013 0.0000000000
39043  -20.174  -38.689  78.040 0.0000000000
38146  -21.140  -39.909  78.225 0.0000000000
38104  -21.913  -39.018  81.095 0.0000000000
107934  -22.291  -39.857  79.370 0.0000000000
37298  -22.767  -40.364  78.699 0.0000000000
38133  -23.762  -40.045  78.267 0.0000000000
39991  -24.402  -37.904  78.881 0.0000000000
39980  -18.593  -37.008  80.006 0.0000000000
58010  -31.970  -17.464  60.780 0.0000000000
125758  -31.065  -17.656  59.513 0.0000000000
58845  -32.370  -16.088  60.449 0.0000000000
60638  -33.424  -14.586  60.447 0.0000000000
61476  -33.814  -13.542  59.204 0.0000000000
61461  -36.626  -13.788  61.562 0.0000000000
61478  -35.347  -12.730  60.302 0.0000000000
61488  -34.376  -12.826  58.758 0.0000000000
62341  -35.701  -11.638  57.683 0.0000000000
62356  -36.463  -11.455  56.840 0.0000000000
62357  -37.403  -11.149  56.551 0.0000000000
62368  -38.196  -11.141  56.184 0.0000000000
63145  -38.729  -10.715  57.357 0.0000000000
63137  -39.824  -10.533  57.681 0.0000000000
64610  -41.714  -9.215  58.560 0.0000000000
64600  -41.098  -9.192  60.440 0.0000000000
65317  -42.919  -7.956  59.166 0.0000000000
115043  -23.627  -25.275  71.354 0.0000000000
50639  -23.128  -26.394  70.060 0.0000000000
52302  -22.967  -24.696  69.948 0.0000000000
116339  -22.703  -24.025  69.261 0.0000000000
53036  -22.927  -22.952  68.092 0.0000000000
54610  -24.914  -20.913  69.491 0.0000000000
53817  -23.993  -21.542  68.698 0.0000000000
53820  -23.296  -21.592  67.122 0.0000000000
54664  -23.771  -20.852  66.387 0.0000000000
54685  -24.937  -20.202  65.176 0.0000000000
122039  -26.064  -20.311  64.861 0.0000000000
54717  -26.643  -20.465  63.290 0.0000000000
54687  -27.768  -20.612  64.879 0.0000000000
54689  -29.488  -21.132  64.680 0.0000000000
54691  -30.901  -21.135  65.427 0.0000000000
54672  -32.544  -21.010  66.245 0.0000000000
54693  -33.262  -21.517  65.491 0.0000000000
113010  -9.244  -33.754  75.039 0.0000000000
109168  -9.839  -33.977  73.388 0.0000000000
43681  -9.072  -34.247  73.422 0.0000000000
43660  -8.094  -33.997  74.056 0.0000000000
43679  -7.491  -34.362  73.465 0.0000000000
47056  -23.795  -29.299  72.382 0.0000000000
48915  -23.778  -28.019  72.045 0.0000000000
45291  -23.470  -32.574  78.461 0.0000000000
45313  -23.811  -31.674  76.527 0.0000000000
124563  -24.344  -31.410  76.075 0.0000000000
47994  -25.686  -29.093  75.500 0.0000000000
47027  -25.352  -29.730  74.797 0.0000000000
48014  -25.111  -28.660  73.633 0.0000000000
49790  -24.649  -26.975  72.677 0.0000000000
50616  -24.264  -26.575  72.033 0.0000000000
52290  -24.226  -24.855  72.025 0.0000000000
53798  -24.600  -22.633  72.537 0.0000000000
54571  -24.662  -21.137  71.945 0.0000000000
54561  -25.278  -21.560  73.763 0.0000000000
55414  -25.154  -20.524  73.281 0.0000000000
40012  -19.155  -37.853  76.340 0.0000000000
40038  -19.593  -38.482  74.776 0.0000000000
120724  -19.790  -38.320  73.819 0.0000000000
39092  -21.500  -40.054  74.728 0.0000000000
124570  -20.875  -39.377  73.462 0.0000000000
42797  -12.273  -34.533  76.718 0.0000000000
115536  -12.695  -34.289  75.091 0.0000000000
43649  -14.189  -34.413  75.514 0.0000000000
43665  -13.586  -34.199  74.768 0.0000000000
43684  -13.310  -33.861  73.932 0.0000000000
44518  -13.607  -33.521  72.407 0.0000000000
63173  -38.510  -11.386  54.915 0.0000000000
63174  -39.276  -11.148  54.717 0.0000000000
63183  -39.888  -10.889  54.429 0.0000000000
63897  -41.775  -9.717  55.708 0.0000000000
63911  -41.275  -10.295  54.630 0.0000000000
63920  -40.624  -10.722  53.053 0.0000000000
63921  -41.174  -10.363  52.564 0.0000000000
63924  -41.315  -10.592  51.577 0.0000000000
63925  -42.004  -10.081  51.202 0.0000000000
64647  -43.047  -8.852  52.232 0.0000000000
65357  -44.613  -8.556  52.565 0.0000000000
38124  -1.763  -40.068  78.229 0.0000000000
38123  -1.260  -40.648  78.772 0.0000000000
37318  -1.018  -41.751  77.516 0.0000000000
49809  -22.679  -27.210  69.418 0.0000000000
56342  -30.192  -19.912  60.203 0.0000000000
107030  -28.170  -21.131  62.718 0.0000000000
54732  -28.936  -21.629  62.365 0.0000000000
53880  -29.408  -22.167  61.692 0.0000000000
53072  -32.151  -22.908  62.890 0.0000000000
53086  -31.303  -22.579  62.161 0.0000000000
53918  -30.580  -22.113  61.018 0.0000000000
54764  -30.619  -21.585  60.439 0.0000000000
118931  -30.825  -20.850  60.509 0.0000000000
57154  -31.216  -18.909  60.741 0.0000000000
57997  -32.787  -18.092  61.244 0.0000000000
57999  -34.481  -17.299  62.003 0.0000000000
58825  -36.537  -16.161  62.402 0.0000000000
39970  -1.873  -38.006  80.380 0.0000000000
39978  -2.296  -37.754  79.115 0.0000000000
39016  -2.020  -39.248  78.539 0.0000000000
38139  -1.912  -40.276  77.347 0.0000000000
37333  -1.844  -41.461  75.950 0.0000000000
37291  -0.697  -41.222  79.364 0.0000000000
36457  -0.253  -41.768  79.954 0.0000000000
108166  0.392  -42.338  80.550 0.0000000000
34818  0.629  -43.984  79.000 0.0000000000
35623  0.619  -43.027  80.154 0.0000000000
36445  0.518  -42.057  81.342 0.0000000000
36434  0.979  -42.160  82.329 0.0000000000
36444  1.496  -42.291  81.399 0.0000000000
33889  1.860  -44.528  78.860 0.0000000000
34815  1.742  -43.754  79.344 0.0000000000
120787  -1.781  -38.825  80.205 0.0000000000
41946  -22.729  -36.180  78.042 0.0000000000
42787  -22.331  -35.501  77.807 0.0000000000
41970  -18.091  -36.175  77.045 0.0000000000
41084  -18.565  -36.669  76.451 0.0000000000
41064  -23.833  -37.340  77.877 0.0000000000
123257  -24.066  -37.855  77.204 0.0000000000
41061  -18.580  -36.673  78.171 0.0000000000
41060  -17.888  -36.291  78.496 0.0000000000
41960  -18.185  -36.344  77.804 0.0000000000
117023  -37.161  -11.733  54.982 0.0000000000
49798  -23.405  -27.350  70.907 0.0000000000
48923  -23.304  -28.097  70.891 0.0000000000
54715  -24.262  -20.896  63.552 0.0000000000
54714  -23.386  -21.362  63.940 0.0000000000
54728  -24.358  -21.249  62.653 0.0000000000
54729  -25.107  -21.066  62.310 0.0000000000
41105  -5.176  -36.994  73.312 0.0000000000
41094  -4.494  -36.709  73.900 0.0000000000
115432  -24.019  -35.684  81.094 0.0000000000
43600  -24.216  -33.899  80.886 0.0000000000
123212  -24.527  -34.255  81.410 0.0000000000
38102  -20.501  -38.259  80.624 0.0000000000
128291  -20.979  -38.326  80.858 0.0000000000
126842  -24.463  -35.779  81.604 0.0000000000
41026  -24.137  -36.486  81.170 0.0000000000
38984  -19.759  -38.030  81.056 0.0000000000
59794  -36.244  -15.338  62.128 0.0000000000
59793  -35.546  -15.520  61.941 0.0000000000
59795  -36.717  -14.904  62.108 0.0000000000
124721  -38.618  -11.214  60.638 0.0000000000
110285  -38.786  -10.783  59.795 0.0000000000
125727  -39.232  -10.506  59.198 0.0000000000
63883  -39.452  -10.512  59.812 0.0000000000
54581  -24.615  -21.143  71.081 0.0000000000
53810  -24.059  -21.760  70.775 0.0000000000
54649  -27.175  -20.842  67.704 0.0000000000
107586  -26.903  -20.761  66.909 0.0000000000
54668  -28.348  -20.927  66.383 0.0000000000
107584  -28.790  -20.990  67.285 0.0000000000
113961  -11.333  -34.137  74.773 0.0000000000
65364  -46.052  -8.120  51.884 0.0000000000
38068  -0.030  -40.404  82.899 0.0000000000
117905  0.251  -40.757  83.257 0.0000000000
37256  0.548  -41.294  83.066 0.0000000000
45327  -22.952  -31.924  74.908 0.0000000000
46158  -24.222  -31.155  73.523 0.0000000000
46150  -24.560  -31.369  74.387 0.0000000000
46129  -26.057  -30.505  78.124 0.0000000000
46995  -26.318  -30.038  77.809 0.0000000000
52247  -26.413  -24.779  74.671 0.0000000000
51447  -26.508  -25.454  74.715 0.0000000000
51465  -26.234  -25.343  74.215 0.0000000000
52258  -26.032  -24.618  74.135 0.0000000000
52999  -25.647  -23.796  73.835 0.0000000000
53791  -25.849  -23.355  74.370 0.0000000000
43716  -15.745  -33.850  71.842 0.0000000000
43717  -16.435  -34.422  71.287 0.0000000000
38160  -21.189  -40.170  77.294 0.0000000000
39059  -20.605  -39.608  76.555 0.0000000000
38161  -21.411  -40.330  76.339 0.0000000000
43700  -16.004  -33.899  72.791 0.0000000000
64614  -41.617  -9.667  57.844 0.0000000000
123524  -41.334  -9.765  57.144 0.0000000000
64627  -43.256  -9.018  55.389 0.0000000000
64634  -44.119  -8.870  55.032 0.0000000000
64638  -44.312  -8.773  54.412 0.0000000000
65346  -44.895  -8.475  54.655 0.0000000000
116755  -22.374  -24.067  67.209 0.0000000000
53915  -28.216  -21.793  59.893 0.0000000000
53934  -27.509  -22.321  59.139 0.0000000000
53936  -28.845  -21.999  59.190 0.0000000000
54707  -31.299  -21.777  64.641 0.0000000000
53852  -30.864  -22.132  63.775 0.0000000000
53853  -31.827  -22.435  64.059 0.0000000000
54753  -34.947  -20.941  62.475 0.0000000000
54752  -34.033  -21.428  62.251 0.0000000000
55522  -33.247  -20.834  61.908 0.0000000000
117478  -35.379  -19.345  62.374 0.0000000000
41072  -2.843  -37.450  76.876 0.0000000000
39999  -2.642  -37.921  77.421 0.0000000000
40010  -2.746  -38.041  76.734 0.0000000000
39050  -2.649  -39.148  76.304 0.0000000000
40020  -2.812  -38.469  76.196 0.0000000000
34836  0.074  -43.979  77.624 0.0000000000
33891  1.036  -44.757  78.853 0.0000000000
33890  1.439  -44.648  78.932 0.0000000000
55442  -27.732  -19.938  71.011 0.0000000000
44516  -11.939  -33.701  71.657 0.0000000000
38976  -1.175  -39.291  81.451 0.0000000000
38082  -0.586  -39.961  81.739 0.0000000000
38069  -0.359  -40.015  82.466 0.0000000000
37271  -0.411  -40.694  81.133 0.0000000000
41971  -22.330  -36.448  76.309 0.0000000000
122054  -22.074  -33.962  77.341 0.0000000000
43637  -21.748  -34.536  76.833 0.0000000000
45311  -22.515  -32.755  76.839 0.0000000000
37327  -23.714  -40.359  77.443 0.0000000000
37341  -23.134  -41.077  76.318 0.0000000000
37343  -23.760  -40.605  76.677 0.0000000000
38164  -24.591  -39.829  75.820 0.0000000000
114283  -24.213  -40.400  76.027 0.0000000000
108206  -24.573  -40.320  75.218 0.0000000000
38195  -24.393  -40.576  74.735 0.0000000000
39078  -24.795  -39.393  75.382 0.0000000000
41945  -17.267  -35.910  78.697 0.0000000000
41048  -16.823  -36.146  79.661 0.0000000000
41944  -16.522  -35.753  79.175 0.0000000000
42785  -15.861  -34.986  77.999 0.0000000000
42786  -16.615  -35.166  77.507 0.0000000000
41978  -17.490  -35.376  75.745 0.0000000000
42813  -16.834  -34.791  75.933 0.0000000000
43668  -16.391  -34.354  74.260 0.0000000000
61499  -34.290  -12.585  56.793 0.0000000000
54747  -26.324  -21.220  61.307 0.0000000000
54763  -26.834  -21.401  60.623 0.0000000000
53857  -34.845  -22.290  64.554 0.0000000000
53062  -34.498  -22.778  63.961 0.0000000000
54721  -36.186  -20.870  64.110 0.0000000000
43658  -6.387  -33.886  74.300 0.0000000000
43641  -5.246  -33.804  75.314 0.0000000000
43629  -4.655  -34.296  75.663 0.0000000000
42793  -4.228  -34.956  75.802 0.0000000000
41082  -3.439  -37.280  75.305 0.0000000000
114688  -3.467  -37.841  74.705 0.0000000000
39067  -3.283  -38.584  74.671 0.0000000000
41935  -23.188  -36.032  79.590 0.0000000000
42770  -22.802  -35.239  79.368 0.0000000000
44432  -24.776  -33.274  80.626 0.0000000000
122953  -24.610  -32.880  80.009 0.0000000000
39990  -19.503  -37.376  78.720 0.0000000000
39009  -20.703  -38.905  79.394 0.0000000000
39026  -20.666  -39.198  78.570 0.0000000000
38078  -21.997  -39.154  82.401 0.0000000000
38091  -21.983  -39.093  81.790 0.0000000000
38997  -23.364  -38.944  80.665 0.0000000000
38105  -22.510  -39.546  80.538 0.0000000000
38117  -22.659  -39.947  79.545 0.0000000000
37299  -23.234  -40.177  78.740 0.0000000000
38119  -23.585  -39.790  78.863 0.0000000000
41041  -24.171  -37.300  79.562 0.0000000000
41936  -23.825  -36.742  79.588 0.0000000000
41051  -24.189  -37.523  78.643 0.0000000000
39007  -19.731  -37.653  80.070 0.0000000000
39989  -18.811  -36.912  79.114 0.0000000000
58011  -32.876  -17.085  61.299 0.0000000000
115717  -32.352  -16.650  60.867 0.0000000000
58846  -33.052  -16.084  61.238 0.0000000000
60639  -34.419  -14.471  61.082 0.0000000000
113793  -33.654  -15.209  61.187 0.0000000000
60648  -33.243  -14.178  59.580 0.0000000000
60649  -34.027  -13.847  60.189 0.0000000000
61463  -37.852  -13.238  62.147 0.0000000000
61462  -37.187  -13.497  61.814 0.0000000000
62315  -36.471  -12.026  60.111 0.0000000000
61479  -36.068  -12.523  60.628 0.0000000000
61489  -35.151  -12.331  59.357 0.0000000000
62325  -35.058  -12.165  58.290 0.0000000000
62326  -35.749  -11.640  58.816 0.0000000000
109644  -37.187  -10.858  58.416 0.0000000000
108812  -36.452  -11.100  58.206 0.0000000000
62342  -37.252  -10.818  57.419 0.0000000000
121536  -36.891  -11.487  56.266 0.0000000000
62358  -38.175  -10.880  56.941 0.0000000000
63886  -40.043  -10.040  58.347 0.0000000000
64609  -40.889  -9.650  58.442 0.0000000000
65316  -42.277  -8.265  59.637 0.0000000000
52289  -23.783  -24.406  71.567 0.0000000000
119980  -23.263  -25.204  70.498 0.0000000000
52298  -23.338  -24.364  70.823 0.0000000000
53028  -23.120  -23.170  69.727 0.0000000000
53031  -22.972  -23.087  68.823 0.0000000000
53816  -23.376  -22.346  68.371 0.0000000000
55469  -26.461  -20.434  69.783 0.0000000000
112936  -25.263  -20.805  69.953 0.0000000000
54611  -25.799  -20.637  69.508 0.0000000000
119025  -24.764  -20.909  68.719 0.0000000000
54628  -24.541  -21.069  68.016 0.0000000000
53821  -23.793  -21.722  67.852 0.0000000000
54646  -24.161  -20.906  67.319 0.0000000000
114078  -25.892  -20.429  65.854 0.0000000000
119058  -24.797  -20.416  65.996 0.0000000000
54704  -27.098  -20.520  64.319 0.0000000000
54669  -29.306  -20.986  66.369 0.0000000000
113119  -28.919  -20.901  65.574 0.0000000000
54690  -29.845  -21.103  65.489 0.0000000000
115393  -32.918  -20.827  66.970 0.0000000000
54692  -32.390  -21.597  65.390 0.0000000000
53829  -34.230  -21.465  65.505 0.0000000000
43645  -9.707  -33.756  75.624 0.0000000000
43644  -9.419  -33.690  75.775 0.0000000000
43680  -8.303  -34.306  73.396 0.0000000000
110814  -8.829  -34.051  74.174 0.0000000000
42834  -7.822  -34.754  72.823 0.0000000000
120300  1.435  -41.370  82.835 0.0000000000
44507  -21.611  -33.368  73.951 0.0000000000
45343  -22.595  -32.103  72.289 0.0000000000
47042  -24.200  -29.851  72.808 0.0000000000
48043  -23.775  -28.608  72.256 0.0000000000
48905  -24.274  -28.103  72.647 0.0000000000
44451  -22.929  -33.282  78.932 0.0000000000
46993  -25.082  -30.521  77.158 0.0000000000
45305  -23.903  -31.929  77.638 0.0000000000
46127  -24.487  -31.118  77.142 0.0000000000
46138  -24.736  -30.761  76.441 0.0000000000
49756  -26.223  -27.502  74.790 0.0000000000
48868  -25.981  -28.325  75.114 0.0000000000
48006  -25.440  -28.823  74.580 0.0000000000
47035  -25.150  -29.405  74.033 0.0000000000
50604  -25.253  -26.426  73.276 0.0000000000
122419  -25.196  -27.144  73.445 0.0000000000
50617  -24.772  -26.167  72.573 0.0000000000
51494  -24.255  -25.776  71.989 0.0000000000
51480  -24.725  -25.305  72.590 0.0000000000
112269  -25.077  -23.193  73.160 0.0000000000
53007  -24.670  -23.495  72.595 0.0000000000
113588  -24.589  -21.883  72.440 0.0000000000
54572  -24.789  -21.403  72.932 0.0000000000
54548  -25.760  -21.458  75.079 0.0000000000
54553  -25.562  -21.775  74.452 0.0000000000
55400  -25.564  -20.779  74.218 0.0000000000
56253  -25.423  -19.729  72.837 0.0000000000
42026  -17.952  -36.000  71.377 0.0000000000
127229  -19.382  -38.500  75.350 0.0000000000
120854  -20.163  -38.720  74.218 0.0000000000
38175  -21.784  -40.487  75.470 0.0000000000
120606  -12.439  -34.439  75.857 0.0000000000
43648  -13.288  -34.495  75.616 0.0000000000
43636  -14.759  -34.617  76.246 0.0000000000
44493  -14.163  -33.894  74.074 0.0000000000
43666  -14.584  -34.102  74.768 0.0000000000
44504  -12.964  -33.611  73.092 0.0000000000
63153  -38.953  -10.862  56.544 0.0000000000
63162  -38.780  -11.106  55.830 0.0000000000
110028  -39.292  -10.864  56.090 0.0000000000
63175  -39.901  -10.903  55.294 0.0000000000
63910  -40.555  -10.643  55.012 0.0000000000
64620  -42.484  -9.070  56.504 0.0000000000
63903  -41.895  -9.762  55.058 0.0000000000
63915  -40.547  -10.569  54.076 0.0000000000
63916  -41.257  -10.305  53.658 0.0000000000
64641  -41.723  -9.824  52.089 0.0000000000
64646  -42.396  -9.350  51.698 0.0000000000
106581  -45.362  -8.541  53.129 0.0000000000
108577  -45.416  -8.423  52.240 0.0000000000
37304  -1.407  -40.868  77.890 0.0000000000
36494  -1.359  -41.811  76.653 0.0000000000
51517  -22.997  -25.601  69.755 0.0000000000
123188  -22.886  -26.732  69.755 0.0000000000
50638  -22.724  -26.370  69.213 0.0000000000
55548  -29.437  -20.915  59.238 0.0000000000
55535  -30.056  -20.952  59.955 0.0000000000
54718  -27.749  -20.720  63.380 0.0000000000
54719  -28.679  -21.223  63.237 0.0000000000
54733  -29.655  -22.168  62.289 0.0000000000
53881  -30.032  -22.497  61.889 0.0000000000
53074  -33.750  -23.208  63.156 0.0000000000
53073  -32.981  -22.872  63.103 0.0000000000
128934  -33.341  -23.007  62.887 0.0000000000
54750  -32.605  -21.883  62.001 0.0000000000
53101  -31.978  -22.474  62.175 0.0000000000
53897  -31.278  -22.328  61.701 0.0000000000
53896  -30.493  -22.460  61.582 0.0000000000
53919  -31.293  -21.808  61.346 0.0000000000
125820  -32.438  -20.260  61.509 0.0000000000
55536  -31.522  -20.401  61.158 0.0000000000
56344  -31.807  -19.477  61.102 0.0000000000
56343  -30.947  -19.716  60.740 0.0000000000
57155  -31.929  -18.523  60.949 0.0000000000
57143  -35.179  -17.919  62.279 0.0000000000
58000  -35.349  -16.912  62.242 0.0000000000
58001  -36.194  -16.904  62.395 0.0000000000
39987  -2.205  -38.425  78.832 0.0000000000
39032  -2.205  -39.447  77.668 0.0000000000
38155  -2.531  -39.829  75.954 0.0000000000
38154  -2.114  -40.512  76.443 0.0000000000
38170  -2.366  -40.691  75.507 0.0000000000
37303  -0.875  -41.449  78.484 0.0000000000
35632  0.036  -42.780  78.862 0.0000000000
37281  0.026  -41.608  80.768 0.0000000000
126160  -0.032  -41.948  80.213 0.0000000000
33910  0.547  -45.337  77.975 0.0000000000
34835  0.438  -44.417  78.217 0.0000000000
124983  0.709  -44.596  78.621 0.0000000000
34803  0.808  -43.657  79.723 0.0000000000
35614  0.840  -42.744  80.894 0.0000000000
35601  0.908  -42.420  81.627 0.0000000000
35613  0.857  -42.914  81.092 0.0000000000
35621  1.532  -43.113  80.378 0.0000000000
35612  1.366  -42.781  80.832 0.0000000000
33908  2.394  -45.244  78.500 0.0000000000
41961  -22.510  -36.272  77.235 0.0000000000
120524  -22.124  -34.604  77.683 0.0000000000
44463  -22.316  -33.778  77.883 0.0000000000
41990  -17.912  -35.797  75.070 0.0000000000
128505  -18.256  -36.256  75.367 0.0000000000
41085  -18.825  -37.298  75.869 0.0000000000
40003  -24.272  -38.609  77.610 0.0000000000
112994  -24.390  -38.869  76.904 0.0000000000
40015  -24.473  -38.619  76.527 0.0000000000
40014  -24.304  -38.213  76.899 0.0000000000
41063  -23.617  -37.442  76.965 0.0000000000
118668  -18.102  -36.834  79.619 0.0000000000
62354  -35.486  -12.517  55.926 0.0000000000
48055  -23.024  -29.530  70.797 0.0000000000
54701  -23.265  -21.294  64.875 0.0000000000
53850  -22.661  -21.994  64.318 0.0000000000
53864  -23.019  -22.218  63.473 0.0000000000
54746  -25.382  -21.322  61.635 0.0000000000
109279  -26.938  -21.034  61.901 0.0000000000
41988  -6.121  -35.363  73.619 0.0000000000
117547  -5.867  -34.773  74.133 0.0000000000
126334  -5.306  -35.413  73.943 0.0000000000
42821  -5.004  -35.089  74.552 0.0000000000
106465  -4.184  -35.593  75.142 0.0000000000
40031  -3.800  -38.144  73.860 0.0000000000
41926  -23.561  -35.824  80.386 0.0000000000
107964  -25.277  -32.739  80.319 0.0000000000
39024  -19.915  -37.759  79.206 0.0000000000
39008  -20.289  -38.216  79.679 0.0000000000
38996  -20.641  -38.618  80.075 0.0000000000
38115  -21.105  -39.142  79.891 0.0000000000
38093  -22.728  -39.395  81.963 0.0000000000
39968  -23.808  -37.754  81.441 0.0000000000
38986  -23.566  -38.328  81.018 0.0000000000
39975  -23.957  -37.613  80.530 0.0000000000
38998  -23.889  -38.365  79.861 0.0000000000
41034  -24.027  -37.064  80.351 0.0000000000
41927  -23.891  -36.546  80.387 0.0000000000
38994  -19.374  -37.792  80.805 0.0000000000
58836  -34.658  -16.484  61.885 0.0000000000
58847  -34.071  -15.908  61.600 0.0000000000
59792  -34.895  -15.748  61.761 0.0000000000
59801  -35.126  -14.983  61.634 0.0000000000
62303  -38.111  -11.812  61.248 0.0000000000
62302  -37.510  -12.619  61.557 0.0000000000
62308  -37.293  -11.952  60.700 0.0000000000
62316  -36.944  -11.774  59.941 0.0000000000
62327  -36.512  -11.531  59.310 0.0000000000
62328  -37.096  -11.241  59.205 0.0000000000
62329  -37.673  -10.835  58.799 0.0000000000
63135  -38.420  -10.629  58.281 0.0000000000
63128  -38.869  -10.609  58.801 0.0000000000
63884  -39.655  -10.200  59.110 0.0000000000
53023  -23.776  -22.694  71.299 0.0000000000
53022  -23.357  -23.348  70.643 0.0000000000
53813  -24.032  -21.517  69.738 0.0000000000
54613  -27.722  -20.653  69.250 0.0000000000
54630  -26.506  -20.780  68.307 0.0000000000
54665  -24.844  -20.405  66.705 0.0000000000
54667  -27.441  -20.813  66.294 0.0000000000
43632  -10.742  -34.192  76.167 0.0000000000
43646  -11.056  -34.208  75.486 0.0000000000
43663  -10.642  -33.957  74.916 0.0000000000
43710  -9.534  -34.634  71.620 0.0000000000
119208  -44.564  -8.340  51.637 0.0000000000
65366  -43.449  -8.593  50.370 0.0000000000
65367  -44.337  -8.087  50.602 0.0000000000
66198  -44.655  -7.808  49.738 0.0000000000
44494  -21.471  -33.232  74.828 0.0000000000
45318  -21.616  -32.631  75.196 0.0000000000
45326  -21.864  -32.086  74.658 0.0000000000
46157  -23.445  -31.642  72.907 0.0000000000
127362  -24.492  -30.375  73.267 0.0000000000
48013  -24.810  -29.582  73.386 0.0000000000
45292  -24.535  -32.222  78.631 0.0000000000
46128  -25.322  -30.773  77.783 0.0000000000
49742  -26.482  -27.274  75.586 0.0000000000
50576  -26.528  -26.140  74.800 0.0000000000
49771  -26.243  -26.714  74.407 0.0000000000
49770  -25.742  -27.308  74.049 0.0000000000
51464  -25.850  -25.886  73.775 0.0000000000
52272  -25.192  -24.838  73.169 0.0000000000
52257  -25.594  -24.476  73.632 0.0000000000
56227  -25.873  -19.902  74.381 0.0000000000
42005  -18.376  -36.730  73.014 0.0000000000
39058  -20.044  -38.874  77.144 0.0000000000
39075  -19.872  -38.952  76.217 0.0000000000
112565  -23.182  -40.927  74.762 0.0000000000
42798  -13.249  -34.843  76.944 0.0000000000
43667  -15.503  -34.083  74.606 0.0000000000
44506  -14.726  -33.706  73.458 0.0000000000
44519  -14.441  -33.573  72.638 0.0000000000
44533  -14.956  -33.572  72.016 0.0000000000
111277  -14.976  -33.730  71.186 0.0000000000
63892  -40.137  -10.633  56.942 0.0000000000
63895  -40.298  -10.579  56.316 0.0000000000
63896  -41.063  -10.321  56.075 0.0000000000
115204  -43.053  -8.924  55.894 0.0000000000
64632  -42.688  -9.374  54.611 0.0000000000
64636  -42.627  -9.374  53.736 0.0000000000
64643  -43.304  -8.922  53.245 0.0000000000
65351  -45.128  -8.454  53.948 0.0000000000
36508  -1.444  -42.408  75.965 0.0000000000
52305  -22.531  -24.696  68.550 0.0000000000
51516  -22.594  -25.524  68.825 0.0000000000
51538  -22.354  -25.326  67.916 0.0000000000
53917  -29.909  -22.007  60.196 0.0000000000
54705  -29.136  -21.179  63.905 0.0000000000
128768  -30.277  -22.111  63.212 0.0000000000
53866  -30.838  -22.519  62.922 0.0000000000
53884  -34.105  -22.744  62.550 0.0000000000
127753  -33.572  -22.625  62.416 0.0000000000
53900  -33.694  -22.205  62.266 0.0000000000
54766  -31.953  -21.484  61.692 0.0000000000
55521  -32.552  -21.239  61.792 0.0000000000
56329  -33.406  -19.745  61.772 0.0000000000
57141  -33.544  -18.676  61.686 0.0000000000
56331  -35.051  -18.686  62.281 0.0000000000
109457  -2.826  -36.548  77.752 0.0000000000
41047  -2.630  -36.930  78.223 0.0000000000
116746  -0.465  -42.256  78.268 0.0000000000
33892  0.819  -45.021  78.518 0.0000000000
34802  1.054  -43.706  79.883 0.0000000000
34801  1.431  -43.572  79.883 0.0000000000
38089  -21.118  -38.312  81.407 0.0000000000
41018  -24.551  -37.307  82.744 0.0000000000
60628  -38.116  -14.623  62.897 0.0000000000
60627  -37.288  -14.795  62.387 0.0000000000
61457  -38.326  -13.757  62.697 0.0000000000
61464  -38.539  -13.003  62.418 0.0000000000
63120  -39.558  -10.888  61.187 0.0000000000
63880  -39.898  -10.384  60.559 0.0000000000
122091  -25.765  -19.766  71.285 0.0000000000
54592  -25.174  -20.671  70.493 0.0000000000
55457  -25.875  -20.074  70.494 0.0000000000
55458  -27.219  -20.233  70.242 0.0000000000
55470  -27.304  -20.538  69.637 0.0000000000
54593  -27.985  -20.499  69.789 0.0000000000
125122  -29.483  -20.939  67.851 0.0000000000
43699  -11.010  -33.804  72.096 0.0000000000
37270  0.176  -41.324  81.713 0.0000000000
44474  -21.559  -34.262  76.024 0.0000000000
45319  -21.988  -32.783  76.024 0.0000000000
122865  -22.566  -32.326  76.247 0.0000000000
52991  -26.275  -23.683  74.890 0.0000000000
43687  -16.538  -34.263  73.268 0.0000000000
42835  -17.142  -34.775  72.706 0.0000000000
42836  -17.579  -35.434  73.124 0.0000000000
125052  -18.149  -36.104  74.348 0.0000000000
42004  -18.066  -36.073  73.543 0.0000000000
120649  -22.510  -40.970  76.649 0.0000000000
126728  -22.674  -41.096  76.022 0.0000000000
37359  -23.758  -40.949  75.943 0.0000000000
42784  -14.853  -35.018  77.894 0.0000000000
42812  -15.787  -34.611  76.110 0.0000000000
62397  -39.238  -12.159  52.740 0.0000000000
65326  -42.658  -8.650  57.916 0.0000000000
65327  -43.200  -8.330  57.434 0.0000000000
65341  -45.376  -8.219  54.967 0.0000000000
53044  -22.644  -22.427  66.860 0.0000000000
53043  -22.298  -23.410  66.542 0.0000000000
53895  -28.945  -21.969  60.877 0.0000000000
53855  -33.533  -22.576  64.165 0.0000000000
53854  -32.694  -22.525  64.167 0.0000000000
53061  -34.008  -23.037  63.690 0.0000000000
53076  -34.695  -22.781  63.693 0.0000000000
53885  -34.890  -22.397  63.197 0.0000000000
54735  -35.328  -21.493  62.943 0.0000000000
125260  -35.864  -20.929  63.523 0.0000000000
55507  -35.705  -20.624  62.885 0.0000000000
56317  -36.439  -19.527  63.024 0.0000000000
42810  -3.671  -35.723  76.065 0.0000000000
41968  -3.352  -36.419  76.398 0.0000000000
41073  -3.203  -37.036  76.226 0.0000000000
41947  -22.914  -36.127  78.803 0.0000000000
42769  -22.590  -35.397  78.564 0.0000000000
44441  -23.136  -33.514  79.553 0.0000000000
43608  -23.830  -33.462  80.166 0.0000000000
123542  -25.351  -31.779  78.888 0.0000000000
44433  -25.468  -33.187  80.977 0.0000000000
41062  -19.008  -37.036  77.578 0.0000000000
40001  -19.702  -38.205  77.610 0.0000000000
39042  -19.872  -37.997  78.370 0.0000000000
38103  -21.486  -38.689  80.981 0.0000000000
118107  -21.588  -39.049  80.427 0.0000000000
121349  -22.222  -39.298  81.003 0.0000000000
109019  -22.021  -39.302  80.279 0.0000000000
38116  -21.679  -39.446  79.652 0.0000000000
38131  -21.730  -39.999  78.777 0.0000000000
38147  -21.758  -40.455  77.868 0.0000000000
37311  -22.840  -40.627  77.815 0.0000000000
37313  -23.624  -40.222  78.036 0.0000000000
38134  -24.037  -39.575  77.998 0.0000000000
39982  -24.317  -38.226  79.054 0.0000000000
39992  -24.292  -38.417  78.343 0.0000000000
127102  -18.692  -36.777  78.622 0.0000000000
106542  -31.208  -18.189  60.407 0.0000000000
58008  -30.610  -18.079  59.895 0.0000000000
58009  -31.321  -17.483  60.101 0.0000000000
58844  -31.815  -16.748  60.315 0.0000000000
59799  -32.868  -15.345  60.544 0.0000000000
59807  -32.381  -15.573  59.790 0.0000000000
60632  -36.409  -14.553  61.789 0.0000000000
60641  -36.096  -14.048  61.385 0.0000000000
61469  -36.872  -12.880  61.300 0.0000000000
61468  -36.340  -13.176  61.154 0.0000000000
61466  -34.924  -13.620  60.606 0.0000000000
61477  -34.612  -13.141  59.754 0.0000000000
61487  -33.318  -13.240  58.221 0.0000000000
62324  -34.198  -12.561  57.768 0.0000000000
62340  -34.966  -12.054  57.259 0.0000000000
112676  -35.706  -12.077  56.736 0.0000000000
62355  -36.159  -12.300  56.257 0.0000000000
110232  -36.588  -12.044  55.996 0.0000000000
62367  -37.228  -11.478  55.755 0.0000000000
63136  -39.141  -10.640  57.889 0.0000000000
63146  -39.443  -10.774  57.113 0.0000000000
63878  -40.578  -9.793  61.029 0.0000000000
63881  -40.450  -9.735  60.043 0.0000000000
120646  -41.777  -8.732  59.207 0.0000000000
65322  -42.310  -8.530  58.635 0.0000000000
109112  -23.724  -26.223  71.458 0.0000000000
50625  -23.426  -26.664  70.838 0.0000000000
51505  -23.384  -25.923  70.653 0.0000000000
122508  -23.031  -23.925  70.090 0.0000000000
52307  -22.606  -23.788  68.176 0.0000000000
128124  -24.380  -21.173  69.171 0.0000000000
108159  -25.731  -20.747  68.868 0.0000000000
107268  -23.106  -22.373  67.640 0.0000000000
53828  -22.833  -21.673  66.245 0.0000000000
54683  -23.219  -21.234  65.655 0.0000000000
54684  -23.945  -20.701  65.451 0.0000000000
54703  -25.063  -20.150  64.149 0.0000000000
107857  -26.082  -20.389  63.967 0.0000000000
54688  -28.606  -20.788  64.787 0.0000000000
54706  -30.359  -21.501  64.608 0.0000000000
108108  -30.753  -20.781  66.956 0.0000000000
54651  -32.151  -20.735  67.197 0.0000000000
127117  -31.598  -20.819  66.657 0.0000000000
124547  -31.044  -20.933  66.242 0.0000000000
54671  -31.714  -21.127  65.858 0.0000000000
53841  -32.908  -22.138  64.821 0.0000000000
53842  -33.854  -21.933  64.724 0.0000000000
53843  -34.675  -21.985  64.893 0.0000000000
43682  -10.263  -33.810  74.209 0.0000000000
43661  -9.512  -33.869  74.233 0.0000000000
126000  -8.657  -33.825  74.709 0.0000000000
43659  -7.277  -33.848  74.087 0.0000000000
42842  -7.549  -35.380  72.503 0.0000000000
42833  -6.961  -35.161  73.057 0.0000000000
66189  -46.077  -7.798  50.923 0.0000000000
66199  -45.480  -7.468  49.943 0.0000000000
47055  -23.495  -30.295  71.982 0.0000000000
48042  -23.427  -29.366  71.646 0.0000000000
128272  -23.570  -28.033  71.538 0.0000000000
49788  -23.712  -27.576  71.675 0.0000000000
44450  -22.439  -33.973  78.406 0.0000000000
44464  -22.697  -33.160  78.205 0.0000000000
45304  -22.959  -32.520  77.651 0.0000000000
45312  -23.112  -32.082  76.850 0.0000000000
45321  -24.001  -31.838  75.537 0.0000000000
46145  -24.638  -31.378  75.361 0.0000000000
47982  -25.842  -29.417  76.396 0.0000000000
122636  -25.012  -30.524  75.888 0.0000000000
47019  -25.118  -30.656  74.996 0.0000000000
48027  -24.787  -28.208  73.123 0.0000000000
48894  -25.205  -27.838  73.569 0.0000000000
49780  -24.710  -27.641  72.989 0.0000000000
49789  -24.195  -27.554  72.384 0.0000000000
114287  -24.138  -27.136  72.068 0.0000000000
53017  -24.232  -23.854  72.005 0.0000000000
52271  -24.698  -24.399  72.596 0.0000000000
126773  -23.972  -23.251  71.756 0.0000000000
110287  -24.254  -22.947  72.035 0.0000000000
53781  -25.584  -22.514  74.236 0.0000000000
111678  -25.169  -22.189  73.543 0.0000000000
55428  -24.959  -20.357  72.348 0.0000000000
41075  -18.959  -37.206  76.822 0.0000000000
120703  -19.415  -38.446  75.882 0.0000000000
40024  -19.009  -38.096  75.302 0.0000000000
40037  -19.149  -37.897  74.259 0.0000000000
40054  -19.898  -38.425  72.993 0.0000000000
39077  -21.069  -39.898  75.588 0.0000000000
111470  -20.847  -39.512  74.820 0.0000000000
115250  -21.191  -39.682  73.993 0.0000000000
39091  -20.619  -39.209  74.128 0.0000000000
40055  -20.386  -38.852  73.425 0.0000000000
42796  -11.298  -34.286  76.762 0.0000000000
43633  -11.579  -34.298  76.055 0.0000000000
43664  -12.105  -34.060  74.598 0.0000000000
43635  -13.780  -34.703  76.265 0.0000000000
114915  -12.837  -34.072  74.446 0.0000000000
43683  -12.442  -33.825  73.847 0.0000000000
44517  -12.736  -33.521  72.124 0.0000000000
120154  -37.965  -11.428  55.416 0.0000000000
63163  -39.286  -11.028  55.539 0.0000000000
121384  -38.638  -11.422  54.024 0.0000000000
63182  -39.277  -11.360  53.595 0.0000000000
112045  -39.983  -10.983  53.403 0.0000000000
111181  -42.019  -9.410  57.234 0.0000000000
64619  -41.682  -9.654  56.445 0.0000000000
106351  -42.448  -9.229  55.840 0.0000000000
63902  -41.203  -10.315  55.443 0.0000000000
125079  -40.235  -11.213  52.591 0.0000000000
63923  -40.666  -10.983  52.033 0.0000000000
64648  -42.492  -9.484  50.935 0.0000000000
65361  -42.963  -8.746  51.187 0.0000000000
122236  -43.808  -8.648  52.732 0.0000000000
65356  -43.734  -8.532  51.906 0.0000000000
65359  -46.458  -7.821  52.394 0.0000000000
38109  -1.587  -39.851  79.101 0.0000000000
36493  -0.940  -42.474  76.773 0.0000000000
112219  -23.072  -27.004  70.208 0.0000000000
52312  -22.151  -24.503  66.213 0.0000000000
56353  -29.748  -19.276  59.763 0.0000000000
106813  -27.286  -20.820  62.597 0.0000000000
54731  -27.883  -21.283  61.937 0.0000000000
116029  -28.698  -21.677  61.568 0.0000000000
117019  -29.715  -22.420  61.139 0.0000000000
53868  -32.435  -22.758  63.493 0.0000000000
53883  -31.428  -22.729  62.634 0.0000000000
53088  -32.728  -22.669  62.589 0.0000000000
53087  -31.915  -22.737  62.490 0.0000000000
53882  -30.723  -22.594  62.256 0.0000000000
122176  -29.883  -22.335  60.685 0.0000000000
54765  -31.311  -21.154  61.173 0.0000000000
57998  -33.656  -17.689  61.626 0.0000000000
58838  -35.825  -16.131  62.248 0.0000000000
41037  -2.220  -37.496  79.774 0.0000000000
39977  -2.064  -38.267  79.626 0.0000000000
38171  -2.730  -39.956  75.044 0.0000000000
38108  -1.035  -40.431  79.635 0.0000000000
121223  -0.839  -40.325  80.387 0.0000000000
37282  -0.527  -41.021  80.220 0.0000000000
121427  0.450  -43.290  79.375 0.0000000000
36435  0.627  -41.797  82.270 0.0000000000
35600  1.144  -42.427  81.537 0.0000000000
36433  1.275  -42.058  82.188 0.0000000000
128706  1.540  -41.833  82.069 0.0000000000
33909  1.917  -45.509  78.666 0.0000000000
35620  1.974  -43.249  79.868 0.0000000000
37312  -23.255  -40.408  78.008 0.0000000000
37326  -23.333  -40.641  77.255 0.0000000000
37342  -23.401  -40.868  76.617 0.0000000000
38074  -20.360  -38.128  81.236 0.0000000000
38090  -21.636  -38.779  81.630 0.0000000000
38092  -22.339  -39.364  81.671 0.0000000000
38106  -22.888  -39.502  81.008 0.0000000000
38118  -23.044  -39.969  79.796 0.0000000000
38132  -22.321  -40.445  78.361 0.0000000000
38148  -22.376  -40.755  77.451 0.0000000000
38149  -24.005  -40.090  77.684 0.0000000000
38163  -24.084  -40.207  76.934 0.0000000000
38177  -24.213  -40.733  75.360 0.0000000000
38972  -22.266  -39.066  82.932 0.0000000000
39011  -23.910  -38.898  78.757 0.0000000000
39027  -24.150  -38.913  77.959 0.0000000000
39045  -24.256  -39.187  77.353 0.0000000000
40002  -24.320  -38.396  77.273 0.0000000000
41077  -24.430  -38.306  76.051 0.0000000000
47020  -25.382  -29.884  75.760 0.0000000000
50559  -26.626  -26.346  75.642 0.0000000000
53075  -34.207  -23.113  63.484 0.0000000000
53089  -33.594  -22.905  62.661 0.0000000000
53782  -26.057  -23.134  74.932 0.0000000000
54666  -26.669  -20.650  66.230 0.0000000000
55523  -34.181  -20.361  62.206 0.0000000000
56316  -35.921  -19.817  62.713 0.0000000000
61467  -35.722  -13.409  60.913 0.0000000000
62317  -37.465  -11.293  59.704 0.0000000000
106940  -22.354  -39.552  80.168 0.0000000000
110083  -22.313  -31.878  74.108 0.0000000000
118408  -25.830  -32.662  80.653 0.0000000000
120284  -31.709  -21.535  65.228 0.0000000000
120437  -36.937  -14.294  61.958 0.0000000000
124764  -22.514  -40.928  75.427 0.0000000000
125023  -24.327  -39.924  76.508 0.0000000000
126998  -34.723  -21.513  62.531 0.0000000000
127299  -32.548  -22.245  62.210 0.0000000000
128197  -25.415  -20.371  66.287 0.0000000000
