#!ascii label  , from subject sub-v1s8x0051346_ses-1 vox2ras=TkReg
324
68453  -25.243  -5.744  3.369 0.0000000000
127774  -21.971  -11.055  4.840 0.0000000000
65078  -26.720  -9.390  4.926 0.0000000000
61233  -23.703  -14.547  6.169 0.0000000000
78124  -24.946  7.310  3.594 0.0000000000
75844  -25.552  3.783  4.938 0.0000000000
71941  -21.650  -1.533  3.120 0.0000000000
57691  -22.333  -18.732  8.163 0.0000000000
62910  -23.404  -12.641  5.157 0.0000000000
116948  -21.211  -14.756  7.349 0.0000000000
77351  -25.912  5.599  4.565 0.0000000000
75869  -22.791  4.081  2.711 0.0000000000
112553  -22.503  -6.284  3.713 0.0000000000
69346  -20.799  -4.440  4.671 0.0000000000
70221  -23.590  -3.135  2.458 0.0000000000
72710  -24.469  -0.600  3.069 0.0000000000
71092  -25.397  -2.648  4.269 0.0000000000
69350  -27.290  -4.985  4.423 0.0000000000
65811  -21.023  -8.383  5.541 0.0000000000
65823  -23.866  -8.461  4.114 0.0000000000
66652  -26.361  -7.516  4.071 0.0000000000
64376  -24.783  -10.157  4.434 0.0000000000
62912  -25.155  -12.717  5.325 0.0000000000
62068  -25.749  -13.648  7.294 0.0000000000
73516  -20.353  1.035  4.908 0.0000000000
73526  -23.731  1.056  3.126 0.0000000000
74312  -26.629  1.187  3.938 0.0000000000
59413  -19.969  -16.377  7.853 0.0000000000
59416  -22.680  -16.842  6.887 0.0000000000
62067  -20.734  -13.244  7.460 0.0000000000
61218  -19.237  -14.146  7.730 0.0000000000
76624  -22.803  5.205  2.922 0.0000000000
75868  -21.862  4.138  2.913 0.0000000000
67535  -23.554  -6.317  3.256 0.0000000000
109656  -22.729  -5.086  3.238 0.0000000000
69355  -24.378  -4.456  2.712 0.0000000000
70209  -24.725  -3.216  3.345 0.0000000000
70217  -24.851  -4.131  3.191 0.0000000000
69349  -26.760  -4.156  4.486 0.0000000000
68446  -25.875  -5.325  3.814 0.0000000000
116170  -21.337  -9.944  5.294 0.0000000000
65822  -22.262  -8.022  4.425 0.0000000000
65088  -23.250  -9.231  4.509 0.0000000000
116837  -24.372  -9.294  4.341 0.0000000000
63661  -23.649  -10.903  4.599 0.0000000000
62079  -23.321  -13.905  5.789 0.0000000000
62911  -24.292  -12.680  5.023 0.0000000000
62088  -24.524  -13.339  5.504 0.0000000000
62900  -25.681  -12.894  6.072 0.0000000000
128093  -25.094  -14.365  6.498 0.0000000000
113682  -24.107  7.023  3.582 0.0000000000
78116  -24.392  7.065  3.671 0.0000000000
121071  -24.960  7.879  3.603 0.0000000000
105845  -25.422  8.731  3.168 0.0000000000
105790  -26.654  7.519  4.367 0.0000000000
76608  -26.007  4.518  5.244 0.0000000000
71098  -21.279  -2.388  3.598 0.0000000000
114921  -20.492  -1.107  4.452 0.0000000000
72709  -21.376  0.088  3.403 0.0000000000
74336  -22.192  1.867  2.714 0.0000000000
72718  -23.036  -0.038  2.155 0.0000000000
72700  -26.102  -0.169  4.475 0.0000000000
73518  -26.094  0.742  3.980 0.0000000000
73502  -26.729  0.303  5.147 0.0000000000
128644  -26.505  -8.981  4.485 0.0000000000
66654  -27.518  -7.053  4.653 0.0000000000
57689  -20.172  -18.520  8.198 0.0000000000
58539  -21.398  -17.539  7.446 0.0000000000
108708  -21.230  -16.822  7.235 0.0000000000
58540  -22.331  -17.480  7.307 0.0000000000
63652  -21.405  -11.272  6.068 0.0000000000
63653  -22.080  -11.511  5.138 0.0000000000
62899  -21.953  -12.714  6.079 0.0000000000
62078  -22.495  -13.710  6.167 0.0000000000
61232  -22.909  -14.579  6.207 0.0000000000
77359  -24.280  6.172  3.538 0.0000000000
77360  -25.109  6.548  3.694 0.0000000000
76617  -24.676  5.545  3.543 0.0000000000
76626  -24.248  5.222  3.347 0.0000000000
75871  -24.975  4.000  3.707 0.0000000000
67527  -21.215  -6.692  5.026 0.0000000000
122109  -21.446  -5.470  4.316 0.0000000000
124324  -22.329  -3.714  3.137 0.0000000000
71103  -22.994  -2.414  2.458 0.0000000000
72719  -23.734  -0.542  1.974 0.0000000000
71100  -24.298  -1.914  2.565 0.0000000000
71932  -25.211  -1.697  4.160 0.0000000000
71933  -26.221  -1.894  4.672 0.0000000000
71094  -28.062  -2.569  4.600 0.0000000000
57679  -22.738  -18.935  8.935 0.0000000000
57692  -23.084  -18.279  8.575 0.0000000000
66649  -21.731  -7.388  4.640 0.0000000000
66662  -22.885  -6.954  3.763 0.0000000000
116915  -24.284  -7.081  3.258 0.0000000000
67537  -25.450  -6.545  3.488 0.0000000000
65834  -24.911  -7.649  3.534 0.0000000000
110353  -25.887  -8.855  4.243 0.0000000000
65090  -26.153  -9.717  4.520 0.0000000000
128421  -23.539  -11.566  4.713 0.0000000000
63663  -25.139  -11.700  4.578 0.0000000000
63656  -25.951  -11.481  4.943 0.0000000000
63648  -26.413  -11.526  5.802 0.0000000000
62888  -26.422  -12.551  7.432 0.0000000000
78118  -26.638  6.701  4.954 0.0000000000
75073  -21.899  2.747  2.936 0.0000000000
75074  -23.629  3.072  3.088 0.0000000000
75076  -25.622  2.958  3.761 0.0000000000
73527  -24.369  0.713  3.321 0.0000000000
74311  -25.975  1.471  3.780 0.0000000000
110945  -26.070  2.655  5.564 0.0000000000
67529  -26.893  -6.327  4.088 0.0000000000
68438  -27.980  -5.822  4.855 0.0000000000
60364  -19.078  -14.995  7.776 0.0000000000
60366  -21.010  -15.558  7.395 0.0000000000
60380  -21.747  -15.518  6.835 0.0000000000
60382  -23.377  -15.347  6.410 0.0000000000
58527  -23.419  -17.606  8.205 0.0000000000
59418  -24.148  -16.305  7.463 0.0000000000
120248  -24.511  -15.612  7.156 0.0000000000
76603  -21.464  2.915  4.172 0.0000000000
126406  -24.015  -5.616  2.839 0.0000000000
68457  -23.944  -4.885  2.649 0.0000000000
68452  -24.504  -5.291  2.915 0.0000000000
69356  -25.076  -4.936  3.189 0.0000000000
69348  -25.678  -4.600  3.960 0.0000000000
64368  -21.432  -10.764  5.467 0.0000000000
64367  -20.688  -10.144  6.016 0.0000000000
64374  -22.111  -9.521  4.717 0.0000000000
64369  -22.000  -10.501  4.779 0.0000000000
64375  -22.943  -10.230  4.635 0.0000000000
63660  -22.717  -11.152  4.734 0.0000000000
61244  -24.083  -13.956  5.756 0.0000000000
62080  -24.833  -13.922  5.986 0.0000000000
61234  -24.488  -14.497  6.277 0.0000000000
78123  -24.568  7.577  3.707 0.0000000000
121092  -25.630  8.143  3.457 0.0000000000
78125  -25.848  6.983  4.034 0.0000000000
124646  -26.237  3.601  5.587 0.0000000000
71939  -20.864  -1.654  4.102 0.0000000000
71940  -21.116  -0.902  3.760 0.0000000000
71946  -21.696  -0.642  2.991 0.0000000000
72717  -22.211  0.074  2.687 0.0000000000
72701  -26.644  -0.478  4.964 0.0000000000
73519  -26.404  0.466  4.409 0.0000000000
65812  -26.964  -8.502  4.841 0.0000000000
56880  -21.672  -19.383  8.388 0.0000000000
57690  -21.276  -18.509  7.961 0.0000000000
58525  -20.419  -17.807  7.777 0.0000000000
125240  -22.049  -18.105  7.656 0.0000000000
62898  -21.185  -11.860  6.413 0.0000000000
62076  -20.983  -12.548  6.857 0.0000000000
61220  -21.265  -13.986  7.322 0.0000000000
62077  -21.632  -13.412  6.808 0.0000000000
61231  -21.971  -14.489  6.672 0.0000000000
76615  -22.840  6.039  2.862 0.0000000000
76616  -23.695  5.883  3.229 0.0000000000
115326  -23.803  4.793  3.164 0.0000000000
75870  -23.438  4.236  2.943 0.0000000000
68445  -21.681  -6.156  4.306 0.0000000000
68450  -22.165  -5.631  3.721 0.0000000000
70215  -23.113  -3.868  2.613 0.0000000000
69353  -22.508  -4.364  3.184 0.0000000000
70214  -22.668  -3.136  2.752 0.0000000000
71104  -23.710  -2.228  2.318 0.0000000000
71105  -24.065  -2.484  2.390 0.0000000000
71091  -24.661  -2.293  3.431 0.0000000000
71934  -27.451  -1.970  4.760 0.0000000000
71093  -26.800  -2.906  4.634 0.0000000000
111959  -27.784  -3.437  4.625 0.0000000000
69343  -27.974  -5.040  4.772 0.0000000000
56872  -22.445  -19.671  9.155 0.0000000000
57663  -22.908  -19.108  9.796 0.0000000000
66641  -21.079  -7.455  5.341 0.0000000000
117925  -21.581  -7.956  4.942 0.0000000000
128071  -23.001  -8.413  4.320 0.0000000000
66650  -23.185  -7.731  3.938 0.0000000000
66663  -23.652  -7.200  3.473 0.0000000000
66651  -24.144  -7.815  3.529 0.0000000000
65089  -25.310  -9.487  4.325 0.0000000000
64377  -25.526  -10.361  4.481 0.0000000000
62909  -22.548  -12.336  5.440 0.0000000000
63654  -23.028  -11.938  5.010 0.0000000000
62922  -24.910  -12.269  4.831 0.0000000000
62921  -24.530  -12.101  4.707 0.0000000000
63655  -25.430  -12.067  4.984 0.0000000000
62913  -25.872  -12.171  5.538 0.0000000000
62081  -25.440  -13.696  6.510 0.0000000000
62887  -25.946  -13.038  6.932 0.0000000000
62069  -26.221  -13.260  7.730 0.0000000000
77350  -25.062  5.852  3.753 0.0000000000
114859  -26.091  6.316  4.429 0.0000000000
77352  -26.686  5.907  5.295 0.0000000000
68443  -20.822  -5.243  4.872 0.0000000000
74289  -19.398  1.051  5.570 0.0000000000
74309  -20.638  1.781  4.917 0.0000000000
75061  -21.458  2.536  3.612 0.0000000000
74310  -21.098  1.659  4.303 0.0000000000
74337  -22.761  1.625  2.712 0.0000000000
75087  -22.501  2.563  2.727 0.0000000000
74325  -23.239  2.050  2.894 0.0000000000
128732  -24.463  2.599  3.425 0.0000000000
74326  -24.273  1.818  3.378 0.0000000000
72720  -24.266  -0.439  2.068 0.0000000000
126815  -24.020  -0.132  1.923 0.0000000000
117299  -24.298  0.010  2.672 0.0000000000
74328  -26.407  2.105  3.838 0.0000000000
75062  -26.517  1.883  4.129 0.0000000000
75046  -26.769  1.821  5.458 0.0000000000
66665  -25.616  -7.276  3.652 0.0000000000
66666  -26.287  -6.813  3.817 0.0000000000
67530  -27.378  -6.515  4.430 0.0000000000
58524  -19.783  -17.158  7.975 0.0000000000
117371  -19.377  -15.781  7.959 0.0000000000
60365  -20.093  -15.518  7.859 0.0000000000
59414  -20.736  -16.286  7.444 0.0000000000
59415  -21.888  -16.899  6.981 0.0000000000
119009  -21.490  -16.266  7.021 0.0000000000
59426  -22.231  -16.238  6.704 0.0000000000
60381  -22.536  -15.426  6.493 0.0000000000
59427  -23.036  -16.171  6.551 0.0000000000
62066  -19.829  -13.248  8.006 0.0000000000
61219  -20.376  -14.115  7.779 0.0000000000
127579  -22.733  5.811  2.835 0.0000000000
76614  -22.304  4.956  3.232 0.0000000000
121258  -22.325  4.489  2.890 0.0000000000
126533  -22.896  -5.736  3.359 0.0000000000
68451  -23.464  -5.348  2.975 0.0000000000
69354  -23.323  -4.592  2.739 0.0000000000
69361  -23.828  -4.084  2.417 0.0000000000
70216  -24.227  -3.487  2.592 0.0000000000
70210  -25.534  -3.682  4.215 0.0000000000
125730  -26.497  -4.975  4.219 0.0000000000
65087  -21.387  -9.169  5.246 0.0000000000
65821  -21.772  -8.636  4.837 0.0000000000
127318  -22.435  -8.746  4.526 0.0000000000
117651  -23.912  -10.083  4.524 0.0000000000
127160  -24.370  -10.749  4.494 0.0000000000
62086  -22.907  -13.174  5.537 0.0000000000
62087  -23.737  -13.324  5.377 0.0000000000
62089  -25.162  -13.356  5.817 0.0000000000
77358  -23.758  5.996  3.383 0.0000000000
79528  -27.398  8.123  5.033 0.0000000000
75843  -25.458  5.014  4.158 0.0000000000
76594  -26.735  5.059  5.651 0.0000000000
71930  -20.086  -1.552  4.839 0.0000000000
72680  -19.728  -0.836  4.923 0.0000000000
72698  -20.660  -0.415  4.376 0.0000000000
73517  -20.991  0.657  4.189 0.0000000000
74324  -21.444  1.691  3.359 0.0000000000
73535  -21.832  1.092  2.936 0.0000000000
73536  -22.750  0.761  2.636 0.0000000000
73537  -23.295  0.818  2.724 0.0000000000
72699  -25.116  -0.809  3.980 0.0000000000
72711  -24.997  0.149  3.759 0.0000000000
74295  -26.742  1.018  5.332 0.0000000000
65826  -26.439  -8.283  4.361 0.0000000000
65827  -26.991  -7.685  4.511 0.0000000000
118211  -27.479  -7.714  5.069 0.0000000000
58538  -20.573  -17.026  7.538 0.0000000000
62908  -21.900  -11.884  5.860 0.0000000000
77349  -23.748  5.965  4.907 0.0000000000
76625  -23.145  5.732  2.933 0.0000000000
75856  -25.187  4.454  3.860 0.0000000000
68444  -21.290  -4.824  4.287 0.0000000000
122079  -21.882  -4.920  3.668 0.0000000000
69347  -21.484  -4.017  3.785 0.0000000000
70213  -21.768  -3.152  3.312 0.0000000000
71099  -22.120  -2.418  2.940 0.0000000000
116391  -22.515  -1.777  2.587 0.0000000000
71947  -22.582  -0.845  2.408 0.0000000000
71948  -23.339  -1.561  2.233 0.0000000000
71949  -24.128  -1.442  2.149 0.0000000000
71942  -24.337  -1.146  2.356 0.0000000000
112482  -24.333  -2.705  2.730 0.0000000000
71931  -24.597  -1.420  3.284 0.0000000000
118151  -25.874  -1.111  4.505 0.0000000000
118724  -26.684  -1.130  5.002 0.0000000000
72702  -27.481  -1.359  5.095 0.0000000000
65066  -26.887  -9.944  5.698 0.0000000000
127740  -22.263  -19.400  8.591 0.0000000000
67528  -22.017  -6.821  4.230 0.0000000000
121818  -22.388  -7.373  4.180 0.0000000000
67536  -24.552  -6.240  3.155 0.0000000000
66664  -24.945  -6.992  3.336 0.0000000000
65825  -25.686  -8.023  3.976 0.0000000000
65824  -24.899  -8.530  3.933 0.0000000000
119379  -26.515  -10.126  4.955 0.0000000000
63662  -24.332  -11.500  4.560 0.0000000000
62920  -23.869  -12.139  4.773 0.0000000000
118625  -25.001  -10.989  4.406 0.0000000000
63664  -25.568  -11.079  4.549 0.0000000000
64378  -26.116  -10.646  4.700 0.0000000000
64370  -26.476  -10.779  5.313 0.0000000000
62901  -26.252  -12.238  6.506 0.0000000000
75854  -21.524  3.035  3.728 0.0000000000
75867  -21.740  3.481  3.133 0.0000000000
75881  -22.165  3.647  2.746 0.0000000000
74335  -21.799  2.089  2.855 0.0000000000
75088  -22.805  3.143  2.736 0.0000000000
75075  -24.512  3.421  3.417 0.0000000000
75857  -26.093  3.038  3.878 0.0000000000
73538  -24.057  0.189  2.283 0.0000000000
73528  -25.139  1.142  3.724 0.0000000000
74327  -25.259  2.200  3.661 0.0000000000
67538  -26.073  -6.075  3.817 0.0000000000
68447  -26.739  -5.607  4.154 0.0000000000
66653  -26.977  -6.993  4.173 0.0000000000
115324  -27.481  -5.816  4.503 0.0000000000
117005  -19.800  -14.735  7.903 0.0000000000
117711  -20.445  -14.952  7.677 0.0000000000
58526  -22.759  -17.963  7.837 0.0000000000
58541  -23.109  -17.325  7.406 0.0000000000
59401  -23.754  -16.934  7.858 0.0000000000
59417  -23.437  -16.641  7.054 0.0000000000
60367  -23.799  -15.936  6.767 0.0000000000
60383  -24.165  -15.197  6.533 0.0000000000
61221  -24.882  -14.945  6.824 0.0000000000
73497  -19.614  0.581  5.279 0.0000000000
75060  -21.216  2.231  4.427 0.0000000000
75086  -22.029  2.811  2.853 0.0000000000
75880  -21.854  3.527  2.937 0.0000000000
76604  -21.635  3.381  3.740 0.0000000000
116682  -23.613  0.149  2.103 0.0000000000
128001  -21.408  0.884  3.431 0.0000000000
