#!ascii label  , from subject sub-v1s8x0051346_ses-1 vox2ras=TkReg
1300
127176  28.809  -82.453  0.761 0.5000000000
8611  19.238  -74.527  -3.161 0.6000000238
8595  18.752  -73.902  -2.545 0.6000000238
7964  17.629  -75.455  -2.530 0.6000000238
8579  18.352  -73.477  -1.806 0.6999999881
7939  17.173  -74.818  -1.636 0.6000000238
9279  18.496  -72.677  -1.418 0.6999999881
9280  17.883  -73.307  -0.999 0.6000000238
8471  25.803  -73.496  7.631 0.5000000000
7837  28.502  -74.347  6.643 0.6000000238
8468  28.151  -73.007  7.121 0.6000000238
8470  26.702  -73.213  7.440 0.5000000000
7257  28.612  -75.650  6.003 0.5000000000
7244  28.995  -75.133  6.457 0.4000000060
7838  27.504  -74.406  6.534 0.5000000000
7821  27.088  -73.860  7.107 0.6000000238
7300  20.230  -75.587  2.144 0.5000000000
5246  29.044  -79.901  3.376 0.4000000060
7327  19.742  -75.846  0.497 0.5000000000
7314  19.703  -76.105  1.609 0.5000000000
6761  19.286  -76.910  -2.342 0.6000000238
7978  19.867  -75.260  -3.528 0.6000000238
8594  19.482  -73.499  -2.876 0.6999999881
117557  18.847  -76.276  -3.188 0.6000000238
9296  19.070  -72.848  -1.986 0.6999999881
10637  20.039  -70.604  -1.322 0.6000000238
122750  19.491  -72.045  -1.826 0.6999999881
111184  20.859  -70.274  -0.310 0.6000000238
10631  19.565  -70.684  -0.890 0.6000000238
9930  19.206  -71.037  -1.085 0.6999999881
10591  21.239  -70.688  0.761 0.6999999881
8568  17.206  -73.977  -0.859 0.6000000238
9173  24.769  -72.207  6.630 0.5000000000
9153  26.788  -72.510  7.258 0.6000000238
9172  25.619  -72.061  6.831 0.5000000000
7836  29.447  -74.295  6.559 0.6000000238
8488  28.833  -72.943  6.836 0.6999999881
9152  27.400  -72.714  7.248 0.6000000238
6675  28.900  -76.375  5.754 0.4000000060
7923  20.802  -74.614  0.684 0.5000000000
7909  20.734  -74.776  1.669 0.5000000000
4311  29.252  -81.568  1.612 0.5000000000
7326  20.350  -75.089  0.047 0.5000000000
7356  20.743  -76.178  -3.275 0.6999999881
7334  19.942  -75.858  -0.811 0.6000000238
7365  20.614  -75.802  -3.454 0.6999999881
6773  19.890  -76.447  -3.245 0.6000000238
7343  19.866  -76.512  -1.953 0.6000000238
7366  19.552  -76.114  -3.404 0.6000000238
8610  20.024  -74.227  -3.468 0.6999999881
110578  20.215  -71.105  -1.727 0.6000000238
8593  20.226  -73.287  -3.118 0.6000000238
10629  21.043  -69.526  -0.920 0.6000000238
9295  19.785  -72.614  -2.420 0.6000000238
10613  21.536  -69.707  -0.253 0.6000000238
10590  22.013  -70.097  0.831 0.6999999881
109514  18.716  -71.169  1.079 0.6999999881
9243  16.998  -72.677  0.753 0.5000000000
107992  19.680  -70.736  -0.347 0.6999999881
10616  19.091  -71.205  -0.187 0.6999999881
9932  17.859  -72.280  0.134 0.6000000238
9859  25.833  -71.550  5.485 0.5000000000
9845  25.234  -71.720  6.077 0.5000000000
9187  24.465  -71.983  5.838 0.5000000000
9857  27.696  -71.480  5.883 0.6999999881
9844  26.154  -71.658  6.295 0.6000000238
8486  30.184  -73.720  6.238 0.5000000000
9168  29.189  -72.481  6.375 0.6999999881
9841  28.696  -71.925  6.357 0.6999999881
9170  27.894  -72.325  7.041 0.6000000238
9843  27.088  -71.640  6.489 0.6000000238
6674  29.686  -76.599  6.175 0.4000000060
7256  29.326  -75.905  6.326 0.4000000060
7908  21.275  -74.135  1.227 0.5000000000
7937  21.418  -74.778  -0.557 0.5000000000
7922  21.478  -74.236  0.274 0.5000000000
7333  20.761  -75.238  -0.752 0.5000000000
7364  21.542  -75.603  -3.405 0.6000000238
7342  20.766  -76.066  -2.196 0.5000000000
7976  21.561  -75.275  -3.608 0.6999999881
8592  22.061  -73.284  -3.159 0.6000000238
8608  21.726  -74.252  -3.542 0.6999999881
7977  20.770  -75.021  -3.657 0.6999999881
9957  22.074  -71.142  -1.918 0.6000000238
9293  21.313  -72.353  -2.469 0.6000000238
8609  20.876  -74.145  -3.507 0.6999999881
11314  22.011  -68.846  -0.871 0.6999999881
9958  21.422  -71.302  -2.011 0.6000000238
9959  20.715  -71.587  -1.998 0.6000000238
12031  22.532  -67.344  1.062 0.6000000238
127675  22.129  -68.391  -0.367 0.6999999881
113642  21.777  -68.950  -0.724 0.6999999881
12772  24.533  -66.902  3.596 0.6000000238
12006  23.067  -68.060  1.964 0.6000000238
11308  21.966  -68.553  -0.052 0.6999999881
10594  17.982  -70.656  1.753 0.6000000238
12007  22.656  -68.414  1.451 0.6999999881
10593  19.464  -70.818  1.494 0.6999999881
9913  17.474  -72.082  1.109 0.6000000238
107782  25.100  -67.845  4.335 0.6999999881
12773  23.733  -67.975  2.742 0.6000000238
113114  23.570  -68.921  2.945 0.8000000119
10576  22.171  -70.198  2.082 0.6999999881
123222  21.607  -70.581  1.674 0.6999999881
10592  20.373  -70.989  1.203 0.6999999881
9860  25.030  -71.735  5.290 0.6000000238
9875  28.203  -71.733  5.237 0.6999999881
9876  27.314  -71.580  5.032 0.6999999881
9858  26.746  -71.475  5.685 0.6000000238
9167  29.962  -72.963  6.084 0.5000000000
9186  28.975  -72.002  5.455 0.6999999881
7242  30.754  -75.254  6.027 0.4000000060
7835  30.250  -74.551  6.260 0.5000000000
8527  22.363  -73.230  2.103 0.5000000000
117662  22.504  -73.225  2.784 0.5000000000
127046  22.022  -73.979  0.320 0.5000000000
7950  22.080  -75.215  -1.428 0.6000000238
7354  22.296  -75.464  -3.466 0.6000000238
7341  22.285  -75.631  -2.760 0.6999999881
127407  21.622  -75.664  -2.265 0.6999999881
7975  22.836  -75.002  -3.854 0.6999999881
118144  22.283  -75.183  -3.659 0.6999999881
117920  22.667  -72.838  -2.743 0.6000000238
119661  22.146  -75.001  -3.766 0.6999999881
115495  23.286  -68.047  0.006 0.6999999881
10628  22.415  -69.573  -1.214 0.6999999881
124122  22.633  -71.184  -1.565 0.6999999881
11270  18.869  -69.068  2.695 0.6000000238
116167  22.890  -65.987  1.155 0.6000000238
12043  22.560  -67.497  0.274 0.6999999881
9944  22.174  -70.255  -1.565 0.6999999881
13572  25.919  -65.790  4.184 0.6000000238
13574  24.510  -65.799  3.547 0.6000000238
13587  23.629  -65.514  2.618 0.6000000238
120270  23.033  -65.956  1.964 0.6000000238
12820  22.605  -67.288  0.482 0.6999999881
12771  25.237  -66.827  4.123 0.6000000238
12788  23.742  -66.742  2.707 0.6000000238
10560  21.252  -70.043  4.191 0.6999999881
10561  20.596  -70.176  3.669 0.6000000238
10580  18.548  -70.377  1.919 0.6000000238
13561  26.634  -66.419  4.757 0.5000000000
107420  25.955  -66.714  4.471 0.6000000238
12759  25.756  -67.619  4.876 0.8000000119
11987  24.579  -68.654  4.695 0.8000000119
11988  23.711  -69.241  5.081 0.8000000119
11261  22.576  -69.932  4.073 0.8000000119
10570  21.217  -70.482  3.518 0.6999999881
10571  20.629  -70.675  2.957 0.6999999881
11997  24.064  -68.824  3.804 0.8000000119
11260  23.384  -69.504  4.037 0.8000000119
9877  26.402  -71.562  4.847 0.6999999881
9878  25.564  -71.692  4.711 0.6999999881
109376  24.403  -72.235  4.052 0.6999999881
9208  24.398  -72.147  4.978 0.6000000238
9206  28.715  -72.198  4.629 0.6999999881
9225  23.616  -72.666  3.696 0.6000000238
9205  29.653  -72.517  4.886 0.6000000238
9226  22.974  -72.954  3.242 0.5000000000
9235  23.089  -72.918  2.420 0.5000000000
14295  20.812  -65.035  6.723 0.6000000238
8541  22.408  -73.375  1.307 0.5000000000
14302  20.455  -64.230  5.351 0.5000000000
8554  22.636  -73.882  0.516 0.5000000000
15093  21.337  -63.699  4.755 0.6000000238
7948  23.723  -75.414  -2.081 0.6999999881
7936  22.947  -75.070  -1.072 0.6000000238
8606  23.286  -74.590  -3.645 0.6999999881
7949  22.846  -75.443  -2.120 0.6999999881
13562  20.687  -65.276  4.105 0.6000000238
9278  22.858  -72.113  -2.019 0.6999999881
8591  22.975  -73.682  -3.279 0.6000000238
11306  23.361  -68.818  -0.399 0.6999999881
11312  23.566  -69.610  -0.556 0.6999999881
9929  22.916  -70.674  -1.202 0.6999999881
12761  20.317  -67.382  4.166 0.6000000238
13563  20.275  -65.927  3.778 0.6000000238
12819  22.769  -66.771  0.715 0.6000000238
10627  23.299  -70.106  -0.868 0.6999999881
11983  21.322  -68.250  5.068 0.6000000238
12774  19.547  -67.061  3.301 0.6000000238
14334  23.499  -64.540  2.186 0.6000000238
13588  23.122  -65.268  1.787 0.6000000238
11982  22.282  -68.389  5.756 0.6999999881
11253  20.631  -69.493  4.191 0.6000000238
11999  19.360  -68.841  3.223 0.6000000238
108593  25.006  -65.098  3.714 0.6000000238
12737  24.859  -68.087  6.775 0.6000000238
11972  24.046  -68.393  6.445 0.6000000238
11981  22.884  -69.126  5.723 0.6999999881
11252  21.312  -69.356  4.738 0.6000000238
10572  19.746  -70.072  3.062 0.6000000238
112429  26.295  -67.765  6.552 0.6000000238
115338  23.611  -68.905  5.944 0.8000000119
12747  25.958  -67.891  5.812 0.6000000238
11980  24.333  -68.758  5.710 0.6999999881
11246  22.711  -69.601  4.973 0.8000000119
9889  26.938  -71.875  4.223 0.6999999881
9224  25.719  -72.284  3.493 0.6999999881
108849  24.932  -72.384  3.384 0.6999999881
9221  28.319  -72.565  3.832 0.6999999881
9207  27.839  -71.978  4.407 0.6999999881
9233  24.634  -72.778  2.725 0.6000000238
9234  23.877  -72.792  2.535 0.6000000238
14280  22.300  -64.626  8.821 0.6000000238
13510  22.250  -65.746  8.983 0.6000000238
15066  21.928  -63.686  7.703 0.6000000238
14281  21.861  -65.031  8.183 0.6000000238
8540  23.188  -73.507  1.169 0.6000000238
14301  21.089  -63.623  5.973 0.5000000000
7935  23.767  -74.988  -0.869 0.6999999881
8567  23.163  -74.474  -0.188 0.6999999881
15086  21.721  -63.308  5.534 0.4000000060
15087  21.085  -63.617  5.095 0.5000000000
7362  23.946  -74.978  -3.524 0.6999999881
7353  24.095  -75.288  -3.189 0.8000000119
15092  22.012  -63.510  5.001 0.5000000000
8590  23.809  -73.807  -3.402 0.6000000238
7340  23.096  -75.450  -3.117 0.6999999881
14309  21.557  -64.166  4.658 0.6000000238
9943  23.388  -71.615  -1.451 0.6999999881
9291  23.437  -72.925  -2.806 0.6999999881
13554  22.179  -65.949  5.620 0.6999999881
13555  21.462  -65.499  4.773 0.6000000238
12041  24.308  -68.105  0.576 0.6999999881
10612  24.110  -69.670  -0.181 0.6999999881
13548  22.827  -66.550  6.291 0.5000000000
12760  20.976  -66.624  4.592 0.6000000238
13600  24.116  -65.491  0.916 0.6000000238
128544  22.891  -66.021  0.942 0.6000000238
12042  23.320  -67.322  0.420 0.6999999881
12749  21.766  -67.136  5.451 0.6999999881
14345  23.409  -64.745  1.616 0.6000000238
117565  24.187  -67.713  6.922 0.5000000000
12748  22.572  -67.436  6.118 0.6000000238
14326  24.132  -64.693  2.950 0.6000000238
117842  26.100  -67.142  7.842 0.6000000238
12722  24.716  -67.349  7.315 0.5000000000
11973  23.081  -68.416  6.272 0.6999999881
13536  26.870  -67.066  7.701 0.6000000238
9231  26.384  -72.922  2.805 0.6999999881
9232  25.540  -72.809  2.840 0.6999999881
8526  25.060  -73.255  2.172 0.6000000238
9240  24.328  -73.051  2.168 0.6000000238
117387  22.312  -63.777  10.203 0.4000000060
15025  22.198  -64.686  10.208 0.5000000000
124966  23.919  -73.708  1.221 0.6000000238
15065  22.405  -63.326  8.435 0.5000000000
13511  21.965  -66.640  9.142 0.6000000238
7920  24.345  -74.487  0.129 0.6999999881
7934  24.492  -74.900  -0.627 0.6999999881
8553  23.672  -74.116  0.537 0.6000000238
15079  21.760  -63.211  6.565 0.5000000000
7962  24.743  -74.962  -3.371 0.6999999881
15085  22.189  -63.326  5.900 0.4000000060
9926  25.599  -71.509  -0.889 0.6999999881
9276  24.816  -72.290  -2.304 0.6999999881
9305  25.207  -73.320  -3.476 0.6999999881
121644  22.501  -63.978  5.760 0.6000000238
10589  25.775  -70.102  1.005 0.6999999881
9911  25.241  -71.159  -0.062 0.6999999881
9942  24.326  -71.848  -1.457 0.6999999881
9290  24.439  -72.962  -3.109 0.6999999881
14299  23.347  -64.731  6.508 0.5000000000
14300  22.717  -65.319  6.028 0.5000000000
12030  25.425  -68.404  1.347 0.6000000238
11288  25.135  -69.328  0.972 0.6999999881
10611  24.962  -70.280  0.438 0.6999999881
10626  24.297  -70.598  -0.378 0.6999999881
14344  24.187  -64.476  1.113 0.5000000000
12809  25.055  -66.727  1.166 0.6000000238
123735  24.231  -66.998  0.936 0.6000000238
8525  26.043  -73.497  2.100 0.6999999881
8538  25.351  -73.770  1.430 0.6999999881
115183  21.906  -64.195  10.506 0.4000000060
8537  26.260  -73.970  1.166 0.6999999881
8552  24.638  -74.132  0.828 0.6999999881
116884  21.315  -64.404  10.662 0.4000000060
8551  25.673  -74.300  0.571 0.6999999881
14262  22.120  -66.038  9.796 0.6000000238
7933  25.427  -75.117  -1.597 0.8000000119
7919  25.111  -74.696  -0.123 0.6999999881
8604  26.123  -73.853  -3.603 0.6000000238
7961  25.607  -74.832  -3.227 0.6000000238
14233  20.398  -66.292  11.412 0.6000000238
109893  25.219  -71.873  -1.577 0.6999999881
9289  25.334  -72.607  -3.164 0.6999999881
7972  25.323  -74.435  -3.465 0.6000000238
118233  25.952  -71.263  -0.244 0.6000000238
12029  26.455  -68.659  1.902 0.6000000238
12653  19.301  -67.114  12.426 0.5000000000
12808  26.086  -67.200  1.579 0.6000000238
114609  25.790  -67.697  1.558 0.6999999881
13599  25.662  -66.350  1.042 0.5000000000
7918  26.078  -74.715  -0.433 0.6999999881
15852  20.445  -64.124  10.387 0.4000000060
116295  26.261  -74.916  -2.219 0.8000000119
15027  20.756  -64.967  10.792 0.5000000000
8588  26.733  -73.882  -3.497 0.8000000119
15028  19.729  -64.853  10.485 0.4000000060
7946  25.816  -75.043  -2.702 0.6999999881
14245  18.995  -65.284  10.823 0.4000000060
14243  21.005  -65.730  11.018 0.5000000000
10609  27.091  -70.599  0.463 0.6000000238
9940  26.108  -71.433  -2.076 0.6000000238
9956  26.067  -72.177  -3.372 0.6999999881
15029  18.141  -64.747  10.214 0.4000000060
11286  27.078  -69.615  1.845 0.6000000238
10588  26.617  -70.214  1.192 0.6000000238
14223  18.229  -66.062  12.514 0.4000000060
13482  19.833  -66.695  11.914 0.6000000238
116812  26.696  -67.806  1.945 0.6000000238
119037  26.569  -66.364  0.861 0.5000000000
13609  25.974  -65.650  0.287 0.5000000000
15870  19.631  -63.500  9.629 0.4000000060
7932  26.523  -74.763  -1.411 0.8000000119
15047  19.309  -64.218  9.852 0.4000000060
7945  26.864  -74.529  -2.254 0.6999999881
117760  18.890  -64.676  10.164 0.4000000060
122036  26.538  -72.505  -3.639 0.6000000238
9304  25.961  -73.092  -3.653 0.6999999881
113511  26.651  -70.899  -0.321 0.6000000238
9955  26.227  -71.531  -3.032 0.6000000238
15049  17.532  -64.335  9.543 0.4000000060
14246  17.889  -65.215  10.935 0.4000000060
12028  27.590  -68.685  2.044 0.6000000238
14236  17.623  -65.592  11.863 0.4000000060
120492  26.687  -66.978  1.547 0.4000000060
16705  18.907  -62.964  8.872 0.4000000060
8578  26.983  -74.158  -2.922 0.6999999881
15871  18.706  -63.646  9.232 0.4000000060
9303  27.088  -72.417  -3.700 0.6999999881
116360  26.677  -73.182  -3.730 0.6000000238
15048  18.391  -64.229  9.658 0.4000000060
10624  27.535  -70.302  -0.762 0.6000000238
10635  26.807  -70.556  -2.322 0.6000000238
15030  17.261  -64.881  10.158 0.4000000060
120880  16.524  -64.896  10.054 0.3000000119
12807  27.572  -67.482  1.720 0.4000000060
13598  27.366  -66.603  1.041 0.4000000060
13597  28.230  -66.916  1.272 0.4000000060
128030  17.415  -63.525  8.225 0.4000000060
15873  16.918  -64.014  8.640 0.4000000060
11304  28.536  -70.000  0.946 0.6000000238
12027  28.613  -68.994  1.680 0.6000000238
11303  29.409  -69.548  0.621 0.6000000238
114757  29.022  -67.237  1.441 0.4000000060
12805  29.639  -67.919  1.448 0.5000000000
13606  28.803  -66.335  0.911 0.4000000060
112535  13.611  -64.594  8.752 0.3000000119
13596  29.714  -66.900  1.454 0.4000000060
18398  15.862  -60.454  5.449 0.4000000060
15912  14.007  -63.108  7.461 0.3000000119
15901  11.333  -63.691  8.422 0.4000000060
19196  15.317  -59.033  6.591 0.4000000060
18391  14.860  -59.997  6.739 0.4000000060
16732  14.165  -62.484  7.592 0.3000000119
17569  14.596  -62.040  6.963 0.3000000119
15070  12.937  -63.860  8.283 0.3000000119
15899  13.361  -63.411  8.043 0.3000000119
15900  12.312  -63.534  8.387 0.3000000119
19183  15.005  -59.001  6.936 0.4000000060
17576  14.984  -61.385  6.216 0.4000000060
109804  13.494  -62.719  8.294 0.3000000119
14239  11.754  -65.740  11.355 0.4000000060
13474  12.674  -66.825  12.714 0.3000000119
13473  13.269  -66.768  13.367 0.3000000119
16733  12.751  -63.079  8.524 0.3000000119
120045  11.935  -63.131  9.032 0.3000000119
19164  15.597  -59.296  8.199 0.4000000060
18375  15.028  -60.035  7.920 0.4000000060
17533  15.015  -60.768  8.645 0.3000000119
17556  14.347  -61.501  8.250 0.3000000119
17535  13.873  -62.044  8.468 0.3000000119
15034  10.847  -63.676  10.037 0.3000000119
16707  13.325  -62.015  9.237 0.3000000119
14225  13.358  -65.884  12.801 0.3000000119
16689  12.611  -62.434  9.618 0.3000000119
14224  14.100  -65.308  13.128 0.4000000060
14208  13.867  -66.263  13.633 0.3000000119
14206  15.337  -65.478  14.299 0.3000000119
14197  15.008  -66.086  14.707 0.3000000119
18355  15.792  -60.313  8.739 0.4000000060
112266  14.886  -61.264  9.496 0.3000000119
122149  12.301  -64.161  11.023 0.4000000060
17518  14.541  -61.635  10.242 0.3000000119
15848  12.470  -63.298  10.792 0.3000000119
15017  13.460  -64.689  12.400 0.4000000060
15022  12.930  -64.006  11.622 0.4000000060
14186  16.152  -65.298  15.013 0.3000000119
17532  15.653  -60.909  9.586 0.4000000060
17517  15.428  -61.391  10.495 0.4000000060
16706  13.800  -61.775  10.003 0.3000000119
16679  14.411  -62.303  11.781 0.3000000119
15846  13.819  -62.844  11.862 0.3000000119
15837  14.490  -63.162  12.543 0.3000000119
15015  15.082  -63.972  13.234 0.5000000000
15016  14.256  -64.232  12.829 0.4000000060
14999  15.671  -64.718  13.856 0.4000000060
15798  16.313  -64.296  15.444 0.3000000119
18339  16.796  -60.746  10.191 0.4000000060
17507  16.199  -61.468  11.037 0.4000000060
17508  15.614  -61.762  11.289 0.3000000119
16668  15.962  -62.701  12.453 0.3000000119
15834  17.630  -63.479  13.422 0.3000000119
16655  18.338  -63.347  13.742 0.3000000119
16686  14.881  -61.832  11.123 0.3000000119
16678  15.332  -62.130  11.896 0.3000000119
15836  15.495  -63.240  12.937 0.3000000119
15819  17.088  -64.104  13.751 0.3000000119
15818  17.749  -63.892  14.085 0.3000000119
16669  15.076  -62.570  12.447 0.3000000119
14998  16.513  -64.566  14.104 0.3000000119
14986  16.079  -65.178  14.576 0.3000000119
119651  16.537  -63.554  15.443 0.3000000119
19141  18.184  -59.444  9.542 0.3000000119
19128  17.882  -60.143  9.952 0.3000000119
18338  17.471  -60.695  10.388 0.3000000119
17505  18.385  -61.322  11.531 0.3000000119
124998  19.240  -62.196  12.933 0.3000000119
16653  19.417  -62.218  13.687 0.3000000119
18330  17.774  -61.113  10.943 0.3000000119
17498  18.395  -61.991  12.174 0.3000000119
16667  17.052  -62.809  12.597 0.3000000119
16666  18.280  -62.804  12.963 0.3000000119
16640  19.090  -62.479  14.215 0.3000000119
15808  18.420  -63.246  14.148 0.3000000119
14974  17.135  -64.228  14.613 0.3000000119
15809  17.673  -63.620  14.646 0.3000000119
14975  16.610  -64.689  15.045 0.3000000119
16628  17.222  -63.174  15.248 0.3000000119
19896  19.304  -58.670  10.031 0.3000000119
19127  18.625  -59.846  10.367 0.3000000119
18329  18.346  -60.617  10.842 0.3000000119
113277  19.031  -61.641  12.147 0.3000000119
113632  19.873  -61.525  13.316 0.3000000119
17473  19.243  -61.557  14.430 0.3000000119
122226  18.612  -61.953  14.721 0.3000000119
110471  17.918  -61.669  15.224 0.3000000119
127923  16.414  -61.762  15.424 0.3000000119
17486  20.214  -61.129  13.817 0.3000000119
17472  19.736  -61.747  13.988 0.3000000119
18294  18.489  -61.104  14.910 0.3000000119
18295  17.647  -60.668  15.216 0.3000000119
17460  17.207  -62.211  15.368 0.3000000119
18280  16.982  -61.248  15.370 0.3000000119
17471  19.861  -61.018  14.240 0.3000000119
124576  19.904  -60.302  14.384 0.3000000119
18293  19.110  -60.493  14.635 0.3000000119
19094  20.794  -60.079  13.599 0.3000000119
19078  19.438  -59.602  14.567 0.3000000119
19079  18.494  -59.550  14.800 0.3000000119
19080  17.459  -59.635  14.827 0.3000000119
114146  29.188  -82.507  1.319 0.5000000000
4794  28.697  -80.511  1.776 0.5000000000
118662  29.078  -80.686  2.600 0.4000000060
9931  18.646  -71.687  -0.563 0.6999999881
6179  29.211  -77.187  5.469 0.4000000060
9946  20.785  -70.666  -1.695 0.6000000238
7921  22.212  -74.438  -0.280 0.5000000000
10636  21.721  -69.530  -1.310 0.6000000238
7339  24.596  -75.316  -2.351 0.8000000119
125437  23.873  -74.572  -0.164 0.6999999881
8589  24.677  -74.019  -3.586 0.6000000238
14343  24.926  -65.218  0.528 0.5000000000
9927  24.738  -71.470  -0.759 0.6999999881
14235  18.594  -65.642  11.742 0.4000000060
14353  25.616  -64.734  -0.207 0.5000000000
10587  27.595  -70.170  1.222 0.6000000238
13608  26.927  -65.862  0.145 0.4000000060
10643  26.713  -70.766  -3.004 0.6000000238
112816  16.717  -64.503  9.457 0.3000000119
12806  28.637  -68.060  1.652 0.4000000060
12026  29.421  -68.799  1.447 0.4000000060
18399  15.240  -59.726  6.159 0.4000000060
18353  17.078  -60.315  9.688 0.3000000119
19897  18.809  -59.230  10.012 0.3000000119
9301  28.182  -71.797  -3.497 0.5000000000
9288  27.924  -72.713  -3.365 0.5000000000
8577  27.530  -74.001  -2.221 0.6999999881
124970  27.670  -74.041  -1.415 0.6999999881
8550  26.577  -74.304  0.305 0.6000000238
9973  27.502  -71.582  -3.541 0.5000000000
8603  27.259  -73.068  -3.639 0.6000000238
7931  27.240  -74.348  -1.420 0.6000000238
9229  28.002  -72.960  3.103 0.6000000238
9222  27.469  -72.389  3.643 0.6000000238
8576  28.232  -73.643  -1.428 0.6999999881
126158  28.248  -73.881  1.194 0.6000000238
8536  27.647  -73.846  1.551 0.6000000238
8549  27.965  -74.085  0.573 0.6999999881
107875  27.137  -74.127  0.905 0.6000000238
8524  26.969  -73.472  2.283 0.6000000238
111509  27.997  -70.686  -3.479 0.5000000000
8548  28.844  -73.615  0.840 0.6999999881
8535  28.543  -73.657  1.799 0.6999999881
8523  29.313  -73.384  2.419 0.6000000238
8514  28.808  -73.092  3.207 0.6000000238
9263  29.089  -73.091  -0.890 0.6000000238
8564  28.534  -73.701  -0.224 0.6999999881
116152  28.489  -73.383  2.578 0.6000000238
11330  28.376  -68.804  -3.037 0.5000000000
10655  27.298  -70.549  -3.253 0.5000000000
8563  29.334  -73.067  0.057 0.6999999881
8534  29.488  -73.335  1.544 0.6000000238
9220  29.175  -72.803  3.996 0.6000000238
11319  28.966  -68.553  -2.835 0.5000000000
11331  27.745  -69.193  -2.868 0.5000000000
119586  30.463  -68.781  -0.839 0.5000000000
126511  28.279  -68.850  -2.733 0.5000000000
12040  30.972  -68.458  0.084 0.4000000060
7965  16.785  -75.866  -2.313 0.4000000060
7357  18.207  -76.067  -2.894 0.4000000060
111550  17.333  -76.332  -2.665 0.4000000060
6775  18.375  -76.597  -2.921 0.5000000000
6770  18.521  -76.824  -2.881 0.5000000000
6270  18.087  -77.347  -2.139 0.5000000000
11310  29.633  -69.304  -0.565 0.5000000000
6753  19.247  -76.693  -1.233 0.5000000000
6719  18.658  -76.652  2.587 0.6000000238
6743  19.169  -76.478  -0.074 0.5000000000
125489  19.126  -76.652  1.974 0.5000000000
7358  16.611  -76.610  -2.457 0.5000000000
106561  17.159  -76.841  -2.678 0.5000000000
6271  16.933  -77.527  -1.810 0.5000000000
113940  17.771  -77.482  -1.339 0.5000000000
6261  17.001  -77.595  -0.753 0.5000000000
6754  18.513  -77.106  -0.616 0.5000000000
6247  17.791  -77.465  -0.083 0.5000000000
6745  17.844  -77.249  0.888 0.5000000000
11302  30.217  -69.105  0.404 0.5000000000
6744  18.468  -77.034  0.544 0.5000000000
12039  31.513  -68.023  0.526 0.4000000060
119898  30.431  -68.755  0.860 0.4000000060
12024  30.873  -68.102  0.925 0.4000000060
128857  16.655  -72.227  1.408 0.5000000000
6262  16.154  -77.452  -1.258 0.5000000000
11311  28.587  -69.795  -0.407 0.5000000000
11283  29.917  -69.185  1.125 0.4000000060
11290  17.629  -69.680  2.179 0.5000000000
11291  16.661  -69.652  2.027 0.5000000000
122012  15.679  -69.614  1.705 0.5000000000
10595  17.185  -70.657  2.060 0.5000000000
12804  30.464  -67.557  1.330 0.4000000060
12009  18.269  -68.108  2.382 0.5000000000
11272  16.991  -68.481  1.947 0.5000000000
12791  18.296  -67.108  2.469 0.5000000000
12010  17.659  -67.365  2.193 0.5000000000
11273  16.220  -68.551  1.711 0.5000000000
13589  18.570  -66.380  2.708 0.5000000000
12793  16.874  -67.042  2.128 0.6000000238
123515  15.529  -68.556  1.561 0.6000000238
13575  19.800  -66.231  3.377 0.5000000000
13577  18.889  -65.656  2.879 0.5000000000
12792  17.788  -66.862  2.492 0.5000000000
12775  17.198  -66.868  2.647 0.6000000238
116477  16.103  -67.110  1.897 0.6000000238
12034  14.968  -67.971  1.647 0.6000000238
109798  14.043  -69.815  1.254 0.5000000000
11293  13.336  -68.998  1.520 0.5000000000
11294  12.449  -69.209  1.694 0.5000000000
14327  19.782  -65.416  3.323 0.5000000000
15095  20.288  -64.235  3.966 0.5000000000
14311  19.621  -64.709  3.955 0.5000000000
13578  18.093  -66.463  2.826 0.5000000000
13564  18.944  -65.427  3.894 0.6000000238
12776  16.420  -66.851  2.601 0.6000000238
12012  15.228  -67.040  1.986 0.6000000238
119286  14.166  -68.520  1.585 0.6000000238
12036  12.748  -68.250  1.981 0.5000000000
11249  14.263  -69.071  5.447 0.5000000000
12016  11.553  -68.132  3.462 0.5000000000
116320  21.023  -64.573  4.287 0.5000000000
14310  20.150  -64.235  4.420 0.5000000000
14303  19.748  -64.938  5.018 0.6000000238
13556  19.105  -65.621  4.681 0.6000000238
12750  18.890  -66.861  5.503 0.6000000238
12763  16.467  -66.895  3.319 0.6000000238
106653  16.735  -67.197  4.426 0.6000000238
116496  15.098  -66.742  2.709 0.6000000238
12764  15.510  -66.905  4.487 0.6000000238
12795  14.370  -66.865  2.806 0.6000000238
12796  13.554  -67.023  3.027 0.5000000000
12037  11.943  -68.552  2.458 0.5000000000
12781  12.066  -67.592  3.806 0.5000000000
107905  12.822  -67.075  4.013 0.5000000000
12000  11.120  -67.831  4.009 0.5000000000
11991  11.976  -67.870  4.145 0.5000000000
13549  20.043  -65.475  6.155 0.6000000238
13550  19.468  -66.167  5.768 0.6000000238
12740  19.410  -67.294  6.437 0.6000000238
12741  18.588  -67.653  6.344 0.6000000238
121960  18.293  -67.314  5.466 0.6000000238
12753  15.719  -67.205  5.736 0.6000000238
12742  17.350  -67.621  6.449 0.6000000238
128212  14.630  -66.681  4.872 0.5000000000
12754  14.973  -66.934  5.592 0.5000000000
12779  13.191  -66.770  3.853 0.5000000000
12744  14.849  -67.416  6.055 0.5000000000
11975  15.591  -67.751  6.679 0.6000000238
12756  13.573  -67.146  4.919 0.5000000000
11984  14.524  -68.163  5.874 0.5000000000
11241  15.202  -68.242  6.400 0.5000000000
10542  16.184  -70.094  6.453 0.5000000000
12725  19.983  -67.659  7.248 0.6000000238
12726  18.976  -67.858  7.274 0.6000000238
12727  17.679  -67.653  7.641 0.6000000238
12743  16.092  -67.567  6.793 0.6000000238
11974  16.291  -68.000  7.441 0.6000000238
11239  16.256  -68.990  7.038 0.5000000000
113207  20.427  -67.668  8.239 0.6000000238
11964  16.853  -67.726  7.684 0.6000000238
121508  17.054  -67.953  8.174 0.6000000238
11229  16.892  -68.785  7.795 0.5000000000
12679  20.969  -67.108  10.734 0.6000000238
12707  20.789  -67.653  9.224 0.6000000238
12708  19.791  -67.982  9.154 0.6000000238
12709  18.784  -68.098  9.064 0.6000000238
128399  17.326  -67.816  8.231 0.6000000238
11218  17.621  -68.727  8.522 0.5000000000
114529  20.559  -67.522  10.788 0.6000000238
12694  20.150  -67.948  10.174 0.6000000238
11911  19.908  -67.867  11.306 0.6000000238
11951  18.068  -68.281  8.963 0.6000000238
12668  19.226  -68.010  12.220 0.6000000238
111517  18.662  -68.799  12.113 0.5000000000
12654  18.612  -67.466  12.913 0.4000000060
119753  26.806  -73.812  1.623 0.6000000238
110904  27.289  -74.219  0.131 0.6999999881
10634  27.324  -69.874  -2.247 0.5000000000
10633  27.984  -69.415  -1.970 0.5000000000
12063  30.656  -68.438  -2.081 0.5000000000
120076  29.795  -68.839  -1.877 0.5000000000
6248  17.061  -77.384  0.442 0.6000000238
13566  17.282  -66.823  3.281 0.6000000238
12751  18.411  -66.412  4.425 0.6000000238
13580  14.407  -66.618  3.620 0.6000000238
107638  13.798  -66.594  4.626 0.5000000000
117555  19.323  -67.900  8.308 0.6000000238
12710  18.052  -67.845  8.454 0.6000000238
11924  19.359  -68.387  10.607 0.6000000238
11925  18.811  -68.868  10.786 0.6000000238
121945  28.405  -83.662  2.110 0.4000000060
3779  28.854  -83.418  4.350 0.5000000000
3293  29.614  -84.054  4.225 0.5000000000
3294  29.028  -84.073  3.521 0.4000000060
3311  28.928  -84.051  2.376 0.4000000060
3310  29.283  -83.962  2.424 0.4000000060
3808  29.224  -83.338  1.902 0.4000000060
3285  30.081  -84.100  5.027 0.5000000000
3768  29.521  -83.321  5.724 0.5000000000
3302  29.894  -84.005  3.175 0.5000000000
3794  29.735  -83.487  2.582 0.5000000000
4310  29.614  -82.642  2.071 0.4000000060
3284  30.833  -84.542  5.246 0.5000000000
3292  30.355  -84.178  3.850 0.5000000000
119336  30.338  -83.566  3.279 0.5000000000
4297  30.140  -82.754  2.841 0.5000000000
4793  29.635  -81.708  2.725 0.4000000060
113848  31.040  -84.325  4.577 0.5000000000
3778  30.936  -83.598  3.806 0.5000000000
4281  31.464  -82.899  4.227 0.5000000000
4296  30.701  -82.795  3.615 0.5000000000
4785  30.181  -81.755  3.523 0.5000000000
4786  29.599  -80.832  3.495 0.4000000060
9185  30.266  -72.870  5.390 0.5000000000
8495  30.692  -73.387  5.689 0.4000000060
7849  30.888  -74.234  5.856 0.4000000060
7255  31.576  -75.645  5.757 0.4000000060
108988  30.805  -76.346  6.063 0.4000000060
107026  30.246  -77.279  6.099 0.4000000060
116207  30.782  -81.699  4.159 0.5000000000
6178  29.848  -78.005  5.693 0.4000000060
5676  29.714  -78.608  5.129 0.4000000060
5236  29.139  -79.201  3.985 0.4000000060
4773  31.564  -81.475  4.663 0.4000000060
4774  30.587  -80.664  4.620 0.5000000000
4775  29.712  -80.126  4.287 0.4000000060
110766  30.129  -80.951  4.095 0.4000000060
8494  31.392  -73.846  5.329 0.4000000060
6673  31.939  -76.389  5.684 0.4000000060
112583  31.382  -77.122  5.878 0.4000000060
5226  32.173  -80.609  4.810 0.4000000060
5675  30.489  -78.694  5.628 0.4000000060
5228  29.701  -79.250  4.690 0.4000000060
4760  31.242  -80.244  5.081 0.4000000060
5217  30.943  -79.406  5.417 0.4000000060
5227  30.369  -79.819  4.961 0.4000000060
9219  30.023  -73.109  4.113 0.5000000000
114961  30.904  -73.406  4.172 0.4000000060
8502  31.593  -73.749  4.659 0.4000000060
7862  32.103  -74.353  4.316 0.4000000060
6672  32.504  -76.501  5.197 0.4000000060
6176  32.253  -77.234  5.433 0.4000000060
117903  32.051  -78.019  5.466 0.4000000060
6177  31.071  -77.968  5.920 0.4000000060
5216  31.833  -79.564  5.153 0.4000000060
5673  32.278  -78.744  5.045 0.4000000060
5674  31.504  -78.734  5.503 0.4000000060
8513  29.649  -73.262  3.293 0.5000000000
8512  30.375  -73.390  3.482 0.5000000000
112593  31.034  -73.575  3.179 0.5000000000
7876  32.480  -75.151  4.008 0.4000000060
7285  32.577  -76.105  3.737 0.4000000060
6685  32.631  -76.786  4.429 0.4000000060
109403  32.571  -77.437  3.764 0.4000000060
126838  30.039  -73.245  1.930 0.5000000000
7892  31.722  -73.936  2.793 0.4000000060
7299  32.460  -75.553  2.843 0.4000000060
7907  31.830  -73.980  1.853 0.5000000000
7891  32.173  -74.703  2.294 0.4000000060
8533  30.706  -73.196  1.715 0.6000000238
9253  29.739  -72.951  0.766 0.6000000238
107696  31.991  -73.934  0.903 0.5000000000
7906  32.140  -74.874  1.266 0.4000000060
8586  28.115  -73.265  -2.614 0.5000000000
13540  20.503  -66.177  6.996 0.5000000000
12706  21.337  -67.114  8.455 0.5000000000
12678  21.562  -66.788  10.159 0.5000000000
13526  21.785  -66.160  8.373 0.5000000000
12739  20.029  -66.798  6.691 0.5000000000
120507  30.342  -84.297  4.363 0.5000000000
3303  29.229  -84.171  2.904 0.5000000000
7848  31.720  -74.775  5.504 0.4000000060
7254  32.252  -75.633  5.368 0.4000000060
8511  31.658  -73.842  3.751 0.4000000060
7877  32.186  -74.501  3.337 0.4000000060
6175  32.618  -77.216  5.013 0.4000000060
112480  32.490  -77.886  5.026 0.4000000060
8522  30.321  -73.402  2.611 0.5000000000
8521  31.156  -73.534  2.250 0.5000000000
8532  31.381  -73.335  1.402 0.6000000238
9260  31.025  -72.538  0.204 0.5000000000
12067  34.220  -68.431  -2.790 0.3000000119
11326  33.886  -68.844  -3.029 0.3000000119
127492  32.960  -67.885  -2.668 0.3000000119
12060  33.681  -67.897  -2.442 0.3000000119
12050  34.968  -67.966  -1.246 0.3000000119
120931  36.752  -68.020  -0.958 0.3000000119
12049  35.936  -68.015  -1.124 0.3000000119
11336  33.568  -69.412  -3.083 0.3000000119
10650  32.423  -70.193  -3.044 0.4000000060
109632  31.714  -69.185  -3.281 0.4000000060
11325  34.735  -69.024  -2.895 0.3000000119
115540  31.206  -68.472  -3.176 0.4000000060
11327  32.165  -68.575  -3.196 0.4000000060
11340  28.735  -69.147  -3.345 0.4000000060
10654  28.503  -69.978  -3.427 0.4000000060
12066  35.098  -68.659  -2.655 0.3000000119
12061  32.283  -67.837  -2.514 0.3000000119
12070  30.864  -68.217  -2.942 0.4000000060
12828  34.353  -67.720  -0.361 0.3000000119
12834  32.949  -67.638  -1.740 0.3000000119
9969  31.821  -70.694  -2.892 0.4000000060
9938  31.006  -71.680  -1.837 0.4000000060
9939  30.151  -71.677  -1.713 0.4000000060
110232  29.601  -72.293  -1.320 0.4000000060
10649  33.346  -70.144  -2.984 0.4000000060
9952  31.331  -71.163  -2.572 0.4000000060
9954  29.772  -71.325  -2.657 0.4000000060
118186  34.020  -70.090  -3.011 0.3000000119
10651  31.260  -69.888  -3.256 0.4000000060
9971  29.725  -70.633  -3.114 0.4000000060
118019  28.593  -72.484  -2.940 0.4000000060
11334  35.213  -69.689  -2.948 0.3000000119
11339  29.663  -69.056  -3.408 0.4000000060
9287  28.957  -71.623  -3.188 0.4000000060
11324  35.589  -69.234  -2.838 0.3000000119
11318  29.878  -68.297  -2.929 0.4000000060
123502  31.240  -68.228  -1.204 0.4000000060
8575  31.758  -73.109  -1.509 0.4000000060
126572  31.026  -72.264  -0.500 0.4000000060
8585  32.093  -73.381  -2.266 0.4000000060
9286  31.804  -72.080  -2.370 0.4000000060
120400  31.313  -72.206  -1.135 0.4000000060
9261  30.454  -72.293  -0.259 0.4000000060
126492  34.604  -71.029  -2.959 0.3000000119
9968  32.781  -71.209  -2.800 0.4000000060
10646  36.512  -70.601  -3.097 0.3000000119
11333  36.064  -69.844  -3.033 0.3000000119
9274  29.383  -71.986  -2.325 0.4000000060
11323  36.507  -69.493  -2.786 0.3000000119
8547  31.515  -73.121  0.547 0.4000000060
8562  31.502  -72.923  -0.466 0.4000000060
12051  31.741  -67.946  -0.390 0.3000000119
12818  32.142  -67.812  0.439 0.3000000119
12835  32.015  -67.766  -1.525 0.3000000119
9275  28.863  -72.831  -1.956 0.4000000060
9262  29.764  -72.491  -0.487 0.4000000060
9252  30.462  -72.626  0.528 0.4000000060
115815  31.764  -73.936  -0.069 0.4000000060
12071  33.043  -68.701  -3.152 0.3000000119
12833  33.983  -67.823  -1.440 0.3000000119
12827  35.383  -67.688  -0.214 0.3000000119
108487  31.776  -68.147  -2.980 0.4000000060
10652  30.220  -69.819  -3.338 0.4000000060
11328  30.183  -68.449  -3.143 0.4000000060
10653  29.275  -69.912  -3.432 0.4000000060
12062  31.477  -68.024  -2.343 0.4000000060
9300  32.250  -71.637  -2.652 0.4000000060
9273  30.699  -71.861  -0.972 0.4000000060
9953  30.471  -71.097  -2.550 0.4000000060
110451  34.001  -70.851  -3.011 0.3000000119
9970  30.811  -70.433  -2.968 0.4000000060
10648  34.744  -70.397  -2.970 0.3000000119
8602  32.512  -72.782  -2.638 0.4000000060
9967  33.572  -71.579  -2.875 0.3000000119
9965  35.310  -71.201  -2.964 0.3000000119
4734  24.992  -80.029  7.879 0.3000000119
126577  24.683  -80.652  7.133 0.3000000119
5184  25.877  -79.421  8.164 0.3000000119
4719  24.874  -80.164  8.528 0.3000000119
121732  25.641  -79.891  7.005 0.3000000119
113913  25.484  -80.312  6.480 0.3000000119
116158  26.351  -79.110  8.802 0.3000000119
5643  26.067  -78.746  9.373 0.3000000119
5174  25.162  -79.643  9.314 0.3000000119
5199  26.867  -79.707  8.188 0.3000000119
5200  26.151  -79.724  7.412 0.3000000119
4762  26.097  -80.628  5.931 0.3000000119
3785  28.181  -83.082  3.635 0.3000000119
6130  26.645  -77.621  10.798 0.3000000119
5623  26.108  -78.037  10.893 0.3000000119
5183  27.306  -79.364  8.958 0.3000000119
109878  26.353  -78.210  10.076 0.3000000119
5616  25.715  -78.612  10.641 0.3000000119
4761  27.037  -80.869  6.267 0.3000000119
3759  28.868  -82.341  6.330 0.3000000119
4282  28.156  -82.446  4.656 0.3000000119
5182  28.148  -79.605  9.117 0.3000000119
4733  26.966  -80.229  7.360 0.3000000119
4732  27.847  -80.453  8.092 0.3000000119
121331  28.416  -81.081  7.765 0.3000000119
4255  28.579  -81.599  7.174 0.3000000119
4256  27.980  -81.461  6.333 0.3000000119
3291  32.069  -83.940  5.078 0.4000000060
3273  30.363  -84.069  5.966 0.4000000060
4195  29.138  -81.553  12.249 0.3000000119
3704  29.405  -82.875  12.090 0.3000000119
5168  25.387  -79.333  10.306 0.3000000119
4711  24.860  -80.307  9.223 0.3000000119
5602  27.955  -78.107  12.573 0.3000000119
5148  27.561  -78.987  12.459 0.3000000119
126325  27.850  -80.783  12.186 0.3000000119
4196  28.060  -81.461  12.042 0.3000000119
3705  27.982  -82.847  11.470 0.3000000119
6607  27.936  -76.806  12.045 0.3000000119
5149  26.816  -78.729  12.116 0.3000000119
4685  27.559  -80.092  12.277 0.3000000119
4212  26.722  -81.569  11.020 0.3000000119
120502  27.846  -82.128  11.590 0.3000000119
5615  26.025  -78.410  11.283 0.3000000119
5160  25.607  -79.101  11.108 0.3000000119
4699  26.556  -80.638  11.560 0.3000000119
4222  26.130  -81.500  10.702 0.3000000119
4700  25.467  -80.403  10.861 0.3000000119
4223  25.457  -81.062  10.382 0.3000000119
4750  26.322  -80.192  6.687 0.3000000119
114260  26.726  -81.211  5.452 0.3000000119
6123  26.523  -77.858  11.342 0.3000000119
4749  27.701  -80.869  7.096 0.3000000119
4194  30.175  -81.351  12.388 0.3000000119
125705  25.406  -81.476  9.677 0.3000000119
5603  27.205  -78.169  12.259 0.3000000119
125092  28.260  -79.661  12.542 0.3000000119
4686  26.788  -79.466  12.038 0.3000000119
124793  26.775  -81.138  11.405 0.3000000119
4227  26.065  -81.777  10.019 0.3000000119
3758  29.789  -83.149  6.707 0.3000000119
5243  34.129  -80.128  1.956 0.3000000119
4783  34.102  -80.845  3.368 0.3000000119
4295  33.960  -81.424  3.955 0.3000000119
4771  33.596  -81.805  4.238 0.4000000060
4772  32.650  -81.754  4.429 0.4000000060
5244  33.818  -80.174  1.778 0.3000000119
109126  33.481  -80.082  2.414 0.4000000060
5235  33.151  -80.079  3.627 0.4000000060
125323  32.930  -79.331  3.289 0.4000000060
6200  32.546  -77.729  2.796 0.4000000060
5695  32.605  -78.317  3.551 0.4000000060
5685  32.531  -78.793  4.283 0.3000000119
6699  32.567  -76.898  3.516 0.3000000119
5225  35.538  -79.500  4.806 0.3000000119
5233  34.760  -79.873  3.939 0.3000000119
4294  34.237  -81.495  4.208 0.4000000060
4278  33.898  -82.318  4.602 0.4000000060
4279  33.282  -82.746  4.580 0.3000000119
3776  32.847  -83.516  4.814 0.3000000119
5694  34.508  -79.059  2.202 0.3000000119
112878  33.835  -80.031  1.297 0.3000000119
5253  33.516  -79.964  0.995 0.3000000119
5245  33.097  -79.791  1.307 0.3000000119
5263  33.299  -79.217  0.497 0.3000000119
5723  32.696  -78.661  0.112 0.3000000119
5254  33.005  -79.499  0.769 0.3000000119
126637  32.680  -79.300  1.362 0.4000000060
5703  32.823  -79.134  2.310 0.4000000060
6241  31.807  -77.762  -0.167 0.3000000119
6228  32.083  -77.963  0.782 0.4000000060
6715  32.402  -77.326  1.882 0.4000000060
7325  31.358  -76.094  -0.516 0.3000000119
7324  31.847  -76.141  0.526 0.4000000060
6727  32.089  -76.801  1.209 0.4000000060
118807  32.383  -76.378  2.088 0.4000000060
122546  31.407  -75.121  -1.589 0.3000000119
7917  31.844  -74.988  0.249 0.3000000119
6155  35.937  -78.143  7.542 0.3000000119
5653  35.753  -79.250  7.409 0.3000000119
5195  35.074  -79.989  7.223 0.3000000119
107584  34.310  -80.571  7.025 0.3000000119
127359  36.139  -79.380  5.527 0.3000000119
4745  35.939  -80.536  6.632 0.3000000119
4747  34.810  -81.488  6.713 0.3000000119
5693  34.977  -78.057  3.241 0.3000000119
5684  35.229  -78.571  4.135 0.3000000119
5215  35.817  -80.109  5.613 0.3000000119
4759  35.382  -80.983  5.652 0.3000000119
4264  34.562  -82.099  5.929 0.3000000119
3754  34.086  -82.617  6.042 0.3000000119
125391  33.577  -83.223  5.625 0.3000000119
3282  32.464  -84.117  5.731 0.3000000119
3271  32.007  -84.345  6.190 0.3000000119
3756  31.457  -83.905  6.756 0.3000000119
6212  35.144  -77.596  2.267 0.3000000119
6258  31.396  -77.631  -0.948 0.3000000119
6741  31.800  -77.170  0.370 0.3000000119
6760  31.328  -76.705  -1.787 0.3000000119
6742  31.471  -77.014  -0.381 0.3000000119
7959  31.970  -74.867  -2.420 0.3000000119
110491  31.694  -74.437  -2.001 0.3000000119
7930  31.718  -74.014  -1.073 0.3000000119
111048  36.074  -77.251  7.654 0.3000000119
5652  36.720  -78.808  7.433 0.3000000119
5193  36.474  -79.706  7.223 0.3000000119
5194  35.954  -80.349  7.248 0.3000000119
5672  36.764  -79.014  5.866 0.3000000119
5208  36.188  -80.337  7.116 0.3000000119
3757  30.610  -83.657  6.825 0.3000000119
6652  36.292  -76.538  7.711 0.3000000119
6154  36.854  -77.924  7.627 0.3000000119
5651  37.493  -78.307  7.426 0.3000000119
5665  37.082  -79.143  7.243 0.3000000119
122174  36.589  -79.829  7.017 0.3000000119
5683  36.119  -78.700  5.034 0.3000000119
121588  36.837  -77.238  7.700 0.3000000119
6152  38.033  -77.759  7.384 0.3000000119
5664  37.626  -78.595  7.026 0.3000000119
5671  37.585  -78.669  6.187 0.3000000119
3283  31.623  -84.431  5.543 0.3000000119
3777  31.410  -83.908  4.354 0.3000000119
4280  32.347  -82.708  4.471 0.3000000119
122722  33.105  -80.970  4.128 0.3000000119
109894  32.518  -79.787  4.550 0.4000000060
7312  32.236  -75.737  1.686 0.4000000060
8584  32.576  -74.035  -2.632 0.3000000119
5234  34.331  -80.351  2.893 0.3000000119
4792  34.029  -80.454  2.529 0.3000000119
4782  34.476  -80.791  3.904 0.3000000119
4784  33.897  -80.807  3.162 0.4000000060
6214  32.469  -78.522  1.611 0.4000000060
110906  35.151  -80.478  4.725 0.3000000119
4277  34.403  -82.001  5.054 0.3000000119
4770  34.755  -81.288  4.805 0.3000000119
3775  33.490  -83.237  5.051 0.4000000060
5711  34.127  -79.472  1.173 0.3000000119
5252  33.707  -79.753  0.918 0.3000000119
5712  32.539  -79.034  0.827 0.4000000060
7331  31.195  -76.015  -1.385 0.3000000119
4746  35.743  -80.901  6.997 0.3000000119
4250  35.175  -81.370  6.471 0.3000000119
4251  34.646  -81.810  6.439 0.3000000119
7352  31.960  -75.847  -2.495 0.3000000119
6728  19.123  -76.566  1.081 0.4000000060
3272  31.194  -84.427  6.114 0.3000000119
3290  32.966  -83.726  5.283 0.3000000119
3301  30.656  -84.044  3.804 0.5000000000
3318  28.857  -83.727  1.890 0.4000000060
3706  27.433  -82.246  10.970 0.3000000119
3766  34.028  -82.692  5.372 0.3000000119
3767  33.125  -83.691  5.743 0.3000000119
3769  28.798  -82.795  5.265 0.5000000000
3809  28.749  -83.019  1.339 0.5000000000
3810  28.299  -83.318  1.366 0.4000000060
4210  28.584  -82.343  11.960 0.3000000119
4211  27.373  -81.575  11.446 0.3000000119
4213  25.997  -80.987  11.197 0.3000000119
4231  25.047  -81.569  9.032 0.3000000119
4263  34.889  -81.630  5.636 0.3000000119
4265  28.138  -81.959  5.536 0.3000000119
4684  28.503  -80.590  12.365 0.3000000119
4698  27.297  -80.857  11.836 0.3000000119
4707  25.076  -80.150  10.089 0.3000000119
4718  27.709  -79.965  8.719 0.3000000119
4726  35.398  -80.919  7.020 0.3000000119
4735  24.731  -80.605  7.749 0.3000000119
4751  25.032  -80.208  7.177 0.3000000119
5159  26.226  -78.941  11.672 0.3000000119
5185  25.264  -79.693  8.389 0.3000000119
5201  25.461  -79.766  7.632 0.3000000119
5207  37.077  -79.204  6.758 0.3000000119
5214  36.395  -79.685  6.323 0.3000000119
5218  30.224  -79.177  5.248 0.4000000060
5604  26.589  -78.262  11.790 0.3000000119
5631  25.655  -78.913  9.775 0.3000000119
5642  26.883  -78.710  9.357 0.3000000119
5644  25.649  -79.219  8.956 0.3000000119
6109  27.454  -77.155  11.770 0.3000000119
6110  27.036  -77.673  11.835 0.3000000119
6122  27.075  -77.306  11.304 0.3000000119
6140  26.988  -77.584  10.173 0.3000000119
6153  37.469  -77.590  7.604 0.3000000119
6189  32.574  -77.690  4.451 0.4000000060
6269  18.633  -77.086  -2.564 0.5000000000
6272  16.370  -77.220  -2.104 0.5000000000
6274  17.920  -77.159  -2.593 0.5000000000
6275  17.119  -77.189  -2.521 0.5000000000
6665  30.056  -75.926  6.309 0.4000000060
6729  18.375  -77.022  1.694 0.6000000238
6752  31.157  -76.916  -1.139 0.3000000119
6762  18.605  -77.181  -1.720 0.5000000000
6768  20.037  -76.721  -2.936 0.6000000238
6769  19.268  -76.877  -3.052 0.5000000000
6771  17.773  -76.860  -2.742 0.5000000000
6772  16.603  -76.960  -2.498 0.5000000000
6774  19.095  -76.581  -3.158 0.5000000000
6776  17.758  -76.632  -2.751 0.4000000060
7243  29.804  -75.228  6.366 0.4000000060
7270  32.578  -75.810  4.724 0.4000000060
7313  20.272  -75.329  1.116 0.5000000000
7332  21.325  -75.371  -1.378 0.5000000000
7337  31.510  -75.736  -2.078 0.3000000119
7338  25.102  -75.228  -2.918 0.6000000238
7355  21.571  -75.926  -3.202 0.6000000238
7363  23.128  -75.138  -3.644 0.6999999881
7820  27.932  -73.764  6.986 0.6000000238
7822  26.290  -74.014  7.407 0.5000000000
7847  32.338  -74.932  4.937 0.4000000060
7938  20.902  -74.659  -0.080 0.5000000000
7947  24.426  -75.218  -1.495 0.6999999881
7960  26.366  -74.595  -3.026 0.8000000119
7963  18.456  -74.991  -2.824 0.4000000060
7971  26.080  -74.355  -3.406 0.6000000238
7973  24.340  -74.708  -3.504 0.6999999881
7974  23.534  -74.888  -3.666 0.6999999881
7979  19.013  -75.595  -3.246 0.6000000238
8469  27.467  -73.319  7.238 0.6000000238
8487  29.438  -73.298  6.572 0.6999999881
8503  31.006  -73.235  5.067 0.4000000060
8539  24.484  -73.487  1.612 0.6999999881
8542  21.764  -73.633  1.730 0.5000000000
8555  21.867  -73.711  0.857 0.5000000000
8565  27.718  -74.108  -0.610 0.6999999881
8566  26.935  -74.429  -0.570 0.6999999881
8587  27.431  -73.566  -3.168 0.6999999881
8596  18.012  -74.419  -2.209 0.6000000238
8605  25.507  -73.814  -3.587 0.6000000238
8607  22.532  -74.469  -3.625 0.6999999881
9169  28.504  -72.346  6.796 0.6000000238
9171  26.503  -72.040  6.984 0.6000000238
9204  30.450  -72.973  4.797 0.5000000000
9223  26.542  -72.342  3.459 0.6999999881
9230  27.190  -72.894  2.944 0.6000000238
9239  30.318  -72.971  1.235 0.6000000238
9241  23.667  -73.145  1.806 0.6000000238
9242  22.904  -73.129  1.726 0.5000000000
9251  30.965  -72.731  0.995 0.5000000000
9264  18.223  -72.431  -0.742 0.6000000238
9265  17.270  -73.061  -0.241 0.6000000238
9277  23.897  -72.296  -2.155 0.6999999881
9292  22.055  -72.175  -2.390 0.6000000238
9294  20.511  -72.470  -2.496 0.6000000238
9302  27.606  -72.376  -3.577 0.5000000000
9306  21.105  -73.258  -3.103 0.6999999881
9836  27.302  -72.096  7.007 0.6000000238
9842  28.012  -71.757  6.590 0.6000000238
9856  28.514  -71.674  5.980 0.6999999881
9879  24.918  -71.902  4.604 0.6000000238
9890  26.059  -71.869  4.102 0.6999999881
9891  25.248  -71.989  4.044 0.6999999881
9898  17.805  -71.336  1.410 0.6000000238
9899  16.865  -71.578  1.847 0.5000000000
9912  18.315  -71.701  0.503 0.6999999881
9925  30.138  -72.045  -0.886 0.4000000060
9928  23.807  -71.138  -0.913 0.6999999881
9941  25.600  -71.984  -2.605 0.6999999881
9945  21.517  -70.318  -1.659 0.6000000238
9947  19.606  -71.296  -1.550 0.6000000238
9948  18.896  -71.839  -1.361 0.6999999881
9960  20.048  -71.811  -1.979 0.6000000238
9966  34.436  -71.711  -2.909 0.3000000119
9972  28.775  -70.831  -3.418 0.4000000060
9974  26.782  -71.603  -3.418 0.6999999881
10543  15.510  -70.080  5.948 0.5000000000
10559  21.848  -70.281  3.908 0.6999999881
10569  22.455  -70.113  3.121 0.8000000119
10577  21.414  -70.666  2.617 0.6999999881
10578  20.925  -70.881  1.949 0.6999999881
10579  19.137  -70.155  2.304 0.6000000238
10598  13.054  -70.040  1.242 0.5000000000
10610  26.007  -70.803  0.506 0.6000000238
10614  20.347  -70.731  0.194 0.6999999881
10615  19.608  -71.007  0.569 0.6999999881
10625  26.352  -71.137  -1.146 0.6000000238
10630  20.277  -70.301  -0.854 0.6000000238
10642  27.207  -69.839  -2.964 0.5000000000
10647  35.665  -70.416  -3.050 0.3000000119
11206  18.627  -69.135  10.118 0.6000000238
11240  15.636  -69.149  6.448 0.5000000000
11247  22.043  -69.261  5.327 0.6000000238
11251  21.920  -69.846  4.658 0.6999999881
11262  20.031  -69.518  3.680 0.6000000238
11268  23.072  -69.583  3.119 0.8000000119
11269  22.685  -69.495  2.225 0.8000000119
11271  18.361  -69.312  2.331 0.5000000000
11274  11.019  -68.634  2.929 0.5000000000
11284  29.047  -69.407  1.262 0.6000000238
11285  28.118  -69.598  1.640 0.6000000238
11287  26.072  -69.474  1.543 0.6999999881
11289  22.399  -69.172  1.103 0.6999999881
11305  24.212  -68.975  0.119 0.6999999881
11307  22.453  -68.231  -0.331 0.6999999881
11313  22.762  -69.032  -0.806 0.6999999881
11315  21.463  -69.198  -1.033 0.6999999881
11329  29.214  -68.580  -3.095 0.4000000060
11335  34.376  -69.546  -2.989 0.3000000119
11337  32.706  -69.329  -3.177 0.3000000119
11338  30.653  -69.069  -3.393 0.4000000060
11341  27.861  -69.527  -3.175 0.5000000000
11912  19.123  -68.498  11.493 0.6000000238
11938  18.883  -68.607  10.122 0.6000000238
11950  18.606  -68.529  9.558 0.5000000000
11963  17.493  -67.946  8.580 0.6000000238
11971  24.818  -68.472  6.226 0.6000000238
11979  25.203  -68.374  5.513 0.8000000119
11985  13.826  -68.049  5.302 0.5000000000
11989  20.701  -68.659  4.477 0.6000000238
11998  19.916  -68.464  3.854 0.6000000238
12008  18.767  -67.870  2.716 0.6000000238
12011  16.558  -67.602  1.779 0.6000000238
12013  14.134  -67.502  2.092 0.6000000238
12014  13.165  -67.571  2.431 0.5000000000
12015  12.375  -67.835  2.927 0.5000000000
12025  30.191  -68.514  1.231 0.4000000060
12032  22.372  -67.836  0.503 0.6999999881
12033  15.786  -67.713  1.658 0.6000000238
12035  13.482  -68.071  1.802 0.6000000238
12044  22.279  -67.812  0.036 0.6999999881
12059  34.589  -68.063  -2.286 0.3000000119
12068  33.389  -68.287  -2.940 0.3000000119
12069  32.597  -68.185  -3.008 0.3000000119
12667  19.810  -67.421  11.874 0.6000000238
12692  21.468  -67.262  9.396 0.6000000238
12693  20.992  -67.445  10.110 0.6000000238
12695  19.231  -68.253  9.770 0.6000000238
12721  25.648  -67.743  7.221 0.6000000238
12724  20.617  -67.050  7.538 0.5000000000
12736  25.500  -68.185  6.407 0.6000000238
12738  23.408  -67.461  6.633 0.6000000238
12752  17.578  -67.265  4.990 0.6000000238
12755  14.271  -66.809  5.245 0.5000000000
12762  17.798  -66.701  3.771 0.6000000238
12765  13.325  -66.826  4.289 0.5000000000
12766  12.078  -67.635  3.868 0.5000000000
12777  15.491  -66.738  3.213 0.6000000238
12778  13.785  -66.658  3.606 0.6000000238
12780  12.675  -67.227  3.748 0.5000000000
12789  22.937  -66.830  1.689 0.6000000238
12790  18.937  -66.864  2.681 0.5000000000
12794  15.900  -66.837  2.302 0.6000000238
12797  12.816  -67.241  3.403 0.5000000000
12810  23.777  -66.026  0.905 0.6000000238
12811  22.696  -66.776  0.886 0.6000000238
13456  13.422  -66.956  14.058 0.3000000119
13481  20.461  -67.129  11.367 0.6000000238
13483  19.068  -66.259  12.275 0.5000000000
13494  21.072  -66.520  10.997 0.6000000238
13539  21.106  -66.263  7.678 0.5000000000
13547  23.368  -66.176  6.622 0.5000000000
13557  14.159  -66.501  4.498 0.5000000000
13565  18.599  -65.811  3.310 0.5000000000
13567  13.711  -66.488  4.134 0.5000000000
13573  25.293  -65.978  4.052 0.6000000238
13576  19.251  -65.920  2.851 0.5000000000
13579  14.754  -66.656  4.152 0.6000000238
13601  23.119  -65.494  1.342 0.6000000238
14196  15.567  -65.763  14.912 0.3000000119
14207  14.603  -65.820  13.972 0.3000000119
14226  12.577  -65.313  11.803 0.4000000060
14234  19.551  -65.916  11.626 0.6000000238
14241  22.340  -65.205  9.614 0.6000000238
14242  21.591  -65.927  10.527 0.5000000000
14244  20.132  -65.534  11.090 0.4000000060
14247  16.722  -65.322  10.951 0.3000000119
14294  21.432  -64.266  7.121 0.6000000238
14308  22.176  -64.366  5.143 0.6000000238
14317  20.398  -64.518  3.906 0.5000000000
14318  19.844  -64.834  3.547 0.5000000000
14319  19.285  -65.178  3.327 0.5000000000
14328  19.401  -65.314  3.179 0.5000000000
14333  23.980  -64.057  2.391 0.6000000238
14342  29.632  -66.031  1.195 0.4000000060
14985  16.609  -64.687  14.655 0.3000000119
14997  17.100  -64.347  14.246 0.3000000119
15000  14.843  -64.895  13.533 0.4000000060
15026  21.607  -65.052  10.573 0.4000000060
15046  22.442  -64.168  9.522 0.6000000238
15094  20.742  -63.944  4.509 0.6000000238
15099  20.845  -64.108  4.319 0.5000000000
15797  17.023  -64.033  15.111 0.3000000119
15820  16.104  -64.045  13.488 0.5000000000
15835  16.585  -63.411  13.116 0.3000000119
15838  13.649  -63.615  12.160 0.4000000060
15847  13.166  -63.055  11.384 0.3000000119
15868  22.684  -62.955  9.309 0.5000000000
15872  17.833  -63.788  9.000 0.4000000060
15898  14.200  -63.615  7.540 0.3000000119
15916  22.607  -62.927  6.501 0.4000000060
16654  18.931  -62.842  13.683 0.3000000119
16676  17.440  -62.178  12.037 0.3000000119
16680  13.538  -62.373  11.123 0.3000000119
16687  14.014  -61.898  10.796 0.3000000119
16708  12.785  -62.661  8.940 0.3000000119
17474  18.112  -62.702  14.836 0.3000000119
17515  16.982  -61.208  10.783 0.3000000119
17516  16.208  -61.012  10.339 0.4000000060
17534  14.113  -61.631  9.307 0.3000000119
17555  14.704  -61.002  7.390 0.4000000060
18292  20.365  -60.524  14.063 0.3000000119
18308  20.517  -60.631  13.581 0.3000000119
18354  16.373  -60.582  9.591 0.4000000060
19077  20.368  -59.696  14.221 0.3000000119
106337  15.391  -67.379  6.239 0.6000000238
106612  27.804  -73.444  2.406 0.6000000238
107143  12.818  -67.319  4.251 0.5000000000
108405  16.654  -67.510  5.723 0.6000000238
108854  25.988  -72.666  7.406 0.5000000000
109062  29.939  -72.589  0.146 0.4000000060
109120  17.675  -68.365  2.169 0.5000000000
110710  18.255  -60.256  14.984 0.3000000119
110938  21.523  -63.583  10.547 0.4000000060
111067  28.359  -82.809  0.605 0.5000000000
111140  26.826  -80.200  11.867 0.3000000119
111321  33.268  -70.831  -2.891 0.4000000060
111415  23.939  -74.533  -3.562 0.6000000238
111795  25.999  -79.938  11.464 0.3000000119
112287  24.421  -67.918  3.602 0.6999999881
112369  28.633  -83.104  11.805 0.3000000119
113670  28.875  -69.148  -1.805 0.5000000000
114232  15.216  -60.582  5.852 0.4000000060
115446  19.252  -67.783  3.130 0.6000000238
115484  14.188  -67.421  5.564 0.5000000000
115742  32.524  -76.626  2.815 0.4000000060
115858  24.137  -72.522  3.220 0.6000000238
115993  28.727  -73.607  6.831 0.6999999881
117177  11.871  -64.033  8.121 0.3000000119
117596  31.493  -75.045  -0.754 0.3000000119
118222  31.958  -74.272  5.034 0.4000000060
118292  32.232  -78.347  0.136 0.3000000119
118851  34.643  -79.438  3.085 0.3000000119
119073  27.607  -77.501  12.231 0.3000000119
119696  17.524  -77.416  -2.170 0.5000000000
119787  26.435  -67.520  7.262 0.6000000238
120168  29.542  -72.417  5.722 0.6999999881
120685  25.385  -79.761  10.806 0.3000000119
121128  20.081  -70.675  2.157 0.6999999881
121771  27.911  -70.286  0.366 0.6000000238
122597  21.488  -74.889  -3.682 0.6999999881
122732  21.395  -65.403  7.652 0.6000000238
122851  33.045  -72.283  -2.797 0.4000000060
123082  35.221  -81.303  6.751 0.3000000119
123091  29.044  -71.954  6.023 0.6999999881
123107  22.055  -65.410  10.215 0.5000000000
123203  16.177  -64.311  8.794 0.3000000119
123629  18.641  -66.676  12.707 0.4000000060
123769  16.277  -62.640  15.515 0.3000000119
123998  29.759  -84.134  3.612 0.5000000000
124137  25.187  -72.520  7.262 0.5000000000
124255  31.576  -72.405  -1.895 0.4000000060
124281  34.164  -79.618  7.222 0.3000000119
124296  15.735  -68.299  6.887 0.6000000238
124971  20.168  -65.045  3.586 0.5000000000
125021  20.953  -69.856  -1.282 0.6000000238
125061  31.742  -77.576  5.691 0.4000000060
125984  21.897  -64.886  4.965 0.6000000238
126074  35.491  -77.765  3.818 0.3000000119
126195  26.932  -70.580  -1.386 0.6000000238
126333  28.363  -72.199  -3.278 0.5000000000
126441  17.167  -67.604  1.934 0.5000000000
126457  26.044  -72.566  3.151 0.6999999881
126729  34.376  -79.969  2.436 0.3000000119
126846  24.063  -66.197  3.174 0.6000000238
127097  23.111  -68.982  2.328 0.8000000119
127265  17.730  -74.015  -1.450 0.6000000238
127592  26.412  -67.629  5.949 0.6000000238
128006  27.004  -80.517  6.822 0.3000000119
128330  21.847  -70.457  3.113 0.8000000119
128418  23.519  -72.714  3.002 0.6000000238
128476  33.321  -83.506  5.407 0.3000000119
128540  29.372  -83.542  4.918 0.5000000000
128720  32.087  -83.550  4.649 0.3000000119
