#!ascii label  , from subject sub-v1s8x0051333_ses-1 vox2ras=TkReg
1024
53602  -12.690  -35.057  88.281 0.0000000000
64910  -35.474  -26.370  75.418 0.0000000000
65986  -37.016  -25.009  68.322 0.0000000000
57320  -29.505  -33.074  78.704 0.0000000000
77468  -40.271  -14.116  61.450 0.0000000000
69098  -37.698  -21.436  62.391 0.0000000000
62882  -37.819  -27.032  79.126 0.0000000000
60774  -32.425  -29.532  78.108 0.0000000000
79416  -45.929  -11.751  63.460 0.0000000000
82367  -48.391  -8.147  61.931 0.0000000000
85268  -49.842  -5.075  59.557 0.0000000000
68010  -41.480  -22.042  67.985 0.0000000000
68059  -35.699  -21.938  64.876 0.0000000000
70109  -42.120  -20.997  65.886 0.0000000000
138855  -42.652  -16.738  67.430 0.0000000000
61827  -24.103  -27.383  79.581 0.0000000000
50293  -10.462  -37.314  90.310 0.0000000000
62989  -37.539  -27.318  71.535 0.0000000000
65936  -40.605  -24.928  72.427 0.0000000000
60798  -25.427  -29.165  74.780 0.0000000000
57365  -28.198  -32.901  72.698 0.0000000000
87396  -47.998  -4.085  52.490 0.0000000000
87385  -51.515  -2.451  56.549 0.0000000000
74424  -37.993  -17.103  63.662 0.0000000000
78386  -43.738  -13.448  67.053 0.0000000000
56071  -15.179  -34.157  85.732 0.0000000000
45032  -8.554  -43.871  87.821 0.0000000000
80432  -46.898  -10.173  62.826 0.0000000000
68040  -41.715  -21.729  66.825 0.0000000000
61843  -19.898  -28.772  78.665 0.0000000000
51383  -11.344  -36.650  89.830 0.0000000000
63972  -34.788  -26.885  70.541 0.0000000000
63944  -36.619  -27.220  73.009 0.0000000000
58471  -27.791  -30.813  76.711 0.0000000000
59694  -27.300  -31.257  74.241 0.0000000000
57344  -28.789  -33.168  75.491 0.0000000000
63877  -33.319  -26.788  77.464 0.0000000000
62928  -31.879  -27.827  76.245 0.0000000000
64908  -32.978  -25.989  75.317 0.0000000000
58441  -28.990  -31.490  79.674 0.0000000000
59646  -26.852  -29.537  79.082 0.0000000000
82405  -43.988  -8.249  57.053 0.0000000000
85303  -46.574  -5.320  54.398 0.0000000000
86359  -50.870  -3.759  57.784 0.0000000000
153570  -36.938  -22.295  62.197 0.0000000000
73452  -38.478  -19.179  63.327 0.0000000000
77382  -42.670  -14.074  67.900 0.0000000000
60697  -18.572  -29.523  82.996 0.0000000000
59561  -18.000  -30.025  85.273 0.0000000000
156519  -16.872  -31.069  86.508 0.0000000000
57202  -15.893  -32.904  84.591 0.0000000000
46145  -10.039  -43.522  85.942 0.0000000000
63880  -36.597  -26.367  77.663 0.0000000000
62930  -38.127  -26.823  75.631 0.0000000000
62917  -39.061  -26.912  76.916 0.0000000000
58430  -31.442  -31.730  80.766 0.0000000000
58474  -31.399  -32.418  77.391 0.0000000000
60754  -33.494  -29.513  80.148 0.0000000000
62881  -34.932  -27.232  79.213 0.0000000000
78440  -43.808  -13.801  62.002 0.0000000000
136683  -44.752  -12.300  60.675 0.0000000000
81473  -44.949  -9.570  60.004 0.0000000000
83278  -46.243  -7.015  58.874 0.0000000000
84253  -47.267  -5.561  57.511 0.0000000000
136341  -49.199  -6.213  60.334 0.0000000000
68007  -39.110  -22.828  69.075 0.0000000000
67009  -35.746  -23.053  66.753 0.0000000000
68038  -38.671  -22.045  66.685 0.0000000000
68062  -40.307  -22.377  64.916 0.0000000000
70119  -40.613  -20.900  64.422 0.0000000000
73439  -40.550  -19.103  64.183 0.0000000000
73427  -41.946  -18.913  66.193 0.0000000000
62828  -22.009  -27.409  81.571 0.0000000000
61807  -19.771  -28.777  81.000 0.0000000000
88375  -52.938  -1.324  51.959 0.0000000000
51366  -9.309  -37.233  90.616 0.0000000000
63984  -35.636  -27.148  69.401 0.0000000000
63999  -37.723  -26.392  69.881 0.0000000000
62960  -38.604  -27.553  73.554 0.0000000000
64959  -39.269  -26.235  71.562 0.0000000000
65956  -39.238  -24.534  69.921 0.0000000000
67969  -41.114  -22.781  70.521 0.0000000000
59695  -31.342  -31.625  75.402 0.0000000000
60726  -26.926  -29.103  80.687 0.0000000000
61872  -24.926  -27.965  77.354 0.0000000000
143426  -48.739  -4.179  56.113 0.0000000000
87391  -49.527  -3.159  54.700 0.0000000000
88369  -51.401  -1.856  53.488 0.0000000000
89290  -53.300  -0.567  55.684 0.0000000000
51439  -13.086  -37.593  84.500 0.0000000000
140734  -11.688  -39.496  85.103 0.0000000000
77439  -39.120  -14.430  63.581 0.0000000000
75457  -40.358  -16.872  65.795 0.0000000000
77407  -40.241  -14.463  65.686 0.0000000000
77442  -42.658  -14.055  64.034 0.0000000000
77411  -45.373  -12.750  64.967 0.0000000000
54819  -14.142  -34.984  86.824 0.0000000000
49237  -10.291  -39.724  87.563 0.0000000000
48180  -9.218  -41.011  87.595 0.0000000000
48179  -8.279  -41.433  87.327 0.0000000000
52469  -11.998  -36.035  88.294 0.0000000000
63929  -35.350  -26.549  74.341 0.0000000000
63943  -35.549  -26.811  73.162 0.0000000000
144736  -36.322  -27.015  74.042 0.0000000000
58473  -28.429  -32.107  77.960 0.0000000000
58498  -27.637  -32.030  76.097 0.0000000000
151248  -28.936  -33.180  76.674 0.0000000000
64898  -34.747  -26.117  76.340 0.0000000000
63914  -32.958  -26.133  76.213 0.0000000000
64909  -34.479  -26.135  75.462 0.0000000000
158222  -33.771  -26.033  73.748 0.0000000000
138689  -30.564  -33.296  80.073 0.0000000000
57268  -29.676  -33.051  81.123 0.0000000000
57302  -29.083  -32.399  79.219 0.0000000000
58455  -28.690  -30.959  78.217 0.0000000000
85292  -46.055  -5.776  55.087 0.0000000000
64993  -36.124  -26.860  67.666 0.0000000000
65985  -36.322  -25.264  67.467 0.0000000000
69086  -37.724  -21.841  62.811 0.0000000000
69097  -37.138  -22.448  61.256 0.0000000000
71343  -37.907  -20.755  62.591 0.0000000000
59580  -17.471  -30.728  82.791 0.0000000000
59571  -17.851  -29.857  84.305 0.0000000000
59570  -17.320  -30.668  83.638 0.0000000000
58363  -16.973  -31.450  84.917 0.0000000000
57213  -16.377  -32.536  83.054 0.0000000000
63881  -37.521  -26.772  77.923 0.0000000000
135385  -38.298  -27.017  77.384 0.0000000000
136819  -38.729  -27.425  77.863 0.0000000000
59611  -32.616  -30.557  81.753 0.0000000000
59634  -32.186  -30.262  80.096 0.0000000000
60741  -33.928  -29.925  80.774 0.0000000000
62862  -37.343  -26.683  80.058 0.0000000000
62860  -35.411  -27.532  79.878 0.0000000000
63853  -35.939  -26.823  79.428 0.0000000000
63864  -35.678  -26.432  78.654 0.0000000000
78441  -45.264  -13.022  62.381 0.0000000000
79432  -44.703  -12.896  61.095 0.0000000000
135700  -45.610  -12.110  61.526 0.0000000000
81457  -47.028  -9.389  61.936 0.0000000000
157331  -45.769  -10.392  60.920 0.0000000000
82374  -46.588  -8.579  60.765 0.0000000000
82383  -45.310  -8.648  59.604 0.0000000000
83258  -46.807  -7.776  60.302 0.0000000000
84227  -47.043  -6.660  59.363 0.0000000000
158741  -48.078  -7.110  60.754 0.0000000000
135736  -39.664  -22.154  68.276 0.0000000000
135735  -38.540  -21.984  67.702 0.0000000000
135734  -40.625  -22.202  67.344 0.0000000000
69048  -41.845  -21.783  65.826 0.0000000000
135728  -40.746  -22.556  65.513 0.0000000000
69059  -41.058  -21.901  64.879 0.0000000000
68076  -40.442  -22.004  64.698 0.0000000000
69072  -41.098  -21.398  64.757 0.0000000000
71320  -41.096  -20.244  64.565 0.0000000000
71310  -41.907  -20.343  65.611 0.0000000000
62830  -24.599  -27.438  80.816 0.0000000000
156034  -24.263  -27.093  81.723 0.0000000000
61826  -22.772  -27.211  80.028 0.0000000000
61824  -19.772  -28.788  79.778 0.0000000000
89293  -53.604  -0.378  53.627 0.0000000000
89299  -54.987  -0.454  52.396 0.0000000000
50291  -9.862  -37.323  90.543 0.0000000000
62973  -36.881  -27.415  71.593 0.0000000000
63973  -35.768  -27.119  70.488 0.0000000000
62988  -36.808  -27.228  70.739 0.0000000000
63997  -36.220  -27.171  68.976 0.0000000000
63986  -37.594  -27.089  71.003 0.0000000000
155670  -39.228  -26.863  75.068 0.0000000000
139440  -38.868  -27.183  74.280 0.0000000000
62947  -39.378  -26.885  74.558 0.0000000000
64961  -40.504  -25.398  72.903 0.0000000000
63976  -39.507  -26.405  72.469 0.0000000000
64960  -40.025  -25.754  72.120 0.0000000000
64978  -39.162  -25.543  70.334 0.0000000000
65957  -39.873  -24.940  70.626 0.0000000000
66982  -40.014  -23.890  70.395 0.0000000000
65947  -40.801  -24.058  71.855 0.0000000000
138576  -27.820  -32.492  73.986 0.0000000000
59661  -31.929  -31.126  77.739 0.0000000000
58487  -31.280  -32.483  76.619 0.0000000000
60787  -31.947  -30.311  76.674 0.0000000000
60815  -31.015  -30.176  74.319 0.0000000000
60727  -27.449  -29.453  81.102 0.0000000000
59674  -26.987  -29.266  76.954 0.0000000000
60763  -26.237  -28.915  78.598 0.0000000000
60784  -25.614  -28.270  76.840 0.0000000000
61882  -23.398  -28.825  75.664 0.0000000000
85278  -48.834  -4.985  58.443 0.0000000000
85284  -47.825  -5.004  56.973 0.0000000000
85286  -49.381  -4.567  58.003 0.0000000000
87375  -51.274  -3.230  57.321 0.0000000000
86367  -49.953  -3.775  56.746 0.0000000000
87393  -50.802  -2.555  55.318 0.0000000000
87399  -50.084  -2.739  53.963 0.0000000000
88364  -51.346  -1.916  54.572 0.0000000000
88365  -51.920  -1.394  54.900 0.0000000000
88362  -51.885  -1.624  55.964 0.0000000000
68035  -35.656  -22.246  65.964 0.0000000000
67014  -34.934  -23.396  65.849 0.0000000000
76436  -37.484  -15.723  62.641 0.0000000000
76437  -37.928  -15.393  63.456 0.0000000000
74412  -41.295  -18.197  65.923 0.0000000000
74426  -40.279  -18.367  64.627 0.0000000000
75447  -41.723  -16.757  66.421 0.0000000000
78370  -42.693  -13.662  67.209 0.0000000000
77392  -41.335  -14.228  66.485 0.0000000000
78385  -42.083  -13.790  66.530 0.0000000000
157014  -40.970  -14.030  65.195 0.0000000000
151476  -43.247  -13.753  65.210 0.0000000000
77425  -43.643  -13.885  64.321 0.0000000000
78404  -45.131  -13.180  65.739 0.0000000000
57192  -15.804  -32.481  86.578 0.0000000000
57191  -15.327  -33.039  87.047 0.0000000000
56050  -14.331  -33.697  87.698 0.0000000000
157135  -14.895  -34.290  86.469 0.0000000000
53624  -14.112  -35.921  85.567 0.0000000000
53625  -14.502  -35.464  85.063 0.0000000000
48222  -11.588  -40.523  84.951 0.0000000000
49251  -10.885  -39.570  86.390 0.0000000000
47182  -10.797  -40.961  85.708 0.0000000000
45039  -8.942  -43.531  87.164 0.0000000000
47160  -9.481  -41.790  87.226 0.0000000000
46122  -8.849  -42.985  87.933 0.0000000000
47145  -9.156  -41.247  87.668 0.0000000000
46120  -8.173  -42.627  88.104 0.0000000000
61812  -35.658  -28.994  81.591 0.0000000000
79418  -47.268  -10.749  64.370 0.0000000000
79425  -46.211  -11.327  63.078 0.0000000000
80414  -47.669  -10.372  64.026 0.0000000000
135733  -41.339  -21.985  67.073 0.0000000000
61858  -22.208  -27.476  78.239 0.0000000000
138694  -21.485  -27.341  78.967 0.0000000000
52438  -11.207  -35.846  91.380 0.0000000000
50303  -10.809  -37.465  89.824 0.0000000000
158632  -34.743  -26.657  72.192 0.0000000000
139116  -35.477  -27.017  71.900 0.0000000000
63945  -37.279  -27.528  72.554 0.0000000000
66960  -41.742  -23.713  72.180 0.0000000000
59675  -27.351  -29.957  76.068 0.0000000000
59693  -27.024  -30.311  74.680 0.0000000000
59676  -27.530  -31.003  75.494 0.0000000000
58499  -28.163  -32.706  75.008 0.0000000000
57355  -29.343  -33.242  74.963 0.0000000000
62897  -32.975  -27.738  78.043 0.0000000000
61884  -32.048  -28.785  76.717 0.0000000000
63897  -32.519  -26.861  76.721 0.0000000000
62927  -31.504  -26.883  75.626 0.0000000000
64935  -32.265  -25.230  72.980 0.0000000000
58412  -28.684  -30.866  81.013 0.0000000000
59621  -27.478  -29.827  80.275 0.0000000000
58427  -27.919  -30.263  79.704 0.0000000000
59660  -27.489  -29.898  77.419 0.0000000000
81481  -43.325  -9.747  58.187 0.0000000000
86385  -47.355  -4.484  53.053 0.0000000000
86338  -50.841  -4.792  60.163 0.0000000000
86349  -50.089  -4.431  58.554 0.0000000000
163075  -37.000  -22.088  63.476 0.0000000000
72460  -37.470  -19.961  61.835 0.0000000000
74442  -38.279  -18.253  63.487 0.0000000000
76392  -43.596  -15.586  68.789 0.0000000000
157630  -42.233  -15.860  67.751 0.0000000000
77376  -43.956  -14.084  69.104 0.0000000000
61785  -19.952  -28.637  83.428 0.0000000000
60689  -19.581  -29.009  84.701 0.0000000000
59552  -18.311  -30.064  86.676 0.0000000000
59551  -17.526  -30.595  86.214 0.0000000000
58362  -16.533  -32.109  85.276 0.0000000000
56072  -15.504  -33.568  85.099 0.0000000000
54836  -14.898  -34.900  84.605 0.0000000000
56082  -15.561  -34.208  83.635 0.0000000000
63900  -35.819  -26.304  76.346 0.0000000000
63915  -36.636  -26.683  75.602 0.0000000000
62915  -37.514  -26.760  76.016 0.0000000000
143943  -38.379  -26.825  76.478 0.0000000000
57304  -30.544  -33.225  79.226 0.0000000000
157369  -30.808  -33.138  77.826 0.0000000000
57337  -30.974  -32.167  78.767 0.0000000000
59648  -31.586  -30.879  78.627 0.0000000000
60764  -32.549  -29.750  78.955 0.0000000000
61830  -34.439  -29.214  80.430 0.0000000000
61848  -34.066  -28.782  79.743 0.0000000000
62879  -33.366  -28.011  78.792 0.0000000000
62898  -33.799  -27.126  78.245 0.0000000000
63879  -35.131  -26.116  77.091 0.0000000000
57286  -31.748  -32.759  80.826 0.0000000000
77470  -42.148  -14.118  61.626 0.0000000000
78458  -41.100  -13.407  59.988 0.0000000000
78460  -43.166  -13.416  60.460 0.0000000000
79450  -43.285  -12.423  59.519 0.0000000000
80444  -44.205  -11.393  59.776 0.0000000000
79443  -45.802  -11.572  61.348 0.0000000000
80445  -44.651  -10.930  60.277 0.0000000000
81471  -43.765  -10.167  59.052 0.0000000000
82382  -44.634  -9.073  59.136 0.0000000000
83276  -44.717  -7.828  57.738 0.0000000000
83286  -45.249  -7.171  57.249 0.0000000000
84252  -46.447  -6.065  56.970 0.0000000000
84242  -46.804  -6.350  58.610 0.0000000000
84244  -48.151  -5.503  59.037 0.0000000000
84230  -49.508  -5.569  59.918 0.0000000000
84210  -49.589  -6.936  61.471 0.0000000000
85259  -50.841  -5.155  60.762 0.0000000000
67003  -37.324  -23.727  68.625 0.0000000000
147376  -36.566  -23.969  68.013 0.0000000000
161504  -37.020  -22.856  68.137 0.0000000000
68037  -37.473  -22.027  67.424 0.0000000000
135732  -37.697  -21.942  66.209 0.0000000000
135730  -40.409  -22.663  66.274 0.0000000000
68052  -39.995  -22.688  65.473 0.0000000000
68061  -38.195  -22.062  64.301 0.0000000000
68074  -38.747  -21.951  63.932 0.0000000000
68090  -38.865  -21.788  63.853 0.0000000000
69087  -38.921  -21.365  63.673 0.0000000000
159352  -40.037  -20.114  63.576 0.0000000000
72450  -40.397  -20.102  63.798 0.0000000000
73426  -41.218  -18.974  65.596 0.0000000000
74404  -42.265  -17.722  66.599 0.0000000000
74397  -43.805  -17.897  68.319 0.0000000000
75429  -43.751  -16.589  68.574 0.0000000000
62817  -21.659  -27.943  83.184 0.0000000000
138390  -21.588  -27.328  79.777 0.0000000000
61808  -20.932  -27.978  81.334 0.0000000000
61795  -20.629  -28.249  82.935 0.0000000000
140237  -19.363  -29.060  81.962 0.0000000000
64016  -36.606  -26.946  68.602 0.0000000000
64995  -37.454  -25.861  68.763 0.0000000000
62945  -37.279  -27.253  73.951 0.0000000000
139812  -37.960  -27.736  73.057 0.0000000000
151631  -38.087  -27.323  71.953 0.0000000000
62976  -39.085  -27.037  72.826 0.0000000000
63974  -38.188  -26.984  71.563 0.0000000000
63987  -38.118  -26.320  70.595 0.0000000000
156054  -37.936  -25.994  69.481 0.0000000000
159080  -38.046  -25.406  69.260 0.0000000000
66997  -38.909  -23.749  69.413 0.0000000000
68008  -39.972  -22.404  69.321 0.0000000000
67986  -40.881  -22.377  69.624 0.0000000000
66971  -42.327  -23.206  71.499 0.0000000000
152042  -42.663  -22.595  70.081 0.0000000000
57346  -30.304  -33.219  76.502 0.0000000000
148787  -30.162  -33.225  75.570 0.0000000000
162516  -29.981  -33.184  74.670 0.0000000000
60800  -31.292  -30.625  75.264 0.0000000000
59713  -31.128  -31.353  74.404 0.0000000000
61811  -26.329  -28.461  81.069 0.0000000000
61828  -25.491  -27.976  79.837 0.0000000000
60752  -26.557  -29.179  79.372 0.0000000000
60751  -25.815  -28.347  79.006 0.0000000000
144336  -24.719  -27.633  78.604 0.0000000000
61871  -23.670  -28.137  76.714 0.0000000000
85293  -46.914  -5.322  55.481 0.0000000000
86365  -47.390  -4.741  54.844 0.0000000000
86386  -48.037  -3.906  53.824 0.0000000000
86357  -49.351  -4.273  56.982 0.0000000000
86376  -49.080  -3.618  55.370 0.0000000000
87397  -48.756  -3.592  53.088 0.0000000000
87405  -49.403  -3.310  52.357 0.0000000000
88373  -50.835  -2.507  52.005 0.0000000000
157795  -51.631  -2.434  51.433 0.0000000000
135433  -52.174  -1.448  52.634 0.0000000000
89292  -52.647  -0.743  54.157 0.0000000000
52479  -13.182  -36.863  86.050 0.0000000000
51424  -12.428  -37.622  86.216 0.0000000000
50355  -12.421  -38.006  85.590 0.0000000000
65994  -35.554  -25.532  66.496 0.0000000000
77456  -39.903  -14.271  62.681 0.0000000000
73438  -40.097  -19.247  63.652 0.0000000000
160727  -39.769  -17.868  64.336 0.0000000000
75471  -39.219  -17.080  64.619 0.0000000000
75438  -41.237  -15.728  66.879 0.0000000000
76413  -40.204  -14.973  66.088 0.0000000000
76424  -39.269  -15.256  64.930 0.0000000000
77422  -39.417  -14.623  64.458 0.0000000000
138866  -40.857  -14.222  63.091 0.0000000000
77457  -41.594  -14.193  62.374 0.0000000000
77459  -43.330  -14.089  62.566 0.0000000000
78430  -44.750  -13.407  62.978 0.0000000000
78432  -45.551  -12.322  63.665 0.0000000000
54804  -13.191  -33.188  89.063 0.0000000000
56039  -13.813  -33.087  88.548 0.0000000000
53609  -13.629  -35.285  87.115 0.0000000000
52480  -13.743  -36.298  85.857 0.0000000000
51440  -13.854  -37.417  83.219 0.0000000000
50329  -11.307  -38.028  87.528 0.0000000000
50317  -11.178  -38.018  88.231 0.0000000000
49220  -10.389  -39.024  88.398 0.0000000000
47171  -9.990  -41.632  86.575 0.0000000000
48187  -9.762  -41.062  87.286 0.0000000000
49211  -9.999  -39.075  88.894 0.0000000000
48162  -9.111  -39.332  88.048 0.0000000000
157085  -8.839  -38.989  88.341 0.0000000000
45030  -7.463  -44.114  88.204 0.0000000000
46119  -7.799  -42.570  87.979 0.0000000000
146944  -36.150  -26.815  74.851 0.0000000000
57319  -28.807  -32.677  78.440 0.0000000000
57333  -28.643  -32.939  77.625 0.0000000000
57334  -29.467  -33.169  77.707 0.0000000000
161446  -34.899  -26.299  74.968 0.0000000000
64925  -34.314  -26.157  74.534 0.0000000000
159866  -29.964  -33.225  78.994 0.0000000000
57303  -29.762  -33.167  79.506 0.0000000000
58456  -28.937  -31.677  78.720 0.0000000000
85291  -45.407  -6.453  54.786 0.0000000000
65009  -36.712  -26.080  67.867 0.0000000000
58385  -16.807  -31.612  82.868 0.0000000000
140589  -16.804  -31.447  83.937 0.0000000000
63866  -37.425  -26.814  78.714 0.0000000000
62899  -38.091  -27.195  78.270 0.0000000000
59612  -33.545  -30.484  81.993 0.0000000000
59624  -33.248  -30.199  81.287 0.0000000000
60728  -34.196  -30.152  81.514 0.0000000000
63854  -36.905  -26.680  79.456 0.0000000000
63865  -36.695  -26.535  78.678 0.0000000000
78442  -45.575  -12.431  62.877 0.0000000000
79433  -45.270  -12.686  61.649 0.0000000000
79423  -45.644  -12.341  62.167 0.0000000000
82366  -47.445  -8.496  61.514 0.0000000000
82365  -46.659  -9.224  61.353 0.0000000000
82375  -47.427  -7.746  60.821 0.0000000000
83250  -48.208  -7.605  61.308 0.0000000000
68009  -40.707  -22.172  68.599 0.0000000000
69061  -41.981  -21.580  65.811 0.0000000000
68064  -41.397  -22.039  65.374 0.0000000000
69060  -41.553  -21.751  65.240 0.0000000000
70107  -41.613  -21.122  64.876 0.0000000000
70108  -41.532  -20.633  65.070 0.0000000000
62843  -24.718  -27.673  80.137 0.0000000000
62842  -23.799  -27.297  80.316 0.0000000000
89294  -54.620  -0.209  53.214 0.0000000000
89298  -54.108  -0.493  52.539 0.0000000000
51368  -10.691  -36.537  91.002 0.0000000000
51367  -10.226  -36.888  90.843 0.0000000000
51360  -9.845  -36.622  91.348 0.0000000000
50292  -10.056  -37.745  90.118 0.0000000000
63985  -36.922  -27.056  70.045 0.0000000000
148707  -39.824  -26.938  75.202 0.0000000000
65946  -40.235  -24.988  71.542 0.0000000000
145479  -40.334  -24.253  71.075 0.0000000000
60799  -26.108  -29.892  74.054 0.0000000000
60773  -32.109  -30.385  77.483 0.0000000000
59678  -32.012  -31.153  76.877 0.0000000000
61873  -32.130  -29.571  77.177 0.0000000000
60785  -26.285  -28.773  76.130 0.0000000000
60772  -26.369  -28.766  77.504 0.0000000000
152488  -25.239  -28.607  75.789 0.0000000000
87404  -48.726  -3.853  51.842 0.0000000000
85267  -49.132  -5.296  59.276 0.0000000000
154963  -49.578  -4.841  58.887 0.0000000000
87376  -51.756  -2.685  57.344 0.0000000000
87384  -51.009  -2.900  56.270 0.0000000000
88361  -51.388  -2.162  55.591 0.0000000000
88358  -52.004  -1.940  56.941 0.0000000000
68049  -34.975  -22.412  65.236 0.0000000000
68070  -34.952  -22.407  64.330 0.0000000000
74441  -37.450  -17.777  62.894 0.0000000000
74440  -37.160  -17.393  62.170 0.0000000000
75485  -37.297  -16.757  62.863 0.0000000000
75468  -37.654  -16.171  63.416 0.0000000000
75469  -38.146  -16.049  64.016 0.0000000000
74403  -41.945  -17.561  66.211 0.0000000000
75448  -42.324  -17.139  66.698 0.0000000000
78402  -43.182  -13.606  66.146 0.0000000000
77408  -42.419  -13.734  65.670 0.0000000000
77409  -44.016  -13.642  65.112 0.0000000000
78403  -44.332  -13.502  65.895 0.0000000000
57195  -15.494  -33.318  86.208 0.0000000000
56061  -15.133  -33.757  86.692 0.0000000000
54828  -14.761  -34.784  85.920 0.0000000000
47195  -11.295  -41.567  84.912 0.0000000000
46130  -8.761  -43.035  87.803 0.0000000000
46129  -8.395  -43.174  88.252 0.0000000000
46121  -8.452  -42.670  88.014 0.0000000000
68025  -42.814  -21.804  68.260 0.0000000000
61869  -21.031  -28.357  77.208 0.0000000000
138579  -11.536  -35.889  90.213 0.0000000000
52450  -11.637  -35.510  90.773 0.0000000000
51376  -11.302  -36.108  90.733 0.0000000000
51375  -11.079  -36.638  90.596 0.0000000000
137702  -11.026  -37.238  89.885 0.0000000000
63957  -36.495  -27.332  72.102 0.0000000000
146437  -28.223  -32.780  75.997 0.0000000000
160035  -27.895  -32.484  75.521 0.0000000000
62914  -32.574  -27.527  77.452 0.0000000000
63928  -31.982  -25.880  75.009 0.0000000000
63927  -31.150  -26.509  74.632 0.0000000000
64923  -32.577  -25.582  74.165 0.0000000000
64936  -33.102  -25.473  73.257 0.0000000000
57283  -29.212  -32.334  80.047 0.0000000000
57267  -29.336  -32.344  80.879 0.0000000000
58429  -29.032  -31.520  80.547 0.0000000000
58413  -29.145  -31.641  81.386 0.0000000000
58428  -28.462  -30.718  80.195 0.0000000000
58454  -28.062  -30.449  77.827 0.0000000000
82391  -43.634  -9.011  57.645 0.0000000000
68073  -37.538  -22.024  63.173 0.0000000000
68072  -36.435  -22.320  62.478 0.0000000000
72461  -37.984  -20.334  62.660 0.0000000000
72448  -37.796  -19.636  62.677 0.0000000000
73451  -37.565  -18.744  62.795 0.0000000000
77377  -44.500  -14.613  69.699 0.0000000000
76381  -43.546  -14.622  68.848 0.0000000000
78373  -44.674  -13.118  68.316 0.0000000000
60698  -19.144  -28.973  83.381 0.0000000000
145552  -19.533  -28.865  83.963 0.0000000000
60688  -18.681  -29.237  83.948 0.0000000000
60680  -18.757  -29.438  85.014 0.0000000000
58354  -17.492  -30.745  85.480 0.0000000000
58373  -16.424  -32.239  84.240 0.0000000000
57196  -15.936  -32.689  85.683 0.0000000000
63901  -36.774  -26.491  76.573 0.0000000000
57305  -31.275  -32.898  79.357 0.0000000000
57322  -30.452  -32.516  78.515 0.0000000000
57323  -31.018  -32.033  79.488 0.0000000000
58458  -31.667  -30.867  79.561 0.0000000000
144920  -32.138  -30.299  79.200 0.0000000000
60765  -33.106  -29.216  79.527 0.0000000000
61831  -35.283  -28.750  80.772 0.0000000000
62859  -34.722  -28.025  79.627 0.0000000000
61861  -33.494  -28.625  79.258 0.0000000000
62880  -34.177  -28.088  79.203 0.0000000000
149922  -34.213  -27.450  78.780 0.0000000000
148950  -35.389  -26.232  77.823 0.0000000000
154903  -35.953  -26.262  77.112 0.0000000000
58431  -31.839  -31.043  81.319 0.0000000000
57285  -31.327  -33.175  80.245 0.0000000000
77471  -43.009  -14.018  61.790 0.0000000000
135076  -42.650  -13.822  60.988 0.0000000000
144552  -43.485  -13.618  61.240 0.0000000000
79441  -44.254  -12.735  60.491 0.0000000000
79451  -44.142  -12.222  59.966 0.0000000000
79467  -43.599  -11.778  59.350 0.0000000000
80420  -46.482  -10.787  62.921 0.0000000000
79434  -45.986  -11.599  62.090 0.0000000000
80430  -45.998  -11.196  61.661 0.0000000000
161983  -45.509  -9.815  60.565 0.0000000000
81464  -45.091  -10.355  60.555 0.0000000000
80457  -44.209  -10.607  59.628 0.0000000000
81472  -44.338  -9.854  59.439 0.0000000000
81482  -43.988  -9.406  58.687 0.0000000000
83265  -45.709  -7.772  59.261 0.0000000000
82393  -45.009  -8.226  58.744 0.0000000000
83277  -45.463  -7.406  58.338 0.0000000000
84241  -46.073  -6.656  57.869 0.0000000000
84218  -48.369  -6.534  60.307 0.0000000000
84228  -47.837  -6.218  59.680 0.0000000000
84229  -48.713  -5.871  59.778 0.0000000000
84220  -50.304  -5.730  60.826 0.0000000000
66996  -38.253  -23.451  68.961 0.0000000000
68021  -37.785  -22.502  68.415 0.0000000000
160246  -40.904  -22.289  66.642 0.0000000000
68039  -41.266  -22.412  66.222 0.0000000000
135729  -38.907  -22.183  65.493 0.0000000000
138017  -39.474  -22.199  64.739 0.0000000000
69071  -40.537  -21.479  64.554 0.0000000000
69070  -39.824  -21.631  64.324 0.0000000000
69088  -39.972  -20.939  64.150 0.0000000000
71331  -39.969  -20.356  63.771 0.0000000000
71332  -40.361  -20.474  64.081 0.0000000000
72431  -41.436  -19.413  65.548 0.0000000000
72439  -41.027  -19.631  64.794 0.0000000000
74413  -41.824  -18.252  66.211 0.0000000000
73416  -42.221  -18.250  66.566 0.0000000000
74388  -44.311  -17.541  68.915 0.0000000000
75440  -43.775  -17.251  68.405 0.0000000000
76393  -44.230  -16.183  69.186 0.0000000000
62829  -23.139  -27.147  81.728 0.0000000000
137254  -23.609  -27.107  82.825 0.0000000000
154379  -22.597  -27.552  83.498 0.0000000000
62818  -22.333  -27.386  82.530 0.0000000000
61857  -20.809  -27.960  78.359 0.0000000000
61844  -20.615  -27.891  79.332 0.0000000000
61825  -20.670  -27.983  80.345 0.0000000000
136073  -20.226  -28.341  82.047 0.0000000000
61794  -19.840  -28.642  82.650 0.0000000000
50289  -9.050  -37.796  89.992 0.0000000000
63983  -34.041  -26.802  69.199 0.0000000000
159044  -35.094  -27.395  68.376 0.0000000000
63998  -37.143  -26.830  69.522 0.0000000000
64994  -36.871  -26.490  68.430 0.0000000000
64017  -37.351  -26.499  69.122 0.0000000000
62929  -37.459  -26.879  75.347 0.0000000000
140236  -36.956  -27.017  74.771 0.0000000000
139273  -37.788  -27.084  74.750 0.0000000000
62959  -38.093  -27.528  73.901 0.0000000000
62975  -38.442  -27.506  72.751 0.0000000000
63975  -38.818  -26.704  71.988 0.0000000000
62990  -38.509  -27.146  72.211 0.0000000000
143028  -38.526  -26.482  71.247 0.0000000000
158987  -37.943  -26.685  70.999 0.0000000000
64000  -38.386  -25.961  70.150 0.0000000000
64977  -38.526  -25.404  69.773 0.0000000000
65974  -38.436  -24.596  69.396 0.0000000000
66969  -40.659  -23.464  70.927 0.0000000000
66981  -39.553  -23.301  69.741 0.0000000000
67985  -40.327  -22.916  70.140 0.0000000000
66961  -42.725  -23.514  72.193 0.0000000000
59711  -26.574  -30.770  73.574 0.0000000000
58510  -26.812  -31.648  73.232 0.0000000000
57336  -31.211  -32.826  77.983 0.0000000000
57335  -30.285  -33.235  77.410 0.0000000000
57347  -30.950  -33.122  77.117 0.0000000000
58501  -31.153  -32.484  75.680 0.0000000000
57357  -30.853  -33.058  76.086 0.0000000000
57356  -30.585  -32.932  75.091 0.0000000000
61893  -31.618  -29.019  76.021 0.0000000000
60801  -31.527  -30.009  75.996 0.0000000000
61892  -31.191  -29.521  75.242 0.0000000000
61810  -25.553  -28.005  80.557 0.0000000000
61829  -26.383  -28.587  80.253 0.0000000000
162143  -27.454  -29.885  79.941 0.0000000000
160782  -27.214  -29.588  80.072 0.0000000000
59632  -27.116  -29.583  79.756 0.0000000000
60771  -25.753  -28.332  77.829 0.0000000000
60762  -25.383  -28.006  78.298 0.0000000000
143093  -24.180  -27.696  77.773 0.0000000000
84261  -46.474  -5.785  56.001 0.0000000000
85283  -47.128  -5.437  56.508 0.0000000000
85295  -48.182  -4.568  56.386 0.0000000000
85294  -47.610  -4.854  55.973 0.0000000000
136736  -48.028  -4.342  55.519 0.0000000000
86374  -47.873  -4.222  54.669 0.0000000000
86375  -48.425  -3.935  54.994 0.0000000000
86350  -50.770  -4.129  58.585 0.0000000000
147388  -49.822  -4.229  57.631 0.0000000000
86358  -50.359  -3.996  57.716 0.0000000000
87382  -49.717  -3.357  55.718 0.0000000000
87390  -48.816  -3.456  54.300 0.0000000000
87398  -49.422  -3.134  53.572 0.0000000000
88368  -50.757  -2.337  53.178 0.0000000000
88374  -51.526  -2.038  52.373 0.0000000000
89289  -52.562  -0.979  55.298 0.0000000000
144058  -53.246  -0.505  54.656 0.0000000000
160082  -13.108  -37.370  85.143 0.0000000000
51433  -12.886  -37.436  85.568 0.0000000000
136522  -12.654  -37.860  85.098 0.0000000000
65995  -35.975  -24.188  67.196 0.0000000000
156125  -37.899  -14.980  62.771 0.0000000000
77454  -38.357  -14.480  62.166 0.0000000000
137640  -39.255  -14.204  61.842 0.0000000000
77455  -38.960  -14.313  62.732 0.0000000000
72438  -40.509  -19.653  63.840 0.0000000000
72449  -39.979  -19.858  63.503 0.0000000000
74410  -39.862  -17.516  65.130 0.0000000000
74425  -39.992  -18.481  63.945 0.0000000000
75456  -39.479  -16.209  65.362 0.0000000000
76390  -42.267  -14.952  67.991 0.0000000000
76401  -41.656  -15.273  67.471 0.0000000000
76400  -40.681  -14.589  66.305 0.0000000000
76412  -39.734  -15.152  65.618 0.0000000000
77406  -39.764  -14.738  65.132 0.0000000000
77423  -40.168  -14.340  64.784 0.0000000000
154089  -41.685  -14.046  64.336 0.0000000000
140190  -40.905  -14.155  64.111 0.0000000000
77441  -41.880  -14.177  63.351 0.0000000000
77458  -42.489  -14.172  62.462 0.0000000000
156259  -42.814  -14.159  63.137 0.0000000000
77426  -44.444  -13.476  64.300 0.0000000000
77444  -44.260  -13.717  63.555 0.0000000000
78431  -44.826  -13.222  63.717 0.0000000000
146838  -45.277  -12.906  63.248 0.0000000000
77427  -45.267  -12.714  64.039 0.0000000000
54811  -14.233  -34.361  87.238 0.0000000000
150486  -13.723  -34.010  88.004 0.0000000000
151222  -13.867  -34.651  87.348 0.0000000000
53616  -14.002  -35.663  86.399 0.0000000000
53631  -14.262  -36.290  83.870 0.0000000000
52488  -13.796  -36.512  84.869 0.0000000000
52494  -14.206  -37.171  82.729 0.0000000000
50342  -11.873  -38.440  85.962 0.0000000000
139829  -11.585  -38.228  86.712 0.0000000000
49252  -11.165  -38.905  86.465 0.0000000000
48189  -10.444  -39.886  87.016 0.0000000000
149215  -10.867  -39.250  86.867 0.0000000000
49238  -10.744  -39.137  87.478 0.0000000000
49221  -10.789  -38.533  88.280 0.0000000000
46146  -10.539  -42.823  85.464 0.0000000000
46138  -10.017  -42.444  86.273 0.0000000000
47154  -9.403  -41.493  87.395 0.0000000000
48181  -9.784  -40.693  87.392 0.0000000000
48173  -10.084  -39.998  87.684 0.0000000000
48172  -9.792  -40.153  87.570 0.0000000000
49210  -9.663  -39.033  88.706 0.0000000000
48171  -9.256  -40.183  87.641 0.0000000000
47144  -8.609  -41.424  87.464 0.0000000000
157188  -8.976  -39.531  88.049 0.0000000000
48169  -8.914  -40.719  87.557 0.0000000000
49218  -8.570  -39.678  87.708 0.0000000000
141994  -7.320  -43.283  88.162 0.0000000000
138300  -11.504  -36.883  88.865 0.0000000000
63942  -34.507  -26.374  73.270 0.0000000000
58472  -27.920  -31.661  77.336 0.0000000000
147361  -28.140  -32.601  77.005 0.0000000000
64889  -34.555  -26.143  77.019 0.0000000000
63898  -33.262  -26.294  76.751 0.0000000000
64897  -33.734  -26.082  76.058 0.0000000000
145683  -33.758  -26.044  75.219 0.0000000000
64924  -33.392  -25.858  74.444 0.0000000000
139934  -31.042  -33.251  80.741 0.0000000000
57284  -29.731  -33.073  80.424 0.0000000000
58440  -28.650  -30.756  79.247 0.0000000000
68089  -37.755  -21.902  62.977 0.0000000000
140194  -36.966  -22.687  61.639 0.0000000000
159197  -18.027  -30.120  82.640 0.0000000000
146013  -17.896  -29.937  83.332 0.0000000000
59560  -17.370  -30.685  84.605 0.0000000000
57212  -15.865  -33.454  83.253 0.0000000000
62916  -37.661  -26.767  76.861 0.0000000000
58443  -31.743  -30.929  80.462 0.0000000000
59623  -32.396  -30.418  80.942 0.0000000000
59635  -32.921  -29.907  80.572 0.0000000000
62844  -35.630  -28.002  80.406 0.0000000000
62861  -36.273  -27.166  80.270 0.0000000000
146839  -44.541  -13.483  62.213 0.0000000000
78449  -44.257  -13.391  61.484 0.0000000000
78450  -44.881  -13.170  61.720 0.0000000000
160639  -45.175  -12.393  61.186 0.0000000000
81450  -47.387  -9.569  62.603 0.0000000000
80440  -46.187  -10.673  61.711 0.0000000000
81456  -46.302  -10.075  61.473 0.0000000000
81465  -46.108  -9.580  60.863 0.0000000000
82373  -45.716  -9.074  60.327 0.0000000000
82384  -46.059  -8.191  60.027 0.0000000000
83266  -46.544  -7.398  59.672 0.0000000000
83259  -47.447  -7.035  60.153 0.0000000000
153460  -48.932  -6.963  60.882 0.0000000000
68022  -38.682  -22.330  68.481 0.0000000000
162386  -39.127  -22.072  67.873 0.0000000000
68023  -39.580  -22.235  67.113 0.0000000000
68053  -41.551  -22.112  66.241 0.0000000000
135349  -41.168  -22.206  65.582 0.0000000000
68063  -40.916  -22.272  65.088 0.0000000000
68075  -39.731  -22.042  64.420 0.0000000000
71319  -40.701  -20.395  64.220 0.0000000000
70120  -41.105  -20.841  64.610 0.0000000000
71321  -41.462  -19.974  65.199 0.0000000000
137394  -42.034  -19.756  65.950 0.0000000000
62819  -24.888  -27.190  82.639 0.0000000000
162139  -23.726  -27.163  81.033 0.0000000000
62841  -22.859  -27.184  80.846 0.0000000000
59608  -18.820  -29.766  81.170 0.0000000000
89297  -52.965  -0.753  52.865 0.0000000000
89302  -53.726  -1.000  51.788 0.0000000000
89303  -54.756  -0.837  51.610 0.0000000000
50290  -9.300  -37.820  89.985 0.0000000000
142419  -35.944  -27.173  71.364 0.0000000000
135336  -37.572  -26.742  70.366 0.0000000000
62946  -38.526  -26.985  74.870 0.0000000000
62961  -39.149  -27.148  73.995 0.0000000000
63958  -39.686  -26.528  73.345 0.0000000000
64950  -40.112  -25.924  73.049 0.0000000000
64967  -38.903  -26.094  70.778 0.0000000000
64968  -39.665  -25.714  71.060 0.0000000000
66962  -43.513  -23.205  72.086 0.0000000000
58511  -27.310  -32.048  73.556 0.0000000000
58488  -31.762  -31.849  77.143 0.0000000000
59677  -31.542  -31.770  76.309 0.0000000000
59696  -31.562  -30.916  76.112 0.0000000000
140469  -31.120  -28.183  75.344 0.0000000000
59659  -26.867  -29.423  78.119 0.0000000000
61883  -24.519  -28.404  76.260 0.0000000000
61891  -24.254  -29.033  75.116 0.0000000000
85277  -47.998  -5.168  58.001 0.0000000000
85285  -48.637  -4.677  57.287 0.0000000000
87374  -50.648  -3.505  56.955 0.0000000000
87383  -50.368  -3.156  56.024 0.0000000000
87392  -50.169  -2.855  55.039 0.0000000000
87400  -50.714  -2.339  54.289 0.0000000000
155589  -13.348  -37.854  83.675 0.0000000000
50374  -13.543  -38.434  83.184 0.0000000000
77438  -38.411  -14.704  63.205 0.0000000000
73425  -40.753  -18.773  65.152 0.0000000000
75458  -41.321  -17.283  65.988 0.0000000000
155975  -40.880  -16.244  66.276 0.0000000000
77393  -41.857  -14.264  67.324 0.0000000000
154601  -41.526  -13.889  65.896 0.0000000000
77424  -41.994  -13.891  65.013 0.0000000000
154799  -42.817  -13.864  64.841 0.0000000000
77410  -44.747  -13.247  65.010 0.0000000000
59550  -16.126  -31.573  86.909 0.0000000000
58344  -15.585  -32.199  87.431 0.0000000000
56051  -14.891  -33.438  87.427 0.0000000000
54812  -14.697  -34.068  87.053 0.0000000000
54820  -14.539  -34.652  86.669 0.0000000000
53617  -14.394  -35.283  86.193 0.0000000000
49262  -11.403  -39.135  85.772 0.0000000000
49261  -11.134  -39.967  85.719 0.0000000000
48201  -10.671  -40.234  86.335 0.0000000000
48200  -10.278  -40.865  86.635 0.0000000000
46137  -9.479  -43.020  86.620 0.0000000000
46131  -9.124  -42.572  87.250 0.0000000000
47159  -9.028  -42.310  87.511 0.0000000000
47153  -8.887  -42.051  87.548 0.0000000000
47152  -8.506  -42.159  87.631 0.0000000000
47151  -8.014  -41.760  87.522 0.0000000000
60729  -35.023  -29.859  81.850 0.0000000000
62846  -36.825  -27.112  81.075 0.0000000000
79417  -46.550  -11.292  64.249 0.0000000000
79424  -45.813  -11.937  62.671 0.0000000000
136025  -46.533  -11.134  63.773 0.0000000000
79426  -46.849  -10.711  63.650 0.0000000000
80421  -47.253  -10.270  63.467 0.0000000000
82357  -47.844  -8.864  62.296 0.0000000000
153690  -42.140  -22.076  68.464 0.0000000000
68024  -41.945  -21.912  68.001 0.0000000000
68041  -42.471  -21.512  67.541 0.0000000000
68054  -42.014  -21.556  66.580 0.0000000000
69049  -42.175  -21.468  66.505 0.0000000000
71311  -42.416  -20.437  66.281 0.0000000000
61846  -23.760  -27.267  78.815 0.0000000000
61845  -22.615  -27.074  79.217 0.0000000000
143540  -11.174  -36.022  91.282 0.0000000000
51374  -10.729  -36.998  90.505 0.0000000000
62974  -37.697  -27.516  72.278 0.0000000000
151141  -41.246  -24.343  72.618 0.0000000000
60786  -26.622  -29.450  75.201 0.0000000000
159459  -27.586  -31.593  75.159 0.0000000000
154221  -27.660  -32.119  74.772 0.0000000000
58500  -28.464  -32.903  74.074 0.0000000000
61874  -32.327  -28.548  77.600 0.0000000000
62913  -32.233  -27.911  76.963 0.0000000000
159443  -32.034  -26.892  76.197 0.0000000000
160182  -31.027  -27.277  75.040 0.0000000000
59610  -28.383  -30.316  81.317 0.0000000000
59622  -28.024  -30.298  80.673 0.0000000000
142002  -27.790  -30.163  80.216 0.0000000000
59633  -27.405  -29.874  79.390 0.0000000000
58439  -28.068  -30.294  78.848 0.0000000000
59647  -27.448  -29.871  78.514 0.0000000000
80468  -43.101  -10.496  58.589 0.0000000000
159466  -50.352  -4.845  59.754 0.0000000000
85279  -50.117  -4.747  59.272 0.0000000000
135151  -50.703  -4.513  59.430 0.0000000000
87361  -51.282  -4.117  59.395 0.0000000000
68060  -36.954  -22.051  64.418 0.0000000000
68071  -35.647  -22.226  63.293 0.0000000000
76402  -42.944  -16.004  68.213 0.0000000000
76391  -43.003  -14.775  68.442 0.0000000000
77375  -43.389  -13.836  68.455 0.0000000000
78371  -43.202  -13.602  67.779 0.0000000000
78372  -43.858  -13.337  68.037 0.0000000000
78387  -44.611  -13.291  67.381 0.0000000000
158745  -44.693  -13.392  66.502 0.0000000000
58353  -17.043  -31.377  85.765 0.0000000000
149926  -16.471  -31.934  86.109 0.0000000000
56081  -15.262  -34.528  84.152 0.0000000000
45037  -8.235  -44.854  87.561 0.0000000000
160504  -38.005  -26.807  76.224 0.0000000000
62931  -38.858  -26.751  75.818 0.0000000000
154224  -39.114  -27.642  78.362 0.0000000000
57321  -30.249  -33.187  78.358 0.0000000000
58475  -31.186  -31.708  78.066 0.0000000000
58457  -31.149  -31.484  79.084 0.0000000000
59662  -32.183  -30.383  78.330 0.0000000000
60742  -34.795  -29.557  81.128 0.0000000000
61849  -34.975  -28.445  80.100 0.0000000000
61860  -32.813  -28.922  78.911 0.0000000000
161968  -32.695  -28.567  78.343 0.0000000000
63878  -34.373  -26.357  77.644 0.0000000000
63863  -34.677  -26.670  78.477 0.0000000000
149412  -31.507  -33.081  80.917 0.0000000000
77469  -41.258  -14.096  61.529 0.0000000000
78447  -40.892  -13.812  60.813 0.0000000000
78448  -41.739  -13.884  60.811 0.0000000000
78459  -42.253  -13.533  60.176 0.0000000000
78461  -43.955  -13.207  60.767 0.0000000000
79440  -43.665  -12.940  60.075 0.0000000000
78470  -42.823  -13.093  59.718 0.0000000000
79442  -45.343  -11.902  60.988 0.0000000000
80439  -45.894  -10.935  61.337 0.0000000000
80438  -45.360  -11.173  60.921 0.0000000000
79452  -44.746  -11.662  60.444 0.0000000000
80456  -43.663  -10.953  59.262 0.0000000000
82392  -44.320  -8.624  58.215 0.0000000000
84251  -45.717  -6.652  56.827 0.0000000000
84260  -45.788  -6.379  55.880 0.0000000000
136149  -46.792  -6.089  57.906 0.0000000000
146130  -47.407  -6.039  59.077 0.0000000000
84243  -47.374  -5.731  58.410 0.0000000000
83251  -48.993  -7.533  61.591 0.0000000000
143885  -49.731  -6.366  60.863 0.0000000000
84219  -49.816  -5.825  60.407 0.0000000000
85258  -50.232  -5.254  60.196 0.0000000000
67002  -36.399  -22.848  67.540 0.0000000000
68036  -36.595  -22.202  66.647 0.0000000000
68050  -36.711  -21.988  65.616 0.0000000000
135731  -39.628  -22.588  66.139 0.0000000000
68051  -37.795  -22.040  65.172 0.0000000000
70129  -39.012  -20.766  63.536 0.0000000000
140397  -40.758  -19.561  64.231 0.0000000000
136465  -40.758  -19.922  64.149 0.0000000000
73440  -40.847  -19.314  64.757 0.0000000000
75449  -42.704  -17.371  67.178 0.0000000000
144232  -42.638  -20.054  66.562 0.0000000000
72432  -42.581  -19.462  66.661 0.0000000000
73417  -42.684  -18.715  67.001 0.0000000000
74398  -44.358  -18.174  68.759 0.0000000000
74406  -43.230  -18.273  67.702 0.0000000000
74405  -42.630  -17.935  67.103 0.0000000000
151785  -43.247  -17.017  67.857 0.0000000000
76383  -44.663  -15.748  69.757 0.0000000000
61809  -21.751  -27.397  80.664 0.0000000000
62827  -21.297  -27.902  82.277 0.0000000000
60712  -19.195  -29.065  82.736 0.0000000000
60711  -18.532  -29.836  82.111 0.0000000000
64015  -35.424  -27.432  67.900 0.0000000000
153753  -37.526  -27.550  73.271 0.0000000000
138173  -38.969  -27.329  73.385 0.0000000000
158457  -37.893  -27.195  71.518 0.0000000000
65973  -37.775  -24.738  68.904 0.0000000000
138688  -41.635  -22.248  68.918 0.0000000000
66970  -41.378  -23.262  71.382 0.0000000000
66972  -43.208  -23.059  71.384 0.0000000000
67970  -42.003  -22.852  70.730 0.0000000000
152135  -41.798  -22.506  69.861 0.0000000000
67987  -42.430  -22.341  69.192 0.0000000000
147998  -29.672  -33.230  76.874 0.0000000000
57345  -29.523  -33.256  76.028 0.0000000000
57366  -29.271  -33.123  73.793 0.0000000000
150873  -31.860  -29.569  76.513 0.0000000000
58513  -30.987  -32.344  74.638 0.0000000000
58512  -30.164  -32.865  73.849 0.0000000000
61797  -26.292  -28.332  82.032 0.0000000000
59609  -27.717  -29.923  80.869 0.0000000000
60740  -27.285  -29.560  80.452 0.0000000000
60739  -26.875  -29.260  79.997 0.0000000000
60738  -26.193  -28.587  79.595 0.0000000000
61847  -25.178  -27.750  79.229 0.0000000000
61859  -23.501  -27.464  78.138 0.0000000000
61870  -22.630  -27.929  77.170 0.0000000000
152203  -47.529  -4.439  54.030 0.0000000000
86366  -49.369  -3.832  56.196 0.0000000000
87406  -50.066  -2.789  52.793 0.0000000000
88372  -50.126  -3.080  51.582 0.0000000000
137333  -52.398  -1.949  51.435 0.0000000000
88370  -52.043  -1.302  53.773 0.0000000000
90313  -54.076  -0.129  54.421 0.0000000000
52473  -12.862  -35.813  87.402 0.0000000000
51412  -12.280  -36.632  87.499 0.0000000000
135196  -12.743  -36.743  86.772 0.0000000000
50354  -12.126  -38.622  85.215 0.0000000000
49284  -12.888  -39.206  83.742 0.0000000000
49272  -12.283  -39.195  84.552 0.0000000000
154688  -11.950  -39.850  84.472 0.0000000000
67027  -34.676  -23.209  63.480 0.0000000000
71330  -39.278  -20.261  63.398 0.0000000000
139638  -38.956  -19.886  63.310 0.0000000000
159435  -39.506  -19.437  63.467 0.0000000000
73437  -39.315  -18.757  63.655 0.0000000000
151168  -39.143  -17.742  63.917 0.0000000000
148288  -38.642  -16.796  64.187 0.0000000000
75439  -41.904  -16.299  67.199 0.0000000000
152309  -41.191  -14.837  66.859 0.0000000000
75446  -40.665  -15.270  66.439 0.0000000000
75445  -40.167  -15.724  65.961 0.0000000000
75470  -38.729  -16.015  64.676 0.0000000000
76438  -38.577  -15.110  64.158 0.0000000000
77440  -40.018  -14.298  63.818 0.0000000000
158814  -40.800  -14.203  62.225 0.0000000000
77443  -43.522  -14.056  63.372 0.0000000000
77460  -44.094  -13.872  62.767 0.0000000000
152482  -45.401  -13.208  66.571 0.0000000000
53594  -12.939  -34.129  88.623 0.0000000000
53603  -13.416  -34.718  87.819 0.0000000000
162679  -13.209  -35.187  87.630 0.0000000000
52474  -13.449  -36.114  86.587 0.0000000000
52487  -13.401  -36.903  85.416 0.0000000000
51434  -13.531  -37.096  84.525 0.0000000000
53632  -14.763  -35.817  82.892 0.0000000000
51396  -11.725  -37.166  87.968 0.0000000000
147887  -11.146  -37.789  88.346 0.0000000000
50328  -10.883  -38.584  87.891 0.0000000000
51382  -11.084  -37.506  89.130 0.0000000000
50309  -10.800  -37.896  89.106 0.0000000000
50308  -10.671  -38.150  88.985 0.0000000000
50302  -10.522  -37.752  89.716 0.0000000000
148676  -10.981  -41.981  85.500 0.0000000000
47181  -10.459  -41.782  86.037 0.0000000000
47170  -9.607  -42.070  86.884 0.0000000000
47161  -10.000  -41.318  86.936 0.0000000000
48188  -10.025  -40.454  87.310 0.0000000000
48182  -10.032  -40.224  87.493 0.0000000000
49212  -10.144  -38.678  89.177 0.0000000000
50301  -10.153  -38.133  89.669 0.0000000000
49205  -9.976  -38.427  89.472 0.0000000000
49204  -9.789  -38.256  89.638 0.0000000000
49209  -9.354  -38.757  88.979 0.0000000000
48170  -9.213  -40.069  87.853 0.0000000000
48161  -9.103  -39.074  88.595 0.0000000000
50300  -8.964  -38.557  89.105 0.0000000000
50299  -8.691  -38.331  89.150 0.0000000000
43953  -7.618  -44.920  87.938 0.0000000000
45031  -8.057  -44.017  88.172 0.0000000000
46128  -7.955  -43.217  88.394 0.0000000000
135593  -7.953  -42.000  87.510 0.0000000000
48163  -9.220  -39.612  87.959 0.0000000000
48164  -9.841  -39.519  88.121 0.0000000000
49219  -10.116  -39.362  88.261 0.0000000000
49227  -10.372  -39.409  87.928 0.0000000000
49228  -10.730  -38.903  87.961 0.0000000000
49239  -11.015  -38.765  87.192 0.0000000000
49273  -12.710  -38.352  84.365 0.0000000000
51411  -12.032  -37.439  87.107 0.0000000000
52439  -11.634  -35.428  91.363 0.0000000000
52459  -11.649  -35.956  89.388 0.0000000000
57306  -31.401  -32.338  80.096 0.0000000000
58442  -31.358  -31.558  79.931 0.0000000000
60753  -32.677  -29.789  79.785 0.0000000000
63899  -33.977  -26.201  76.915 0.0000000000
63913  -32.293  -26.238  75.945 0.0000000000
74396  -43.200  -17.580  67.754 0.0000000000
74411  -40.620  -17.960  65.555 0.0000000000
76382  -44.068  -15.143  69.256 0.0000000000
80431  -46.306  -10.769  62.196 0.0000000000
81449  -46.643  -10.106  62.136 0.0000000000
150621  -11.821  -41.333  84.322 0.0000000000
155099  -26.947  -29.271  76.069 0.0000000000
156635  -40.882  -14.161  65.978 0.0000000000
157395  -44.593  -10.257  60.007 0.0000000000
159419  -11.158  -36.726  90.339 0.0000000000
159946  -10.510  -39.350  87.777 0.0000000000
160464  -31.061  -33.159  79.701 0.0000000000
160695  -44.922  -13.042  64.353 0.0000000000
162865  -8.233  -42.910  88.383 0.0000000000
