#!ascii label  , from subject sub-v1s8x0051345_ses-1 vox2ras=TkReg
1372
37553  -36.553  -45.433  2.339 0.5000000000
116969  -35.355  -45.394  1.508 0.4000000060
115744  -35.478  -45.676  2.179 0.6000000238
37563  -35.448  -45.014  0.846 0.6000000238
38506  -35.691  -44.567  0.198 0.6000000238
38517  -36.129  -44.248  -0.399 0.6000000238
37562  -34.758  -44.882  1.240 0.6999999881
37552  -34.645  -45.487  1.957 0.6999999881
37571  -35.043  -44.574  0.678 0.6999999881
38516  -35.614  -44.006  -0.183 0.6999999881
39395  -36.032  -43.585  -0.591 0.5000000000
38507  -36.927  -44.676  0.171 0.5000000000
34762  -27.007  -48.271  3.402 0.5000000000
38497  -34.707  -44.332  0.870 0.6999999881
38505  -35.105  -44.025  0.354 0.6999999881
39384  -34.799  -43.823  0.930 0.6999999881
40356  -35.297  -43.420  0.431 0.6999999881
40357  -35.731  -42.874  0.610 0.6999999881
40369  -36.314  -42.702  -0.701 0.6000000238
120640  -33.914  -44.867  3.627 0.6999999881
38496  -34.637  -44.429  1.388 0.6999999881
38487  -34.473  -44.527  2.166 0.6999999881
35691  -26.655  -47.467  3.548 0.6000000238
32847  -28.425  -50.157  5.189 0.4000000060
39390  -35.480  -43.595  -0.075 0.6999999881
41288  -36.347  -42.261  -0.210 0.6999999881
41279  -36.273  -42.275  0.449 0.6999999881
40370  -36.900  -42.379  -1.131 0.6000000238
112659  -33.916  -44.848  4.576 0.6999999881
38468  -33.236  -44.961  4.174 0.6999999881
115474  -34.407  -44.513  3.090 0.6999999881
38469  -34.551  -44.510  4.045 0.6999999881
36620  -28.245  -45.393  2.013 0.6000000238
113152  -35.016  -43.818  1.832 0.6999999881
38481  -35.023  -44.074  2.788 0.6999999881
35674  -28.006  -47.828  4.910 0.5000000000
34746  -28.225  -48.567  4.850 0.5000000000
111593  -35.419  -43.245  1.167 0.6999999881
38470  -35.699  -44.312  4.609 0.6999999881
33758  -28.522  -49.610  5.683 0.4000000060
131670  -35.084  -44.221  3.607 0.6999999881
31914  -28.677  -51.018  6.790 0.4000000060
39380  -36.064  -43.092  2.170 0.6999999881
111377  -36.213  -43.940  3.675 0.6999999881
40364  -35.803  -42.977  -0.100 0.6999999881
40344  -37.575  -42.581  3.237 0.6999999881
39375  -37.010  -43.326  3.215 0.6999999881
40350  -37.197  -42.672  2.509 0.6999999881
41297  -36.870  -41.725  -0.592 0.6000000238
41289  -36.836  -41.394  0.216 0.6999999881
124289  -37.368  -40.990  1.139 0.6999999881
43125  -37.777  -39.825  -0.467 0.5000000000
42204  -38.759  -39.851  -1.510 0.4000000060
116326  -38.554  -40.760  -1.358 0.5000000000
111257  -33.967  -44.829  5.651 0.6999999881
38477  -28.605  -43.900  2.926 0.6000000238
122390  -26.459  -46.762  3.840 0.5000000000
40358  -36.410  -42.526  1.435 0.6999999881
41280  -36.996  -41.728  1.191 0.6999999881
41261  -37.722  -41.947  2.801 0.6999999881
43116  -37.479  -39.064  0.108 0.6999999881
42194  -37.353  -40.699  -0.169 0.6999999881
111294  -37.559  -39.884  0.212 0.6999999881
39353  -30.850  -44.256  5.729 0.6999999881
38439  -32.342  -44.684  6.585 0.8000000119
113578  -33.040  -44.759  7.103 0.8000000119
131339  -29.693  -43.828  4.629 0.6000000238
117406  -30.520  -43.314  5.922 0.6000000238
128465  -31.089  -43.605  6.515 0.6000000238
125925  -33.914  -44.919  6.770 0.8000000119
39352  -30.184  -43.568  5.268 0.6000000238
39351  -29.522  -42.901  4.671 0.6000000238
131094  -34.943  -44.740  6.430 0.6999999881
38478  -28.973  -43.845  3.137 0.6000000238
39363  -29.068  -43.538  3.938 0.6000000238
38476  -27.859  -44.047  3.021 0.6000000238
39372  -27.938  -43.266  3.248 0.6000000238
38460  -35.737  -44.422  5.814 0.6999999881
36603  -26.451  -46.061  4.145 0.5000000000
36602  -26.645  -45.480  3.525 0.6000000238
39364  -36.594  -43.896  4.689 0.6999999881
39365  -37.140  -43.528  4.246 0.6999999881
43106  -37.500  -39.454  1.065 0.8000000119
42186  -37.448  -40.428  0.631 0.6999999881
127317  -37.297  -42.028  2.044 0.6999999881
40334  -37.604  -42.685  4.050 0.6999999881
41269  -37.575  -41.164  2.147 0.6999999881
43135  -38.180  -39.329  -1.166 0.5000000000
44095  -38.349  -38.474  -1.405 0.5000000000
110680  -39.512  -39.412  -2.041 0.4000000060
38424  -31.756  -44.226  6.823 0.6999999881
38425  -32.288  -44.335  7.366 0.8000000119
38426  -33.741  -44.871  7.782 0.8000000119
38427  -34.656  -44.862  7.621 0.8000000119
39362  -28.744  -42.847  4.018 0.6000000238
40343  -28.081  -42.658  3.684 0.6000000238
123806  -26.979  -46.612  5.011 0.6000000238
131065  -27.510  -43.556  3.314 0.6000000238
40342  -27.451  -42.581  3.747 0.6000000238
38441  -35.860  -44.512  6.720 0.6999999881
35656  -27.625  -47.301  5.419 0.5000000000
39354  -36.526  -44.021  5.560 0.6999999881
39334  -36.466  -44.177  6.538 0.6999999881
34722  -28.304  -48.610  6.166 0.5000000000
36588  -27.181  -46.556  5.810 0.5000000000
39355  -37.139  -43.443  5.336 0.6999999881
44058  -37.276  -38.736  1.824 0.8000000119
121662  -37.865  -41.084  3.132 0.6999999881
41253  -37.684  -41.813  3.683 0.6999999881
42177  -37.547  -40.268  1.678 0.6999999881
39313  -30.812  -42.703  7.152 0.6999999881
39314  -31.544  -43.484  7.475 0.6999999881
38382  -32.928  -44.321  8.889 0.8000000119
40322  -29.962  -42.602  5.578 0.6999999881
39295  -31.668  -42.957  8.461 0.8000000119
38383  -33.653  -44.325  9.193 0.8000000119
40321  -29.237  -42.047  5.359 0.6000000238
40333  -28.198  -42.189  4.472 0.6000000238
38404  -35.180  -44.474  8.388 0.6999999881
37524  -26.309  -45.219  4.319 0.6000000238
39371  -26.934  -43.017  3.617 0.6000000238
39317  -36.674  -43.702  7.370 0.8000000119
39316  -36.001  -44.191  8.023 0.6999999881
36587  -26.629  -45.918  5.287 0.6000000238
34708  -27.842  -48.683  6.736 0.4000000060
40323  -37.474  -42.661  5.065 0.6999999881
39335  -37.080  -43.545  6.347 0.6999999881
31889  -27.248  -51.673  8.118 0.4000000060
41241  -37.432  -41.662  4.760 0.6999999881
40309  -37.371  -42.716  6.043 0.6999999881
42166  -37.648  -40.256  2.655 0.8000000119
44069  -37.303  -38.459  0.907 0.8000000119
44078  -37.288  -38.159  0.045 0.5000000000
119594  -38.984  -37.788  -2.064 0.5000000000
131052  -39.586  -38.769  -2.305 0.4000000060
40289  -30.154  -41.674  7.480 0.6000000238
40290  -30.854  -42.277  7.947 0.6999999881
39296  -32.438  -43.576  9.053 0.8000000119
126217  -33.026  -43.993  9.398 0.8000000119
40307  -29.473  -41.617  6.245 0.6999999881
40320  -28.428  -41.638  5.189 0.6999999881
39274  -34.573  -44.064  9.223 0.8000000119
41251  -27.736  -41.318  4.923 0.6000000238
40332  -27.326  -41.748  4.449 0.6000000238
39297  -35.504  -43.865  8.714 0.8000000119
38465  -26.272  -44.266  3.921 0.6000000238
113694  -26.309  -43.435  3.883 0.6000000238
40308  -37.089  -42.784  6.926 0.8999999762
39298  -36.159  -43.446  8.242 0.8000000119
41230  -37.323  -41.927  5.769 0.8000000119
124074  -37.163  -42.126  6.506 0.8000000119
36578  -26.690  -45.873  6.027 0.5000000000
42135  -36.341  -40.505  5.271 0.8000000119
34721  -27.317  -48.038  6.592 0.4000000060
43095  -37.477  -39.482  2.192 0.8000000119
43083  -37.422  -39.416  3.009 0.8000000119
42157  -37.454  -40.240  3.372 0.8000000119
44068  -36.828  -37.965  1.551 0.8000000119
42147  -37.355  -40.895  4.048 0.6999999881
44077  -36.993  -37.691  0.706 0.8000000119
44043  -36.903  -38.635  3.203 0.8000000119
45052  -37.475  -37.592  -0.515 0.6000000238
40273  -30.144  -40.971  8.377 0.6000000238
41239  -28.673  -41.069  6.023 0.6000000238
40275  -31.895  -42.554  9.295 0.6999999881
39273  -33.579  -43.590  9.618 0.6999999881
41214  -29.404  -40.660  7.860 0.6000000238
41238  -27.706  -40.618  5.630 0.6000000238
40331  -26.590  -41.939  4.364 0.6000000238
41250  -26.972  -40.489  4.938 0.6000000238
123854  -34.246  -43.117  9.675 0.6999999881
39350  -25.759  -43.540  4.784 0.5000000000
116933  -35.682  -43.101  8.739 0.8000000119
37508  -25.570  -44.610  5.575 0.3000000119
114423  -36.665  -41.852  7.244 0.8000000119
40291  -36.558  -42.735  7.749 0.8000000119
41229  -36.748  -41.419  6.367 0.8000000119
43061  -35.919  -39.926  4.926 0.8000000119
44044  -37.290  -38.855  2.607 0.8000000119
41252  -36.987  -40.881  4.869 0.8000000119
43082  -36.863  -39.511  3.611 0.8000000119
45060  -39.929  -36.681  -2.852 0.3000000119
40274  -31.003  -41.729  8.827 0.6999999881
40256  -32.282  -42.121  9.943 0.6999999881
40257  -33.181  -42.727  10.070 0.6999999881
39330  -24.007  -41.996  6.748 0.5000000000
41227  -29.013  -40.660  6.978 0.6000000238
125703  -33.716  -42.946  9.915 0.6999999881
40330  -25.432  -40.961  4.564 0.5000000000
122831  -26.740  -40.028  5.454 0.5000000000
41226  -28.090  -40.477  6.557 0.6000000238
40258  -34.848  -42.372  9.743 0.6999999881
129831  -23.481  -42.656  5.242 0.3000000119
39361  -25.758  -42.368  4.445 0.5000000000
39275  -35.065  -43.195  9.206 0.8000000119
41203  -35.851  -41.633  8.688 0.8000000119
40276  -35.534  -42.409  9.084 0.8000000119
42124  -36.238  -40.665  6.061 0.8999999762
41215  -36.063  -41.280  7.855 0.8999999762
41204  -36.223  -42.015  7.983 0.8000000119
37499  -26.102  -45.403  6.075 0.4000000060
42116  -36.182  -40.828  7.045 0.8999999762
45024  -36.216  -37.477  2.204 0.8000000119
44057  -36.819  -38.190  2.484 0.8000000119
42156  -36.882  -40.154  3.967 0.8000000119
45045  -37.026  -37.471  0.063 0.6000000238
120006  -37.756  -36.734  -1.045 0.6000000238
126863  -38.231  -37.559  -1.377 0.6000000238
41190  -30.290  -40.629  9.339 0.6000000238
40255  -31.275  -41.348  9.636 0.6000000238
41202  -29.425  -40.368  8.813 0.6000000238
41213  -28.807  -40.436  8.098 0.6000000238
40238  -32.695  -41.831  10.624 0.8000000119
42121  -25.799  -39.746  5.518 0.6000000238
42122  -26.706  -40.044  5.869 0.5000000000
118470  -27.834  -40.556  6.671 0.6000000238
41192  -34.739  -41.497  10.284 0.8000000119
40318  -23.788  -41.101  5.211 0.4000000060
39349  -24.543  -42.441  4.982 0.4000000060
42115  -35.662  -40.089  7.373 0.8000000119
42109  -35.762  -40.746  8.467 0.8000000119
42123  -35.736  -40.099  6.525 0.8000000119
42134  -35.790  -40.038  5.681 0.8000000119
44027  -36.029  -38.870  3.795 0.8000000119
42146  -36.591  -40.329  4.567 0.6999999881
43070  -36.273  -39.692  4.248 0.8000000119
45036  -36.184  -37.379  1.126 0.8000000119
116284  -36.131  -37.831  3.143 0.8000000119
46006  -35.973  -36.386  0.084 0.6999999881
45051  -36.909  -36.764  -0.277 0.6999999881
46871  -36.939  -34.856  -1.055 0.6000000238
46872  -37.786  -34.945  -1.587 0.6000000238
46875  -38.448  -34.846  -2.194 0.6000000238
41201  -29.106  -40.297  9.013 0.6000000238
132655  -31.278  -40.794  10.810 0.8000000119
41171  -31.516  -41.149  10.422 0.6999999881
130751  -26.332  -43.214  6.840 0.5000000000
41211  -27.917  -40.749  7.152 0.5000000000
40239  -33.879  -42.244  10.423 0.8000000119
40305  -26.650  -41.479  6.475 0.5000000000
41225  -27.260  -40.630  6.422 0.5000000000
41172  -33.269  -41.386  11.158 0.8000000119
41173  -34.107  -41.320  10.858 0.8000000119
132743  -25.023  -41.946  6.684 0.5000000000
41174  -35.247  -40.749  10.046 0.8000000119
41193  -35.392  -41.586  9.557 0.8000000119
42103  -35.610  -40.809  9.266 0.8000000119
111343  -35.497  -40.058  9.728 0.8000000119
132613  -35.826  -40.603  7.781 0.8000000119
43051  -35.425  -39.457  6.128 0.8000000119
43039  -35.650  -40.034  8.179 0.8000000119
44042  -35.389  -38.293  3.662 0.8000000119
43069  -35.592  -39.292  4.585 0.8000000119
45023  -35.410  -37.322  2.485 0.8000000119
45044  -36.407  -37.127  0.349 0.6999999881
45043  -35.564  -36.807  0.582 0.6999999881
46013  -36.485  -35.795  -0.386 0.6999999881
46012  -35.688  -35.704  -0.183 0.6999999881
42087  -30.142  -40.770  10.345 0.8000000119
42102  -30.271  -40.514  9.979 0.6000000238
42088  -30.595  -40.731  10.485 0.6000000238
113710  -31.178  -40.718  11.049 0.8000000119
35603  -28.990  -46.994  8.967 0.6000000238
37460  -28.708  -45.321  8.096 0.5000000000
40271  -28.704  -40.727  8.313 0.6000000238
41189  -29.618  -40.603  9.649 0.6000000238
117645  -32.027  -41.065  11.155 0.8000000119
34692  -28.646  -48.658  10.022 0.6000000238
35595  -29.565  -47.437  9.609 0.6000000238
36540  -29.213  -46.132  8.715 0.6000000238
38423  -28.850  -43.470  7.896 0.5000000000
39292  -28.674  -42.212  8.055 0.5000000000
36517  -27.505  -46.982  12.137 0.5000000000
34683  -28.255  -48.697  11.246 0.5000000000
35586  -29.316  -47.862  11.076 0.6000000238
35604  -29.615  -46.723  9.180 0.6000000238
39311  -27.752  -42.786  7.036 0.5000000000
39312  -28.370  -43.068  7.522 0.5000000000
41157  -33.835  -40.791  11.430 0.8000000119
42090  -34.630  -40.586  10.857 0.8000000119
35573  -28.446  -47.337  12.046 0.5000000000
40288  -28.191  -41.593  7.484 0.5000000000
120213  -26.027  -47.135  11.791 0.4000000060
42091  -35.228  -39.959  10.482 0.6999999881
111261  -35.611  -39.257  8.656 0.8000000119
110695  -35.160  -38.929  5.815 0.8000000119
123340  -35.402  -39.451  6.935 0.8000000119
129536  -35.594  -39.488  9.389 0.8000000119
43044  -35.506  -39.386  7.765 0.8000000119
45010  -35.061  -37.706  3.236 0.8999999762
44026  -35.209  -38.678  4.258 0.8000000119
43060  -35.457  -39.430  5.361 0.8000000119
44025  -34.534  -38.351  4.768 0.8000000119
45035  -35.439  -37.092  1.499 0.8000000119
45995  -34.731  -36.592  0.753 0.6999999881
131930  -30.370  -41.401  10.740 0.8000000119
42071  -31.038  -40.768  11.182 0.8000000119
42072  -31.888  -40.830  11.698 0.8000000119
35591  -30.126  -47.154  10.088 0.6000000238
41169  -29.888  -41.311  10.231 0.6000000238
35585  -28.683  -48.058  11.521 0.5000000000
35590  -29.580  -47.761  10.311 0.6000000238
36525  -29.894  -46.069  9.118 0.6000000238
39270  -29.447  -42.195  9.302 0.6000000238
42089  -32.854  -40.868  11.739 0.8000000119
42063  -34.301  -40.201  11.771 0.6999999881
36518  -29.107  -47.469  11.728 0.5000000000
38381  -30.422  -44.329  9.464 0.6000000238
40253  -29.491  -41.299  9.731 0.6000000238
36516  -26.570  -46.544  12.065 0.4000000060
36502  -28.161  -46.406  12.387 0.4000000060
112004  -29.144  -46.763  12.239 0.4000000060
36503  -29.935  -46.482  12.094 0.4000000060
37424  -27.786  -45.510  12.648 0.4000000060
37425  -28.892  -45.928  12.771 0.4000000060
37444  -31.105  -45.737  11.411 0.4000000060
38307  -27.983  -44.196  13.292 0.4000000060
37410  -29.415  -45.209  13.219 0.5000000000
43023  -35.511  -39.278  10.105 0.6999999881
38334  -27.450  -44.641  12.745 0.3000000119
38308  -28.925  -44.448  13.584 0.5000000000
38336  -30.497  -45.016  12.859 0.5000000000
43996  -35.145  -38.797  6.504 0.8000000119
43982  -35.493  -38.705  8.071 0.8000000119
43978  -35.609  -38.788  9.425 0.8000000119
112414  -35.565  -38.334  8.713 0.8000000119
45022  -34.375  -37.339  2.590 0.8000000119
44996  -33.874  -37.968  4.305 0.8000000119
44010  -35.080  -38.824  5.124 0.8000000119
44957  -34.947  -38.045  6.926 0.8000000119
44009  -34.599  -38.297  5.923 0.8000000119
45034  -34.580  -36.999  1.680 0.8000000119
44982  -33.991  -37.786  5.280 0.8000000119
46004  -34.298  -35.999  0.254 0.6999999881
46005  -34.995  -36.064  0.001 0.6999999881
46866  -34.437  -35.340  -0.049 0.6999999881
46867  -35.179  -35.093  -0.219 0.6999999881
46870  -36.106  -34.854  -0.449 0.6999999881
47707  -37.585  -33.877  -1.786 0.6000000238
48633  -35.648  -33.995  -0.396 0.6999999881
47704  -34.818  -34.439  -0.082 0.6999999881
47710  -37.563  -32.886  -2.006 0.6000000238
47706  -36.760  -33.651  -1.066 0.6000000238
125365  -31.410  -40.901  11.495 0.8000000119
36526  -30.093  -46.727  9.581 0.5000000000
39254  -31.152  -43.366  10.947 0.8000000119
40223  -31.460  -41.975  11.859 0.8000000119
41156  -31.464  -40.982  11.820 0.8000000119
42061  -32.724  -40.769  12.409 0.8000000119
35587  -29.953  -47.205  10.795 0.5000000000
114132  -30.952  -45.924  10.409 0.6000000238
37447  -31.298  -45.033  10.938 0.5000000000
40237  -30.878  -42.178  11.262 0.8000000119
42062  -33.553  -40.493  12.210 0.6999999881
36504  -30.584  -46.085  11.981 0.5000000000
39253  -30.705  -43.568  10.175 0.6999999881
42073  -34.907  -39.688  11.300 0.6999999881
43006  -35.246  -39.050  11.234 0.6999999881
39207  -29.488  -43.842  13.990 0.5000000000
43966  -35.427  -38.744  10.692 0.6999999881
39205  -27.659  -43.365  13.410 0.4000000060
39206  -28.519  -43.669  13.849 0.4000000060
44947  -35.326  -37.863  7.884 0.8000000119
122504  -35.552  -38.510  10.079 0.6999999881
43988  -35.285  -38.710  7.348 0.8000000119
44956  -34.755  -37.099  7.370 0.6999999881
131282  -34.468  -37.641  6.652 0.8000000119
45033  -33.536  -37.074  1.804 0.8999999762
45021  -33.344  -37.333  2.780 0.8999999762
45009  -34.020  -37.747  3.433 0.8000000119
45008  -32.994  -37.596  3.863 0.8000000119
118901  -33.252  -37.558  4.899 0.8000000119
45994  -33.836  -36.359  0.962 0.8999999762
46859  -33.878  -35.518  0.418 0.8000000119
46018  -38.991  -35.223  -2.521 0.4000000060
47703  -34.154  -34.717  0.181 0.6999999881
49531  -36.956  -32.682  -0.686 0.5000000000
41146  -32.058  -41.224  12.475 0.6999999881
39220  -31.898  -43.010  12.484 0.6999999881
129171  -32.964  -40.764  13.211 0.6999999881
38335  -28.353  -45.048  13.135 0.4000000060
39209  -31.423  -43.578  13.319 0.6000000238
40214  -32.357  -42.076  13.196 0.6999999881
42996  -33.925  -39.756  12.675 0.6999999881
42997  -34.530  -39.080  12.773 0.6999999881
126045  -34.564  -39.579  12.100 0.6999999881
39191  -30.028  -43.286  14.436 0.5000000000
43947  -35.001  -38.926  11.947 0.6999999881
39190  -29.025  -43.164  14.451 0.4000000060
43948  -35.324  -38.383  11.331 0.6999999881
40184  -27.745  -42.079  14.318 0.3000000119
40185  -28.634  -42.255  14.749 0.3000000119
40186  -29.578  -42.600  14.867 0.5000000000
44929  -35.472  -37.875  10.566 0.6999999881
40175  -29.310  -41.918  15.181 0.4000000060
44941  -35.550  -37.881  9.544 0.6999999881
45925  -35.443  -37.575  8.722 0.6999999881
44970  -33.956  -37.632  6.158 0.8000000119
44981  -33.360  -37.429  5.760 0.8000000119
45993  -32.897  -36.500  1.377 0.8000000119
45992  -32.180  -36.476  1.721 0.8000000119
45985  -32.606  -37.017  2.007 0.8999999762
46858  -33.165  -35.774  0.930 0.8999999762
47699  -33.533  -34.911  0.795 0.8000000119
48632  -36.229  -33.092  -0.621 0.6999999881
48634  -37.141  -32.932  -1.247 0.6000000238
48626  -34.173  -33.958  0.957 0.6999999881
48630  -34.690  -34.022  0.228 0.6999999881
48618  -33.007  -33.713  2.163 0.6999999881
41121  -31.686  -41.731  15.055 0.6000000238
40188  -31.918  -42.290  14.228 0.6000000238
126361  -32.492  -41.729  13.847 0.6999999881
42053  -33.174  -40.472  13.887 0.6999999881
111983  -33.313  -40.319  12.987 0.6999999881
39208  -30.518  -43.788  13.775 0.5000000000
42054  -33.565  -39.827  13.612 0.6999999881
40187  -31.078  -43.036  14.131 0.6000000238
116345  -30.423  -42.715  14.751 0.5000000000
42038  -32.028  -41.015  15.396 0.6000000238
41106  -29.581  -41.200  15.498 0.4000000060
41120  -30.226  -42.011  15.273 0.5000000000
41107  -31.061  -41.729  15.349 0.6000000238
127886  -35.160  -38.131  11.967 0.6999999881
44912  -35.265  -37.502  11.495 0.6999999881
113938  -35.405  -37.196  10.014 0.6999999881
131475  -28.818  -40.394  15.470 0.3000000119
45916  -35.311  -36.994  9.231 0.6999999881
44969  -33.502  -37.181  6.322 0.8000000119
45948  -34.051  -37.056  6.747 0.8000000119
45936  -33.920  -36.381  7.349 0.6999999881
113242  -34.828  -36.233  8.946 0.6999999881
44995  -32.333  -37.315  4.669 0.8000000119
45947  -33.264  -36.536  6.665 0.8000000119
45984  -31.873  -36.594  2.315 0.8000000119
45020  -32.458  -37.056  3.025 0.8000000119
45007  -32.169  -37.210  3.880 0.8000000119
45957  -32.640  -37.177  5.505 0.8000000119
45966  -31.047  -36.308  3.680 0.8000000119
46838  -31.362  -36.219  4.555 0.8000000119
46829  -30.972  -35.532  4.941 0.8000000119
124686  -29.988  -35.236  4.555 0.8000000119
49530  -35.900  -32.723  -0.026 0.6000000238
48627  -35.135  -33.365  0.662 0.6999999881
48625  -33.275  -34.250  1.422 0.8000000119
48611  -32.839  -33.257  2.970 0.6999999881
49514  -33.519  -33.213  2.708 0.6000000238
49523  -34.765  -33.103  1.638 0.6000000238
41122  -32.298  -41.436  14.599 0.6000000238
129201  -31.409  -41.160  15.544 0.6000000238
126499  -33.647  -39.344  14.223 0.6999999881
42989  -34.035  -39.210  13.529 0.6999999881
42964  -32.506  -40.482  16.138 0.6000000238
43933  -33.897  -38.678  14.420 0.6999999881
43934  -34.444  -38.487  13.607 0.6999999881
111949  -30.574  -41.149  15.611 0.4000000060
43908  -32.221  -39.293  16.084 0.5000000000
43939  -34.842  -38.181  12.737 0.6999999881
42023  -31.209  -40.422  15.754 0.5000000000
42963  -31.984  -39.930  15.929 0.5000000000
43940  -35.137  -37.574  12.288 0.6999999881
115930  -29.251  -39.424  15.620 0.3000000119
42022  -30.045  -40.196  15.714 0.4000000060
44946  -35.159  -36.934  8.308 0.6999999881
43905  -29.583  -38.478  15.595 0.3000000119
45915  -34.944  -36.383  9.974 0.6999999881
45906  -35.247  -36.969  10.739 0.6999999881
115006  -32.955  -37.065  6.141 0.8000000119
46810  -33.668  -35.630  7.929 0.6999999881
113400  -34.486  -36.269  8.084 0.6999999881
46786  -34.475  -35.553  9.558 0.6999999881
112102  -34.139  -34.895  9.223 0.6999999881
114624  -31.882  -36.873  5.165 0.8000000119
46799  -34.164  -35.509  8.705 0.6999999881
46798  -33.589  -34.859  8.386 0.6999999881
45967  -31.663  -36.880  4.304 0.8000000119
46830  -31.867  -35.941  5.335 0.8000000119
45946  -32.494  -36.479  5.980 0.8000000119
46819  -32.742  -35.755  6.770 0.8000000119
46809  -33.026  -35.137  7.514 0.8000000119
48575  -33.721  -34.114  8.201 0.6999999881
45983  -31.044  -36.290  2.682 0.8000000119
47669  -31.612  -35.256  5.633 0.8000000119
47661  -32.544  -35.009  6.730 0.8000000119
46851  -31.500  -36.190  1.925 0.8000000119
46850  -30.662  -35.834  2.598 0.8000000119
46837  -30.471  -35.712  4.153 0.8000000119
47660  -32.517  -34.215  6.310 0.8000000119
47697  -32.144  -35.577  1.744 0.8000000119
46843  -29.561  -35.243  3.452 0.8000000119
47668  -30.817  -35.006  5.232 0.8000000119
48596  -32.180  -33.493  5.703 0.8000000119
47689  -31.510  -35.093  2.383 0.8000000119
47677  -30.076  -34.513  4.660 0.8000000119
49525  -36.632  -32.415  0.395 0.5000000000
48616  -31.119  -34.165  2.759 0.8000000119
48617  -32.168  -33.944  2.502 0.8000000119
49524  -35.822  -32.617  1.260 0.6000000238
115059  -35.250  -32.360  2.234 0.6000000238
49515  -34.265  -32.757  2.641 0.6000000238
42039  -32.702  -40.589  14.908 0.6999999881
42040  -33.227  -39.870  14.601 0.6999999881
42024  -31.917  -40.920  16.304 0.6000000238
42979  -33.330  -39.112  15.060 0.6999999881
43925  -34.221  -37.742  14.545 0.6999999881
43924  -33.394  -38.163  15.446 0.6999999881
43906  -30.878  -38.626  15.893 0.4000000060
43907  -32.100  -38.802  16.183 0.5000000000
44906  -35.005  -37.167  13.103 0.6999999881
45888  -35.170  -36.865  12.195 0.6999999881
44873  -29.400  -37.652  15.387 0.3000000119
44889  -30.579  -37.004  15.657 0.3000000119
43923  -32.446  -37.890  16.261 0.5000000000
116628  -35.027  -36.237  12.890 0.6999999881
44872  -28.721  -37.857  15.278 0.3000000119
110839  -34.944  -36.002  11.905 0.6999999881
45858  -29.620  -36.401  14.845 0.3000000119
47619  -34.619  -34.628  10.989 0.6999999881
129400  -33.249  -35.851  7.287 0.8000000119
47643  -34.144  -34.234  8.885 0.6999999881
47653  -33.260  -34.523  7.807 0.8000000119
45976  -31.685  -36.731  3.304 0.8000000119
48583  -33.493  -33.826  7.442 0.8000000119
46844  -30.284  -35.706  3.304 0.8000000119
118519  -31.758  -34.518  5.700 0.8000000119
133310  -32.723  -33.503  6.142 0.8000000119
46849  -30.026  -35.389  3.076 0.8000000119
47688  -30.319  -35.106  2.784 0.8000000119
46836  -29.532  -35.323  3.926 0.8000000119
48595  -31.174  -33.999  5.173 0.8000000119
115609  -31.476  -32.948  5.154 0.8000000119
49491  -32.362  -32.482  5.484 0.8000000119
47676  -29.060  -34.696  4.175 0.8000000119
48601  -29.147  -33.986  4.340 0.8000000119
48610  -31.916  -33.261  2.975 0.8000000119
127265  -32.748  -38.655  15.757 0.6000000238
42961  -30.140  -39.200  15.731 0.3000000119
42962  -31.082  -39.464  15.869 0.5000000000
44877  -33.372  -37.252  15.563 0.6999999881
45862  -34.147  -36.691  14.712 0.6999999881
44900  -34.703  -37.146  14.033 0.6999999881
45861  -32.527  -36.969  16.341 0.6000000238
45847  -33.361  -36.449  15.429 0.6999999881
45871  -34.750  -36.330  13.857 0.6999999881
121326  -29.720  -37.169  15.309 0.3000000119
45848  -33.784  -35.935  14.887 0.6999999881
132236  -29.021  -36.432  14.511 0.3000000119
47575  -31.222  -34.145  14.162 0.3000000119
110701  -34.809  -35.699  13.403 0.6999999881
46743  -34.837  -35.413  12.752 0.6999999881
47584  -29.268  -34.249  12.668 0.3000000119
47573  -29.557  -34.501  13.174 0.3000000119
47574  -30.296  -34.195  13.502 0.3000000119
119116  -30.960  -33.607  13.541 0.3000000119
48504  -29.265  -33.795  12.197 0.3000000119
119249  -34.390  -34.831  10.030 0.6999999881
128741  -34.372  -34.313  9.567 0.6999999881
48590  -33.179  -33.480  6.610 0.8000000119
48597  -32.910  -32.900  5.977 0.8000000119
47687  -29.345  -34.743  3.135 0.8000000119
46835  -29.019  -34.786  3.683 0.8000000119
47686  -28.641  -34.117  3.311 0.8000000119
48600  -28.549  -34.095  4.048 0.8000000119
49496  -29.610  -32.967  4.236 0.8000000119
49497  -30.784  -32.480  4.593 0.8000000119
49490  -31.711  -32.023  4.935 0.8000000119
48609  -30.708  -33.232  2.897 0.8000000119
49495  -28.633  -33.457  3.840 0.8000000119
49503  -31.601  -32.536  3.112 0.6999999881
49504  -32.614  -32.575  3.277 0.6000000238
44876  -32.682  -37.044  16.303 0.6000000238
46708  -33.208  -35.724  15.266 0.6000000238
125568  -34.340  -35.973  14.420 0.6999999881
112570  -31.499  -35.644  15.384 0.4000000060
47550  -33.142  -35.144  15.065 0.6000000238
46724  -34.118  -35.432  14.472 0.6999999881
46734  -34.588  -35.533  13.998 0.6999999881
47565  -33.080  -34.467  14.708 0.4000000060
129336  -34.669  -35.028  13.484 0.6999999881
46754  -34.723  -35.019  11.937 0.6999999881
126383  -31.301  -33.090  13.079 0.3000000119
48487  -33.557  -33.214  13.976 0.4000000060
47576  -34.486  -34.261  13.599 0.6000000238
122022  -34.598  -34.052  11.983 0.6999999881
47635  -34.564  -33.938  10.263 0.6999999881
121475  -34.626  -33.551  11.168 0.6999999881
48567  -34.725  -33.503  9.387 0.6999999881
116952  -32.984  -34.387  7.077 0.8000000119
49478  -33.868  -33.003  7.099 0.8000000119
50354  -33.214  -31.985  5.684 0.8000000119
48602  -30.469  -33.492  4.620 0.8000000119
49512  -28.631  -32.890  2.709 0.8000000119
48607  -28.363  -33.637  3.470 0.8000000119
50360  -28.941  -32.452  3.589 0.8000000119
125581  -29.970  -31.971  4.186 0.8000000119
50368  -28.399  -32.022  3.151 0.8000000119
49505  -33.473  -32.697  3.205 0.6000000238
125552  -30.822  -32.492  2.887 0.8000000119
50370  -32.111  -31.767  3.282 0.6000000238
50381  -30.912  -31.898  2.847 0.6999999881
118258  -31.260  -31.006  2.833 0.6999999881
45846  -32.654  -36.292  15.668 0.6000000238
46723  -33.572  -35.414  14.825 0.6000000238
47564  -32.237  -34.247  14.572 0.3000000119
47567  -34.415  -34.853  14.085 0.6000000238
48463  -31.870  -33.371  13.991 0.3000000119
48486  -32.884  -33.592  14.389 0.3000000119
48464  -33.727  -33.935  14.358 0.5000000000
49405  -33.188  -32.541  13.607 0.3000000119
48532  -34.582  -33.063  12.067 0.6999999881
49432  -30.211  -32.582  11.704 0.3000000119
49418  -31.611  -32.382  12.761 0.3000000119
49433  -34.589  -32.119  12.042 0.4000000060
50291  -30.372  -31.719  11.432 0.3000000119
117752  -34.928  -32.899  10.439 0.6000000238
49474  -35.250  -32.065  8.667 0.6000000238
49466  -35.163  -32.496  9.473 0.6000000238
131223  -34.665  -32.950  8.075 0.8000000119
49473  -34.911  -32.821  8.672 0.6999999881
48584  -34.169  -33.368  7.777 0.8000000119
49480  -35.046  -32.345  8.016 0.6999999881
49485  -33.537  -32.539  6.397 0.8000000119
49486  -34.124  -32.146  6.941 0.8000000119
50339  -34.850  -31.856  7.404 0.6999999881
50340  -35.368  -31.628  7.963 0.6999999881
50346  -33.811  -31.791  6.265 0.8000000119
50347  -34.421  -31.250  6.639 0.6999999881
50353  -32.444  -31.711  5.257 0.8000000119
111485  -32.913  -31.113  5.360 0.8000000119
50355  -33.726  -31.142  5.856 0.6999999881
51329  -34.881  -30.569  6.743 0.6999999881
48608  -28.810  -33.861  2.822 0.8000000119
48615  -28.319  -33.382  3.060 0.8000000119
50361  -30.996  -31.688  4.557 0.8000000119
50367  -28.302  -32.087  3.063 0.8000000119
50369  -29.095  -31.369  3.491 0.8000000119
51344  -30.966  -30.433  4.418 0.8000000119
116181  -29.804  -34.202  2.797 0.8000000119
50379  -28.408  -32.116  2.848 0.8000000119
51354  -29.741  -30.346  3.726 0.8000000119
49513  -29.831  -32.444  2.606 0.8000000119
50380  -28.937  -32.036  2.585 0.8000000119
125559  -29.626  -31.263  2.497 0.6999999881
50371  -33.321  -31.803  3.495 0.6000000238
51357  -33.813  -30.961  3.753 0.6000000238
51368  -30.313  -30.287  2.466 0.6999999881
48488  -34.212  -33.632  13.822 0.5000000000
48507  -34.500  -33.503  12.993 0.5000000000
49404  -32.218  -32.677  13.454 0.3000000119
49420  -33.678  -32.034  13.158 0.4000000060
49421  -34.320  -32.479  12.774 0.5000000000
50278  -31.992  -31.522  12.366 0.3000000119
118744  -34.715  -32.735  11.365 0.6000000238
131666  -31.872  -31.105  11.824 0.3000000119
50279  -33.211  -31.387  12.673 0.3000000119
49451  -34.850  -31.986  11.141 0.6000000238
50292  -31.676  -30.743  11.400 0.3000000119
50294  -33.762  -30.886  12.175 0.3000000119
50307  -30.682  -30.921  10.944 0.3000000119
49467  -35.329  -31.661  9.408 0.6000000238
51284  -29.932  -30.746  10.362 0.3000000119
50334  -35.428  -31.305  8.682 0.6999999881
50348  -35.166  -31.091  7.320 0.6999999881
51345  -31.793  -30.104  4.702 0.8000000119
51336  -32.616  -30.327  5.134 0.6999999881
51337  -33.418  -30.498  5.538 0.6999999881
52289  -30.930  -29.669  4.307 0.6999999881
112673  -28.392  -31.284  3.055 0.8000000119
51353  -28.469  -30.430  3.138 0.6999999881
52304  -28.728  -29.797  3.298 0.8000000119
52288  -29.743  -29.539  3.652 0.6000000238
122603  -34.270  -30.249  3.897 0.6000000238
122498  -28.641  -31.497  2.680 0.6999999881
115476  -29.074  -30.301  2.350 0.6999999881
51367  -28.630  -30.695  2.612 0.6999999881
51355  -31.673  -30.051  2.998 0.6999999881
52305  -32.776  -29.683  3.424 0.6999999881
54905  -30.553  -26.456  0.818 0.5000000000
54906  -31.622  -26.241  0.855 0.5000000000
110135  -34.787  -31.076  10.864 0.6000000238
49452  -35.216  -31.891  10.253 0.6000000238
50308  -35.266  -31.107  10.037 0.6000000238
50323  -35.384  -30.994  9.364 0.6000000238
123089  -35.510  -30.854  7.999 0.6999999881
131386  -35.463  -30.135  8.119 0.6999999881
52249  -28.688  -29.628  9.158 0.3000000119
51338  -34.312  -30.233  5.997 0.6999999881
51330  -35.288  -30.244  7.338 0.6999999881
132835  -34.946  -29.990  6.613 0.6999999881
52277  -32.403  -29.606  4.896 0.6999999881
52278  -33.348  -29.679  5.416 0.6000000238
133519  -31.782  -29.580  4.622 0.6999999881
51352  -28.408  -31.383  2.925 0.6999999881
116158  -28.418  -30.240  2.863 0.6999999881
52303  -28.304  -29.583  3.013 0.6999999881
53163  -28.797  -28.975  3.310 0.6000000238
52309  -28.527  -29.601  2.467 0.6999999881
131043  -33.474  -30.231  3.659 0.6000000238
52311  -30.832  -29.421  2.478 0.6999999881
53179  -29.934  -28.696  1.995 0.6999999881
53180  -31.333  -28.604  2.432 0.6999999881
54020  -31.724  -27.733  2.268 0.6000000238
51288  -34.493  -30.160  10.899 0.4000000060
51289  -34.951  -30.518  10.385 0.5000000000
51302  -35.251  -30.414  9.778 0.6000000238
51301  -34.825  -29.832  10.259 0.5000000000
52237  -35.148  -29.697  9.493 0.6000000238
130386  -29.020  -29.279  9.209 0.3000000119
52270  -35.135  -29.481  6.999 0.6999999881
52269  -34.730  -29.404  6.352 0.6000000238
52279  -34.170  -29.227  5.804 0.6000000238
53143  -30.444  -28.756  3.818 0.6000000238
53132  -32.835  -28.942  5.091 0.6000000238
52302  -28.380  -28.951  2.560 0.6999999881
52290  -31.820  -28.983  4.540 0.6000000238
120313  -28.244  -28.753  2.892 0.6999999881
53162  -28.351  -28.027  3.074 0.6000000238
110495  -29.148  -28.891  2.189 0.6999999881
52312  -31.999  -29.230  2.931 0.6999999881
53166  -34.113  -28.647  3.711 0.5000000000
53164  -32.435  -28.500  2.936 0.6000000238
111303  -33.167  -28.927  3.435 0.6000000238
54007  -34.103  -27.524  3.489 0.5000000000
54018  -29.655  -27.764  1.523 0.6000000238
54005  -32.659  -27.748  2.777 0.5000000000
131870  -30.691  -28.040  1.929 0.5000000000
54021  -32.449  -27.111  2.294 0.5000000000
54006  -33.214  -27.248  2.918 0.5000000000
129286  -32.260  -26.542  1.672 0.5000000000
54907  -32.627  -26.022  1.143 0.5000000000
52224  -34.229  -29.435  10.676 0.4000000060
52236  -34.588  -29.018  9.930 0.4000000060
53076  -32.036  -29.117  10.259 0.4000000060
52252  -35.301  -29.600  8.647 0.6000000238
52250  -28.738  -28.992  8.995 0.3000000119
53101  -29.784  -28.279  9.068 0.3000000119
53102  -30.490  -28.337  9.283 0.3000000119
110480  -29.054  -27.016  8.533 0.3000000119
53124  -34.566  -28.558  6.208 0.6000000238
53133  -33.413  -28.202  5.323 0.5000000000
53134  -34.037  -28.553  5.703 0.6000000238
53144  -31.529  -28.047  4.228 0.6000000238
53989  -30.412  -27.698  3.638 0.6000000238
53145  -32.524  -28.218  4.739 0.6000000238
127440  -29.345  -28.176  3.440 0.6000000238
114863  -31.376  -27.131  3.964 0.6000000238
53176  -28.158  -28.494  2.250 0.6999999881
54003  -29.081  -27.384  3.202 0.6000000238
53178  -28.801  -28.266  1.883 0.6999999881
54019  -30.639  -27.338  1.469 0.5000000000
54893  -31.543  -26.903  1.578 0.5000000000
55793  -31.866  -25.735  0.210 0.5000000000
52223  -33.473  -29.340  10.818 0.4000000060
53078  -33.838  -28.753  10.375 0.4000000060
53087  -33.276  -28.237  9.924 0.4000000060
52251  -34.993  -29.095  9.153 0.4000000060
53103  -35.044  -28.794  8.376 0.4000000060
51326  -35.319  -29.502  7.814 0.5000000000
53944  -29.555  -27.560  8.721 0.3000000119
53945  -30.310  -27.709  8.977 0.3000000119
53114  -35.091  -28.840  7.445 0.4000000060
113410  -30.209  -27.091  8.693 0.3000000119
53929  -30.924  -27.828  9.195 0.4000000060
53982  -34.204  -27.877  5.787 0.5000000000
53125  -34.946  -28.906  6.751 0.6000000238
53991  -33.019  -27.591  4.934 0.5000000000
54877  -33.050  -26.741  4.791 0.5000000000
54004  -30.236  -26.610  3.363 0.6000000238
54903  -28.870  -26.665  1.560 0.6000000238
55764  -29.843  -25.774  2.519 0.6000000238
128019  -28.871  -27.340  1.555 0.5000000000
54028  -29.783  -27.088  0.992 0.5000000000
54904  -29.438  -26.255  0.999 0.5000000000
55792  -31.123  -25.874  0.411 0.5000000000
55794  -32.624  -25.597  0.121 0.5000000000
53089  -34.604  -28.487  9.163 0.4000000060
53088  -34.091  -28.290  9.741 0.4000000060
53948  -34.590  -28.025  8.487 0.4000000060
130216  -33.631  -27.839  9.485 0.4000000060
130706  -34.641  -27.684  8.071 0.4000000060
112265  -34.848  -28.165  7.813 0.4000000060
54826  -29.672  -26.694  8.541 0.3000000119
54870  -34.319  -27.045  6.018 0.4000000060
53113  -34.876  -28.251  6.995 0.5000000000
54845  -28.918  -26.190  8.435 0.3000000119
53981  -33.689  -27.294  5.386 0.4000000060
112445  -33.263  -25.928  4.890 0.4000000060
54875  -31.310  -26.361  3.813 0.6000000238
54876  -32.094  -26.576  4.278 0.5000000000
55755  -31.784  -25.823  3.981 0.5000000000
54892  -28.947  -26.120  1.872 0.6000000238
55754  -30.857  -25.724  3.424 0.6000000238
55775  -29.613  -25.571  1.382 0.6000000238
54921  -30.411  -25.635  0.649 0.5000000000
55810  -31.235  -25.349  0.212 0.5000000000
55812  -33.476  -25.283  -0.379 0.5000000000
55791  -29.790  -25.522  0.867 0.5000000000
57505  -27.749  -23.803  7.511 0.3000000119
57506  -28.596  -23.638  7.718 0.4000000060
57507  -29.412  -23.307  7.941 0.4000000060
56642  -31.012  -24.698  2.501 0.5000000000
58418  -28.143  -22.286  7.247 0.4000000060
56652  -30.723  -24.632  1.447 0.5000000000
57548  -33.228  -23.624  3.509 0.5000000000
56635  -32.962  -24.235  4.124 0.5000000000
120712  -31.250  -24.495  1.003 0.5000000000
56644  -32.547  -23.955  3.095 0.5000000000
55809  -30.556  -25.130  0.622 0.5000000000
56662  -31.947  -24.436  0.572 0.6000000238
55820  -34.244  -25.058  -1.110 0.5000000000
55811  -32.170  -25.254  -0.253 0.6000000238
121097  -32.143  -24.763  -0.138 0.5000000000
56677  -33.182  -24.843  -0.440 0.6000000238
56692  -33.956  -24.611  -0.926 0.4000000060
58405  -28.784  -22.812  7.571 0.4000000060
123143  -30.077  -22.944  8.109 0.4000000060
128590  -31.319  -24.345  1.952 0.5000000000
56653  -31.991  -24.070  1.837 0.5000000000
113756  -33.226  -23.711  1.476 0.5000000000
128654  -32.796  -23.769  2.239 0.5000000000
56676  -31.317  -24.870  0.201 0.5000000000
56663  -32.797  -24.192  -0.028 0.5000000000
57585  -34.315  -23.900  -0.986 0.4000000060
57577  -33.609  -23.838  -0.527 0.5000000000
132142  -33.424  -24.312  -0.503 0.5000000000
58407  -30.472  -22.194  8.021 0.4000000060
59317  -28.351  -21.511  6.980 0.4000000060
58464  -34.191  -23.214  0.250 0.4000000060
128408  -33.859  -23.245  -0.740 0.5000000000
58473  -34.097  -22.888  -1.044 0.3000000119
57556  -33.444  -23.342  2.700 0.4000000060
57565  -33.758  -23.593  0.746 0.4000000060
58465  -34.325  -22.698  -0.386 0.5000000000
58474  -34.143  -22.210  -1.083 0.4000000060
59368  -34.865  -21.831  -0.036 0.4000000060
58455  -34.446  -22.963  1.483 0.4000000060
60253  -34.671  -20.261  -1.319 0.4000000060
111426  -35.634  -20.946  2.059 0.4000000060
60239  -34.757  -20.722  -0.397 0.4000000060
60247  -34.502  -20.494  -1.172 0.4000000060
61085  -34.294  -19.378  -1.140 0.4000000060
61991  -34.393  -19.173  -1.289 0.4000000060
59360  -35.295  -21.766  1.467 0.4000000060
61078  -34.935  -19.871  0.386 0.4000000060
111542  -35.463  -20.069  1.667 0.4000000060
61077  -34.449  -19.403  -0.449 0.4000000060
60238  -34.477  -19.973  -0.829 0.4000000060
61983  -34.018  -18.783  -1.292 0.4000000060
60231  -35.254  -20.877  0.883 0.3000000119
61970  -34.551  -19.013  0.386 0.4000000060
61976  -33.954  -18.781  -0.758 0.5000000000
61071  -35.093  -19.202  1.421 0.4000000060
38440  -33.143  -44.919  6.163 0.6999999881
36619  -27.000  -45.914  3.131 0.6000000238
38428  -35.547  -44.593  7.466 0.8000000119
38403  -34.286  -44.638  8.563 0.8000000119
41228  -29.595  -41.233  7.045 0.6000000238
40277  -36.059  -42.572  8.447 0.8000000119
41221  -23.443  -41.250  5.597 0.4000000060
41170  -30.818  -40.683  10.473 0.6000000238
39310  -27.124  -43.683  6.978 0.5000000000
43033  -35.664  -40.066  8.971 0.8000000119
40236  -30.437  -42.358  10.600 0.6000000238
36520  -30.449  -46.517  11.287 0.5000000000
38362  -31.422  -44.247  11.446 0.6000000238
42978  -32.615  -39.815  15.518 0.6999999881
48576  -34.432  -33.538  8.487 0.6999999881
48465  -34.240  -34.249  14.150 0.6000000238
125901  -32.872  -35.508  15.312 0.6000000238
48506  -34.045  -32.834  13.467 0.5000000000
113366  -33.563  -28.922  5.486 0.6000000238
124938  -33.881  -23.274  1.889 0.4000000060
131608  -36.254  -44.976  0.668 0.5000000000
39396  -36.751  -43.257  -1.101 0.5000000000
35706  -27.506  -47.390  2.525 0.5000000000
38458  -33.217  -45.029  5.183 0.6999999881
38459  -34.795  -44.600  5.148 0.6999999881
39374  -35.777  -43.551  2.747 0.6999999881
42203  -38.065  -40.266  -1.044 0.5000000000
44085  -37.772  -38.613  -0.693 0.5000000000
39373  -28.539  -43.373  3.387 0.6000000238
43136  -38.985  -38.832  -1.823 0.4000000060
123093  -32.937  -44.558  7.982 0.8000000119
39333  -30.241  -42.413  6.554 0.6999999881
37509  -26.288  -45.284  5.473 0.5000000000
41249  -26.248  -40.419  4.653 0.6000000238
41240  -36.862  -41.166  5.534 0.8000000119
39272  -32.755  -43.218  9.605 0.6999999881
42133  -27.343  -40.272  6.100 0.6000000238
45059  -39.034  -36.854  -2.273 0.4000000060
40303  -23.365  -41.344  6.119 0.3000000119
42144  -25.759  -39.650  4.906 0.5000000000
40329  -24.688  -40.512  4.861 0.5000000000
40319  -24.432  -41.303  4.819 0.5000000000
39348  -23.395  -41.728  5.287 0.4000000060
41191  -30.773  -40.725  9.976 0.6000000238
42108  -29.683  -40.504  9.458 0.6000000238
41212  -28.412  -40.689  7.558 0.5000000000
41237  -24.449  -40.598  5.176 0.4000000060
41223  -25.194  -40.402  5.782 0.5000000000
41224  -26.198  -40.319  6.094 0.5000000000
122696  -38.259  -34.113  -2.252 0.4000000060
38420  -26.665  -44.503  7.325 0.5000000000
39331  -26.017  -42.350  6.634 0.5000000000
39332  -26.975  -42.638  6.669 0.5000000000
42101  -30.039  -40.494  9.950 0.6000000238
36539  -28.411  -46.320  8.413 0.5000000000
128029  -29.172  -44.339  8.172 0.6000000238
38422  -28.468  -44.227  7.658 0.5000000000
37461  -29.520  -45.279  8.635 0.6000000238
37483  -28.025  -45.016  7.653 0.5000000000
40272  -29.038  -40.799  9.254 0.5000000000
34687  -28.993  -48.356  10.489 0.6000000238
34693  -29.195  -48.152  9.930 0.6000000238
113944  -27.953  -43.693  7.265 0.5000000000
39293  -29.305  -43.114  8.482 0.6000000238
38401  -29.792  -44.355  8.768 0.6000000238
121583  -28.930  -41.593  8.771 0.5000000000
36501  -27.166  -46.002  12.368 0.4000000060
126695  -35.291  -39.355  10.775 0.6999999881
44041  -34.618  -38.216  3.884 0.8999999762
124019  -30.431  -46.705  10.514 0.5000000000
113291  -30.715  -45.323  9.708 0.6000000238
115336  -30.194  -45.280  9.159 0.6000000238
39271  -30.109  -43.194  9.559 0.6000000238
38369  -31.212  -44.265  10.719 0.6000000238
37426  -30.035  -45.877  12.642 0.4000000060
37428  -31.394  -45.063  11.637 0.5000000000
37427  -30.998  -45.471  12.180 0.5000000000
114570  -29.973  -44.482  13.504 0.5000000000
48631  -35.319  -33.481  -0.153 0.6999999881
42060  -31.934  -40.868  12.129 0.6999999881
39237  -31.514  -43.177  11.683 0.6999999881
40213  -31.915  -41.857  12.486 0.6999999881
119380  -31.697  -43.820  12.056 0.6000000238
39189  -28.132  -42.879  14.106 0.4000000060
132815  -32.096  -42.499  12.868 0.6000000238
40203  -31.870  -42.841  13.396 0.6000000238
41137  -32.818  -41.102  13.932 0.6999999881
38310  -31.626  -43.928  12.655 0.6000000238
38309  -30.981  -44.284  13.097 0.5000000000
41105  -28.719  -41.390  15.194 0.3000000119
46857  -32.320  -36.051  1.320 0.8999999762
47698  -32.804  -35.222  1.267 0.8000000119
48619  -33.846  -33.479  1.934 0.6000000238
111828  -31.131  -42.351  14.869 0.6000000238
47690  -32.499  -34.605  1.890 0.8000000119
111960  -34.717  -37.755  13.622 0.6999999881
125649  -35.134  -36.722  11.443 0.6999999881
45887  -34.884  -36.203  10.932 0.6999999881
46769  -34.607  -35.541  10.441 0.6999999881
46818  -32.229  -35.540  6.143 0.8000000119
128434  -32.086  -34.924  6.187 0.8000000119
44874  -30.255  -37.857  15.663 0.3000000119
44875  -31.295  -37.965  16.131 0.5000000000
44890  -31.603  -37.180  16.402 0.4000000060
132298  -34.735  -35.480  11.217 0.6999999881
46719  -29.006  -35.838  14.102 0.3000000119
46721  -31.780  -34.911  14.864 0.3000000119
46722  -32.696  -34.983  15.096 0.6000000238
47566  -33.783  -34.822  14.528 0.6000000238
47585  -34.678  -34.524  12.821 0.6999999881
50362  -31.798  -31.047  4.780 0.8000000119
110387  -30.436  -31.113  4.236 0.8000000119
51356  -32.668  -30.777  3.429 0.6000000238
49479  -34.503  -32.623  7.546 0.8000000119
49419  -32.649  -31.973  13.137 0.3000000119
120152  -31.250  -31.353  11.647 0.3000000119
51286  -31.372  -30.208  10.770 0.3000000119
52310  -29.464  -29.560  2.267 0.6999999881
51317  -35.430  -30.430  8.875 0.6000000238
53177  -28.386  -28.814  2.257 0.6999999881
52306  -33.751  -29.533  3.691 0.5000000000
54001  -28.124  -27.936  2.639 0.6000000238
54891  -28.607  -26.896  2.102 0.6000000238
53165  -33.270  -28.101  3.291 0.6000000238
54894  -33.017  -26.547  2.252 0.4000000060
52235  -31.441  -28.860  9.835 0.4000000060
53943  -28.688  -27.663  8.617 0.3000000119
53972  -34.596  -27.671  6.507 0.5000000000
53990  -32.296  -27.403  4.499 0.5000000000
53190  -28.218  -28.198  1.974 0.5000000000
53962  -34.673  -27.475  7.493 0.4000000060
115514  -32.592  -25.937  4.459 0.5000000000
56661  -30.703  -24.804  0.725 0.6000000238
56643  -31.754  -24.364  2.864 0.5000000000
58456  -34.808  -22.525  0.871 0.4000000060
62860  -33.612  -18.133  -1.301 0.3000000119
34747  -32.661  -48.875  4.334 0.5000000000
34736  -33.345  -48.260  4.785 0.5000000000
33805  -31.487  -49.771  1.803 0.4000000060
33785  -31.696  -49.541  2.658 0.5000000000
33773  -32.154  -49.224  3.525 0.5000000000
34764  -32.548  -48.650  3.495 0.5000000000
34748  -33.170  -48.229  3.683 0.6000000238
35695  -33.499  -47.585  3.286 0.6000000238
34779  -31.402  -49.019  2.139 0.5000000000
34778  -30.922  -48.504  1.821 0.5000000000
34763  -31.890  -48.701  2.935 0.5000000000
35694  -32.718  -47.971  3.256 0.5000000000
35717  -30.417  -48.126  1.759 0.5000000000
36624  -33.221  -47.116  3.141 0.6000000238
132866  -33.730  -47.211  2.993 0.6000000238
36639  -34.083  -46.254  2.663 0.6000000238
36638  -33.774  -46.655  2.904 0.6000000238
36625  -34.033  -46.906  2.927 0.6000000238
36640  -34.412  -45.924  2.490 0.6000000238
37551  -34.231  -45.544  2.430 0.6000000238
35692  -31.040  -47.424  2.838 0.5000000000
35693  -31.818  -47.861  3.016 0.5000000000
36623  -32.113  -47.224  3.443 0.6000000238
35709  -30.554  -47.544  1.991 0.5000000000
34776  -28.907  -48.258  1.961 0.5000000000
132037  -30.090  -46.905  1.770 0.5000000000
37541  -33.236  -46.099  3.273 0.6000000238
37550  -33.814  -45.827  2.780 0.6000000238
36622  -30.303  -46.707  2.347 0.5000000000
123778  -30.759  -46.921  3.656 0.5000000000
35675  -31.307  -47.108  3.705 0.5000000000
36607  -32.368  -46.299  3.682 0.6000000238
36637  -29.556  -46.420  1.678 0.5000000000
111602  -30.254  -46.314  3.639 0.5000000000
35707  -28.698  -47.283  1.844 0.5000000000
36621  -29.657  -45.764  2.147 0.5000000000
38479  -33.492  -45.251  3.439 0.6000000238
37561  -34.338  -44.976  1.867 0.6000000238
37527  -31.905  -45.641  4.473 0.5000000000
37512  -32.518  -45.191  4.821 0.6000000238
37528  -32.717  -45.339  3.915 0.6000000238
36636  -28.435  -46.330  1.838 0.5000000000
36635  -27.220  -46.542  2.678 0.5000000000
38480  -33.984  -45.053  2.645 0.6000000238
37525  -30.259  -45.635  4.561 0.5000000000
37526  -31.067  -45.814  4.784 0.5000000000
36604  -29.519  -45.210  2.945 0.5000000000
115154  -29.147  -44.984  1.996 0.5000000000
37510  -30.872  -45.115  5.323 0.6000000238
37511  -31.642  -45.145  5.335 0.5000000000
38457  -32.419  -45.029  5.768 0.6000000238
38467  -30.139  -44.622  5.108 0.6000000238
37539  -28.614  -44.512  2.379 0.5000000000
37540  -29.088  -44.393  2.637 0.5000000000
38466  -29.416  -44.564  4.030 0.6000000238
114004  -31.644  -44.558  6.078 0.6000000238
131165  -31.283  -44.795  5.674 0.5000000000
46014  -37.357  -35.878  -0.885 0.5000000000
44891  -32.625  -37.511  16.389 0.5000000000
49506  -34.041  -32.200  3.308 0.5000000000
62852  -33.214  -17.449  -0.908 0.3000000119
63655  -32.859  -16.852  -1.252 0.3000000119
64495  -32.051  -15.332  -1.439 0.3000000119
32897  -31.464  -50.220  1.788 0.4000000060
33772  -31.783  -49.826  3.440 0.5000000000
35677  -34.307  -47.321  4.385 0.5000000000
33824  -31.142  -49.376  1.561 0.4000000060
35676  -33.750  -47.809  3.981 0.6000000238
36608  -34.481  -46.889  3.703 0.5000000000
36626  -34.597  -46.423  2.982 0.5000000000
130545  -30.662  -50.253  1.256 0.4000000060
34777  -29.949  -48.473  1.642 0.5000000000
35708  -29.832  -47.429  1.671 0.5000000000
115166  -27.999  -49.113  2.328 0.3000000119
33802  -27.266  -49.090  2.996 0.4000000060
33770  -27.505  -49.202  4.136 0.4000000060
120075  -38.624  -36.343  -1.931 0.4000000060
46017  -38.153  -35.733  -1.628 0.4000000060
126917  -32.043  -36.104  16.235 0.5000000000
46707  -32.303  -35.589  15.419 0.4000000060
50372  -34.285  -31.554  3.590 0.5000000000
63648  -33.149  -16.655  -0.297 0.3000000119
109926  -32.713  -15.306  -0.448 0.3000000119
32912  -31.216  -50.144  1.369 0.4000000060
37538  -27.571  -45.028  2.864 0.5000000000
50382  -34.738  -31.918  2.968 0.5000000000
34775  -27.808  -48.237  2.500 0.4000000060
130949  -31.617  -49.951  2.156 0.4000000060
35710  -31.284  -48.170  2.428 0.5000000000
34789  -30.675  -48.915  1.599 0.5000000000
36606  -31.454  -46.520  4.150 0.5000000000
36605  -30.807  -46.510  4.258 0.5000000000
62853  -33.776  -17.945  -0.292 0.4000000060
33822  -30.247  -49.379  1.490 0.4000000060
33804  -29.163  -49.163  1.834 0.4000000060
38419  -25.521  -44.326  7.387 0.4000000060
128607  -26.167  -43.840  7.107 0.3000000119
39309  -25.201  -43.099  7.020 0.4000000060
121811  -24.475  -41.165  6.255 0.4000000060
36557  -26.846  -45.944  7.880 0.4000000060
37482  -27.227  -45.181  7.588 0.4000000060
129813  -26.854  -49.600  9.777 0.4000000060
34701  -27.161  -48.407  9.145 0.4000000060
36538  -27.504  -46.511  8.295 0.4000000060
32797  -26.264  -50.215  11.051 0.3000000119
33708  -26.730  -49.888  10.681 0.3000000119
121616  -26.259  -49.742  11.319 0.4000000060
35594  -28.720  -47.954  9.358 0.4000000060
33709  -27.557  -49.323  10.704 0.5000000000
120036  -27.091  -48.576  11.554 0.4000000060
33705  -28.326  -48.872  10.688 0.5000000000
35583  -26.891  -47.552  11.847 0.4000000060
50295  -34.440  -31.297  11.800 0.3000000119
50280  -34.117  -31.613  12.559 0.3000000119
55765  -31.513  -25.074  3.453 0.4000000060
52212  -33.158  -29.767  11.229 0.3000000119
53077  -32.927  -28.813  10.405 0.3000000119
129393  -32.238  -25.324  4.103 0.4000000060
56634  -32.314  -24.661  3.782 0.4000000060
53086  -32.199  -28.406  9.765 0.3000000119
53085  -31.241  -28.354  9.465 0.3000000119
129014  -32.912  -25.167  4.563 0.4000000060
53931  -32.832  -27.716  9.470 0.3000000119
53947  -33.537  -27.324  9.084 0.3000000119
53932  -34.187  -27.814  9.101 0.3000000119
126686  -31.849  -26.890  8.905 0.3000000119
53946  -32.634  -27.064  9.064 0.3000000119
54830  -33.423  -26.627  8.674 0.3000000119
54831  -34.271  -27.188  8.375 0.3000000119
127791  -30.987  -27.127  8.902 0.3000000119
54827  -30.497  -26.282  8.556 0.3000000119
55697  -30.205  -25.338  8.467 0.3000000119
127050  -34.231  -26.391  6.408 0.3000000119
55696  -29.711  -25.942  8.459 0.3000000119
54869  -33.786  -26.335  5.575 0.3000000119
55744  -33.500  -25.404  5.415 0.3000000119
58404  -27.978  -23.057  7.410 0.3000000119
59306  -28.937  -21.988  7.426 0.3000000119
58450  -35.057  -22.349  2.098 0.3000000119
54829  -32.490  -26.362  8.700 0.3000000119
54846  -33.961  -26.325  7.990 0.3000000119
54847  -34.394  -26.778  7.601 0.3000000119
54859  -34.519  -26.880  6.859 0.3000000119
54828  -31.535  -26.278  8.636 0.3000000119
55715  -33.716  -25.536  7.556 0.3000000119
55716  -34.211  -26.218  7.157 0.3000000119
55698  -31.185  -25.424  8.530 0.3000000119
55699  -32.298  -25.459  8.504 0.3000000119
55712  -29.235  -25.183  8.339 0.3000000119
114693  -33.535  -24.839  6.101 0.3000000119
56592  -30.197  -23.766  8.335 0.3000000119
56624  -33.428  -24.495  5.071 0.3000000119
58406  -29.593  -22.507  7.720 0.3000000119
59307  -29.767  -21.658  7.592 0.3000000119
57541  -33.506  -23.650  4.404 0.3000000119
57549  -33.821  -23.074  3.704 0.3000000119
58449  -34.369  -22.743  2.771 0.3000000119
55700  -33.217  -25.879  8.337 0.3000000119
56578  -31.747  -24.611  8.511 0.3000000119
56579  -32.611  -24.574  8.362 0.3000000119
55714  -33.108  -25.132  8.132 0.3000000119
56577  -30.757  -24.587  8.477 0.3000000119
57494  -31.282  -23.801  8.466 0.3000000119
122919  -33.614  -24.192  5.884 0.3000000119
57508  -30.843  -23.006  8.337 0.3000000119
57530  -33.773  -23.664  5.301 0.3000000119
60176  -30.616  -21.274  7.688 0.3000000119
57542  -34.087  -23.068  4.652 0.3000000119
58444  -34.589  -22.496  4.025 0.3000000119
58445  -35.128  -22.153  3.227 0.3000000119
114701  -33.448  -24.906  7.603 0.3000000119
116926  -32.234  -23.855  8.447 0.3000000119
126970  -32.918  -23.968  8.245 0.3000000119
124004  -33.468  -23.741  7.752 0.3000000119
115278  -33.663  -24.937  6.964 0.3000000119
56594  -33.571  -24.381  7.353 0.3000000119
56610  -33.655  -24.305  6.623 0.3000000119
57495  -31.880  -22.975  8.495 0.3000000119
58408  -31.279  -22.369  8.372 0.3000000119
115955  -31.458  -20.853  7.761 0.3000000119
60178  -32.352  -20.496  7.868 0.3000000119
57531  -34.234  -23.011  5.575 0.3000000119
60177  -30.721  -20.430  7.433 0.3000000119
58434  -34.592  -22.512  4.941 0.3000000119
129572  -34.886  -22.229  4.550 0.3000000119
58435  -35.218  -21.981  4.153 0.3000000119
59355  -35.428  -21.663  2.595 0.3000000119
57496  -32.898  -23.197  8.377 0.3000000119
110886  -33.745  -23.880  7.048 0.3000000119
58397  -31.988  -22.088  8.450 0.3000000119
58398  -32.562  -22.500  8.438 0.3000000119
58399  -33.201  -22.399  8.273 0.3000000119
59299  -32.741  -21.828  8.358 0.3000000119
57519  -34.240  -22.826  6.445 0.3000000119
61018  -31.113  -19.273  6.949 0.3000000119
59309  -32.152  -21.292  8.251 0.3000000119
115742  -33.009  -21.041  8.166 0.3000000119
133376  -30.751  -19.784  7.162 0.3000000119
61008  -31.550  -19.927  7.451 0.3000000119
60179  -33.264  -20.274  7.772 0.3000000119
58425  -34.602  -22.310  5.778 0.3000000119
59351  -35.457  -21.471  3.542 0.3000000119
132524  -35.547  -20.962  2.957 0.3000000119
57509  -33.945  -23.291  7.127 0.3000000119
58409  -33.705  -22.275  7.798 0.3000000119
57510  -34.084  -22.558  7.233 0.3000000119
59310  -33.448  -21.700  8.040 0.3000000119
124780  -34.074  -21.806  7.434 0.3000000119
120458  -34.450  -22.073  6.628 0.3000000119
61019  -31.947  -19.131  7.113 0.3000000119
59329  -34.937  -21.546  6.063 0.3000000119
61009  -32.584  -19.692  7.526 0.3000000119
61010  -33.492  -19.498  7.467 0.3000000119
59311  -33.876  -20.943  7.657 0.3000000119
58426  -35.016  -21.835  5.051 0.3000000119
59341  -35.448  -21.220  4.446 0.3000000119
60222  -35.660  -20.511  3.720 0.3000000119
61065  -35.508  -19.374  2.388 0.3000000119
60227  -35.633  -20.229  2.703 0.3000000119
59320  -34.570  -21.282  6.938 0.3000000119
61898  -32.866  -18.901  7.228 0.3000000119
112368  -34.496  -20.563  7.141 0.3000000119
59321  -35.070  -20.607  6.414 0.3000000119
59330  -35.317  -20.944  5.420 0.3000000119
61045  -35.704  -19.638  4.205 0.3000000119
60210  -35.565  -20.331  4.744 0.3000000119
110257  -35.657  -18.900  3.785 0.3000000119
61951  -35.530  -18.801  2.999 0.3000000119
61057  -35.670  -19.575  3.311 0.3000000119
61914  -32.132  -18.291  6.784 0.3000000119
61915  -33.201  -18.141  6.894 0.3000000119
61011  -34.238  -19.330  7.230 0.3000000119
61020  -34.912  -19.151  6.704 0.3000000119
60189  -35.175  -19.813  6.406 0.3000000119
60199  -35.458  -19.984  5.690 0.3000000119
61916  -34.744  -18.326  6.585 0.3000000119
113304  -35.640  -18.837  4.682 0.3000000119
127550  -35.615  -19.598  4.972 0.3000000119
61941  -35.575  -18.175  4.064 0.3000000119
61962  -35.168  -18.503  2.195 0.3000000119
118520  -35.492  -18.347  3.432 0.3000000119
61971  -34.651  -18.449  1.242 0.3000000119
116935  -34.259  -18.360  0.316 0.3000000119
61899  -33.738  -18.755  7.216 0.3000000119
61917  -35.307  -18.687  6.137 0.3000000119
61928  -35.463  -18.347  5.441 0.3000000119
61032  -35.540  -19.137  5.537 0.3000000119
62838  -34.992  -17.731  2.530 0.3000000119
62847  -34.279  -17.704  0.972 0.3000000119
62758  -34.058  -18.088  6.921 0.3000000119
37542  -35.046  -45.967  2.565 0.4000000060
32800  -26.064  -50.584  10.616 0.3000000119
118717  -28.150  -47.167  8.706 0.4000000060
37459  -27.811  -45.749  7.911 0.4000000060
33717  -27.952  -49.138  10.188 0.4000000060
35584  -27.837  -48.083  11.735 0.4000000060
33704  -27.842  -49.122  11.065 0.4000000060
51273  -34.182  -30.524  11.538 0.3000000119
53930  -31.777  -27.648  9.235 0.3000000119
56591  -29.254  -24.173  8.162 0.3000000119
59318  -29.066  -21.097  7.337 0.3000000119
33715  -26.493  -50.215  10.106 0.4000000060
34689  -26.175  -49.598  9.405 0.4000000060
113209  -26.262  -48.083  8.835 0.4000000060
34702  -27.722  -47.845  8.967 0.4000000060
33702  -25.656  -50.270  11.341 0.3000000119
33703  -27.062  -49.437  11.153 0.4000000060
55713  -29.913  -24.604  8.391 0.3000000119
55728  -33.850  -25.635  6.452 0.3000000119
59319  -29.889  -20.771  7.401 0.3000000119
56593  -33.205  -24.451  7.959 0.3000000119
57518  -33.881  -23.602  6.292 0.3000000119
59308  -31.316  -21.642  8.189 0.3000000119
57497  -33.632  -22.927  7.852 0.3000000119
60180  -34.070  -20.073  7.485 0.3000000119
60188  -34.681  -19.922  6.929 0.3000000119
61900  -34.348  -18.712  7.005 0.3000000119
61021  -35.367  -19.352  6.139 0.3000000119
62848  -34.728  -17.903  1.802 0.3000000119
62784  -35.141  -17.891  6.042 0.3000000119
62798  -35.315  -17.541  5.314 0.3000000119
32809  -25.917  -50.810  10.142 0.4000000060
32825  -28.183  -50.119  7.359 0.3000000119
116024  -28.423  -50.761  7.346 0.3000000119
33733  -27.629  -49.435  7.201 0.3000000119
33746  -28.457  -49.451  6.332 0.3000000119
34680  -25.426  -49.177  11.548 0.3000000119
128560  -26.372  -48.044  11.708 0.3000000119
35582  -25.526  -47.952  11.683 0.3000000119
36536  -25.407  -46.762  8.299 0.3000000119
34700  -25.730  -48.691  8.882 0.3000000119
119689  -26.029  -47.331  8.565 0.3000000119
34690  -26.638  -48.969  9.254 0.3000000119
37481  -26.222  -45.250  7.588 0.3000000119
36556  -25.815  -46.038  7.904 0.3000000119
33725  -25.224  -49.411  8.984 0.3000000119
31901  -27.899  -50.977  7.818 0.4000000060
32824  -27.336  -50.198  7.522 0.3000000119
32826  -28.525  -50.135  6.909 0.3000000119
32837  -28.574  -50.192  6.198 0.4000000060
32863  -27.820  -49.997  4.198 0.4000000060
33716  -27.179  -49.565  10.248 0.4000000060
33734  -28.276  -49.376  6.863 0.5000000000
33771  -28.345  -49.357  4.917 0.5000000000
33784  -27.089  -48.996  3.589 0.5000000000
33823  -30.872  -49.620  1.369 0.4000000060
34681  -26.334  -48.898  11.532 0.4000000060
34682  -27.702  -48.908  11.347 0.4000000060
34684  -28.754  -48.454  11.010 0.6000000238
34691  -28.007  -48.622  9.561 0.4000000060
34734  -28.344  -48.307  5.441 0.5000000000
34745  -27.234  -48.498  4.161 0.6000000238
35602  -26.822  -47.579  8.717 0.4000000060
35633  -27.590  -47.308  6.104 0.4000000060
35634  -28.136  -47.832  5.702 0.5000000000
35673  -27.093  -47.256  4.677 0.5000000000
35696  -33.948  -47.378  3.360 0.6000000238
36519  -29.678  -47.074  11.559 0.5000000000
36523  -30.458  -46.556  10.001 0.5000000000
36537  -26.517  -46.737  8.359 0.3000000119
36579  -26.926  -46.529  6.249 0.4000000060
37452  -30.460  -46.036  9.616 0.6000000238
37537  -26.867  -44.714  3.442 0.6000000238
37564  -36.331  -45.256  1.353 0.5000000000
38337  -31.438  -44.611  12.264 0.5000000000
38368  -31.068  -44.799  10.183 0.6000000238
38402  -33.523  -44.614  8.531 0.8000000119
38421  -27.622  -44.425  7.383 0.5000000000
38429  -36.199  -44.329  7.269 0.8000000119
38475  -27.003  -43.902  3.541 0.6000000238
39294  -29.842  -43.471  9.077 0.6000000238
39315  -32.306  -43.898  8.197 0.8000000119
40222  -30.773  -40.979  11.158 0.8000000119
40254  -29.957  -42.308  9.960 0.6000000238
40302  -22.273  -41.712  6.073 0.3000000119
40304  -25.578  -41.222  6.365 0.5000000000
40306  -27.488  -41.666  6.803 0.5000000000
40317  -22.748  -41.649  5.664 0.4000000060
41147  -32.577  -41.176  13.005 0.6999999881
41222  -24.269  -40.728  5.630 0.4000000060
41248  -25.384  -40.076  4.740 0.5000000000
42114  -28.387  -40.512  7.253 0.6000000238
42120  -25.102  -40.027  5.276 0.6000000238
42131  -25.597  -39.639  5.127 0.6000000238
42132  -26.068  -39.601  5.258 0.5000000000
42143  -25.180  -39.911  4.962 0.5000000000
42145  -26.310  -39.762  4.951 0.5000000000
42960  -28.451  -39.540  15.410 0.3000000119
44888  -29.004  -37.023  14.915 0.3000000119
45860  -31.499  -36.330  16.182 0.4000000060
47675  -28.609  -34.278  3.827 0.8000000119
48606  -28.209  -33.161  3.128 0.8000000119
49501  -28.191  -32.791  2.990 0.8000000119
49502  -28.260  -32.849  3.190 0.8000000119
53161  -28.065  -28.406  2.557 0.6999999881
54002  -28.409  -27.435  2.660 0.6000000238
54016  -28.084  -28.160  2.350 0.6999999881
54017  -28.417  -27.623  2.110 0.6000000238
54882  -29.027  -26.681  2.602 0.6000000238
55776  -30.313  -25.111  1.940 0.5000000000
55790  -29.227  -26.003  1.172 0.6000000238
56651  -30.108  -24.985  0.958 0.6000000238
57555  -32.532  -24.036  1.197 0.5000000000
61091  -34.544  -19.700  -1.240 0.4000000060
112209  -34.547  -19.935  -1.175 0.4000000060
112504  -35.517  -18.037  4.773 0.3000000119
116803  -29.109  -45.613  1.687 0.5000000000
118270  -31.593  -50.106  2.572 0.4000000060
119143  -28.480  -48.948  5.590 0.5000000000
121139  -28.516  -50.914  5.698 0.4000000060
122726  -26.872  -47.941  4.156 0.6000000238
123975  -35.317  -18.199  2.911 0.3000000119
124871  -27.385  -49.165  9.711 0.4000000060
125729  -30.653  -25.209  2.888 0.5000000000
125809  -28.018  -48.010  6.278 0.4000000060
125827  -27.332  -47.156  8.590 0.4000000060
126220  -26.181  -44.528  4.906 0.5000000000
127496  -32.523  -38.375  16.415 0.5000000000
129220  -29.425  -33.365  2.688 0.8000000119
129232  -28.871  -42.388  4.706 0.6000000238
130542  -32.610  -29.084  3.248 0.6000000238
130592  -32.748  -32.988  13.962 0.3000000119
131112  -32.988  -23.619  2.927 0.5000000000
131572  -28.405  -40.785  7.715 0.5000000000
132070  -29.509  -46.281  12.474 0.4000000060
