#!ascii label  , from subject sub-v1s8x0051345_ses-1 vox2ras=TkReg
1860
117943  -49.733  -70.799  1.805 0.1000000015
118215  -49.387  -71.323  1.106 0.1000000015
12655  -48.572  -72.478  0.428 0.1000000015
13627  -49.196  -71.828  -0.396 0.1000000015
12663  -48.672  -72.374  -0.708 0.1000000015
13628  -49.885  -71.293  -1.135 0.1000000015
11860  -48.309  -72.751  -2.112 0.1000000015
124460  -49.521  -71.810  -2.535 0.1000000015
13653  -49.983  -71.224  -3.111 0.1000000015
12694  -49.409  -71.839  -3.138 0.1000000015
12712  -49.080  -71.936  -3.895 0.1000000015
13666  -49.931  -70.855  -4.205 0.1000000015
13682  -49.475  -71.279  -4.894 0.1000000015
12733  -48.767  -72.146  -4.655 0.1000000015
13700  -49.496  -70.587  -5.824 0.1000000015
15617  -49.256  -68.851  -6.648 0.1000000015
12754  -48.534  -72.127  -5.351 0.1000000015
14637  -49.329  -69.782  -6.720 0.1000000015
13699  -48.795  -71.327  -6.213 0.1000000015
123041  -51.337  -69.134  1.985 0.1000000015
14533  -50.069  -70.681  0.852 0.1000000015
15493  -51.023  -69.516  1.374 0.1000000015
13619  -49.742  -71.122  0.011 0.1000000015
15510  -51.295  -69.154  0.426 0.1000000015
122643  -50.340  -70.420  0.049 0.1000000015
14550  -50.927  -69.653  -0.467 0.1000000015
13642  -49.884  -71.449  -2.154 0.1000000015
116905  -50.927  -69.179  -2.792 0.1000000015
127283  -50.382  -70.630  -2.937 0.1000000015
13683  -49.911  -69.912  -5.377 0.1000000015
14563  -45.328  -70.741  -1.777 0.1000000015
14580  -46.139  -70.563  -3.268 0.1000000015
14599  -46.959  -70.050  -4.170 0.1000000015
15604  -48.099  -69.095  -5.318 0.1000000015
115500  -49.217  -68.579  -6.276 0.1000000015
15605  -49.702  -68.614  -5.714 0.1000000015
14617  -49.889  -68.740  -5.670 0.1000000015
16425  -52.484  -67.874  3.575 0.1000000015
112964  -52.983  -66.207  1.367 0.2000000030
17486  -52.525  -67.461  1.893 0.2000000030
16445  -51.863  -68.480  2.209 0.1000000015
17506  -52.566  -66.175  0.416 0.1000000015
131954  -52.302  -67.456  0.574 0.1000000015
17521  -52.324  -66.790  -0.061 0.1000000015
16487  -51.900  -68.038  0.296 0.1000000015
18412  -43.720  -66.474  3.982 0.1000000015
17466  -43.749  -67.124  3.577 0.1000000015
16506  -51.750  -67.194  -1.610 0.1000000015
16505  -51.520  -67.987  -1.827 0.1000000015
14566  -50.936  -69.585  -1.678 0.1000000015
17467  -44.121  -67.068  2.834 0.1000000015
16419  -43.806  -67.895  3.036 0.1000000015
125203  -43.996  -68.494  3.377 0.1000000015
14498  -45.306  -70.131  1.904 0.1000000015
14513  -45.904  -70.423  1.621 0.1000000015
122073  -45.814  -70.644  0.945 0.1000000015
15556  -51.235  -68.206  -2.643 0.1000000015
14582  -50.448  -69.997  -3.955 0.1000000015
15472  -44.305  -69.239  2.200 0.1000000015
14512  -44.625  -69.740  1.712 0.1000000015
126283  -45.072  -70.356  1.190 0.1000000015
14531  -46.207  -70.729  0.244 0.1000000015
14532  -47.169  -70.241  -0.127 0.1000000015
15530  -47.996  -69.580  -1.089 0.1000000015
15555  -48.768  -68.862  -2.157 0.1000000015
15574  -50.669  -67.955  -3.797 0.1000000015
14601  -50.410  -68.536  -4.492 0.1000000015
131390  -44.732  -70.256  0.506 0.1000000015
14546  -45.813  -70.881  -1.222 0.1000000015
14547  -46.490  -70.632  -1.449 0.1000000015
15554  -48.007  -69.705  -2.036 0.1000000015
15590  -49.364  -68.382  -4.305 0.1000000015
123781  -49.336  -68.469  -5.413 0.1000000015
111106  -46.188  -70.765  -2.201 0.1000000015
14564  -47.145  -70.304  -2.137 0.1000000015
15572  -48.127  -69.630  -3.098 0.1000000015
15589  -48.187  -69.363  -4.277 0.1000000015
120067  -49.983  -68.211  -5.086 0.1000000015
18451  -53.005  -65.391  1.455 0.1000000015
130019  -53.223  -65.962  2.078 0.2000000030
17469  -52.802  -67.189  3.769 0.1000000015
18416  -53.277  -66.246  4.119 0.2000000030
18398  -53.178  -66.423  5.119 0.2000000030
19348  -52.761  -65.177  1.841 0.1000000015
18477  -52.350  -65.643  0.363 0.1000000015
119406  -44.633  -64.399  4.396 0.1000000015
20241  -44.482  -65.056  4.100 0.1000000015
17522  -52.203  -65.893  -0.309 0.1000000015
120576  -51.468  -66.475  -2.077 0.1000000015
18490  -51.380  -66.230  -1.860 0.1000000015
16393  -43.733  -67.869  3.871 0.1000000015
15458  -44.370  -69.186  2.926 0.1000000015
15459  -45.400  -69.508  3.190 0.1000000015
16524  -51.383  -66.899  -2.654 0.1000000015
15474  -46.011  -70.028  2.452 0.1000000015
15490  -46.625  -70.150  1.850 0.1000000015
15508  -47.488  -69.760  0.617 0.1000000015
16503  -48.815  -68.455  -0.303 0.1000000015
16522  -49.475  -67.806  -2.530 0.1000000015
16541  -50.124  -67.175  -3.639 0.1000000015
16542  -50.872  -66.882  -3.432 0.1000000015
126874  -50.121  -67.555  -4.280 0.1000000015
113324  -52.190  -63.809  4.613 0.1000000015
20229  -52.620  -63.723  4.732 0.1000000015
19313  -51.993  -64.439  3.334 0.1000000015
20258  -52.654  -64.426  3.111 0.1000000015
20259  -53.004  -64.363  3.515 0.1000000015
20260  -53.318  -64.453  4.046 0.2000000030
19314  -53.568  -64.910  4.417 0.2000000030
120457  -53.173  -65.327  2.302 0.2000000030
18399  -53.514  -65.565  4.824 0.2000000030
19297  -53.420  -65.406  5.573 0.2000000030
19347  -52.457  -65.149  1.495 0.1000000015
19346  -51.771  -65.177  2.055 0.1000000015
18464  -52.348  -65.271  1.008 0.1000000015
18463  -51.848  -65.599  0.350 0.1000000015
19309  -43.695  -65.854  4.675 0.1000000015
17420  -43.730  -67.132  5.134 0.1000000015
17421  -44.366  -67.555  5.447 0.1000000015
18476  -52.092  -65.811  -0.113 0.1000000015
18475  -51.626  -65.837  -0.699 0.1000000015
21166  -45.308  -63.792  4.212 0.1000000015
21147  -44.317  -63.864  4.848 0.1000000015
17445  -43.628  -67.242  4.397 0.1000000015
17446  -43.906  -67.803  4.722 0.1000000015
16421  -45.745  -69.103  3.959 0.1000000015
15460  -46.624  -69.408  3.250 0.1000000015
15476  -47.901  -69.216  2.019 0.1000000015
15492  -48.577  -68.606  1.394 0.1000000015
16486  -49.456  -67.599  -0.293 0.1000000015
17519  -50.080  -66.782  -0.080 0.1000000015
131972  -50.917  -66.216  -1.866 0.1000000015
22063  -45.952  -63.174  4.036 0.1000000015
15491  -47.433  -69.678  1.469 0.1000000015
15509  -48.209  -69.104  0.737 0.1000000015
16504  -49.568  -67.465  -1.612 0.1000000015
17543  -50.579  -66.583  -2.579 0.1000000015
22064  -46.358  -62.507  3.756 0.1000000015
22983  -46.779  -61.882  3.422 0.1000000015
22076  -46.657  -62.335  3.123 0.1000000015
23882  -47.170  -61.340  3.112 0.1000000015
20227  -50.318  -64.448  5.736 0.1000000015
20243  -51.776  -64.293  4.306 0.1000000015
19295  -49.808  -65.357  5.437 0.1000000015
19296  -50.815  -64.868  4.945 0.1000000015
126735  -52.110  -63.486  5.109 0.1000000015
20245  -53.054  -64.085  4.233 0.1000000015
20230  -53.231  -63.956  4.981 0.2000000030
19311  -50.202  -65.708  4.672 0.1000000015
19312  -51.140  -65.126  4.060 0.1000000015
20231  -53.545  -64.504  5.558 0.2000000030
18397  -49.346  -66.166  5.154 0.1000000015
18415  -50.438  -65.933  3.878 0.1000000015
22961  -44.320  -61.610  5.238 0.1000000015
123236  -44.667  -62.342  4.908 0.1000000015
22055  -44.020  -63.093  5.217 0.1000000015
21146  -43.461  -63.937  5.655 0.1000000015
20226  -43.752  -64.818  5.117 0.1000000015
19293  -43.525  -65.536  5.681 0.1000000015
18393  -43.627  -66.366  5.381 0.1000000015
17425  -48.862  -66.884  4.848 0.1000000015
17449  -49.201  -67.166  4.133 0.1000000015
18449  -50.859  -65.773  2.340 0.1000000015
18450  -51.603  -65.486  1.335 0.1000000015
16380  -45.311  -68.137  5.272 0.1000000015
16396  -46.048  -68.582  4.629 0.1000000015
110392  -46.776  -68.807  4.022 0.1000000015
17484  -49.640  -67.249  2.234 0.1000000015
17503  -49.995  -66.812  1.090 0.1000000015
17520  -50.910  -66.030  0.040 0.1000000015
23872  -44.946  -60.592  4.686 0.1000000015
16395  -44.996  -68.669  4.527 0.1000000015
16422  -47.432  -68.876  3.512 0.1000000015
16443  -48.445  -68.609  2.363 0.1000000015
16444  -49.005  -68.016  2.744 0.1000000015
22971  -45.138  -61.487  4.676 0.1000000015
118496  -45.715  -62.467  4.380 0.1000000015
23873  -45.644  -60.866  4.237 0.1000000015
22972  -46.155  -61.778  4.079 0.1000000015
23881  -46.429  -61.134  3.639 0.1000000015
23890  -47.320  -61.377  2.688 0.1000000015
23017  -47.205  -61.564  2.202 0.1000000015
20228  -51.472  -63.912  5.242 0.1000000015
19282  -49.324  -64.959  6.165 0.1000000015
20215  -50.772  -63.460  6.063 0.1000000015
21149  -52.338  -63.317  5.425 0.1000000015
19294  -48.915  -65.795  5.854 0.1000000015
119405  -48.322  -65.445  6.547 0.1000000015
21125  -51.156  -62.635  6.603 0.1000000015
110837  -52.790  -63.374  5.985 0.1000000015
18395  -47.661  -66.767  5.916 0.1000000015
18375  -48.192  -66.186  6.149 0.1000000015
21128  -53.358  -63.868  6.866 0.2000000030
20211  -43.229  -64.726  6.106 0.1000000015
17424  -48.015  -67.225  5.246 0.1000000015
113852  -53.133  -63.485  7.506 0.1000000015
21105  -53.302  -63.537  8.222 0.2000000030
22054  -43.740  -62.224  5.646 0.1000000015
18394  -43.969  -66.734  5.808 0.1000000015
17422  -45.200  -67.517  5.820 0.1000000015
128403  -46.942  -68.364  4.582 0.1000000015
17448  -47.465  -67.859  4.876 0.1000000015
16398  -48.829  -67.858  3.654 0.1000000015
24757  -45.160  -60.046  4.391 0.1000000015
126216  -45.822  -60.299  3.796 0.1000000015
122277  -46.621  -60.572  3.222 0.1000000015
24780  -46.374  -59.960  2.591 0.1000000015
24771  -47.275  -60.909  2.712 0.1000000015
24790  -47.219  -60.575  1.846 0.1000000015
23900  -47.467  -61.271  1.972 0.1000000015
20212  -47.970  -64.837  7.154 0.1000000015
20201  -48.383  -63.986  7.353 0.1000000015
19263  -47.150  -65.116  7.506 0.1000000015
20213  -48.812  -64.478  6.767 0.1000000015
21123  -49.228  -63.532  7.036 0.1000000015
19281  -47.536  -65.489  6.997 0.1000000015
21124  -50.142  -63.014  6.744 0.1000000015
21126  -52.082  -62.820  6.131 0.1000000015
17395  -46.624  -66.905  6.239 0.1000000015
19280  -46.787  -65.801  7.167 0.1000000015
114644  -44.397  -60.825  5.187 0.1000000015
22960  -43.641  -61.255  5.749 0.1000000015
131859  -43.341  -61.840  6.058 0.1000000015
117399  -43.252  -63.112  6.077 0.1000000015
19278  -43.455  -65.312  6.443 0.1000000015
18371  -44.149  -66.240  6.514 0.1000000015
17393  -44.762  -66.934  6.237 0.1000000015
17394  -45.678  -67.172  6.197 0.1000000015
18373  -46.501  -66.342  6.777 0.1000000015
22045  -51.783  -62.484  7.003 0.1000000015
21127  -52.628  -63.040  6.797 0.1000000015
23862  -44.498  -59.884  5.064 0.1000000015
18370  -43.672  -66.004  6.100 0.1000000015
116237  -47.091  -67.437  5.570 0.1000000015
22015  -52.684  -63.106  8.403 0.1000000015
24769  -45.258  -59.597  3.963 0.1000000015
24770  -45.722  -59.745  3.348 0.1000000015
25632  -45.890  -58.926  1.384 0.1000000015
24789  -46.287  -59.611  1.804 0.1000000015
25637  -46.807  -59.566  0.214 0.1000000015
112323  -46.780  -64.586  8.070 0.1000000015
126180  -47.276  -63.874  8.149 0.1000000015
21101  -47.942  -63.450  7.827 0.1000000015
21102  -48.753  -63.015  7.534 0.1000000015
121025  -46.144  -65.400  7.775 0.1000000015
20187  -45.822  -64.687  8.334 0.1000000015
22030  -49.144  -62.104  7.777 0.1000000015
21104  -50.376  -62.346  7.259 0.1000000015
18358  -45.867  -66.102  7.203 0.1000000015
19247  -45.294  -65.259  8.044 0.1000000015
22031  -49.931  -61.694  7.856 0.1000000015
23861  -43.842  -60.264  5.650 0.1000000015
21122  -42.956  -63.947  6.570 0.1000000015
19261  -44.242  -65.707  7.228 0.1000000015
18357  -44.915  -66.283  6.944 0.1000000015
116028  -44.621  -65.359  7.839 0.1000000015
22942  -50.305  -61.495  8.238 0.1000000015
22033  -51.495  -62.308  7.744 0.1000000015
22044  -43.090  -62.351  6.397 0.1000000015
19279  -43.767  -65.729  6.687 0.1000000015
22013  -50.855  -61.842  8.258 0.1000000015
25590  -44.727  -59.288  4.481 0.1000000015
25618  -44.835  -58.300  2.669 0.1000000015
25604  -44.791  -58.813  3.633 0.1000000015
26484  -45.005  -57.895  1.994 0.1000000015
25605  -45.365  -59.154  2.822 0.1000000015
25619  -45.545  -58.827  2.071 0.1000000015
25636  -45.994  -58.438  0.659 0.1000000015
26504  -45.437  -58.035  1.392 0.1000000015
21078  -44.392  -64.079  8.944 0.1000000015
21079  -45.406  -64.014  8.836 0.1000000015
21081  -47.461  -62.954  8.341 0.1000000015
21077  -43.467  -63.831  8.714 0.1000000015
21082  -48.354  -62.392  8.055 0.1000000015
21100  -42.839  -63.887  7.496 0.1000000015
20185  -43.261  -64.326  7.962 0.1000000015
20186  -44.717  -64.790  8.390 0.1000000015
24747  -43.940  -59.522  5.562 0.1000000015
122202  -43.418  -59.625  6.146 0.1000000015
22951  -43.034  -61.525  6.547 0.1000000015
20198  -43.193  -64.678  7.049 0.1000000015
19260  -43.608  -65.336  7.055 0.1000000015
22012  -49.829  -61.225  8.516 0.1000000015
25575  -44.222  -58.923  5.183 0.1000000015
22032  -50.844  -62.048  7.601 0.1000000015
22014  -51.779  -62.511  8.295 0.1000000015
26447  -44.261  -57.941  4.181 0.1000000015
26464  -44.380  -57.742  3.320 0.1000000015
26483  -44.598  -57.208  2.464 0.1000000015
26503  -45.078  -57.143  1.639 0.1000000015
133562  -45.684  -56.179  0.660 0.1000000015
20188  -46.514  -63.712  8.539 0.1000000015
21080  -46.860  -62.512  8.833 0.1000000015
22009  -47.141  -61.610  9.155 0.1000000015
25559  -43.195  -58.662  6.279 0.1000000015
22950  -42.577  -61.617  7.399 0.1000000015
22029  -42.451  -62.467  7.838 0.1000000015
125000  -42.916  -63.732  8.187 0.1000000015
25589  -44.106  -58.055  5.002 0.1000000015
124500  -43.675  -58.357  5.606 0.1000000015
115073  -43.716  -59.006  5.772 0.1000000015
23850  -43.268  -60.575  6.257 0.1000000015
23849  -42.818  -60.773  6.971 0.1000000015
22043  -42.729  -62.234  7.066 0.1000000015
22011  -49.070  -61.392  8.444 0.1000000015
120552  -44.036  -57.261  3.843 0.1000000015
110140  -44.173  -56.854  3.252 0.1000000015
27416  -44.018  -56.194  3.394 0.1000000015
27435  -44.438  -56.119  2.675 0.1000000015
27449  -44.816  -56.445  1.952 0.1000000015
28364  -44.995  -55.541  1.870 0.1000000015
27450  -45.286  -56.299  1.329 0.1000000015
28381  -45.579  -55.497  1.010 0.1000000015
21057  -43.391  -63.211  9.184 0.1000000015
21059  -44.978  -63.377  9.343 0.1000000015
21060  -45.928  -63.083  9.117 0.1000000015
21989  -45.465  -62.456  9.573 0.1000000015
21986  -42.473  -62.336  9.091 0.1000000015
21099  -42.603  -63.255  7.994 0.1000000015
26446  -43.787  -57.195  4.638 0.1000000015
26433  -43.513  -57.564  5.437 0.1000000015
26463  -43.794  -56.603  3.909 0.1000000015
28344  -44.165  -55.515  3.311 0.1000000015
29259  -45.471  -54.736  1.446 0.1000000015
29275  -45.991  -54.722  0.594 0.1000000015
21058  -44.074  -63.416  9.344 0.1000000015
21974  -45.040  -61.951  10.119 0.1000000015
22941  -42.338  -62.223  8.518 0.1000000015
26420  -43.191  -57.930  5.972 0.1000000015
122573  -42.992  -60.064  6.666 0.1000000015
119884  -42.591  -60.054  7.278 0.1000000015
124349  -42.253  -61.712  8.186 0.1000000015
27396  -43.513  -56.237  4.632 0.1000000015
28343  -43.714  -55.843  3.919 0.1000000015
28355  -44.572  -55.162  2.659 0.1000000015
28356  -45.010  -54.641  2.171 0.1000000015
30189  -45.891  -54.018  1.120 0.1000000015
30190  -46.578  -53.848  0.150 0.1000000015
21972  -42.659  -61.966  9.829 0.1000000015
23829  -42.029  -61.019  8.547 0.1000000015
22927  -42.088  -61.737  8.911 0.1000000015
22912  -42.141  -61.596  9.586 0.1000000015
27379  -43.272  -56.693  5.338 0.1000000015
26432  -42.810  -57.166  6.011 0.1000000015
25558  -42.507  -58.551  6.964 0.1000000015
24728  -42.286  -59.257  7.468 0.1000000015
24714  -42.085  -60.052  8.080 0.1000000015
29246  -45.003  -53.950  2.537 0.1000000015
29247  -45.414  -54.005  1.853 0.1000000015
31109  -45.981  -52.822  1.610 0.1000000015
30172  -46.250  -53.281  0.939 0.1000000015
133418  -41.776  -59.678  8.611 0.1000000015
26419  -42.692  -57.880  6.505 0.1000000015
25544  -41.915  -58.413  7.678 0.1000000015
24727  -41.807  -59.143  8.130 0.1000000015
28330  -43.507  -55.376  4.592 0.1000000015
29234  -44.348  -54.729  3.303 0.1000000015
128453  -44.680  -54.499  2.758 0.1000000015
121458  -45.441  -53.219  2.278 0.1000000015
31088  -45.752  -52.471  2.263 0.1000000015
28315  -43.090  -55.684  5.385 0.1000000015
29233  -43.892  -55.025  3.930 0.1000000015
29224  -44.150  -54.129  3.949 0.1000000015
30157  -44.599  -54.031  3.201 0.1000000015
30158  -44.935  -53.336  3.060 0.1000000015
31977  -45.884  -51.768  2.607 0.1000000015
31074  -45.324  -52.458  3.046 0.1000000015
29223  -43.648  -54.540  4.602 0.1000000015
120875  -44.300  -53.289  4.297 0.1000000015
30147  -44.535  -53.528  3.643 0.1000000015
31073  -44.744  -52.839  3.749 0.1000000015
12664  -49.309  -71.922  -1.366 0.1000000015
14549  -50.409  -70.499  -0.848 0.1000000015
12677  -49.345  -72.021  -2.033 0.1000000015
12693  -48.723  -72.436  -3.000 0.1000000015
14534  -50.669  -69.978  0.641 0.1000000015
121925  -51.585  -68.751  1.269 0.1000000015
15533  -51.578  -68.428  -0.737 0.1000000015
14565  -50.548  -70.433  -2.111 0.1000000015
14583  -50.713  -69.449  -3.476 0.1000000015
14598  -45.921  -70.371  -4.227 0.1000000015
14616  -46.733  -69.718  -5.218 0.1000000015
17487  -52.895  -67.023  2.658 0.1000000015
16469  -52.152  -67.885  1.209 0.1000000015
111867  -53.260  -66.186  3.001 0.2000000030
118192  -51.977  -67.343  -0.703 0.1000000015
16394  -44.194  -68.379  4.233 0.1000000015
14514  -46.653  -70.319  0.991 0.1000000015
14530  -45.356  -70.643  0.420 0.1000000015
14548  -47.181  -70.241  -1.200 0.1000000015
122874  -48.078  -69.340  -0.181 0.1000000015
15531  -48.776  -68.639  -1.245 0.1000000015
112189  -48.765  -68.974  -2.977 0.1000000015
16562  -50.186  -67.727  -4.352 0.1000000015
15573  -49.511  -67.976  -3.433 0.1000000015
19329  -53.014  -64.737  2.759 0.1000000015
18432  -53.383  -65.332  3.237 0.2000000030
19328  -52.379  -64.793  2.425 0.1000000015
18491  -51.744  -65.987  -1.029 0.1000000015
17553  -50.971  -66.588  -3.189 0.1000000015
16420  -44.689  -68.975  3.744 0.1000000015
15475  -47.075  -69.708  2.375 0.1000000015
132087  -48.047  -69.186  1.430 0.1000000015
16485  -48.878  -68.334  0.491 0.1000000015
16523  -50.105  -67.037  -2.903 0.1000000015
128640  -50.481  -67.158  -3.805 0.1000000015
16379  -44.452  -68.200  4.901 0.1000000015
17535  -50.882  -66.168  -0.948 0.1000000015
22062  -45.118  -63.157  4.606 0.1000000015
15461  -47.651  -69.125  2.835 0.1000000015
121085  -49.353  -67.702  0.763 0.1000000015
17534  -50.204  -66.727  -1.236 0.1000000015
20214  -49.761  -64.002  6.435 0.1000000015
18430  -49.854  -66.640  3.685 0.1000000015
20216  -53.518  -64.530  6.518 0.2000000030
18448  -49.945  -66.682  2.829 0.1000000015
16423  -49.376  -67.460  3.014 0.1000000015
17485  -50.431  -66.310  1.800 0.1000000015
17423  -46.079  -67.561  5.735 0.1000000015
118031  -48.233  -68.547  3.247 0.1000000015
114682  -48.374  -67.598  4.499 0.1000000015
22034  -52.442  -62.834  7.676 0.1000000015
25633  -46.654  -59.680  1.161 0.1000000015
20199  -43.832  -65.039  7.761 0.1000000015
128152  -43.861  -64.483  8.403 0.1000000015
110031  -45.600  -57.124  0.829 0.1000000015
28382  -46.158  -55.562  0.083 0.1000000015
23839  -42.384  -60.886  7.752 0.1000000015
20011  -57.246  -64.591  21.804 0.5000000000
12436  -51.779  -72.495  15.913 0.5000000000
112970  -52.110  -72.486  17.235 0.5000000000
21836  -57.436  -62.937  21.195 0.5000000000
20029  -57.406  -64.779  20.970 0.5000000000
19095  -57.213  -65.716  20.898 0.5000000000
13388  -52.380  -71.542  16.191 0.5000000000
23666  -58.052  -60.591  20.937 0.5000000000
129501  -57.552  -62.024  21.268 0.5000000000
20918  -57.428  -63.870  21.077 0.5000000000
14281  -53.495  -70.530  17.588 0.5000000000
21853  -57.622  -62.263  20.408 0.5000000000
22757  -57.912  -61.351  20.720 0.5000000000
133163  -57.388  -62.715  19.972 0.5000000000
22768  -57.776  -61.495  19.888 0.4000000060
20937  -57.104  -63.274  19.779 0.4000000060
110632  -53.733  -70.245  14.436 0.5000000000
14330  -53.345  -70.567  13.683 0.5000000000
15268  -53.730  -69.824  14.011 0.5000000000
16255  -53.817  -69.144  14.419 0.5000000000
126040  -52.343  -68.241  14.483 0.5000000000
16245  -53.002  -68.792  14.106 0.5000000000
116460  -52.053  -67.806  15.132 0.4000000060
112906  -51.098  -66.793  15.588 0.4000000060
10074  -49.965  -77.018  16.396 0.1000000015
12435  -51.889  -73.761  17.245 0.5000000000
21835  -57.195  -62.781  21.888 0.5000000000
20902  -57.196  -63.723  21.835 0.5000000000
19085  -57.188  -65.334  21.660 0.5000000000
17174  -56.662  -67.069  21.003 0.4000000060
112952  -52.702  -71.614  17.553 0.5000000000
128563  -57.760  -60.339  21.109 0.5000000000
22744  -57.389  -61.857  21.617 0.5000000000
24514  -58.034  -59.903  20.614 0.5000000000
24533  -57.086  -59.262  20.436 0.5000000000
24534  -57.921  -59.402  20.242 0.5000000000
120179  -58.299  -60.027  20.304 0.5000000000
25383  -57.641  -58.835  19.910 0.4000000060
24535  -58.419  -59.501  19.974 0.3000000119
115242  -58.100  -60.668  20.103 0.5000000000
21869  -57.321  -62.237  19.744 0.4000000060
23677  -58.508  -59.992  19.482 0.3000000119
20068  -56.249  -64.716  19.162 0.6999999881
19124  -56.226  -65.393  19.056 0.5000000000
25395  -58.463  -58.899  19.720 0.3000000119
24545  -58.966  -59.231  19.382 0.3000000119
131566  -57.515  -61.554  19.563 0.4000000060
112771  -56.386  -63.869  19.394 0.5000000000
19123  -55.705  -65.274  18.666 0.6000000238
17212  -55.653  -67.246  18.218 0.6000000238
15203  -54.598  -69.303  18.186 0.6000000238
14299  -53.173  -70.763  16.281 0.5000000000
13411  -53.207  -70.965  14.435 0.3000000119
23694  -58.786  -59.735  18.759 0.3000000119
23676  -57.820  -60.899  19.363 0.3000000119
21883  -56.075  -62.445  19.407 0.4000000060
20067  -55.675  -64.550  18.896 0.5000000000
18222  -55.650  -66.466  18.155 0.6000000238
17229  -55.225  -67.683  16.747 0.6000000238
15223  -54.598  -69.159  16.106 0.5000000000
15243  -54.232  -69.518  15.051 0.5000000000
113201  -57.267  -60.892  18.927 0.4000000060
22783  -56.265  -61.462  19.233 0.4000000060
20955  -55.687  -63.572  19.211 0.5000000000
20093  -55.111  -65.209  18.360 0.5000000000
120156  -54.694  -67.027  16.604 0.5000000000
16229  -55.099  -68.052  16.103 0.5000000000
16246  -54.308  -68.736  15.105 0.5000000000
115823  -57.372  -60.402  18.430 0.4000000060
126471  -55.185  -62.959  19.219 0.5000000000
20092  -54.460  -65.033  18.121 0.5000000000
19165  -54.082  -66.047  17.142 0.4000000060
17236  -54.394  -67.422  16.202 0.5000000000
17255  -53.852  -67.862  15.630 0.5000000000
122201  -55.058  -62.055  19.261 0.4000000060
124145  -54.339  -62.896  18.936 0.5000000000
19145  -53.944  -65.355  17.625 0.5000000000
19164  -53.271  -65.579  17.212 0.4000000060
18270  -52.829  -67.530  15.705 0.4000000060
17254  -52.995  -68.226  15.036 0.5000000000
20953  -52.910  -63.166  18.156 0.5000000000
20110  -52.436  -65.007  17.117 0.4000000060
18258  -52.648  -66.691  16.232 0.4000000060
18269  -51.873  -67.077  15.675 0.4000000060
20978  -52.615  -63.861  17.706 0.3000000119
19163  -51.658  -65.190  16.611 0.3000000119
19162  -50.778  -65.413  16.177 0.3000000119
110054  -49.812  -66.235  15.416 0.3000000119
124796  -48.823  -76.953  15.431 0.1000000015
9345  -49.396  -77.121  15.551 0.1000000015
10844  -49.771  -76.266  16.863 0.1000000015
10063  -50.059  -76.858  16.889 0.1000000015
11598  -51.582  -74.799  18.877 0.4000000060
10815  -51.356  -75.600  18.084 0.4000000060
10829  -51.389  -75.823  16.949 0.4000000060
11610  -51.732  -74.945  17.146 0.5000000000
12420  -51.932  -74.791  18.408 0.4000000060
13347  -53.046  -72.641  18.956 0.5000000000
130881  -52.496  -72.572  18.092 0.5000000000
20901  -56.759  -63.721  22.202 0.5000000000
20009  -56.369  -64.470  22.272 0.5000000000
20010  -56.813  -65.196  22.191 0.5000000000
17159  -56.573  -66.838  21.648 0.4000000060
13348  -53.630  -71.962  19.588 0.5000000000
13368  -53.319  -71.527  18.553 0.5000000000
22743  -56.914  -61.597  21.713 0.5000000000
129095  -56.917  -62.320  21.934 0.5000000000
24513  -57.470  -59.776  20.935 0.5000000000
14266  -54.627  -70.131  19.519 0.6000000238
25394  -58.359  -58.169  19.606 0.2000000030
26259  -58.597  -57.353  19.152 0.2000000030
24558  -59.230  -59.105  18.566 0.3000000119
26260  -59.882  -57.638  18.362 0.3000000119
24573  -59.671  -58.560  18.004 0.4000000060
24557  -58.190  -59.912  18.096 0.4000000060
24572  -58.739  -59.299  17.611 0.3000000119
24556  -56.651  -60.004  18.141 0.4000000060
121873  -55.358  -61.194  19.073 0.4000000060
22782  -54.343  -61.274  18.971 0.4000000060
24571  -57.175  -59.470  17.581 0.3000000119
24570  -55.446  -59.506  17.715 0.3000000119
23690  -53.815  -60.543  18.449 0.3000000119
126140  -53.546  -62.800  18.592 0.4000000060
23689  -52.637  -60.373  17.964 0.3000000119
21896  -52.156  -62.363  17.923 0.3000000119
118785  -51.859  -63.666  17.350 0.4000000060
20109  -51.681  -64.376  17.013 0.3000000119
23707  -51.444  -60.570  17.645 0.2000000030
21895  -51.350  -62.690  17.408 0.3000000119
20108  -50.883  -64.520  16.554 0.3000000119
23721  -50.787  -60.119  16.865 0.1000000015
22796  -50.507  -61.854  17.192 0.2000000030
20977  -50.944  -63.553  16.912 0.4000000060
23751  -52.788  -61.130  13.942 0.1000000015
10813  -50.516  -75.246  18.032 0.1000000015
10827  -50.455  -76.221  17.362 0.1000000015
11597  -51.054  -75.196  18.583 0.2000000030
12406  -52.116  -73.823  19.861 0.5000000000
11590  -52.137  -74.341  19.310 0.4000000060
12408  -53.290  -72.848  20.058 0.4000000060
20900  -55.882  -63.727  22.136 0.5000000000
19084  -56.247  -65.973  22.169 0.4000000060
17157  -55.635  -67.698  21.948 0.4000000060
15163  -55.297  -69.032  21.616 0.4000000060
13296  -54.293  -71.412  20.985 0.5000000000
13323  -53.734  -72.089  20.502 0.5000000000
23653  -56.889  -60.568  21.417 0.5000000000
117877  -56.080  -62.205  21.893 0.5000000000
21834  -56.405  -62.977  22.083 0.4000000060
14243  -54.291  -71.265  20.040 0.4000000060
125043  -55.924  -59.049  20.411 0.4000000060
25393  -55.608  -58.375  20.021 0.4000000060
25382  -56.697  -58.791  20.080 0.5000000000
114654  -56.972  -58.264  19.833 0.4000000060
26240  -56.134  -57.797  19.556 0.3000000119
26258  -56.876  -57.183  19.198 0.3000000119
27169  -56.759  -56.286  18.006 0.1000000015
117744  -59.272  -56.890  18.437 0.3000000119
129255  -58.806  -56.256  17.811 0.1000000015
25413  -59.982  -58.092  17.394 0.3000000119
26275  -60.112  -57.061  17.545 0.2000000030
25427  -58.910  -58.237  16.610 0.2000000030
25410  -56.134  -58.920  17.036 0.2000000030
25426  -56.778  -58.337  16.465 0.2000000030
114869  -55.399  -58.422  16.464 0.2000000030
24569  -53.931  -59.391  17.478 0.2000000030
25425  -54.466  -58.180  16.055 0.1000000015
113529  -52.767  -59.499  17.330 0.2000000030
25442  -53.989  -57.726  15.324 0.1000000015
25424  -53.340  -58.276  15.832 0.1000000015
24584  -51.087  -59.451  16.287 0.1000000015
25441  -53.249  -58.227  14.967 0.1000000015
25458  -52.738  -59.221  14.713 0.1000000015
24632  -52.307  -60.639  14.440 0.1000000015
24672  -54.256  -60.852  12.919 0.1000000015
128962  -51.077  -74.207  19.202 0.3000000119
12405  -51.501  -73.761  19.673 0.3000000119
14242  -51.220  -71.020  20.138 0.3000000119
15174  -52.120  -70.447  20.524 0.3000000119
12381  -52.422  -72.593  20.760 0.3000000119
132308  -52.867  -72.809  20.856 0.3000000119
130465  -53.026  -73.200  20.290 0.4000000060
16180  -53.027  -68.963  20.633 0.3000000119
112214  -52.900  -70.905  21.268 0.3000000119
14218  -54.175  -71.097  21.486 0.5000000000
13295  -53.612  -71.892  21.069 0.5000000000
20027  -54.469  -64.656  21.247 0.4000000060
114923  -54.826  -66.275  21.489 0.5000000000
16164  -54.459  -68.727  21.577 0.4000000060
16165  -55.213  -68.620  21.767 0.4000000060
14201  -54.624  -70.342  21.483 0.5000000000
120061  -54.174  -60.183  21.014 0.4000000060
23651  -54.706  -60.942  21.347 0.4000000060
22742  -55.870  -61.303  21.633 0.5000000000
21833  -55.237  -62.911  21.830 0.5000000000
25380  -53.441  -58.735  20.319 0.4000000060
25381  -54.650  -58.830  20.345 0.4000000060
24532  -54.984  -59.548  20.706 0.4000000060
120800  -55.141  -60.165  21.079 0.5000000000
25392  -54.158  -58.207  19.991 0.4000000060
26238  -53.610  -57.728  19.471 0.4000000060
26239  -54.799  -57.799  19.542 0.3000000119
26257  -55.466  -57.317  19.060 0.3000000119
129773  -55.006  -56.954  18.490 0.3000000119
27189  -55.700  -56.102  17.311 0.1000000015
26288  -60.123  -56.802  16.661 0.2000000030
27191  -59.010  -55.676  16.907 0.1000000015
27170  -60.041  -56.222  16.977 0.1000000015
25428  -60.004  -57.585  16.842 0.2000000030
26305  -60.127  -56.187  16.394 0.2000000030
26287  -59.529  -57.324  16.172 0.2000000030
26286  -57.435  -57.537  15.735 0.1000000015
26302  -56.991  -56.724  14.874 0.1000000015
26301  -54.719  -57.352  14.955 0.1000000015
26317  -55.372  -56.839  14.392 0.1000000015
26300  -53.929  -57.788  14.624 0.1000000015
25460  -54.196  -58.122  14.005 0.1000000015
25478  -54.037  -59.726  13.955 0.1000000015
23776  -54.398  -60.945  13.377 0.1000000015
23777  -55.225  -61.033  13.189 0.1000000015
23795  -54.658  -61.057  13.169 0.1000000015
25499  -55.538  -60.155  12.214 0.1000000015
117997  -54.862  -59.032  11.829 0.1000000015
26353  -55.251  -57.911  11.268 0.1000000015
27277  -55.184  -56.904  10.808 0.1000000015
14241  -50.206  -71.068  19.543 0.3000000119
13345  -49.721  -72.030  18.955 0.2000000030
123184  -51.731  -68.484  19.480 0.3000000119
18200  -53.232  -66.955  20.164 0.4000000060
115933  -52.766  -66.186  19.734 0.3000000119
23650  -53.524  -60.855  21.297 0.3000000119
22740  -53.855  -61.616  21.464 0.4000000060
20898  -54.255  -63.207  21.557 0.4000000060
19093  -53.356  -65.188  20.267 0.3000000119
24530  -52.768  -59.454  20.630 0.3000000119
24531  -53.818  -59.466  20.643 0.3000000119
20917  -53.476  -63.394  21.073 0.4000000060
20936  -53.117  -63.921  20.595 0.4000000060
20049  -52.779  -64.542  20.053 0.3000000119
26237  -52.624  -57.694  19.364 0.3000000119
25391  -53.044  -58.199  19.855 0.3000000119
115639  -52.315  -57.281  18.889 0.3000000119
26255  -53.056  -57.287  18.890 0.3000000119
26256  -54.171  -57.265  18.821 0.3000000119
26272  -54.258  -56.841  17.959 0.3000000119
27168  -54.508  -56.385  17.275 0.1000000015
27188  -54.819  -55.855  16.606 0.1000000015
27190  -57.247  -55.805  17.293 0.1000000015
28149  -56.052  -55.186  15.995 0.1000000015
28131  -57.538  -55.313  16.519 0.1000000015
27192  -60.003  -55.756  16.423 0.1000000015
26304  -60.055  -56.487  15.971 0.2000000030
27212  -59.940  -55.783  15.835 0.2000000030
27211  -59.754  -56.094  15.377 0.2000000030
27210  -58.656  -56.135  14.653 0.1000000015
27209  -56.585  -56.212  14.014 0.1000000015
26329  -54.839  -57.250  13.850 0.1000000015
27238  -56.044  -56.469  13.507 0.1000000015
128754  -55.500  -56.719  13.820 0.1000000015
123475  -54.869  -58.165  13.637 0.1000000015
26330  -55.509  -57.306  13.396 0.1000000015
25480  -55.917  -59.631  13.395 0.1000000015
24660  -56.341  -60.876  13.113 0.1000000015
24673  -55.272  -61.068  12.905 0.1000000015
120288  -55.641  -59.202  11.576 0.1000000015
25500  -56.412  -60.064  11.799 0.1000000015
26354  -56.242  -58.743  11.113 0.1000000015
27290  -55.436  -56.556  10.193 0.1000000015
26360  -55.895  -57.472  10.609 0.1000000015
27299  -55.090  -56.323  9.445 0.1000000015
13344  -49.037  -71.366  18.589 0.2000000030
13366  -49.144  -72.067  18.080 0.2000000030
15200  -48.890  -70.124  18.970 0.2000000030
16197  -51.134  -69.045  19.369 0.3000000119
16211  -48.971  -68.746  18.681 0.2000000030
16212  -50.102  -68.817  18.844 0.3000000119
21852  -53.493  -62.799  21.355 0.3000000119
19106  -52.762  -65.420  19.798 0.3000000119
24510  -52.162  -60.174  21.055 0.3000000119
24511  -53.127  -60.175  20.993 0.3000000119
21831  -53.069  -62.093  21.452 0.3000000119
21851  -52.718  -62.722  21.116 0.3000000119
25390  -52.039  -58.200  19.748 0.3000000119
25378  -51.379  -58.820  20.255 0.3000000119
21850  -51.799  -62.579  20.817 0.3000000119
130626  -52.454  -63.781  20.217 0.3000000119
119572  -52.153  -64.959  19.542 0.2000000030
19105  -52.023  -65.863  19.340 0.2000000030
126338  -50.809  -57.640  19.159 0.2000000030
26236  -51.673  -57.567  19.162 0.2000000030
26270  -52.464  -56.957  18.315 0.3000000119
26271  -53.309  -56.938  18.107 0.3000000119
27167  -53.503  -56.604  17.291 0.2000000030
27186  -52.868  -56.397  16.533 0.2000000030
27187  -53.795  -56.195  16.595 0.1000000015
27208  -54.035  -55.778  16.098 0.1000000015
29084  -54.350  -54.874  15.206 0.1000000015
29104  -53.903  -54.249  14.602 0.1000000015
30030  -53.191  -53.158  13.716 0.1000000015
116264  -55.256  -54.894  15.422 0.1000000015
29105  -55.127  -54.358  14.745 0.1000000015
131724  -54.577  -53.840  14.253 0.1000000015
30031  -53.967  -53.305  13.519 0.1000000015
30966  -53.392  -52.876  12.216 0.1000000015
30985  -52.966  -52.496  10.620 0.1000000015
29085  -56.306  -54.628  15.246 0.1000000015
129241  -55.449  -53.749  14.114 0.1000000015
30955  -54.615  -53.329  12.947 0.1000000015
128713  -53.809  -52.910  11.659 0.1000000015
30978  -53.757  -52.826  11.009 0.1000000015
28150  -57.688  -54.830  15.740 0.1000000015
29086  -57.709  -54.347  14.974 0.1000000015
28132  -59.360  -55.154  16.027 0.1000000015
28152  -59.495  -55.073  15.287 0.2000000030
27223  -59.459  -55.452  14.906 0.1000000015
28161  -59.015  -55.041  13.987 0.1000000015
27239  -56.953  -55.988  13.337 0.1000000015
27255  -56.448  -56.555  12.882 0.1000000015
26339  -56.310  -58.125  12.910 0.1000000015
25489  -56.939  -59.986  12.717 0.1000000015
24675  -56.588  -60.668  12.672 0.1000000015
115589  -57.452  -60.284  12.104 0.1000000015
24682  -57.212  -60.451  12.041 0.1000000015
25501  -57.151  -59.746  11.258 0.1000000015
26361  -56.939  -58.354  10.437 0.1000000015
125267  -57.101  -57.867  9.905 0.1000000015
19119  -48.775  -65.674  17.914 0.2000000030
17209  -49.603  -67.899  18.507 0.2000000030
17211  -51.229  -67.365  18.845 0.3000000119
17189  -51.891  -67.626  19.285 0.3000000119
113597  -49.096  -64.960  18.112 0.2000000030
18218  -48.769  -66.531  17.984 0.2000000030
18220  -50.060  -66.910  18.427 0.2000000030
17210  -50.520  -67.641  18.658 0.3000000119
18198  -51.616  -66.711  19.028 0.3000000119
24509  -51.242  -60.255  21.175 0.3000000119
23648  -51.677  -60.748  21.364 0.3000000119
22756  -51.281  -61.788  21.181 0.3000000119
24528  -50.792  -59.601  20.799 0.3000000119
22755  -50.477  -61.483  21.007 0.3000000119
21849  -50.970  -62.171  20.662 0.3000000119
20935  -51.891  -63.264  20.231 0.3000000119
26235  -50.018  -57.992  19.585 0.2000000030
25377  -50.240  -58.877  20.363 0.3000000119
20048  -51.862  -64.100  19.649 0.2000000030
19104  -51.299  -65.068  19.122 0.2000000030
114188  -51.043  -57.181  18.605 0.2000000030
26253  -50.229  -57.314  18.757 0.2000000030
26254  -51.775  -57.033  18.509 0.3000000119
26269  -51.264  -56.799  17.960 0.3000000119
129851  -51.910  -56.793  17.903 0.3000000119
27166  -52.504  -56.703  17.386 0.2000000030
27165  -51.591  -56.677  17.236 0.2000000030
27185  -51.971  -56.531  16.472 0.2000000030
27206  -52.343  -56.136  15.788 0.2000000030
128085  -52.791  -55.326  15.280 0.1000000015
29107  -57.335  -53.889  14.379 0.1000000015
30032  -56.391  -53.454  13.024 0.1000000015
30038  -55.491  -53.398  12.741 0.1000000015
30980  -55.443  -53.314  11.729 0.1000000015
121345  -58.186  -54.056  14.435 0.1000000015
30025  -57.683  -53.666  14.062 0.1000000015
30033  -57.616  -53.561  13.426 0.1000000015
30050  -56.268  -53.431  11.719 0.1000000015
29087  -58.959  -54.472  14.852 0.1000000015
30026  -58.376  -53.826  13.946 0.1000000015
30034  -58.449  -53.734  13.422 0.1000000015
30041  -58.232  -53.682  12.880 0.1000000015
113233  -57.948  -53.723  12.255 0.1000000015
28162  -59.102  -54.818  14.487 0.1000000015
29109  -58.820  -54.288  13.940 0.1000000015
29126  -59.195  -54.309  12.590 0.1000000015
28188  -59.181  -54.789  12.793 0.1000000015
28175  -59.003  -54.674  13.658 0.1000000015
28174  -58.757  -55.170  13.226 0.1000000015
112976  -58.401  -55.675  12.526 0.1000000015
27257  -59.371  -55.570  12.061 0.1000000015
114993  -57.402  -56.366  12.488 0.1000000015
26340  -57.345  -57.941  12.404 0.1000000015
24691  -57.716  -60.017  11.483 0.1000000015
20087  -46.871  -64.571  17.521 0.3000000119
20063  -48.649  -64.314  18.011 0.3000000119
121404  -49.406  -64.200  18.387 0.3000000119
20064  -49.847  -64.896  18.459 0.2000000030
19121  -50.389  -65.774  18.557 0.2000000030
20950  -48.917  -63.551  18.325 0.3000000119
20952  -50.180  -64.100  18.730 0.3000000119
19122  -51.248  -65.999  18.895 0.2000000030
23647  -50.330  -60.379  21.239 0.3000000119
115065  -49.728  -61.219  20.768 0.3000000119
21866  -49.932  -62.424  19.338 0.3000000119
20934  -50.501  -63.303  19.223 0.3000000119
20065  -50.543  -64.784  18.783 0.2000000030
25388  -49.414  -58.625  20.265 0.2000000030
24527  -49.834  -59.796  21.056 0.3000000119
110923  -49.221  -60.694  20.989 0.3000000119
26234  -48.994  -58.150  19.819 0.2000000030
26252  -49.357  -57.486  18.986 0.2000000030
27148  -50.481  -56.849  18.033 0.2000000030
27164  -50.795  -56.659  17.274 0.3000000119
27184  -51.130  -56.543  16.511 0.2000000030
28200  -59.856  -54.946  12.085 0.1000000015
27278  -59.583  -56.552  11.585 0.1000000015
26355  -58.993  -57.711  11.538 0.1000000015
26341  -58.300  -58.294  11.881 0.1000000015
114910  -45.266  -64.240  17.261 0.1000000015
20972  -45.532  -63.164  17.194 0.2000000030
20973  -46.365  -63.709  17.414 0.3000000119
20974  -47.372  -63.675  17.616 0.3000000119
122160  -47.005  -63.042  17.564 0.3000000119
21894  -47.801  -62.780  17.855 0.3000000119
22766  -49.589  -61.519  19.920 0.3000000119
22780  -49.165  -61.867  19.086 0.3000000119
25375  -48.288  -59.755  21.066 0.3000000119
23663  -48.277  -60.336  20.857 0.3000000119
22765  -48.403  -60.782  19.987 0.3000000119
120868  -48.976  -61.242  19.678 0.3000000119
119440  -47.574  -59.313  21.055 0.2000000030
26251  -48.476  -57.624  19.284 0.1000000015
27147  -49.631  -56.950  18.173 0.2000000030
117851  -47.902  -57.140  18.598 0.1000000015
27163  -49.887  -56.650  17.234 0.2000000030
114736  -49.004  -56.708  17.573 0.2000000030
27183  -49.826  -56.371  16.249 0.3000000119
117728  -46.353  -62.765  17.428 0.3000000119
21893  -47.044  -62.309  17.670 0.3000000119
21878  -47.708  -61.658  18.214 0.3000000119
22779  -48.481  -61.343  18.990 0.3000000119
23662  -47.383  -60.100  20.976 0.3000000119
125852  -47.770  -60.423  20.380 0.3000000119
26227  -47.195  -58.526  20.628 0.1000000015
129850  -48.250  -56.673  17.852 0.1000000015
27162  -48.394  -56.537  17.103 0.1000000015
119836  -46.022  -61.494  17.564 0.3000000119
23705  -45.618  -60.791  17.775 0.2000000030
22778  -47.174  -60.963  18.331 0.3000000119
22764  -47.744  -60.704  19.195 0.3000000119
23688  -46.906  -60.347  18.909 0.3000000119
115203  -47.031  -59.765  21.200 0.2000000030
126708  -46.843  -59.980  20.932 0.3000000119
25374  -46.639  -59.212  21.109 0.2000000030
24524  -46.303  -59.486  21.044 0.2000000030
26225  -45.434  -58.414  21.288 0.1000000015
26226  -46.261  -58.293  20.740 0.1000000015
26224  -44.836  -58.361  21.524 0.1000000015
26249  -46.567  -57.534  19.648 0.1000000015
26250  -47.127  -57.382  19.067 0.1000000015
26248  -45.935  -57.328  19.637 0.1000000015
27145  -47.270  -56.727  18.219 0.1000000015
27160  -46.677  -56.391  17.685 0.1000000015
23686  -45.260  -60.153  18.249 0.2000000030
24553  -45.675  -59.767  19.049 0.2000000030
23687  -46.094  -60.216  18.535 0.2000000030
24544  -45.556  -59.521  20.122 0.2000000030
119221  -46.406  -59.902  19.895 0.2000000030
24523  -45.377  -59.227  21.226 0.1000000015
25372  -45.155  -58.921  21.605 0.1000000015
26232  -45.554  -57.692  20.471 0.1000000015
113297  -45.643  -56.740  18.806 0.1000000015
26231  -44.882  -57.595  20.764 0.1000000015
27138  -45.109  -56.995  19.530 0.1000000015
27143  -45.021  -56.323  18.517 0.1000000015
27132  -44.117  -57.232  20.584 0.1000000015
27136  -43.685  -56.476  19.717 0.1000000015
27142  -44.362  -56.371  19.057 0.1000000015
17192  -56.274  -66.911  19.837 0.4000000060
20028  -57.171  -64.903  20.076 0.5000000000
20051  -57.332  -64.039  20.212 0.5000000000
18201  -56.675  -66.305  20.281 0.4000000060
20050  -56.865  -64.276  19.618 0.5000000000
19108  -56.710  -65.561  19.760 0.6000000238
16199  -55.613  -68.601  20.187 0.5000000000
17158  -56.173  -67.633  21.659 0.4000000060
16182  -55.801  -68.523  21.377 0.4000000060
17213  -55.967  -66.824  18.846 0.5000000000
14265  -53.817  -70.980  18.960 0.5000000000
17191  -55.866  -67.538  19.367 0.6000000238
15213  -54.218  -69.565  17.224 0.5000000000
14315  -53.043  -71.025  15.308 0.3000000119
13424  -52.967  -71.190  13.766 0.5000000000
15202  -54.118  -70.131  18.441 0.5000000000
12459  -51.474  -73.128  14.994 0.5000000000
20956  -56.659  -62.831  19.578 0.4000000060
14316  -53.720  -70.426  15.169 0.4000000060
117598  -53.876  -68.513  14.984 0.5000000000
18256  -50.603  -66.216  15.729 0.3000000119
18257  -51.589  -66.172  16.110 0.4000000060
10828  -50.899  -76.231  17.436 0.2000000030
18178  -56.268  -66.883  22.036 0.5000000000
17173  -56.225  -67.784  20.694 0.4000000060
22784  -57.075  -61.715  19.475 0.3000000119
123163  -55.807  -65.826  18.567 0.6000000238
119260  -59.106  -58.609  19.388 0.3000000119
23693  -58.173  -60.392  18.696 0.4000000060
19147  -55.332  -65.845  18.114 0.6000000238
16223  -55.368  -67.750  17.521 0.6000000238
16214  -55.054  -68.487  17.859 0.6000000238
16215  -55.463  -68.074  18.674 0.6000000238
15204  -55.134  -69.063  19.144 0.6000000238
14300  -53.975  -69.943  16.125 0.5000000000
20066  -54.966  -64.443  18.622 0.5000000000
18246  -55.121  -66.438  17.492 0.6000000238
15224  -54.947  -68.529  16.230 0.5000000000
16222  -55.172  -68.188  16.815 0.5000000000
15244  -54.692  -68.635  15.637 0.5000000000
15214  -54.789  -68.824  17.012 0.5000000000
20954  -54.702  -63.659  18.795 0.5000000000
19146  -54.681  -65.805  17.691 0.5000000000
128183  -54.216  -66.729  16.621 0.4000000060
18260  -54.668  -66.496  17.040 0.5000000000
16247  -54.570  -68.069  15.657 0.5000000000
23692  -56.204  -60.659  18.678 0.4000000060
21882  -53.859  -62.096  18.959 0.5000000000
20980  -54.215  -64.295  18.342 0.5000000000
20091  -53.851  -64.753  17.967 0.5000000000
109949  -53.429  -66.320  16.712 0.4000000060
18259  -53.592  -67.132  16.230 0.5000000000
124405  -53.847  -63.524  18.481 0.5000000000
20090  -53.131  -64.734  17.607 0.4000000060
117918  -52.510  -65.827  16.721 0.4000000060
115613  -52.191  -63.153  17.671 0.4000000060
21881  -52.935  -62.193  18.471 0.4000000060
20979  -53.416  -64.109  18.089 0.4000000060
19083  -55.307  -65.526  21.780 0.5000000000
16166  -55.610  -68.320  21.696 0.4000000060
132562  -54.239  -70.646  19.274 0.5000000000
24512  -56.240  -59.726  21.025 0.5000000000
15191  -55.163  -69.763  20.430 0.5000000000
126331  -57.380  -57.719  19.529 0.3000000119
26274  -57.750  -56.697  18.626 0.2000000030
25402  -59.461  -58.173  18.979 0.3000000119
25412  -59.196  -58.744  17.255 0.3000000119
25411  -57.822  -58.888  17.062 0.3000000119
23691  -54.920  -60.617  18.673 0.3000000119
24555  -55.503  -60.131  18.312 0.3000000119
24554  -54.480  -59.980  18.173 0.3000000119
23708  -53.503  -59.942  17.927 0.3000000119
22781  -53.262  -61.274  18.636 0.3000000119
22798  -52.227  -61.344  18.202 0.3000000119
22797  -51.314  -61.565  17.673 0.3000000119
20976  -50.503  -62.660  17.003 0.2000000030
24568  -51.690  -59.720  17.173 0.2000000030
23706  -50.563  -60.921  17.184 0.2000000030
23733  -50.970  -61.000  14.655 0.1000000015
24633  -53.181  -60.792  14.124 0.1000000015
20008  -55.387  -64.442  21.879 0.4000000060
18186  -54.894  -67.183  21.656 0.5000000000
127807  -54.286  -70.339  21.602 0.4000000060
15177  -55.395  -69.395  21.219 0.5000000000
26273  -56.133  -56.804  18.590 0.2000000030
25409  -54.495  -58.763  16.796 0.2000000030
26285  -55.418  -57.809  15.772 0.1000000015
24586  -53.060  -58.839  16.649 0.2000000030
124761  -52.651  -58.599  15.309 0.1000000015
25423  -52.294  -58.630  15.847 0.1000000015
25422  -51.620  -59.054  15.834 0.1000000015
24583  -50.509  -60.242  15.822 0.1000000015
25459  -53.484  -58.637  14.465 0.1000000015
24605  -52.042  -59.173  15.281 0.1000000015
24604  -51.284  -60.161  15.150 0.1000000015
123970  -53.436  -59.941  14.254 0.1000000015
24657  -54.097  -60.747  13.955 0.1000000015
23794  -53.983  -60.904  13.375 0.1000000015
13346  -50.692  -72.830  19.421 0.3000000119
12393  -51.698  -73.008  20.212 0.3000000119
15189  -51.223  -69.925  19.812 0.3000000119
15190  -52.071  -69.290  20.088 0.3000000119
122759  -52.916  -69.988  21.028 0.3000000119
13321  -50.889  -71.938  19.851 0.3000000119
14216  -52.409  -71.631  20.952 0.3000000119
15175  -53.659  -70.672  21.523 0.3000000119
113801  -53.687  -68.594  21.103 0.3000000119
17172  -54.053  -67.719  21.140 0.3000000119
17171  -53.180  -68.007  20.387 0.3000000119
18185  -54.126  -66.574  20.853 0.3000000119
16181  -53.867  -69.613  21.477 0.3000000119
20899  -54.422  -63.882  21.402 0.4000000060
20026  -53.635  -64.628  20.623 0.4000000060
19107  -53.404  -65.951  20.223 0.4000000060
22741  -54.937  -61.931  21.668 0.4000000060
122046  -55.320  -56.572  17.939 0.2000000030
26303  -58.932  -56.763  15.396 0.1000000015
124065  -55.843  -57.225  15.168 0.1000000015
26316  -54.542  -57.415  14.303 0.1000000015
25479  -54.848  -59.630  13.658 0.1000000015
24658  -54.742  -60.757  13.536 0.1000000015
24659  -55.680  -60.856  13.357 0.1000000015
24674  -56.046  -61.155  13.088 0.1000000015
24681  -56.308  -60.822  12.645 0.1000000015
14263  -49.376  -71.054  19.079 0.2000000030
15188  -50.386  -70.296  19.517 0.2000000030
13367  -49.501  -72.267  18.536 0.2000000030
17190  -52.628  -67.534  19.770 0.3000000119
22739  -53.048  -61.394  21.434 0.3000000119
21832  -54.105  -62.448  21.561 0.4000000060
25379  -52.403  -58.758  20.273 0.3000000119
133394  -55.339  -55.516  16.313 0.1000000015
28148  -54.750  -55.380  15.883 0.1000000015
28130  -56.027  -55.630  16.701 0.1000000015
27222  -58.191  -55.603  13.937 0.1000000015
14264  -49.649  -70.475  19.243 0.2000000030
16210  -48.246  -69.406  18.789 0.2000000030
124244  -49.117  -69.411  18.911 0.2000000030
15201  -49.714  -69.794  19.148 0.3000000119
24529  -51.781  -59.504  20.671 0.3000000119
22738  -51.770  -61.352  21.416 0.3000000119
21830  -52.112  -62.047  21.334 0.3000000119
25389  -51.034  -58.184  19.682 0.3000000119
27207  -53.253  -55.965  15.906 0.1000000015
28147  -53.752  -55.383  15.578 0.1000000015
29083  -53.521  -54.881  15.066 0.1000000015
121438  -53.123  -53.682  14.305 0.1000000015
30022  -53.880  -53.513  14.073 0.1000000015
30954  -53.685  -53.103  12.930 0.1000000015
30023  -54.637  -53.507  13.734 0.1000000015
123367  -54.173  -53.083  12.222 0.1000000015
110835  -53.178  -52.704  11.470 0.1000000015
29106  -56.378  -54.103  14.545 0.1000000015
118743  -55.512  -53.504  13.407 0.1000000015
30024  -56.630  -53.587  13.890 0.1000000015
30967  -55.028  -53.288  12.203 0.1000000015
30979  -54.558  -53.129  11.489 0.1000000015
30986  -53.654  -52.699  10.246 0.1000000015
28151  -58.947  -54.677  15.376 0.1000000015
28187  -57.495  -55.773  12.886 0.1000000015
19144  -48.299  -65.147  17.776 0.2000000030
19120  -49.438  -65.665  18.199 0.2000000030
18219  -49.198  -67.212  18.240 0.2000000030
118551  -49.596  -66.387  18.252 0.2000000030
22737  -50.893  -61.020  21.367 0.3000000119
116741  -51.259  -63.312  19.700 0.3000000119
23665  -49.963  -60.918  21.218 0.3000000119
22767  -50.287  -61.838  20.298 0.3000000119
21867  -50.767  -62.587  19.875 0.3000000119
20047  -50.936  -64.116  19.204 0.3000000119
30039  -55.970  -53.367  12.281 0.1000000015
30987  -54.413  -53.054  10.655 0.1000000015
30040  -57.121  -53.527  12.464 0.1000000015
29108  -58.718  -54.283  14.390 0.1000000015
30027  -58.729  -53.901  13.564 0.1000000015
29120  -58.973  -54.211  13.299 0.1000000015
27256  -58.346  -56.763  11.927 0.1000000015
20088  -47.815  -64.442  17.683 0.3000000119
19143  -47.263  -65.530  17.646 0.3000000119
20975  -48.205  -63.618  17.894 0.3000000119
129368  -48.501  -62.989  18.217 0.3000000119
20951  -49.719  -63.371  18.699 0.3000000119
21880  -49.136  -62.723  18.635 0.3000000119
23664  -49.621  -60.423  21.177 0.3000000119
22754  -49.045  -60.898  20.488 0.3000000119
25376  -49.204  -59.375  20.802 0.3000000119
25387  -48.590  -58.912  20.670 0.3000000119
24526  -49.013  -60.140  21.106 0.3000000119
131916  -50.438  -56.528  16.616 0.2000000030
124954  -50.592  -56.305  15.920 0.2000000030
27205  -51.436  -56.248  15.794 0.2000000030
20085  -45.430  -65.227  17.560 0.1000000015
21879  -48.480  -62.223  18.444 0.3000000119
24525  -47.579  -59.916  21.159 0.3000000119
26233  -48.094  -58.343  20.274 0.2000000030
27146  -48.778  -57.077  18.383 0.1000000015
21892  -45.695  -62.270  17.285 0.3000000119
22795  -46.831  -61.542  17.810 0.3000000119
23675  -47.175  -60.249  20.172 0.3000000119
120139  -47.652  -57.781  19.693 0.1000000015
130659  -46.981  -57.925  20.012 0.1000000015
132017  -47.774  -56.641  18.009 0.1000000015
22777  -46.474  -60.836  18.047 0.3000000119
25373  -45.809  -58.991  21.400 0.1000000015
27144  -46.426  -56.894  18.667 0.1000000015
24552  -44.919  -59.656  19.008 0.2000000030
27137  -44.436  -56.906  19.891 0.1000000015
13442  -52.304  -71.575  13.310 0.3000000119
14349  -51.244  -71.416  13.295 0.3000000119
16278  -46.767  -68.203  12.119 0.2000000030
16308  -45.503  -68.475  9.825 0.2000000030
14348  -50.371  -71.319  13.577 0.4000000060
15317  -48.791  -69.547  13.338 0.3000000119
14351  -52.694  -70.817  12.481 0.4000000060
15290  -49.396  -70.303  13.535 0.3000000119
15316  -47.701  -69.651  12.992 0.3000000119
13443  -52.905  -71.113  13.192 0.4000000060
15319  -51.034  -70.214  12.624 0.4000000060
114070  -48.170  -68.815  12.910 0.3000000119
17311  -46.598  -67.770  11.505 0.2000000030
14375  -52.485  -70.640  12.100 0.4000000060
16281  -50.022  -68.818  12.384 0.4000000060
14352  -53.122  -70.503  12.814 0.4000000060
128851  -53.387  -70.056  13.275 0.4000000060
16280  -48.895  -68.176  12.280 0.3000000119
116005  -46.862  -67.330  11.039 0.3000000119
14376  -52.797  -70.334  11.823 0.4000000060
15333  -51.060  -69.547  12.136 0.4000000060
16293  -49.965  -68.216  11.737 0.3000000119
17313  -48.159  -67.472  11.689 0.4000000060
16266  -53.286  -69.497  13.354 0.4000000060
15334  -52.163  -69.566  11.241 0.4000000060
17314  -49.307  -67.524  11.423 0.3000000119
15321  -52.964  -69.858  11.486 0.4000000060
17315  -50.645  -67.903  11.118 0.4000000060
111184  -53.117  -69.448  12.417 0.4000000060
17316  -51.737  -68.744  10.950 0.4000000060
17336  -50.856  -67.256  10.550 0.3000000119
15336  -53.233  -69.250  11.192 0.4000000060
15335  -53.005  -69.520  11.108 0.4000000060
115249  -51.787  -67.982  10.599 0.4000000060
123391  -53.286  -68.839  11.839 0.4000000060
16297  -53.586  -68.475  11.122 0.4000000060
16296  -53.361  -68.829  10.896 0.4000000060
16295  -52.772  -68.872  10.737 0.4000000060
18328  -50.426  -66.536  10.102 0.3000000119
16265  -52.787  -68.977  12.960 0.4000000060
16309  -53.431  -68.339  10.635 0.4000000060
17337  -52.826  -67.816  10.316 0.4000000060
18329  -51.816  -66.985  10.039 0.3000000119
18337  -50.020  -65.983  9.495 0.2000000030
16254  -52.238  -68.382  13.674 0.3000000119
16264  -52.448  -68.284  12.754 0.4000000060
17295  -53.592  -67.966  11.369 0.4000000060
17338  -53.752  -67.406  10.287 0.4000000060
18330  -53.154  -67.068  9.900 0.4000000060
18338  -51.164  -66.169  9.452 0.2000000030
18360  -49.852  -66.395  7.544 0.3000000119
17268  -51.534  -67.838  14.398 0.3000000119
17281  -51.682  -67.849  13.440 0.3000000119
17294  -52.963  -67.781  12.074 0.3000000119
18340  -54.025  -66.517  9.628 0.3000000119
19239  -51.783  -65.807  8.934 0.2000000030
18339  -52.701  -66.273  9.282 0.2000000030
19249  -50.571  -65.530  8.295 0.2000000030
17377  -50.310  -67.045  6.765 0.2000000030
17253  -51.188  -67.396  15.164 0.3000000119
17293  -51.994  -67.504  12.681 0.3000000119
17318  -54.012  -67.279  10.840 0.4000000060
19240  -52.884  -65.680  8.625 0.1000000015
17267  -50.694  -67.351  14.700 0.3000000119
18292  -51.261  -67.378  13.175 0.3000000119
123392  -53.225  -66.061  11.533 0.2000000030
18332  -54.683  -65.869  10.283 0.2000000030
19265  -51.226  -65.470  7.625 0.1000000015
17397  -50.876  -67.770  6.118 0.2000000030
19211  -52.240  -66.110  11.846 0.2000000030
19233  -54.813  -65.156  10.296 0.1000000015
124781  -54.239  -65.642  8.942 0.1000000015
18362  -51.777  -65.707  6.766 0.1000000015
18376  -51.277  -66.674  6.330 0.1000000015
18268  -50.434  -66.904  15.215 0.2000000030
18291  -50.663  -67.043  13.342 0.3000000119
18308  -51.457  -66.749  12.571 0.3000000119
125719  -50.017  -65.678  15.858 0.2000000030
111838  -49.802  -66.699  14.938 0.1000000015
18278  -50.188  -67.050  14.290 0.3000000119
19210  -51.294  -66.028  12.091 0.2000000030
20170  -54.161  -64.924  10.964 0.1000000015
19251  -53.604  -65.153  8.197 0.1000000015
132331  -52.888  -65.392  6.519 0.1000000015
19174  -49.238  -65.545  15.610 0.2000000030
18290  -49.920  -66.609  13.582 0.2000000030
18307  -50.562  -66.416  12.792 0.2000000030
19229  -52.089  -65.482  11.599 0.1000000015
20169  -53.023  -64.892  11.208 0.1000000015
20177  -54.606  -64.502  10.187 0.1000000015
20179  -54.671  -64.705  9.255 0.1000000015
19267  -53.340  -65.050  7.182 0.1000000015
18377  -52.298  -66.221  5.974 0.1000000015
16382  -52.075  -68.572  5.153 0.1000000015
113552  -49.729  -66.156  13.047 0.1000000015
19228  -51.005  -65.367  11.633 0.2000000030
20168  -51.786  -64.806  11.149 0.1000000015
21054  -54.181  -63.969  9.925 0.1000000015
20189  -54.135  -64.649  8.621 0.1000000015
18378  -53.034  -65.797  5.766 0.1000000015
17427  -52.613  -67.523  5.091 0.1000000015
15443  -51.719  -69.394  4.821 0.1000000015
20175  -52.532  -64.200  10.624 0.1000000015
21106  -53.637  -63.971  8.123 0.1000000015
20202  -53.603  -64.560  7.625 0.1000000015
17450  -52.787  -67.367  4.617 0.1000000015
16400  -52.371  -68.206  4.362 0.1000000015
124379  -53.552  -64.922  6.093 0.1000000015
116390  -50.209  -63.922  16.484 0.2000000030
18277  -49.413  -66.426  14.395 0.1000000015
19180  -48.652  -65.820  14.467 0.1000000015
19208  -48.878  -65.604  12.949 0.1000000015
21053  -53.166  -63.713  10.051 0.1000000015
16383  -52.403  -68.188  4.798 0.1000000015
17426  -52.703  -66.695  5.432 0.1000000015
19283  -53.469  -64.833  7.085 0.1000000015
21083  -53.418  -63.585  8.893 0.1000000015
15291  -50.460  -70.631  13.317 0.3000000119
14374  -51.668  -70.853  12.602 0.4000000060
16279  -47.221  -68.844  12.607 0.3000000119
126859  -49.166  -68.932  12.946 0.3000000119
15318  -49.984  -69.626  13.096 0.3000000119
17292  -47.655  -68.075  12.368 0.3000000119
14395  -52.690  -70.058  11.553 0.4000000060
15292  -53.199  -69.938  12.566 0.4000000060
16294  -50.970  -68.798  11.563 0.4000000060
15322  -53.134  -69.659  11.779 0.4000000060
19238  -50.789  -65.710  8.908 0.2000000030
17317  -53.456  -67.062  11.510 0.3000000119
17355  -54.298  -66.574  9.922 0.2000000030
18361  -50.735  -66.090  7.123 0.2000000030
17280  -50.927  -67.498  13.913 0.3000000119
18309  -52.513  -66.883  12.026 0.3000000119
19250  -51.875  -65.468  8.302 0.1000000015
18320  -54.341  -66.289  10.667 0.4000000060
19230  -54.421  -65.621  10.815 0.2000000030
18341  -54.816  -65.779  9.540 0.1000000015
19241  -54.951  -65.156  9.189 0.1000000015
19266  -52.539  -65.273  7.438 0.1000000015
20176  -53.753  -64.264  10.561 0.1000000015
19252  -54.559  -64.987  8.770 0.1000000015
17398  -51.943  -67.461  5.600 0.1000000015
18267  -49.091  -66.118  15.065 0.1000000015
19209  -50.124  -65.732  12.319 0.1000000015
129832  -54.671  -64.438  9.711 0.1000000015
19268  -53.754  -64.806  8.160 0.1000000015
129291  -52.027  -68.912  4.524 0.1000000015
21065  -54.187  -64.105  9.421 0.1000000015
15463  -51.609  -69.255  4.216 0.1000000015
21052  -52.009  -63.548  9.997 0.1000000015
19227  -50.068  -65.118  11.680 0.1000000015
120510  -49.646  -75.606  13.404 0.3000000119
10904  -49.439  -75.024  13.048 0.2000000030
11678  -49.071  -74.522  12.461 0.3000000119
127186  -49.455  -74.456  13.034 0.2000000030
10845  -51.188  -75.740  15.929 0.4000000060
10886  -50.471  -75.322  14.275 0.2000000030
11623  -51.432  -74.611  15.825 0.4000000060
118269  -50.409  -74.629  13.960 0.3000000119
126553  -48.626  -73.787  11.943 0.2000000030
115030  -51.584  -73.660  15.999 0.4000000060
11658  -50.565  -73.888  14.032 0.2000000030
12516  -49.366  -73.758  12.995 0.2000000030
128930  -48.064  -73.468  11.625 0.1000000015
12515  -48.794  -72.859  12.626 0.2000000030
12534  -48.195  -72.824  11.893 0.1000000015
11659  -50.984  -73.480  14.496 0.3000000119
12532  -46.982  -72.825  11.984 0.1000000015
13438  -48.915  -71.932  13.307 0.2000000030
13479  -47.113  -71.847  12.089 0.1000000015
13480  -47.709  -72.077  12.099 0.1000000015
14394  -47.277  -71.261  12.192 0.1000000015
14391  -45.230  -70.475  11.651 0.1000000015
13478  -46.399  -71.249  12.021 0.1000000015
14393  -46.622  -70.847  11.964 0.1000000015
14401  -45.400  -69.991  10.966 0.1000000015
14392  -46.016  -70.481  11.487 0.1000000015
12481  -51.356  -72.874  14.526 0.3000000119
12494  -49.563  -72.706  13.396 0.2000000030
14373  -48.311  -71.234  13.083 0.2000000030
13462  -48.235  -72.075  12.408 0.2000000030
132956  -47.779  -71.510  12.402 0.2000000030
15331  -45.778  -69.904  11.098 0.1000000015
114772  -44.203  -69.652  11.012 0.1000000015
12482  -52.004  -72.203  14.102 0.2000000030
12497  -51.532  -72.379  14.042 0.3000000119
13439  -49.776  -71.759  13.631 0.2000000030
14372  -47.694  -70.697  12.727 0.2000000030
115265  -46.265  -70.106  11.512 0.1000000015
113286  -43.921  -69.559  10.352 0.1000000015
15346  -44.743  -69.693  10.354 0.1000000015
13441  -51.673  -71.968  13.518 0.3000000119
14347  -49.075  -71.048  13.552 0.3000000119
13410  -52.501  -71.615  14.997 0.2000000030
133282  -47.055  -69.475  12.481 0.2000000030
15315  -46.501  -69.231  12.006 0.1000000015
15361  -44.240  -69.678  9.558 0.1000000015
15347  -45.356  -69.352  10.456 0.1000000015
15348  -45.810  -68.517  10.616 0.1000000015
15379  -43.811  -69.878  8.885 0.1000000015
123591  -46.250  -67.786  10.900 0.1000000015
15380  -44.483  -69.665  8.719 0.1000000015
133328  -44.967  -69.112  8.805 0.1000000015
13423  -52.561  -71.619  14.174 0.2000000030
17332  -46.484  -67.480  10.319 0.1000000015
17331  -45.948  -67.836  9.626 0.1000000015
17353  -46.721  -67.428  9.563 0.1000000015
14431  -43.716  -70.612  7.512 0.1000000015
14413  -44.757  -69.963  7.862 0.1000000015
16322  -45.414  -68.431  8.976 0.1000000015
16323  -46.094  -67.883  8.935 0.1000000015
17334  -48.531  -66.858  10.809 0.3000000119
15402  -45.685  -69.700  7.502 0.1000000015
12460  -51.893  -72.285  14.758 0.3000000119
10867  -51.077  -74.596  15.087 0.3000000119
13440  -50.720  -72.005  13.689 0.3000000119
15332  -45.974  -69.370  11.061 0.1000000015
15362  -44.877  -69.237  9.476 0.1000000015
127909  -48.472  -70.346  13.380 0.2000000030
12495  -50.191  -73.430  13.686 0.2000000030
12496  -50.897  -72.804  14.033 0.3000000119
14371  -46.967  -70.259  12.160 0.1000000015
14412  -44.034  -70.309  8.182 0.1000000015
16334  -45.837  -68.469  8.492 0.1000000015
14411  -43.291  -70.113  8.195 0.1000000015
15381  -45.288  -69.131  8.284 0.1000000015
17333  -47.466  -66.869  10.295 0.2000000030
15404  -47.433  -69.608  7.173 0.1000000015
14455  -47.427  -70.581  6.727 0.1000000015
130645  -48.182  -70.177  6.777 0.2000000030
13524  -47.496  -71.561  6.440 0.1000000015
17364  -47.953  -67.392  8.437 0.2000000030
16348  -47.839  -68.803  7.521 0.2000000030
111190  -48.481  -71.085  6.496 0.2000000030
16349  -48.566  -68.584  7.289 0.1000000015
111990  -48.310  -71.941  6.233 0.1000000015
15405  -48.390  -69.432  7.003 0.2000000030
16367  -49.142  -69.169  6.749 0.1000000015
17354  -47.515  -66.978  9.291 0.2000000030
16337  -48.105  -68.127  7.794 0.1000000015
15422  -49.124  -70.203  6.579 0.1000000015
18326  -48.454  -66.423  10.076 0.2000000030
18347  -48.171  -66.541  9.019 0.2000000030
17365  -48.728  -67.607  7.684 0.1000000015
16368  -49.744  -68.815  6.527 0.1000000015
18348  -48.743  -66.575  8.417 0.1000000015
16350  -49.241  -68.283  6.977 0.1000000015
17335  -49.798  -67.015  10.709 0.2000000030
129129  -48.924  -65.988  9.358 0.2000000030
17396  -49.982  -68.027  6.549 0.1000000015
18359  -49.197  -66.860  7.773 0.1000000015
18327  -49.303  -66.352  10.119 0.2000000030
17376  -49.522  -67.402  7.211 0.1000000015
15423  -49.935  -69.672  6.386 0.1000000015
17363  -47.047  -67.689  8.790 0.1000000015
16336  -47.441  -68.205  8.098 0.1000000015
10866  -50.829  -75.560  15.047 0.2000000030
10903  -48.894  -75.279  12.273 0.1000000015
13320  -50.106  -71.756  19.352 0.2000000030
11608  -49.377  -73.856  16.904 0.1000000015
18245  -48.000  -66.131  17.763 0.1000000015
14279  -47.721  -70.130  17.987 0.1000000015
14298  -48.222  -70.863  17.540 0.1000000015
110973  -48.695  -68.076  18.434 0.1000000015
110073  -48.702  -70.585  18.747 0.1000000015
18244  -46.940  -66.746  17.976 0.2000000030
17227  -46.896  -67.674  18.454 0.1000000015
15222  -47.160  -69.699  17.430 0.1000000015
17228  -47.766  -67.091  18.032 0.1000000015
129057  -47.560  -67.812  18.395 0.1000000015
117735  -47.512  -68.951  18.753 0.1000000015
15198  -47.580  -69.455  18.677 0.1000000015
10075  -50.630  -76.644  15.981 0.2000000030
11588  -50.403  -74.157  18.475 0.1000000015
15199  -48.174  -69.981  18.713 0.1000000015
127996  -48.203  -68.738  18.691 0.1000000015
17208  -48.317  -67.516  18.204 0.1000000015
19142  -46.220  -65.579  17.640 0.2000000030
12419  -49.660  -73.049  18.242 0.1000000015
13386  -48.156  -71.127  16.394 0.1000000015
14297  -47.644  -70.394  16.893 0.1000000015
121631  -47.854  -68.290  18.538 0.1000000015
16208  -46.186  -68.203  18.609 0.1000000015
10093  -49.716  -76.885  14.465 0.1000000015
10111  -50.012  -75.911  14.004 0.1000000015
23704  -44.722  -60.762  17.643 0.1000000015
22794  -44.207  -61.329  17.358 0.1000000015
21890  -44.010  -62.049  17.044 0.1000000015
20970  -43.779  -63.107  17.089 0.1000000015
20971  -44.153  -64.220  17.322 0.1000000015
130256  -45.008  -61.580  17.270 0.1000000015
21891  -44.777  -62.591  17.011 0.1000000015
22792  -42.834  -61.606  17.812 0.1000000015
21877  -42.576  -62.507  17.930 0.1000000015
20949  -42.607  -63.472  18.003 0.1000000015
23703  -43.886  -60.807  17.689 0.1000000015
22793  -43.510  -61.513  17.454 0.1000000015
20969  -42.986  -63.078  17.520 0.1000000015
20082  -43.169  -64.044  17.674 0.1000000015
20083  -42.911  -64.918  18.221 0.1000000015
23685  -44.374  -60.145  18.184 0.1000000015
20933  -42.126  -63.271  19.298 0.1000000015
22776  -42.702  -60.707  18.388 0.1000000015
22775  -42.396  -61.615  18.450 0.1000000015
126191  -42.431  -63.103  18.546 0.1000000015
133054  -43.219  -60.975  17.833 0.1000000015
20045  -41.695  -64.111  19.200 0.1000000015
24551  -43.943  -59.625  18.908 0.1000000015
20915  -41.999  -62.240  19.725 0.1000000015
21865  -42.321  -62.389  18.864 0.1000000015
132346  -41.892  -60.784  19.325 0.1000000015
28159  -51.162  -54.914  14.708 0.1000000015
24541  -42.620  -59.592  19.754 0.1000000015
24543  -44.582  -59.349  20.160 0.1000000015
111756  -49.048  -56.461  16.673 0.1000000015
28146  -51.767  -55.543  15.226 0.1000000015
27204  -49.949  -55.825  15.493 0.1000000015
29103  -51.530  -54.000  14.468 0.1000000015
22763  -42.075  -61.522  19.164 0.1000000015
20914  -41.764  -63.307  20.025 0.1000000015
125498  -44.691  -63.458  17.056 0.1000000015
28145  -50.834  -55.691  15.268 0.1000000015
21889  -43.211  -62.312  17.387 0.1000000015
19141  -43.535  -65.290  18.057 0.1000000015
23684  -43.495  -60.298  18.232 0.1000000015
23683  -42.983  -59.768  18.883 0.1000000015
28160  -52.077  -54.722  14.736 0.1000000015
20993  -49.960  -63.091  16.627 0.1000000015
20992  -49.244  -63.737  16.196 0.1000000015
21905  -49.851  -62.212  16.695 0.1000000015
9400  -46.180  -77.671  12.617 0.1000000015
123107  -46.329  -76.877  11.938 0.1000000015
129388  -47.547  -76.438  11.644 0.1000000015
9399  -45.176  -77.601  12.802 0.1000000015
9408  -45.575  -76.888  12.236 0.1000000015
10129  -45.093  -76.032  11.938 0.1000000015
9409  -46.964  -77.205  11.939 0.1000000015
9397  -43.670  -76.721  13.021 0.1000000015
8667  -46.460  -78.017  13.041 0.1000000015
9401  -47.053  -77.832  12.665 0.1000000015
113170  -42.844  -75.800  12.713 0.1000000015
10122  -42.302  -75.959  12.972 0.1000000015
8665  -45.015  -77.693  12.953 0.1000000015
10106  -41.585  -75.718  13.159 0.1000000015
9378  -43.973  -76.915  13.256 0.1000000015
11561  -37.513  -73.232  22.558 0.1000000015
12376  -37.388  -72.344  22.362 0.1000000015
13316  -36.550  -71.211  19.508 0.1000000015
14236  -36.613  -70.416  19.101 0.1000000015
15193  -35.968  -69.744  18.055 0.1000000015
9411  -48.314  -77.016  12.432 0.1000000015
14257  -35.220  -70.101  18.381 0.1000000015
15218  -37.018  -69.522  17.060 0.1000000015
10121  -41.438  -75.552  12.901 0.1000000015
10882  -40.018  -75.149  13.219 0.1000000015
10917  -48.301  -75.470  11.672 0.1000000015
14274  -35.282  -69.942  17.670 0.1000000015
14307  -35.440  -71.120  15.721 0.1000000015
12450  -37.067  -72.821  14.541 0.1000000015
10881  -39.351  -74.711  13.189 0.1000000015
10859  -39.483  -74.676  13.581 0.1000000015
10085  -41.007  -75.395  13.425 0.1000000015
10107  -42.542  -76.002  13.460 0.1000000015
11693  -48.028  -74.419  11.485 0.1000000015
14273  -34.565  -70.153  18.021 0.1000000015
12449  -36.199  -72.436  14.637 0.1000000015
11632  -38.304  -74.114  14.039 0.1000000015
11633  -39.951  -74.342  14.141 0.1000000015
12378  -37.164  -72.489  21.243 0.1000000015
13292  -37.150  -71.730  20.590 0.1000000015
128228  -37.052  -70.564  19.443 0.1000000015
8668  -47.277  -77.875  13.277 0.1000000015
8669  -47.923  -77.793  13.615 0.1000000015
9402  -48.447  -77.521  13.322 0.1000000015
14258  -36.665  -69.860  18.530 0.1000000015
14259  -37.427  -69.676  18.508 0.1000000015
10125  -48.670  -76.114  12.203 0.1000000015
13402  -36.826  -71.892  15.139 0.1000000015
12473  -37.660  -73.587  14.240 0.1000000015
10086  -42.011  -75.600  13.870 0.1000000015
13403  -37.962  -71.772  15.162 0.1000000015
12451  -38.248  -72.695  14.738 0.1000000015
12474  -39.384  -73.714  14.405 0.1000000015
10861  -41.659  -75.039  14.277 0.1000000015
116370  -37.683  -71.424  22.519 0.1000000015
13277  -37.458  -71.394  21.621 0.1000000015
13264  -38.013  -70.790  22.243 0.1000000015
13250  -38.185  -71.088  22.938 0.1000000015
9365  -48.678  -77.560  14.765 0.1000000015
130804  -37.498  -70.948  20.820 0.1000000015
14211  -37.807  -70.427  20.549 0.1000000015
9380  -45.879  -77.801  13.181 0.1000000015
9366  -49.170  -77.526  14.842 0.1000000015
117579  -37.628  -70.210  19.741 0.1000000015
9364  -45.117  -77.362  13.462 0.1000000015
9384  -49.120  -77.341  13.896 0.1000000015
14237  -37.285  -69.986  19.061 0.1000000015
15206  -37.680  -69.484  17.861 0.1000000015
15219  -38.087  -69.586  17.048 0.1000000015
14309  -37.691  -70.803  15.616 0.1000000015
14291  -37.353  -69.969  16.230 0.1000000015
14292  -38.412  -70.118  16.246 0.1000000015
12452  -39.404  -72.610  14.851 0.1000000015
12475  -40.604  -73.598  14.678 0.1000000015
14310  -38.750  -70.857  15.704 0.1000000015
13404  -39.118  -71.709  15.307 0.1000000015
14189  -38.745  -70.778  22.693 0.1000000015
10109  -47.253  -77.311  13.666 0.1000000015
110294  -37.938  -70.600  21.408 0.1000000015
124666  -38.617  -70.624  21.975 0.1000000015
14199  -39.679  -70.710  22.540 0.1000000015
14190  -39.685  -70.696  23.189 0.1000000015
130345  -44.980  -76.661  13.847 0.1000000015
126532  -46.414  -77.457  13.423 0.1000000015
10092  -48.092  -77.299  14.470 0.1000000015
15172  -38.241  -70.211  20.186 0.1000000015
14212  -38.461  -70.464  21.084 0.1000000015
9363  -44.383  -76.677  13.779 0.1000000015
9403  -48.913  -76.705  12.962 0.1000000015
15183  -37.979  -69.840  19.296 0.1000000015
11634  -41.348  -74.171  14.669 0.1000000015
10087  -42.904  -75.726  14.319 0.1000000015
117109  -38.058  -69.621  18.589 0.1000000015
12453  -40.717  -72.802  15.241 0.1000000015
124006  -39.236  -70.465  16.419 0.1000000015
14213  -39.482  -70.723  21.738 0.1000000015
10089  -44.584  -75.821  14.321 0.1000000015
9346  -49.882  -77.120  15.450 0.1000000015
11616  -41.423  -73.416  15.312 0.1000000015
125918  -43.235  -75.167  15.058 0.1000000015
14293  -39.916  -70.798  17.167 0.1000000015
15195  -38.631  -69.983  19.139 0.1000000015
15207  -38.689  -69.783  18.127 0.1000000015
14275  -39.085  -70.052  17.143 0.1000000015
10883  -46.885  -75.340  13.758 0.1000000015
116774  -44.231  -74.896  15.009 0.1000000015
14238  -39.087  -70.505  20.726 0.1000000015
12454  -41.924  -73.216  16.276 0.1000000015
10840  -42.450  -74.490  15.308 0.1000000015
10841  -43.105  -74.625  15.686 0.1000000015
15185  -39.608  -70.757  20.071 0.1000000015
13382  -40.685  -71.831  16.529 0.1000000015
12429  -41.281  -72.484  16.415 0.1000000015
14294  -40.669  -71.632  17.250 0.1000000015
121708  -39.817  -70.710  18.250 0.1000000015
10864  -46.106  -75.085  13.899 0.1000000015
11637  -46.936  -74.461  13.909 0.1000000015
11619  -43.301  -74.063  16.468 0.1000000015
10842  -43.618  -74.721  15.516 0.1000000015
115728  -40.503  -71.374  21.235 0.1000000015
12430  -42.432  -73.267  17.670 0.1000000015
11606  -42.800  -73.757  17.215 0.1000000015
15196  -39.358  -70.416  18.991 0.1000000015
122377  -47.158  -73.606  14.150 0.1000000015
11635  -44.609  -74.107  14.858 0.1000000015
11620  -43.935  -74.165  15.729 0.1000000015
14276  -40.663  -71.608  18.176 0.1000000015
14260  -40.289  -71.315  19.500 0.1000000015
12478  -46.896  -72.734  14.259 0.1000000015
15153  -40.760  -69.592  22.855 0.1000000015
14191  -40.576  -70.389  22.932 0.1000000015
14200  -40.532  -70.644  22.363 0.1000000015
13317  -37.194  -70.957  20.030 0.1000000015
15194  -36.787  -69.567  17.864 0.1000000015
15217  -36.074  -69.691  17.277 0.1000000015
14290  -36.257  -70.035  16.392 0.1000000015
14289  -35.174  -70.359  16.691 0.1000000015
14308  -36.547  -70.917  15.661 0.1000000015
11631  -37.694  -73.786  13.929 0.1000000015
11655  -38.247  -74.016  13.685 0.1000000015
11670  -39.089  -74.251  12.886 0.1000000015
10862  -42.601  -75.136  14.782 0.1000000015
13405  -40.263  -71.906  15.656 0.1000000015
10090  -45.404  -75.981  13.923 0.1000000015
10088  -43.761  -75.631  14.620 0.1000000015
11618  -42.966  -74.146  16.518 0.1000000015
13383  -41.485  -72.464  17.457 0.1000000015
11636  -45.930  -73.809  14.231 0.1000000015
14182  -40.789  -70.115  23.320 0.1000000015
10225  -36.463  -75.947  0.555 0.1000000015
10212  -35.689  -75.621  0.889 0.1000000015
8859  -37.393  -77.416  -3.210 0.1000000015
8851  -37.837  -76.999  -2.678 0.1000000015
118330  -38.676  -76.509  -2.448 0.1000000015
9559  -37.922  -76.652  -1.701 0.1000000015
8810  -36.071  -77.422  0.049 0.1000000015
8860  -38.148  -77.406  -3.655 0.1000000015
8871  -39.572  -77.882  -5.067 0.1000000015
8883  -39.520  -77.559  -5.446 0.1000000015
10226  -37.009  -75.471  0.483 0.1000000015
10213  -36.360  -74.930  0.802 0.1000000015
113386  -35.541  -74.808  1.324 0.1000000015
10227  -37.662  -75.322  0.249 0.1000000015
110317  -38.018  -76.407  -0.767 0.1000000015
9539  -36.632  -77.000  -0.222 0.1000000015
9540  -37.226  -76.275  -0.002 0.1000000015
9580  -39.579  -76.749  -3.102 0.1000000015
8823  -37.187  -76.973  -0.939 0.1000000015
126251  -40.643  -77.172  -4.329 0.1000000015
9606  -40.533  -76.958  -4.757 0.1000000015
10309  -39.952  -76.276  -4.955 0.1000000015
14465  -38.248  -71.244  5.779 0.1000000015
13574  -37.101  -72.066  4.011 0.1000000015
120827  -37.908  -71.638  5.078 0.1000000015
11808  -37.570  -73.858  0.771 0.1000000015
11008  -36.777  -74.027  0.993 0.1000000015
11787  -36.425  -73.437  1.543 0.1000000015
12620  -36.560  -72.575  2.527 0.1000000015
12619  -35.765  -72.797  2.817 0.1000000015
112113  -37.301  -72.212  3.004 0.1000000015
11024  -37.991  -74.521  0.438 0.1000000015
11786  -35.690  -73.581  1.847 0.1000000015
11025  -38.760  -74.414  0.307 0.1000000015
114753  -36.027  -74.143  1.349 0.1000000015
9541  -38.751  -75.953  -0.720 0.1000000015
9525  -38.102  -75.747  -0.272 0.1000000015
9596  -40.353  -77.141  -3.741 0.1000000015
14466  -38.907  -71.082  5.697 0.1000000015
127940  -37.670  -71.897  4.433 0.1000000015
14448  -38.621  -70.680  6.273 0.1000000015
12636  -36.811  -72.825  1.796 0.1000000015
12621  -37.906  -72.267  2.163 0.1000000015
11788  -37.168  -73.266  1.238 0.1000000015
11789  -37.968  -73.133  1.042 0.1000000015
9560  -38.728  -76.243  -1.468 0.1000000015
118080  -39.559  -76.217  -2.273 0.1000000015
9581  -40.491  -76.641  -3.007 0.1000000015
120917  -41.023  -76.732  -3.597 0.1000000015
114715  -39.092  -74.978  -0.071 0.1000000015
13560  -37.147  -71.787  4.860 0.1000000015
120160  -37.885  -71.989  3.765 0.1000000015
10244  -39.363  -75.524  -0.528 0.1000000015
13559  -36.372  -72.046  4.513 0.1000000015
11809  -38.383  -73.761  0.644 0.1000000015
11810  -39.210  -73.761  0.547 0.1000000015
13537  -36.457  -71.610  5.341 0.1000000015
129166  -41.115  -74.271  0.265 0.1000000015
11813  -42.259  -73.906  0.689 0.1000000015
125823  -43.164  -74.214  0.809 0.1000000015
12604  -38.278  -72.053  2.961 0.1000000015
12638  -38.382  -72.582  1.505 0.1000000015
12639  -39.288  -72.542  1.453 0.1000000015
11791  -39.843  -73.166  0.842 0.1000000015
12640  -40.238  -72.488  1.468 0.1000000015
11811  -40.586  -73.741  0.529 0.1000000015
11793  -41.765  -73.117  1.067 0.1000000015
12623  -39.680  -72.084  2.148 0.1000000015
13592  -39.184  -71.937  2.931 0.1000000015
12625  -41.628  -71.774  2.343 0.1000000015
11028  -41.850  -74.487  0.235 0.1000000015
11792  -40.839  -73.034  0.923 0.1000000015
8666  -45.634  -77.865  13.033 0.1000000015
8850  -37.008  -77.405  -2.527 0.1000000015
8863  -40.959  -76.767  -4.135 0.1000000015
8872  -40.162  -77.380  -4.933 0.1000000015
9362  -43.437  -76.335  13.775 0.1000000015
9379  -44.720  -77.420  13.239 0.1000000015
9381  -46.895  -77.856  13.265 0.1000000015
9382  -47.876  -77.764  13.937 0.1000000015
9383  -48.491  -77.698  14.205 0.1000000015
9396  -43.181  -76.387  13.180 0.1000000015
9398  -44.393  -77.280  12.962 0.1000000015
9407  -44.673  -76.778  12.481 0.1000000015
9410  -47.662  -77.209  12.122 0.1000000015
9524  -36.378  -76.741  0.302 0.1000000015
9579  -38.787  -76.995  -3.298 0.1000000015
9595  -39.646  -77.273  -3.731 0.1000000015
10064  -50.473  -76.709  16.928 0.2000000030
10094  -50.389  -76.349  14.833 0.1000000015
10105  -40.651  -75.381  12.912 0.1000000015
10108  -45.750  -76.907  13.596 0.1000000015
10110  -49.511  -76.392  13.530 0.1000000015
10130  -46.003  -76.115  11.698 0.1000000015
10131  -46.845  -76.272  11.561 0.1000000015
10132  -48.125  -76.388  11.792 0.1000000015
10228  -38.374  -75.070  0.060 0.1000000015
10310  -40.658  -76.361  -4.418 0.1000000015
10814  -50.932  -75.839  17.996 0.2000000030
10858  -38.829  -74.362  13.585 0.1000000015
10860  -40.481  -74.907  13.811 0.1000000015
10863  -45.085  -74.957  14.425 0.1000000015
10880  -38.881  -74.340  13.286 0.1000000015
10885  -50.033  -75.115  13.683 0.3000000119
10896  -39.393  -74.678  12.948 0.1000000015
10899  -41.968  -75.428  12.684 0.1000000015
11023  -37.219  -74.687  0.602 0.1000000015
11027  -40.424  -74.466  0.081 0.1000000015
11589  -51.761  -74.298  19.443 0.2000000030
11617  -42.287  -73.787  15.863 0.1000000015
11640  -50.720  -74.539  14.469 0.3000000119
11657  -49.958  -74.364  13.509 0.2000000030
11768  -36.078  -72.988  2.089 0.1000000015
11790  -38.836  -73.093  0.947 0.1000000015
11812  -41.395  -73.729  0.608 0.1000000015
12382  -53.153  -72.726  20.711 0.3000000119
12394  -52.642  -73.195  20.438 0.3000000119
12404  -50.140  -73.071  18.788 0.1000000015
12407  -52.716  -73.517  19.757 0.4000000060
12421  -52.389  -73.634  18.568 0.5000000000
12434  -49.873  -74.041  17.816 0.1000000015
12472  -37.104  -73.410  14.023 0.1000000015
12533  -47.680  -72.771  11.861 0.1000000015
12622  -38.781  -72.184  2.147 0.1000000015
12637  -37.564  -72.683  1.599 0.1000000015
12676  -48.836  -72.364  -1.644 0.1000000015
12732  -48.018  -72.641  -4.776 0.1000000015
13294  -53.052  -72.374  21.135 0.3000000119
13322  -51.694  -72.060  20.450 0.3000000119
13381  -39.858  -71.153  16.210 0.1000000015
13418  -35.660  -72.233  14.617 0.1000000015
13539  -38.701  -71.473  5.149 0.1000000015
13618  -49.093  -71.747  0.483 0.1000000015
14217  -53.394  -71.515  21.334 0.3000000119
14219  -54.568  -70.791  21.262 0.5000000000
14244  -54.731  -70.706  20.713 0.5000000000
14280  -48.334  -70.530  18.380 0.1000000015
14350  -52.202  -71.347  12.749 0.4000000060
14377  -53.021  -70.268  12.021 0.4000000060
14581  -47.062  -70.239  -3.129 0.1000000015
14600  -50.249  -69.146  -5.020 0.1000000015
14638  -49.677  -69.310  -6.094 0.1000000015
15162  -54.763  -69.568  21.641 0.4000000060
15176  -55.000  -70.236  21.233 0.5000000000
15184  -38.610  -70.206  19.867 0.1000000015
15212  -47.802  -69.869  18.503 0.1000000015
15320  -51.974  -70.293  11.858 0.4000000060
15473  -44.967  -69.714  2.429 0.1000000015
15532  -51.287  -68.891  -1.434 0.1000000015
15618  -49.588  -68.662  -6.049 0.1000000015
16196  -50.498  -69.573  19.311 0.3000000119
16198  -52.429  -68.311  19.880 0.3000000119
16213  -51.138  -68.179  18.971 0.3000000119
16292  -46.240  -68.410  11.414 0.2000000030
16310  -53.726  -67.996  10.673 0.4000000060
16397  -47.772  -68.354  4.109 0.1000000015
16399  -52.094  -68.859  4.782 0.1000000015
16424  -52.089  -68.557  3.898 0.1000000015
16446  -52.349  -68.115  2.958 0.1000000015
16468  -49.201  -67.899  1.792 0.1000000015
16543  -51.097  -66.538  -3.078 0.1000000015
17156  -54.917  -68.047  21.772 0.4000000060
17230  -55.373  -67.099  17.243 0.6000000238
17237  -54.965  -67.457  16.426 0.5000000000
17312  -47.223  -67.579  11.724 0.3000000119
17319  -54.358  -66.540  10.345 0.2000000030
17339  -54.055  -67.010  10.319 0.2000000030
17447  -46.506  -68.032  5.150 0.1000000015
17468  -49.440  -67.214  3.492 0.1000000015
17504  -50.942  -65.989  0.911 0.1000000015
17505  -52.620  -66.955  0.868 0.1000000015
17536  -51.898  -66.328  -1.202 0.1000000015
17544  -51.172  -66.312  -2.416 0.1000000015
17545  -51.184  -66.405  -2.675 0.1000000015
17552  -50.648  -66.846  -3.478 0.1000000015
17569  -50.699  -66.864  -3.510 0.1000000015
18177  -55.619  -66.635  22.012 0.5000000000
18187  -56.908  -66.462  21.232 0.5000000000
18199  -52.374  -66.805  19.476 0.3000000119
18221  -50.860  -66.705  18.683 0.3000000119
18223  -56.219  -66.157  19.122 0.5000000000
18319  -54.039  -66.289  11.183 0.4000000060
18331  -54.619  -66.220  9.950 0.2000000030
18336  -48.094  -66.480  9.656 0.2000000030
18342  -54.957  -65.557  9.873 0.2000000030
18372  -45.721  -66.662  6.639 0.1000000015
18374  -47.405  -66.165  6.577 0.1000000015
18396  -48.502  -66.520  5.542 0.1000000015
18414  -49.659  -66.460  4.417 0.1000000015
18417  -53.473  -65.340  4.050 0.2000000030
18431  -50.418  -66.054  3.157 0.1000000015
18465  -52.693  -65.508  0.838 0.1000000015
19094  -54.177  -65.517  20.858 0.4000000060
19191  -49.112  -66.096  13.718 0.1000000015
19242  -55.015  -64.956  9.661 0.1000000015
19248  -49.828  -65.752  8.206 0.3000000119
19262  -45.161  -65.753  7.570 0.1000000015
19264  -50.367  -65.706  7.765 0.3000000119
19298  -53.670  -64.981  5.234 0.2000000030
19327  -51.249  -65.195  2.967 0.1000000015
19330  -53.360  -64.740  3.602 0.2000000030
19362  -52.659  -65.324  1.101 0.1000000015
19372  -52.435  -65.501  0.596 0.1000000015
20046  -42.255  -63.866  18.702 0.1000000015
20084  -44.577  -65.296  17.695 0.1000000015
20089  -52.335  -64.319  17.364 0.3000000119
20107  -49.847  -64.818  16.164 0.2000000030
20200  -47.581  -64.340  7.684 0.1000000015
20244  -52.524  -64.080  3.884 0.1000000015
20246  -53.497  -64.444  4.715 0.2000000030
20916  -52.559  -63.261  20.676 0.3000000119
20938  -57.456  -63.171  20.358 0.5000000000
21056  -42.860  -63.150  8.723 0.1000000015
21064  -53.431  -63.576  9.442 0.1000000015
21084  -53.971  -64.172  8.834 0.1000000015
21103  -49.603  -62.569  7.347 0.1000000015
21121  -42.727  -63.093  7.083 0.1000000015
21148  -51.706  -63.143  5.709 0.1000000015
21150  -52.884  -63.608  5.306 0.1000000015
21151  -53.324  -63.945  5.814 0.2000000030
21868  -51.356  -62.747  20.289 0.3000000119
21987  -43.010  -62.652  9.424 0.1000000015
21988  -43.759  -62.765  9.639 0.1000000015
22008  -42.535  -62.712  8.440 0.1000000015
23649  -52.501  -60.879  21.382 0.3000000119
23652  -55.747  -60.505  21.354 0.5000000000
23654  -57.608  -61.060  21.405 0.5000000000
23752  -53.610  -60.917  13.674 0.1000000015
23828  -41.833  -61.110  9.343 0.1000000015
24585  -51.969  -59.005  16.550 0.1000000015
24683  -57.867  -60.080  11.686 0.1000000015
24736  -42.828  -59.362  6.777 0.1000000015
28173  -58.108  -55.513  13.383 0.1000000015
30171  -45.758  -53.468  1.569 0.1000000015
111394  -56.793  -66.104  21.797 0.5000000000
112678  -53.916  -65.579  11.212 0.2000000030
113300  -43.585  -66.645  4.742 0.1000000015
114034  -56.668  -64.949  19.464 0.6000000238
114189  -37.220  -72.457  2.162 0.1000000015
114507  -44.591  -62.734  9.701 0.1000000015
116580  -48.608  -74.699  11.855 0.3000000119
117657  -49.054  -72.238  -2.402 0.1000000015
118042  -49.603  -76.903  16.360 0.1000000015
119208  -43.104  -76.273  12.957 0.1000000015
119295  -49.790  -70.945  13.635 0.4000000060
119302  -47.782  -77.739  12.884 0.1000000015
119497  -49.067  -71.617  -5.383 0.1000000015
120333  -39.919  -73.893  0.440 0.1000000015
120339  -46.405  -70.679  -0.661 0.1000000015
120601  -53.474  -65.356  11.326 0.2000000030
121921  -42.190  -60.930  18.855 0.1000000015
122280  -52.844  -65.562  11.516 0.1000000015
122926  -45.605  -70.825  -0.369 0.1000000015
122937  -53.845  -64.055  20.952 0.4000000060
122940  -50.282  -72.541  13.693 0.2000000030
123567  -39.872  -75.264  -4.470 0.1000000015
124114  -34.635  -70.301  17.311 0.1000000015
125047  -47.610  -67.154  11.146 0.4000000060
125158  -56.071  -65.154  22.219 0.5000000000
125391  -57.000  -64.385  22.247 0.5000000000
125535  -45.942  -67.909  10.259 0.1000000015
126582  -55.041  -63.648  21.750 0.4000000060
127578  -44.437  -58.595  4.510 0.1000000015
128240  -53.398  -65.115  6.372 0.1000000015
128389  -55.034  -69.772  21.529 0.4000000060
128476  -51.277  -73.715  14.916 0.5000000000
128757  -38.716  -75.454  -0.313 0.1000000015
129257  -45.267  -77.719  13.133 0.1000000015
129339  -43.761  -67.565  3.377 0.1000000015
129887  -39.115  -74.364  14.037 0.1000000015
130125  -51.580  -72.878  15.304 0.5000000000
130133  -50.240  -67.057  14.859 0.2000000030
130165  -38.474  -73.484  14.457 0.1000000015
130232  -51.400  -66.127  -1.565 0.1000000015
130262  -52.456  -61.559  21.432 0.3000000119
130838  -46.410  -62.073  17.524 0.3000000119
132038  -47.922  -75.949  11.541 0.1000000015
132324  -52.571  -71.518  13.639 0.2000000030
132420  -57.728  -61.315  21.271 0.5000000000
132588  -35.887  -76.375  0.632 0.1000000015
133603  -55.028  -66.907  16.891 0.5000000000
