#!ascii label  , from subject sub-v1s8x0051345_ses-1 vox2ras=TkReg
948
47426  17.769  -38.362  71.842 0.0000000000
50243  29.002  -34.929  78.045 0.0000000000
64873  37.678  -19.280  57.429 0.0000000000
56823  28.661  -28.733  64.512 0.0000000000
122837  33.023  -31.890  70.974 0.0000000000
125363  50.199  -16.223  48.815 0.0000000000
61316  37.395  -23.167  60.464 0.0000000000
58736  32.935  -26.397  58.574 0.0000000000
44490  13.603  -40.750  71.925 0.0000000000
46406  23.368  -37.614  74.204 0.0000000000
131645  25.884  -35.637  73.484 0.0000000000
47483  20.151  -36.883  68.755 0.0000000000
64920  44.213  -19.544  52.495 0.0000000000
49274  21.278  -36.427  76.084 0.0000000000
46370  16.812  -39.107  76.613 0.0000000000
64870  42.751  -18.658  56.328 0.0000000000
43448  12.729  -41.664  76.720 0.0000000000
44410  8.615  -42.504  78.273 0.0000000000
58651  32.824  -26.256  62.163 0.0000000000
55942  31.122  -30.555  67.528 0.0000000000
52252  30.590  -34.695  66.535 0.0000000000
51246  28.551  -33.841  70.154 0.0000000000
59623  37.378  -25.418  61.626 0.0000000000
60511  35.323  -24.673  59.148 0.0000000000
58700  35.150  -26.401  60.363 0.0000000000
61301  40.170  -22.712  62.097 0.0000000000
46455  15.838  -39.339  69.188 0.0000000000
45521  14.144  -41.372  69.247 0.0000000000
45501  15.409  -39.473  71.747 0.0000000000
127139  20.366  -37.596  72.516 0.0000000000
46445  21.327  -37.516  71.625 0.0000000000
47464  17.964  -37.393  70.241 0.0000000000
47498  16.818  -38.681  66.913 0.0000000000
64890  38.856  -19.512  54.928 0.0000000000
63968  40.343  -19.585  59.616 0.0000000000
111757  40.286  -18.715  56.945 0.0000000000
64889  41.707  -19.296  54.502 0.0000000000
45449  17.075  -40.190  79.017 0.0000000000
44424  15.098  -41.083  76.611 0.0000000000
114057  14.949  -41.519  78.991 0.0000000000
42406  10.518  -42.898  82.651 0.0000000000
43397  10.635  -42.759  79.510 0.0000000000
43384  8.215  -43.003  80.693 0.0000000000
112685  7.114  -44.556  81.974 0.0000000000
42400  7.172  -44.433  84.122 0.0000000000
112327  33.242  -28.758  69.266 0.0000000000
54998  32.209  -30.980  69.303 0.0000000000
54042  31.276  -31.978  67.368 0.0000000000
52232  31.402  -32.926  69.025 0.0000000000
118927  23.336  -35.874  70.016 0.0000000000
51234  27.327  -34.208  72.386 0.0000000000
129180  25.173  -34.184  69.951 0.0000000000
52235  26.396  -33.845  67.441 0.0000000000
58654  29.718  -26.472  62.826 0.0000000000
130363  30.624  -27.558  59.564 0.0000000000
57761  27.892  -28.111  60.379 0.0000000000
69181  52.760  -14.084  47.452 0.0000000000
68370  51.059  -15.978  47.204 0.0000000000
63142  37.431  -21.256  58.945 0.0000000000
126144  35.344  -22.695  58.097 0.0000000000
63138  39.721  -21.478  60.890 0.0000000000
48329  26.222  -36.539  76.842 0.0000000000
116413  27.188  -35.778  75.359 0.0000000000
48354  24.872  -37.314  73.831 0.0000000000
47441  22.598  -36.956  70.646 0.0000000000
119405  21.267  -36.909  68.126 0.0000000000
64018  45.809  -19.447  54.356 0.0000000000
64918  46.766  -19.885  52.665 0.0000000000
118810  47.978  -19.147  49.901 0.0000000000
114807  49.000  -18.361  49.006 0.0000000000
47381  19.142  -37.632  74.116 0.0000000000
46412  16.597  -39.198  74.031 0.0000000000
47356  18.634  -37.868  76.480 0.0000000000
47366  22.292  -36.881  75.384 0.0000000000
64887  43.936  -19.324  54.347 0.0000000000
44461  15.164  -40.383  74.410 0.0000000000
43497  13.475  -41.464  73.957 0.0000000000
44449  11.102  -42.244  74.374 0.0000000000
42473  12.918  -42.468  78.902 0.0000000000
44417  10.178  -42.345  77.206 0.0000000000
40544  6.152  -45.184  86.398 0.0000000000
133413  35.435  -26.202  62.078 0.0000000000
58608  30.462  -26.662  65.260 0.0000000000
57652  31.541  -28.136  67.848 0.0000000000
56816  30.435  -29.086  66.505 0.0000000000
55031  30.938  -31.764  65.672 0.0000000000
131121  30.695  -34.371  64.836 0.0000000000
112948  29.317  -35.392  64.721 0.0000000000
50282  28.659  -34.542  74.209 0.0000000000
117819  30.310  -33.703  72.312 0.0000000000
116179  30.472  -33.242  70.760 0.0000000000
51274  29.691  -34.958  68.768 0.0000000000
51308  27.686  -34.861  65.849 0.0000000000
110429  32.642  -26.777  59.979 0.0000000000
57801  31.001  -28.042  57.036 0.0000000000
127320  37.419  -25.751  62.045 0.0000000000
59638  36.378  -25.978  60.724 0.0000000000
58683  36.033  -26.340  61.158 0.0000000000
60471  38.417  -24.911  62.177 0.0000000000
47466  16.254  -38.675  70.231 0.0000000000
46446  15.620  -39.301  70.155 0.0000000000
116613  15.970  -38.963  72.021 0.0000000000
124757  18.793  -38.226  72.099 0.0000000000
47425  19.209  -37.874  71.815 0.0000000000
47447  17.842  -37.880  71.120 0.0000000000
47465  16.999  -38.027  70.268 0.0000000000
111115  37.876  -18.897  56.329 0.0000000000
63985  39.192  -19.652  58.500 0.0000000000
64860  39.983  -19.214  57.827 0.0000000000
110089  39.393  -19.016  57.477 0.0000000000
64881  39.947  -19.095  55.522 0.0000000000
42407  9.435  -43.061  82.993 0.0000000000
43372  8.912  -42.856  81.477 0.0000000000
43365  8.640  -43.180  82.322 0.0000000000
126890  7.429  -43.763  81.354 0.0000000000
42409  7.266  -44.142  82.695 0.0000000000
41520  6.905  -45.140  82.483 0.0000000000
55927  33.096  -30.807  70.161 0.0000000000
54988  33.014  -31.306  70.431 0.0000000000
54015  32.143  -31.818  69.648 0.0000000000
53082  31.948  -32.277  70.013 0.0000000000
50242  29.678  -34.487  77.705 0.0000000000
50322  22.644  -36.131  68.770 0.0000000000
51262  24.557  -34.710  70.136 0.0000000000
51296  23.316  -34.638  68.055 0.0000000000
52237  23.895  -33.697  67.715 0.0000000000
58639  29.284  -26.933  63.782 0.0000000000
58672  28.549  -27.465  61.639 0.0000000000
67532  50.198  -16.868  50.543 0.0000000000
68348  51.181  -15.695  50.639 0.0000000000
68357  50.831  -15.523  49.416 0.0000000000
68364  51.484  -15.046  48.704 0.0000000000
67547  50.394  -16.486  47.709 0.0000000000
62261  37.107  -22.444  59.849 0.0000000000
63151  36.474  -21.848  58.519 0.0000000000
113581  36.163  -23.278  59.310 0.0000000000
59657  34.042  -25.696  58.771 0.0000000000
60513  34.089  -25.041  58.119 0.0000000000
59669  32.810  -25.608  57.135 0.0000000000
61309  38.543  -23.538  61.406 0.0000000000
62246  38.342  -22.182  60.440 0.0000000000
63141  38.511  -21.327  59.913 0.0000000000
45503  13.444  -41.164  70.799 0.0000000000
113690  12.475  -41.815  72.166 0.0000000000
120250  24.837  -37.157  75.729 0.0000000000
48348  25.687  -37.109  74.958 0.0000000000
46420  23.746  -37.602  73.800 0.0000000000
47461  20.749  -37.154  70.444 0.0000000000
47443  21.930  -37.431  70.676 0.0000000000
47482  20.816  -36.913  69.512 0.0000000000
48421  21.598  -36.793  69.090 0.0000000000
48423  20.637  -37.045  68.385 0.0000000000
48443  18.987  -37.845  67.094 0.0000000000
54091  29.705  -32.543  63.789 0.0000000000
64030  45.307  -19.657  53.813 0.0000000000
64044  46.422  -19.706  53.241 0.0000000000
64919  45.180  -19.749  52.554 0.0000000000
133212  46.520  -19.328  50.359 0.0000000000
65774  47.380  -18.961  49.380 0.0000000000
65773  48.384  -18.793  49.370 0.0000000000
129930  20.017  -37.057  74.801 0.0000000000
124222  18.322  -37.732  74.647 0.0000000000
48342  19.269  -37.276  75.375 0.0000000000
48331  21.731  -36.694  75.562 0.0000000000
47380  20.057  -37.304  74.192 0.0000000000
110517  44.859  -18.714  55.563 0.0000000000
64869  43.539  -18.665  55.920 0.0000000000
128466  41.719  -19.478  53.715 0.0000000000
46381  16.666  -38.918  75.656 0.0000000000
133715  16.202  -39.527  74.062 0.0000000000
45472  16.093  -40.083  75.358 0.0000000000
130694  13.637  -41.475  76.411 0.0000000000
43484  14.424  -41.276  75.265 0.0000000000
113936  13.313  -41.518  75.013 0.0000000000
44448  12.014  -42.183  74.365 0.0000000000
43471  11.827  -42.005  75.301 0.0000000000
42448  12.697  -42.691  80.210 0.0000000000
44399  8.896  -42.270  79.033 0.0000000000
124311  10.817  -42.671  78.637 0.0000000000
43431  9.166  -42.380  77.474 0.0000000000
44427  9.520  -42.498  75.866 0.0000000000
59570  31.547  -26.146  64.567 0.0000000000
113819  32.302  -29.886  68.908 0.0000000000
57635  32.829  -28.505  68.681 0.0000000000
56809  31.359  -29.099  67.632 0.0000000000
56810  31.054  -29.154  67.021 0.0000000000
55948  30.832  -30.048  66.658 0.0000000000
127621  30.785  -30.916  66.159 0.0000000000
55947  30.933  -30.772  66.799 0.0000000000
53121  31.364  -33.395  67.277 0.0000000000
54066  31.529  -32.970  65.799 0.0000000000
52265  31.004  -34.232  66.173 0.0000000000
51316  29.872  -35.160  64.356 0.0000000000
51305  30.085  -35.145  65.547 0.0000000000
49301  26.357  -35.967  74.350 0.0000000000
111369  28.101  -35.039  74.609 0.0000000000
50283  27.866  -34.901  74.212 0.0000000000
114914  28.071  -33.786  71.311 0.0000000000
123827  29.105  -33.608  72.549 0.0000000000
51232  29.826  -33.437  71.290 0.0000000000
51230  30.179  -33.447  71.524 0.0000000000
51244  30.222  -34.062  70.571 0.0000000000
51257  30.094  -34.059  69.601 0.0000000000
51259  29.768  -34.587  69.357 0.0000000000
52254  26.192  -33.823  66.312 0.0000000000
52253  27.062  -34.309  66.658 0.0000000000
57725  33.823  -26.384  62.028 0.0000000000
110640  34.176  -26.741  61.085 0.0000000000
119371  32.661  -26.507  61.045 0.0000000000
57791  29.358  -28.499  58.426 0.0000000000
114117  30.883  -27.997  59.075 0.0000000000
70106  53.065  -13.765  47.180 0.0000000000
60494  37.430  -24.726  61.143 0.0000000000
61330  36.442  -24.064  59.891 0.0000000000
122086  36.402  -25.465  60.421 0.0000000000
59648  35.104  -25.893  59.756 0.0000000000
58716  34.021  -26.239  59.501 0.0000000000
60469  40.255  -24.386  62.926 0.0000000000
60482  38.916  -24.125  62.013 0.0000000000
46456  15.115  -39.989  69.482 0.0000000000
132708  14.558  -40.419  70.726 0.0000000000
45502  14.192  -40.621  71.236 0.0000000000
46408  22.026  -37.570  73.551 0.0000000000
46422  22.090  -37.587  72.388 0.0000000000
46435  20.641  -37.630  72.000 0.0000000000
110195  19.909  -37.059  70.808 0.0000000000
47463  19.057  -36.882  70.086 0.0000000000
48425  18.673  -37.312  68.088 0.0000000000
110464  17.103  -37.826  69.148 0.0000000000
47487  16.318  -38.822  68.565 0.0000000000
64942  43.687  -19.730  51.506 0.0000000000
51179  21.004  -35.767  77.023 0.0000000000
120919  40.833  -18.811  58.732 0.0000000000
122657  41.515  -18.580  57.815 0.0000000000
111320  41.793  -18.600  56.843 0.0000000000
125811  42.130  -19.091  55.132 0.0000000000
64880  41.399  -19.081  55.408 0.0000000000
110600  40.650  -19.349  54.873 0.0000000000
45465  16.588  -39.794  77.080 0.0000000000
44434  15.896  -40.383  76.057 0.0000000000
44422  16.265  -40.348  77.535 0.0000000000
43446  14.650  -41.341  77.216 0.0000000000
42512  13.620  -41.760  77.718 0.0000000000
42431  11.942  -43.067  80.939 0.0000000000
42432  11.118  -42.970  81.052 0.0000000000
43383  9.236  -42.631  80.614 0.0000000000
43399  8.140  -42.726  79.044 0.0000000000
43400  7.645  -43.293  79.823 0.0000000000
119233  32.726  -29.939  69.449 0.0000000000
55936  32.006  -30.421  68.765 0.0000000000
55019  31.223  -31.103  67.803 0.0000000000
54041  31.429  -31.552  68.220 0.0000000000
53102  31.203  -32.937  68.013 0.0000000000
52217  30.849  -34.084  68.128 0.0000000000
50299  24.668  -35.632  71.541 0.0000000000
50297  26.154  -34.916  73.033 0.0000000000
50303  25.334  -34.700  71.553 0.0000000000
51248  26.181  -33.733  71.165 0.0000000000
52199  26.885  -33.908  70.013 0.0000000000
51261  27.977  -34.095  69.607 0.0000000000
52206  26.430  -33.743  69.383 0.0000000000
53103  24.959  -33.297  66.825 0.0000000000
58652  31.856  -26.233  62.368 0.0000000000
111056  31.809  -26.523  60.719 0.0000000000
58684  30.057  -27.070  61.268 0.0000000000
57760  28.911  -27.681  60.096 0.0000000000
69175  52.914  -14.037  48.624 0.0000000000
68369  51.877  -15.390  46.835 0.0000000000
63986  37.493  -20.176  58.134 0.0000000000
63998  36.440  -20.373  57.273 0.0000000000
63161  36.283  -21.246  57.928 0.0000000000
132888  35.321  -24.029  58.816 0.0000000000
61350  34.424  -24.082  57.776 0.0000000000
63122  41.349  -21.883  62.590 0.0000000000
63951  41.155  -21.012  62.019 0.0000000000
124096  40.847  -20.435  61.305 0.0000000000
110545  39.965  -20.435  60.356 0.0000000000
63970  38.763  -20.479  59.303 0.0000000000
49263  27.454  -35.804  77.798 0.0000000000
49272  28.178  -35.217  76.741 0.0000000000
49285  26.690  -36.183  75.760 0.0000000000
48352  26.028  -36.653  74.579 0.0000000000
48361  25.232  -36.759  73.564 0.0000000000
47423  22.721  -37.310  71.928 0.0000000000
48371  23.425  -36.702  71.874 0.0000000000
48382  24.144  -36.302  72.016 0.0000000000
49332  23.094  -36.263  70.277 0.0000000000
49348  22.219  -36.561  69.155 0.0000000000
124833  21.684  -37.130  67.086 0.0000000000
118070  48.138  -20.048  52.375 0.0000000000
64953  46.116  -19.612  50.789 0.0000000000
65752  47.009  -19.687  50.843 0.0000000000
110032  48.880  -19.519  50.745 0.0000000000
65763  48.992  -19.059  50.092 0.0000000000
66618  49.296  -18.179  49.700 0.0000000000
67549  49.542  -17.651  48.950 0.0000000000
67548  49.973  -17.070  48.330 0.0000000000
47412  18.115  -38.370  72.480 0.0000000000
47413  17.242  -38.623  72.469 0.0000000000
47382  18.221  -37.960  74.063 0.0000000000
46394  17.387  -38.245  74.958 0.0000000000
46380  17.352  -38.531  76.028 0.0000000000
49266  19.383  -37.122  77.016 0.0000000000
46363  17.934  -39.192  78.007 0.0000000000
46356  18.121  -39.473  78.945 0.0000000000
49238  28.178  -35.196  79.117 0.0000000000
48318  26.762  -36.232  78.008 0.0000000000
47350  25.322  -36.894  76.827 0.0000000000
47365  24.142  -37.302  75.989 0.0000000000
47353  23.284  -37.230  76.211 0.0000000000
46379  22.703  -37.337  75.204 0.0000000000
47394  20.794  -37.555  73.836 0.0000000000
47410  19.830  -37.683  72.875 0.0000000000
110711  46.066  -18.947  55.607 0.0000000000
64020  44.541  -19.509  54.204 0.0000000000
64032  44.282  -19.546  53.828 0.0000000000
64888  42.577  -19.028  54.593 0.0000000000
117368  42.797  -19.207  53.461 0.0000000000
124523  43.127  -19.593  52.264 0.0000000000
46427  15.741  -39.361  72.562 0.0000000000
116216  15.494  -39.702  73.151 0.0000000000
44477  14.085  -40.796  73.140 0.0000000000
44446  14.844  -40.959  74.803 0.0000000000
44447  14.154  -41.088  74.218 0.0000000000
44478  13.282  -41.290  72.732 0.0000000000
44464  12.791  -41.942  73.174 0.0000000000
110168  11.335  -42.303  73.491 0.0000000000
42472  13.436  -42.275  79.127 0.0000000000
42495  12.662  -42.310  78.141 0.0000000000
42496  11.868  -42.519  77.905 0.0000000000
43429  12.275  -41.988  77.340 0.0000000000
44425  11.139  -42.231  75.864 0.0000000000
41513  6.824  -44.747  85.723 0.0000000000
129258  36.362  -26.122  62.198 0.0000000000
58635  33.355  -25.986  63.242 0.0000000000
130936  31.715  -26.136  63.741 0.0000000000
58622  30.098  -26.711  64.552 0.0000000000
57697  29.491  -27.496  65.277 0.0000000000
128927  30.874  -27.280  67.027 0.0000000000
57683  30.088  -27.853  66.155 0.0000000000
56822  29.120  -28.498  65.093 0.0000000000
117549  29.785  -30.113  65.323 0.0000000000
55052  29.816  -31.594  64.512 0.0000000000
54090  30.475  -33.077  64.504 0.0000000000
54065  31.474  -32.204  66.292 0.0000000000
54089  31.049  -32.585  65.343 0.0000000000
53139  30.501  -34.018  64.358 0.0000000000
122829  30.154  -34.730  64.178 0.0000000000
51327  29.106  -35.634  63.475 0.0000000000
53067  33.075  -32.264  71.566 0.0000000000
50267  29.326  -34.378  75.973 0.0000000000
51191  29.984  -33.927  75.830 0.0000000000
51212  30.614  -33.554  74.092 0.0000000000
51224  28.546  -33.978  73.352 0.0000000000
51214  29.439  -34.043  73.696 0.0000000000
129197  30.999  -33.833  73.428 0.0000000000
51219  31.578  -33.494  72.803 0.0000000000
51228  31.334  -33.263  71.696 0.0000000000
52197  31.831  -32.703  70.729 0.0000000000
126662  30.674  -33.409  69.329 0.0000000000
51272  30.596  -34.524  68.469 0.0000000000
111940  30.215  -34.981  67.305 0.0000000000
51276  28.128  -34.601  68.069 0.0000000000
51294  28.742  -35.024  67.462 0.0000000000
51306  29.430  -35.148  66.898 0.0000000000
51317  28.375  -35.374  65.040 0.0000000000
57738  35.429  -26.540  61.242 0.0000000000
57772  33.983  -26.627  60.256 0.0000000000
58718  32.732  -26.683  59.064 0.0000000000
110822  31.895  -26.918  59.913 0.0000000000
57789  31.412  -27.813  58.736 0.0000000000
58737  32.127  -26.822  58.004 0.0000000000
67554  50.889  -16.875  46.839 0.0000000000
58681  37.259  -25.935  62.187 0.0000000000
58682  36.658  -26.028  61.723 0.0000000000
58667  37.146  -26.095  62.419 0.0000000000
58680  37.923  -25.844  62.472 0.0000000000
47448  16.870  -38.327  71.122 0.0000000000
46436  15.851  -38.824  71.150 0.0000000000
47427  16.701  -38.665  71.892 0.0000000000
126119  18.535  -37.984  71.674 0.0000000000
63997  37.039  -19.487  56.845 0.0000000000
64861  38.397  -19.428  57.939 0.0000000000
64872  38.651  -18.705  56.970 0.0000000000
110378  8.200  -43.455  83.193 0.0000000000
42408  7.810  -43.538  82.349 0.0000000000
128969  7.436  -44.078  83.527 0.0000000000
53988  33.178  -31.509  70.941 0.0000000000
131164  32.952  -31.724  70.718 0.0000000000
54000  32.351  -31.889  70.127 0.0000000000
53081  32.613  -31.948  70.514 0.0000000000
112254  30.106  -34.181  78.889 0.0000000000
50334  22.476  -35.956  67.659 0.0000000000
51278  22.974  -35.507  68.400 0.0000000000
51297  22.853  -35.228  67.318 0.0000000000
57711  28.538  -27.718  63.902 0.0000000000
57712  28.251  -27.901  63.068 0.0000000000
67542  49.887  -16.808  49.449 0.0000000000
111190  50.412  -16.169  50.033 0.0000000000
68365  50.744  -15.663  48.188 0.0000000000
62247  37.717  -22.515  60.298 0.0000000000
61329  36.760  -23.234  59.910 0.0000000000
58735  33.604  -26.161  58.937 0.0000000000
59658  33.343  -25.834  58.124 0.0000000000
59659  32.568  -26.272  57.590 0.0000000000
116577  38.127  -23.002  60.813 0.0000000000
62230  38.937  -22.626  61.070 0.0000000000
44491  12.884  -41.371  71.528 0.0000000000
115492  12.440  -42.111  71.331 0.0000000000
46405  24.003  -37.572  74.646 0.0000000000
47462  20.048  -36.778  69.788 0.0000000000
125216  20.234  -37.304  67.953 0.0000000000
48424  19.585  -37.199  68.046 0.0000000000
64046  44.763  -19.640  53.375 0.0000000000
64045  45.606  -19.745  53.272 0.0000000000
66626  47.616  -18.896  48.735 0.0000000000
48341  20.442  -36.777  75.309 0.0000000000
120082  21.058  -36.780  74.986 0.0000000000
64868  44.361  -18.550  56.021 0.0000000000
120384  16.386  -39.517  75.312 0.0000000000
45471  16.354  -39.733  76.077 0.0000000000
43468  13.874  -41.392  75.814 0.0000000000
43469  13.143  -41.476  76.005 0.0000000000
43486  12.604  -41.693  75.178 0.0000000000
43470  12.460  -41.592  75.942 0.0000000000
42430  12.545  -42.849  80.945 0.0000000000
126694  9.226  -42.284  78.328 0.0000000000
55937  31.621  -29.803  68.140 0.0000000000
56802  32.251  -29.161  68.503 0.0000000000
55943  31.133  -29.933  67.288 0.0000000000
52251  31.160  -34.184  67.182 0.0000000000
49308  26.088  -35.817  73.843 0.0000000000
50284  26.876  -35.273  74.119 0.0000000000
50291  26.544  -35.139  73.654 0.0000000000
117664  29.118  -33.669  70.707 0.0000000000
51245  29.859  -33.913  70.076 0.0000000000
126169  29.339  -34.008  69.759 0.0000000000
57740  33.483  -26.627  61.148 0.0000000000
57726  33.058  -26.448  61.562 0.0000000000
60495  36.744  -24.801  60.458 0.0000000000
59637  36.908  -25.449  60.963 0.0000000000
58714  35.745  -26.297  60.560 0.0000000000
133629  35.269  -26.182  60.129 0.0000000000
58715  34.642  -26.144  59.754 0.0000000000
57785  34.444  -26.363  59.966 0.0000000000
61290  40.990  -23.919  63.297 0.0000000000
59622  37.883  -25.455  62.174 0.0000000000
130216  37.832  -24.991  61.786 0.0000000000
60483  38.144  -24.358  61.624 0.0000000000
46447  15.056  -39.728  70.689 0.0000000000
121296  14.791  -40.090  71.518 0.0000000000
46424  20.983  -37.511  72.656 0.0000000000
47446  18.910  -37.379  71.173 0.0000000000
125801  19.867  -37.512  71.585 0.0000000000
47485  18.189  -36.983  69.132 0.0000000000
123354  16.467  -38.571  69.506 0.0000000000
64859  40.771  -18.740  57.594 0.0000000000
64871  41.168  -18.778  56.371 0.0000000000
110864  40.554  -18.978  55.887 0.0000000000
64882  38.994  -18.995  55.700 0.0000000000
110599  39.651  -19.459  54.889 0.0000000000
45457  16.807  -39.933  78.090 0.0000000000
44415  16.460  -40.476  78.518 0.0000000000
43426  15.434  -41.208  78.484 0.0000000000
43427  14.809  -41.466  78.129 0.0000000000
43428  14.202  -41.619  77.876 0.0000000000
42405  11.492  -42.893  82.292 0.0000000000
42416  11.752  -43.030  81.621 0.0000000000
113440  8.541  -42.627  79.852 0.0000000000
42420  7.147  -44.400  81.158 0.0000000000
41517  6.912  -44.799  83.326 0.0000000000
123639  6.658  -45.309  83.981 0.0000000000
55920  33.124  -30.217  69.898 0.0000000000
55928  32.555  -30.487  69.560 0.0000000000
55008  31.747  -30.983  68.544 0.0000000000
54027  31.966  -31.605  68.952 0.0000000000
53090  31.798  -32.376  69.459 0.0000000000
53101  31.483  -32.714  68.792 0.0000000000
132976  31.179  -33.170  68.573 0.0000000000
52233  31.109  -33.630  68.002 0.0000000000
52216  31.049  -33.331  68.718 0.0000000000
49331  23.768  -35.822  70.776 0.0000000000
50304  24.426  -35.016  70.938 0.0000000000
51249  25.156  -34.154  70.791 0.0000000000
52200  25.815  -33.808  70.198 0.0000000000
52207  25.488  -33.613  69.240 0.0000000000
53091  24.831  -33.297  67.617 0.0000000000
58653  30.776  -26.118  62.586 0.0000000000
58670  30.310  -26.522  61.839 0.0000000000
58685  29.210  -27.217  61.036 0.0000000000
118391  51.412  -15.301  47.681 0.0000000000
68378  51.619  -16.425  46.442 0.0000000000
117588  37.580  -20.728  58.600 0.0000000000
110317  36.874  -20.614  57.916 0.0000000000
63150  37.028  -21.123  58.386 0.0000000000
62273  35.967  -22.558  58.700 0.0000000000
126386  35.898  -21.996  58.167 0.0000000000
132771  34.943  -22.568  57.344 0.0000000000
60503  35.994  -24.920  59.827 0.0000000000
61331  35.811  -24.054  59.297 0.0000000000
59668  33.403  -25.204  57.464 0.0000000000
60521  33.735  -24.495  57.213 0.0000000000
61374  34.067  -23.601  56.842 0.0000000000
62219  40.963  -22.632  62.588 0.0000000000
62228  40.243  -21.762  61.533 0.0000000000
63130  40.686  -21.179  61.632 0.0000000000
63137  40.384  -20.905  61.054 0.0000000000
63971  37.997  -20.934  59.163 0.0000000000
114146  38.189  -20.199  58.632 0.0000000000
48328  26.818  -36.249  77.286 0.0000000000
48338  26.778  -36.205  76.551 0.0000000000
48339  26.142  -36.531  76.133 0.0000000000
48353  25.508  -37.036  74.200 0.0000000000
49302  25.782  -36.437  73.958 0.0000000000
48362  24.479  -36.937  73.167 0.0000000000
46434  21.826  -37.543  71.898 0.0000000000
123002  22.735  -37.491  72.546 0.0000000000
46444  21.911  -37.548  71.354 0.0000000000
117406  22.383  -37.286  70.809 0.0000000000
113641  22.799  -37.101  71.357 0.0000000000
48383  23.093  -36.719  71.085 0.0000000000
49322  23.397  -36.307  70.854 0.0000000000
48400  22.822  -36.579  70.466 0.0000000000
49349  21.695  -36.688  68.357 0.0000000000
49363  22.074  -36.333  67.962 0.0000000000
48445  17.313  -38.086  67.241 0.0000000000
48444  18.030  -37.757  67.092 0.0000000000
110941  46.456  -19.285  55.111 0.0000000000
64043  47.200  -19.643  53.183 0.0000000000
64042  47.922  -19.727  53.106 0.0000000000
64917  47.400  -19.957  52.488 0.0000000000
64954  45.284  -19.675  50.738 0.0000000000
64940  45.720  -19.909  51.651 0.0000000000
129369  47.019  -19.137  50.051 0.0000000000
65751  48.022  -19.486  50.649 0.0000000000
47397  18.227  -38.217  73.238 0.0000000000
116839  18.540  -37.734  75.624 0.0000000000
47370  18.070  -37.960  75.395 0.0000000000
47357  18.054  -38.312  76.336 0.0000000000
50258  20.055  -36.438  76.794 0.0000000000
48323  18.667  -38.064  77.780 0.0000000000
47344  18.201  -38.570  77.410 0.0000000000
46362  18.387  -38.895  78.427 0.0000000000
49254  27.476  -35.799  78.571 0.0000000000
47351  24.720  -37.041  76.477 0.0000000000
47354  22.655  -37.073  75.936 0.0000000000
117224  22.835  -37.243  75.770 0.0000000000
47378  21.925  -36.992  74.737 0.0000000000
46393  21.578  -37.451  74.071 0.0000000000
47395  19.939  -37.482  73.573 0.0000000000
47396  19.153  -37.956  73.409 0.0000000000
47411  19.036  -38.176  72.633 0.0000000000
64878  43.941  -18.889  55.205 0.0000000000
64008  44.595  -19.172  54.788 0.0000000000
111606  42.073  -19.481  53.190 0.0000000000
64922  42.471  -19.536  52.687 0.0000000000
123387  43.150  -19.311  53.129 0.0000000000
46425  16.884  -38.855  73.221 0.0000000000
46426  16.454  -38.976  72.583 0.0000000000
46413  16.149  -39.355  73.380 0.0000000000
117656  15.677  -39.828  74.005 0.0000000000
45486  14.926  -40.257  73.352 0.0000000000
133748  15.427  -40.781  76.113 0.0000000000
44445  15.475  -40.604  75.317 0.0000000000
44435  15.007  -41.103  75.706 0.0000000000
43485  13.877  -41.347  74.853 0.0000000000
44463  13.764  -41.160  73.511 0.0000000000
44450  10.617  -42.477  73.879 0.0000000000
118492  13.058  -42.531  79.730 0.0000000000
42494  13.259  -42.119  78.350 0.0000000000
43381  11.361  -42.981  80.198 0.0000000000
43430  10.986  -42.620  77.842 0.0000000000
43412  11.561  -42.744  78.435 0.0000000000
43450  11.257  -42.268  76.982 0.0000000000
44426  10.292  -42.293  76.304 0.0000000000
40548  6.315  -45.430  85.967 0.0000000000
57710  34.597  -26.275  62.737 0.0000000000
58620  32.489  -26.064  63.929 0.0000000000
59548  31.310  -26.196  65.640 0.0000000000
58621  30.875  -26.279  64.139 0.0000000000
58623  29.551  -26.936  64.421 0.0000000000
57651  32.193  -28.218  68.224 0.0000000000
58594  31.332  -27.071  67.439 0.0000000000
57669  30.667  -28.103  66.820 0.0000000000
56817  29.660  -28.972  65.742 0.0000000000
115119  29.206  -29.531  64.909 0.0000000000
55032  30.256  -31.045  65.322 0.0000000000
55051  30.348  -32.115  64.945 0.0000000000
55020  31.100  -31.340  66.982 0.0000000000
53138  31.063  -33.915  65.423 0.0000000000
54067  31.016  -33.338  65.126 0.0000000000
127201  28.616  -35.589  64.010 0.0000000000
49283  28.226  -35.118  76.042 0.0000000000
112430  28.809  -34.671  76.420 0.0000000000
50275  28.640  -34.602  74.855 0.0000000000
50274  29.302  -34.175  75.200 0.0000000000
51205  29.356  -34.145  74.320 0.0000000000
51204  29.948  -33.741  74.650 0.0000000000
132230  27.106  -34.556  73.210 0.0000000000
51225  28.032  -34.082  72.903 0.0000000000
122735  30.034  -33.647  72.317 0.0000000000
51223  29.446  -33.793  73.283 0.0000000000
51222  30.265  -34.072  73.048 0.0000000000
133581  30.633  -34.020  73.406 0.0000000000
51221  30.647  -34.112  72.947 0.0000000000
51220  31.112  -33.853  72.820 0.0000000000
116621  30.630  -33.645  72.254 0.0000000000
51229  30.744  -33.377  71.587 0.0000000000
51241  31.176  -33.088  71.050 0.0000000000
52189  31.854  -32.884  71.497 0.0000000000
52198  30.992  -33.027  70.120 0.0000000000
110646  30.131  -34.881  69.023 0.0000000000
121122  30.340  -33.949  69.020 0.0000000000
51273  30.405  -34.931  68.381 0.0000000000
52218  27.366  -34.139  68.888 0.0000000000
127601  28.318  -34.427  68.813 0.0000000000
52234  27.246  -34.264  67.788 0.0000000000
51295  27.951  -34.749  67.067 0.0000000000
51307  28.613  -35.159  66.402 0.0000000000
111119  29.339  -35.293  65.877 0.0000000000
57723  35.702  -26.211  61.942 0.0000000000
57737  36.079  -26.202  61.767 0.0000000000
57739  34.909  -26.576  61.465 0.0000000000
57756  33.357  -26.698  60.605 0.0000000000
57755  33.981  -26.733  60.701 0.0000000000
57773  33.294  -26.697  60.146 0.0000000000
57787  33.316  -26.604  59.730 0.0000000000
110106  32.663  -26.781  59.547 0.0000000000
57741  30.799  -26.676  60.927 0.0000000000
57758  31.128  -26.968  60.061 0.0000000000
121461  30.973  -28.057  57.823 0.0000000000
57800  31.517  -27.550  57.915 0.0000000000
57788  32.103  -27.159  58.831 0.0000000000
70111  53.216  -13.493  47.031 0.0000000000
71055  53.303  -13.207  46.927 0.0000000000
67555  50.282  -17.360  47.299 0.0000000000
59624  36.886  -25.823  61.488 0.0000000000
58698  36.206  -26.204  60.901 0.0000000000
58699  35.641  -26.480  60.855 0.0000000000
47424  19.694  -37.919  72.183 0.0000000000
64883  38.062  -19.148  55.187 0.0000000000
64846  40.081  -19.353  58.604 0.0000000000
110425  39.682  -18.797  56.392 0.0000000000
44406  17.311  -40.507  79.815 0.0000000000
44407  16.712  -40.597  79.385 0.0000000000
42419  7.929  -43.337  81.568 0.0000000000
43385  7.485  -43.608  80.807 0.0000000000
112923  7.390  -43.894  81.862 0.0000000000
54976  33.289  -30.968  70.714 0.0000000000
54997  32.707  -31.105  69.962 0.0000000000
121877  32.325  -31.395  69.700 0.0000000000
54014  32.643  -31.532  70.168 0.0000000000
52215  31.441  -32.757  69.410 0.0000000000
50310  23.331  -35.699  69.335 0.0000000000
50309  23.874  -35.409  70.156 0.0000000000
51263  24.026  -34.984  69.433 0.0000000000
51277  24.013  -34.349  68.703 0.0000000000
52221  24.663  -33.572  68.570 0.0000000000
52238  23.133  -34.234  66.971 0.0000000000
58640  28.941  -27.144  63.012 0.0000000000
58655  28.601  -27.418  62.401 0.0000000000
66605  50.648  -17.390  51.378 0.0000000000
120918  37.683  -21.737  59.699 0.0000000000
63143  37.010  -21.796  59.098 0.0000000000
62262  36.534  -22.490  59.238 0.0000000000
59656  34.682  -25.180  58.900 0.0000000000
61308  39.337  -23.207  61.737 0.0000000000
130963  39.363  -22.093  61.009 0.0000000000
62245  39.003  -21.741  60.654 0.0000000000
45512  14.037  -40.929  70.228 0.0000000000
44492  11.852  -42.485  71.819 0.0000000000
129312  25.245  -36.908  75.935 0.0000000000
48340  25.650  -36.834  75.721 0.0000000000
47376  25.209  -37.170  75.374 0.0000000000
47393  24.434  -37.535  74.219 0.0000000000
47408  24.100  -37.405  73.456 0.0000000000
47444  21.372  -37.438  70.934 0.0000000000
47460  21.352  -37.221  70.312 0.0000000000
47481  21.582  -37.054  69.842 0.0000000000
48420  22.104  -36.861  69.804 0.0000000000
125133  20.978  -36.921  68.940 0.0000000000
48422  20.923  -37.126  67.986 0.0000000000
48441  20.663  -37.749  67.289 0.0000000000
48442  19.899  -38.017  67.183 0.0000000000
55073  29.276  -31.623  63.807 0.0000000000
64029  46.038  -19.602  53.778 0.0000000000
125301  46.086  -19.936  52.551 0.0000000000
115782  45.989  -19.241  49.875 0.0000000000
66625  48.353  -18.610  48.463 0.0000000000
47369  19.129  -37.355  74.756 0.0000000000
47355  22.026  -36.710  75.495 0.0000000000
47367  21.508  -36.911  74.798 0.0000000000
47368  20.437  -37.104  74.575 0.0000000000
110440  43.329  -18.978  54.674 0.0000000000
46395  16.671  -38.961  74.788 0.0000000000
45479  16.232  -39.653  74.658 0.0000000000
45480  15.759  -40.155  74.766 0.0000000000
43467  14.526  -41.288  76.247 0.0000000000
130586  12.782  -41.836  74.225 0.0000000000
42447  13.008  -42.573  80.682 0.0000000000
120120  12.526  -42.723  79.459 0.0000000000
43413  9.815  -42.363  78.889 0.0000000000
44409  10.016  -42.404  78.032 0.0000000000
111503  9.550  -42.404  76.654 0.0000000000
59569  32.397  -26.046  64.888 0.0000000000
59547  32.258  -26.001  65.860 0.0000000000
58606  31.272  -26.391  66.632 0.0000000000
56796  32.826  -29.370  68.987 0.0000000000
56803  31.746  -28.936  68.109 0.0000000000
57668  31.101  -28.214  67.369 0.0000000000
55949  30.310  -30.087  66.024 0.0000000000
55030  31.195  -31.571  66.267 0.0000000000
54043  31.505  -32.838  66.653 0.0000000000
53122  31.404  -33.626  66.366 0.0000000000
52266  30.570  -34.627  65.298 0.0000000000
49292  27.265  -35.509  74.691 0.0000000000
50276  27.975  -35.276  75.307 0.0000000000
51233  28.583  -33.793  71.890 0.0000000000
51231  30.176  -34.086  71.218 0.0000000000
51243  30.045  -33.677  70.483 0.0000000000
51242  30.353  -33.498  69.839 0.0000000000
133624  30.096  -34.263  70.040 0.0000000000
51258  29.961  -34.365  69.598 0.0000000000
52267  26.693  -34.357  65.425 0.0000000000
51318  27.186  -34.995  64.583 0.0000000000
57724  34.770  -26.304  62.046 0.0000000000
110641  34.291  -26.573  61.491 0.0000000000
57757  32.641  -26.651  60.485 0.0000000000
131980  29.750  -27.655  59.603 0.0000000000
57775  30.022  -28.111  59.039 0.0000000000
69182  52.448  -14.724  46.898 0.0000000000
60493  37.775  -23.810  61.033 0.0000000000
61317  37.075  -23.976  60.528 0.0000000000
59647  35.781  -25.827  60.118 0.0000000000
116908  35.250  -25.389  59.510 0.0000000000
59649  34.611  -25.733  59.307 0.0000000000
58734  34.121  -26.010  59.196 0.0000000000
61300  40.576  -23.478  62.688 0.0000000000
112140  39.772  -23.820  62.343 0.0000000000
60470  39.320  -24.877  62.609 0.0000000000
45520  14.620  -40.844  68.778 0.0000000000
45511  14.534  -40.525  69.852 0.0000000000
46407  22.753  -37.542  73.828 0.0000000000
121896  22.430  -37.658  73.048 0.0000000000
46423  21.692  -37.625  72.840 0.0000000000
124705  21.423  -37.556  72.227 0.0000000000
47445  20.672  -37.387  71.256 0.0000000000
47484  19.274  -36.670  68.964 0.0000000000
48426  17.736  -37.788  68.125 0.0000000000
47486  16.838  -38.335  67.926 0.0000000000
64941  44.665  -19.744  51.463 0.0000000000
50256  21.253  -36.214  76.649 0.0000000000
64830  41.711  -18.978  59.935 0.0000000000
131659  41.746  -18.493  58.697 0.0000000000
64858  42.360  -18.394  57.316 0.0000000000
111275  42.045  -18.890  55.875 0.0000000000
110863  40.087  -19.802  54.065 0.0000000000
44433  16.184  -40.229  76.692 0.0000000000
44423  15.693  -40.679  76.921 0.0000000000
44416  15.854  -40.807  77.991 0.0000000000
43445  15.258  -41.136  77.545 0.0000000000
121437  14.005  -41.476  76.894 0.0000000000
43447  13.393  -41.607  76.909 0.0000000000
43382  10.361  -42.859  80.388 0.0000000000
43398  9.580  -42.530  79.737 0.0000000000
43414  7.650  -43.420  78.937 0.0000000000
56785  33.537  -29.725  70.158 0.0000000000
56786  33.176  -29.594  69.589 0.0000000000
55941  31.495  -30.516  68.163 0.0000000000
54028  31.416  -32.256  68.309 0.0000000000
122774  31.324  -32.712  67.501 0.0000000000
50292  25.359  -35.737  73.006 0.0000000000
50298  25.449  -35.367  72.279 0.0000000000
51235  26.305  -34.547  72.029 0.0000000000
129305  27.074  -33.980  71.590 0.0000000000
51247  27.480  -33.757  70.675 0.0000000000
52219  26.446  -33.796  68.498 0.0000000000
52220  25.588  -33.436  68.139 0.0000000000
52236  25.593  -33.397  67.103 0.0000000000
52255  25.367  -33.528  66.112 0.0000000000
58668  32.257  -26.340  61.548 0.0000000000
58669  31.296  -26.227  61.614 0.0000000000
57759  30.072  -27.077  60.300 0.0000000000
58671  29.363  -27.059  62.030 0.0000000000
57776  29.032  -28.111  59.147 0.0000000000
69176  52.082  -14.538  47.824 0.0000000000
69185  52.478  -15.216  46.339 0.0000000000
127269  37.082  -19.982  57.614 0.0000000000
61349  35.578  -23.340  58.782 0.0000000000
60512  34.801  -24.433  58.539 0.0000000000
120267  35.012  -23.613  58.304 0.0000000000
62274  34.716  -23.237  57.555 0.0000000000
63123  40.742  -21.832  62.132 0.0000000000
63959  40.653  -20.043  60.508 0.0000000000
63969  39.555  -19.997  59.468 0.0000000000
63140  39.221  -20.860  60.172 0.0000000000
49262  28.204  -35.349  77.536 0.0000000000
49284  27.471  -35.651  76.121 0.0000000000
48347  26.153  -36.671  75.346 0.0000000000
49293  26.609  -36.185  74.978 0.0000000000
49309  25.540  -36.177  73.468 0.0000000000
110993  23.096  -37.572  73.370 0.0000000000
46421  23.402  -37.464  73.025 0.0000000000
47409  23.637  -37.080  72.657 0.0000000000
47442  22.375  -37.407  71.326 0.0000000000
47422  23.096  -37.136  72.047 0.0000000000
48370  24.084  -36.617  72.533 0.0000000000
48369  24.805  -36.332  72.872 0.0000000000
49315  24.838  -35.990  72.136 0.0000000000
49321  24.044  -36.033  71.440 0.0000000000
49333  22.553  -36.546  69.955 0.0000000000
49347  22.836  -36.226  69.639 0.0000000000
50335  22.133  -36.544  66.642 0.0000000000
126405  48.755  -20.112  52.161 0.0000000000
64939  46.704  -20.063  51.788 0.0000000000
64938  47.647  -20.056  51.595 0.0000000000
64937  48.478  -19.977  51.417 0.0000000000
65750  49.218  -19.792  51.324 0.0000000000
65762  49.526  -18.989  50.622 0.0000000000
66607  49.701  -18.181  50.321 0.0000000000
66617  49.765  -17.414  50.012 0.0000000000
126181  17.534  -38.456  73.037 0.0000000000
46411  17.312  -38.514  73.921 0.0000000000
49275  20.433  -36.644  75.873 0.0000000000
48332  19.547  -37.178  76.075 0.0000000000
50246  19.737  -36.368  77.579 0.0000000000
122523  18.881  -37.790  76.919 0.0000000000
46369  17.541  -38.797  77.054 0.0000000000
45464  17.181  -39.394  77.586 0.0000000000
45456  17.521  -39.686  78.546 0.0000000000
46346  18.234  -40.195  79.811 0.0000000000
45448  17.766  -40.088  79.366 0.0000000000
50210  29.660  -34.495  79.266 0.0000000000
50226  28.951  -34.742  78.839 0.0000000000
49253  28.227  -35.365  78.313 0.0000000000
122572  26.307  -36.468  77.409 0.0000000000
47337  25.835  -36.676  77.126 0.0000000000
47362  25.612  -36.755  76.425 0.0000000000
47363  25.065  -36.969  76.254 0.0000000000
46389  24.227  -37.402  75.471 0.0000000000
46390  23.591  -37.568  74.986 0.0000000000
119176  23.427  -37.374  75.807 0.0000000000
46378  23.286  -37.530  75.267 0.0000000000
46391  23.018  -37.592  74.645 0.0000000000
46392  22.358  -37.362  74.321 0.0000000000
46409  21.272  -37.561  73.342 0.0000000000
46410  20.551  -37.487  73.112 0.0000000000
47379  21.039  -37.212  74.442 0.0000000000
133339  45.716  -19.203  54.931 0.0000000000
64877  45.688  -18.677  55.926 0.0000000000
64007  45.309  -18.967  55.205 0.0000000000
64019  45.120  -19.442  54.423 0.0000000000
64031  44.798  -19.635  53.894 0.0000000000
64921  43.862  -19.440  53.246 0.0000000000
64879  42.905  -18.856  55.362 0.0000000000
64899  42.341  -19.220  53.921 0.0000000000
110081  43.131  -19.051  54.088 0.0000000000
64898  43.562  -19.328  53.719 0.0000000000
45493  15.142  -39.915  72.418 0.0000000000
45494  14.438  -40.392  72.259 0.0000000000
44462  14.566  -40.640  74.020 0.0000000000
111889  11.930  -42.170  72.762 0.0000000000
44465  12.175  -42.163  73.565 0.0000000000
44479  11.278  -42.598  72.633 0.0000000000
42492  14.352  -41.758  78.711 0.0000000000
42493  13.798  -41.943  78.520 0.0000000000
42513  13.023  -41.907  77.571 0.0000000000
42449  12.000  -42.964  79.949 0.0000000000
42474  12.264  -42.655  78.666 0.0000000000
43449  11.971  -41.803  76.390 0.0000000000
131002  10.918  -42.257  75.035 0.0000000000
128669  10.238  -42.317  75.388 0.0000000000
128024  10.325  -42.399  74.598 0.0000000000
117590  6.841  -44.809  84.877 0.0000000000
40554  6.468  -45.883  84.557 0.0000000000
40551  6.418  -45.622  85.311 0.0000000000
41509  6.802  -44.629  86.301 0.0000000000
57736  36.673  -26.120  62.268 0.0000000000
58650  33.317  -26.136  62.573 0.0000000000
58636  32.420  -26.167  62.989 0.0000000000
58637  31.326  -26.187  63.210 0.0000000000
58638  30.227  -26.428  63.657 0.0000000000
57698  28.947  -27.637  64.614 0.0000000000
58607  30.527  -26.907  66.400 0.0000000000
55955  29.396  -30.699  64.574 0.0000000000
121349  31.502  -32.225  65.851 0.0000000000
53145  29.665  -33.687  63.330 0.0000000000
52277  29.486  -34.626  63.016 0.0000000000
52278  29.334  -35.378  62.946 0.0000000000
133712  29.321  -35.947  62.800 0.0000000000
50255  28.886  -34.727  77.238 0.0000000000
120088  29.636  -34.286  76.778 0.0000000000
51178  30.263  -33.863  76.715 0.0000000000
113821  28.699  -34.678  75.628 0.0000000000
130028  31.026  -33.169  74.749 0.0000000000
50290  27.625  -34.563  73.679 0.0000000000
51215  28.621  -34.315  73.797 0.0000000000
51213  30.166  -33.980  73.639 0.0000000000
112117  31.208  -33.039  74.056 0.0000000000
51211  31.545  -33.419  73.438 0.0000000000
112656  31.146  -33.512  72.219 0.0000000000
52182  31.892  -33.120  72.326 0.0000000000
52188  32.591  -32.662  71.986 0.0000000000
52196  32.407  -32.539  71.304 0.0000000000
53073  32.558  -32.252  70.881 0.0000000000
53074  32.111  -32.342  70.419 0.0000000000
52204  31.514  -32.736  70.126 0.0000000000
52205  31.068  -33.107  69.336 0.0000000000
51256  30.697  -33.701  68.727 0.0000000000
51292  30.722  -34.625  67.731 0.0000000000
51260  28.987  -34.483  69.230 0.0000000000
51275  28.890  -34.868  68.382 0.0000000000
51293  29.579  -35.079  67.863 0.0000000000
132764  29.998  -35.126  66.438 0.0000000000
51328  27.758  -35.498  63.871 0.0000000000
57752  36.324  -26.152  61.764 0.0000000000
57753  35.647  -26.488  61.170 0.0000000000
57770  35.174  -26.607  60.714 0.0000000000
126868  34.794  -26.776  61.033 0.0000000000
57754  34.845  -26.691  60.743 0.0000000000
57771  34.620  -26.521  60.331 0.0000000000
57786  33.967  -26.443  59.836 0.0000000000
58717  33.380  -26.435  59.335 0.0000000000
57774  31.389  -27.501  59.455 0.0000000000
111134  32.024  -27.225  59.425 0.0000000000
46377  23.728  -37.446  75.550 0.0000000000
46432  23.105  -37.330  72.427 0.0000000000
46433  22.286  -37.457  71.896 0.0000000000
47364  24.611  -37.159  75.997 0.0000000000
47377  24.647  -37.421  75.049 0.0000000000
47392  25.096  -37.352  74.600 0.0000000000
47459  22.178  -37.137  70.316 0.0000000000
48319  26.094  -36.490  77.772 0.0000000000
48401  22.425  -36.812  70.223 0.0000000000
49257  19.061  -37.305  78.127 0.0000000000
49273  27.457  -35.761  77.019 0.0000000000
49276  20.021  -36.710  76.345 0.0000000000
50225  29.666  -34.496  78.518 0.0000000000
50245  20.478  -35.944  77.137 0.0000000000
50257  20.751  -36.284  76.454 0.0000000000
52208  24.632  -34.166  69.389 0.0000000000
53999  32.856  -31.642  70.526 0.0000000000
57735  37.094  -26.223  62.776 0.0000000000
58686  28.437  -27.612  60.881 0.0000000000
111941  30.436  -34.657  68.992 0.0000000000
122962  31.822  -32.114  68.943 0.0000000000
131263  23.597  -36.362  71.408 0.0000000000
131898  23.540  -35.118  68.836 0.0000000000
