#!ascii label  , from subject sub-v1s8x0051345_ses-1 vox2ras=TkReg
229
74866  25.238  -9.542  0.592 0.0000000000
66304  23.999  -19.176  3.066 0.0000000000
124212  24.330  -3.696  -0.841 0.0000000000
85597  22.046  4.425  -4.223 0.0000000000
65444  23.060  -20.409  3.293 0.0000000000
82011  25.758  -1.037  0.399 0.0000000000
121456  25.330  1.413  -1.485 0.0000000000
73300  23.498  -11.451  -0.011 0.0000000000
70609  25.263  -14.614  0.742 0.0000000000
117003  26.699  -11.973  1.751 0.0000000000
77205  26.559  -6.801  2.029 0.0000000000
74842  27.498  -9.337  2.808 0.0000000000
77237  24.913  -6.698  0.300 0.0000000000
124406  25.812  -3.906  1.229 0.0000000000
84168  24.018  2.429  -3.714 0.0000000000
84880  25.012  3.607  -3.546 0.0000000000
68845  25.720  -16.827  3.071 0.0000000000
82752  24.799  -0.166  -1.862 0.0000000000
83446  25.110  0.697  -2.143 0.0000000000
74066  24.650  -10.515  0.006 0.0000000000
122342  24.971  -12.041  0.462 0.0000000000
73282  26.019  -11.109  1.115 0.0000000000
65443  23.906  -19.985  3.615 0.0000000000
78064  24.821  -5.041  -0.253 0.0000000000
78054  25.331  -5.380  0.427 0.0000000000
124987  25.443  -4.040  0.553 0.0000000000
82740  25.829  0.596  0.708 0.0000000000
81999  25.988  -1.079  1.199 0.0000000000
85598  21.708  4.872  -3.445 0.0000000000
84162  22.642  2.448  -2.663 0.0000000000
84883  22.686  3.517  -4.157 0.0000000000
85619  23.651  4.601  -9.312 0.0000000000
86339  24.986  5.078  -6.629 0.0000000000
85602  24.641  3.568  -4.955 0.0000000000
86332  25.145  4.781  -5.186 0.0000000000
85590  25.458  4.684  -3.178 0.0000000000
70599  26.169  -14.386  1.833 0.0000000000
69672  25.398  -15.807  1.928 0.0000000000
64585  22.155  -21.751  3.718 0.0000000000
80488  25.140  -2.248  -0.326 0.0000000000
81288  24.895  -1.551  -0.736 0.0000000000
82741  25.468  0.546  -0.335 0.0000000000
84147  25.633  2.073  -0.674 0.0000000000
70611  23.946  -14.369  0.649 0.0000000000
71532  24.241  -13.338  0.630 0.0000000000
71523  25.972  -13.408  1.135 0.0000000000
71516  26.753  -13.032  2.383 0.0000000000
127388  25.885  -8.226  1.742 0.0000000000
74856  26.334  -9.826  1.706 0.0000000000
75626  26.990  -8.498  2.716 0.0000000000
74876  24.033  -8.900  -0.133 0.0000000000
76452  23.865  -7.358  -0.430 0.0000000000
76441  25.217  -7.575  0.702 0.0000000000
77222  25.496  -6.782  0.880 0.0000000000
130857  26.346  -5.393  1.666 0.0000000000
79642  27.101  -3.780  2.735 0.0000000000
80473  25.689  -2.565  0.783 0.0000000000
80463  26.617  -1.986  2.081 0.0000000000
83461  23.618  1.912  -3.380 0.0000000000
85610  22.405  3.500  -6.763 0.0000000000
84895  23.543  2.737  -5.370 0.0000000000
84881  24.481  2.872  -3.800 0.0000000000
84161  24.780  2.228  -2.888 0.0000000000
84160  25.153  2.713  -2.391 0.0000000000
84865  25.615  3.380  -1.834 0.0000000000
67152  23.942  -17.954  1.802 0.0000000000
68873  24.332  -16.288  0.603 0.0000000000
74046  27.190  -11.073  2.251 0.0000000000
115315  27.425  -12.083  2.455 0.0000000000
130845  24.617  0.204  -2.453 0.0000000000
82759  24.593  0.918  -2.688 0.0000000000
123693  24.818  -9.892  0.113 0.0000000000
122384  25.576  -10.932  0.666 0.0000000000
74058  25.669  -10.393  0.899 0.0000000000
63685  21.660  -22.480  4.072 0.0000000000
78850  24.624  -4.435  -0.554 0.0000000000
78841  25.168  -4.552  0.122 0.0000000000
79676  25.111  -3.724  -0.131 0.0000000000
83431  26.040  1.636  0.738 0.0000000000
83420  26.408  1.175  1.513 0.0000000000
84875  21.906  4.345  -2.695 0.0000000000
84884  22.410  3.898  -3.475 0.0000000000
84891  22.191  3.509  -5.007 0.0000000000
86322  25.537  5.234  -4.074 0.0000000000
113678  26.342  -14.887  2.615 0.0000000000
66305  23.168  -19.344  2.482 0.0000000000
80489  24.285  -2.178  -0.823 0.0000000000
81295  24.807  -0.867  -1.299 0.0000000000
83440  25.158  0.561  -1.211 0.0000000000
119538  25.211  -0.209  -0.885 0.0000000000
130800  25.348  1.195  -0.687 0.0000000000
109822  21.353  5.868  -3.324 0.0000000000
127198  23.791  -12.727  0.584 0.0000000000
72466  24.045  -12.057  0.370 0.0000000000
73289  26.252  -11.878  1.275 0.0000000000
127927  25.731  -12.585  0.865 0.0000000000
72448  26.417  -12.663  1.620 0.0000000000
110033  26.363  -13.587  1.763 0.0000000000
64584  22.945  -21.228  3.748 0.0000000000
130200  22.900  -21.833  4.130 0.0000000000
76432  26.179  -7.529  1.914 0.0000000000
75627  26.349  -8.401  2.216 0.0000000000
76418  26.651  -7.610  2.484 0.0000000000
121237  23.287  -9.926  -0.314 0.0000000000
77238  24.299  -6.540  -0.318 0.0000000000
75654  24.231  -8.251  0.074 0.0000000000
76442  24.546  -7.465  0.187 0.0000000000
78824  25.583  -4.655  0.927 0.0000000000
128167  25.903  -5.376  1.253 0.0000000000
78813  26.261  -4.709  1.645 0.0000000000
79653  26.499  -3.681  1.918 0.0000000000
81282  25.526  -1.650  -0.066 0.0000000000
130295  25.568  -2.217  0.234 0.0000000000
81273  25.799  -1.771  0.788 0.0000000000
81272  26.173  -1.652  1.435 0.0000000000
80452  27.162  -2.330  2.791 0.0000000000
84169  22.997  2.686  -3.376 0.0000000000
83455  22.650  1.477  -2.735 0.0000000000
83462  22.973  1.947  -3.119 0.0000000000
119991  23.389  3.813  -7.922 0.0000000000
85620  22.879  3.978  -8.712 0.0000000000
85609  23.508  3.200  -6.212 0.0000000000
84889  24.069  2.708  -4.698 0.0000000000
84888  24.663  3.374  -4.240 0.0000000000
84167  24.557  2.475  -3.370 0.0000000000
84166  24.908  2.912  -3.117 0.0000000000
85581  25.850  4.356  -2.165 0.0000000000
84864  26.167  4.053  -1.267 0.0000000000
130155  23.666  -17.649  1.274 0.0000000000
70610  24.741  -14.768  0.652 0.0000000000
69691  24.244  -15.406  0.590 0.0000000000
69690  25.055  -15.439  0.783 0.0000000000
68856  25.287  -16.474  2.266 0.0000000000
68862  25.105  -16.269  1.392 0.0000000000
68028  25.129  -17.276  2.608 0.0000000000
74843  26.728  -9.415  2.258 0.0000000000
74047  26.768  -10.404  1.934 0.0000000000
122565  27.361  -10.225  2.430 0.0000000000
73299  24.400  -11.283  0.116 0.0000000000
73291  25.125  -11.131  0.336 0.0000000000
73290  25.639  -11.620  0.761 0.0000000000
111434  23.739  -20.755  3.995 0.0000000000
65437  24.544  -20.346  4.253 0.0000000000
128485  26.742  -6.217  2.286 0.0000000000
77204  26.851  -6.842  2.807 0.0000000000
118034  24.031  -5.679  -0.788 0.0000000000
78055  24.722  -5.774  -0.207 0.0000000000
122692  25.284  -6.133  0.440 0.0000000000
82010  25.927  -0.372  0.956 0.0000000000
82728  26.377  0.240  1.510 0.0000000000
133946  22.681  3.309  -3.377 0.0000000000
84882  23.183  3.029  -3.807 0.0000000000
86344  24.685  4.529  -8.180 0.0000000000
85608  23.959  3.914  -6.982 0.0000000000
86333  24.624  3.669  -5.960 0.0000000000
85596  25.088  4.219  -4.192 0.0000000000
70600  25.690  -14.788  1.099 0.0000000000
69681  25.411  -15.619  1.150 0.0000000000
69671  25.760  -15.173  1.903 0.0000000000
68855  25.890  -15.831  2.687 0.0000000000
65445  22.194  -20.926  3.245 0.0000000000
65455  22.221  -20.294  2.656 0.0000000000
65454  22.858  -19.896  2.718 0.0000000000
79677  24.736  -2.954  -0.552 0.0000000000
82017  25.391  -0.953  -0.475 0.0000000000
115111  25.717  -0.273  0.007 0.0000000000
83432  25.601  1.381  0.043 0.0000000000
84135  25.800  2.164  0.206 0.0000000000
116806  21.533  5.121  -2.760 0.0000000000
85604  21.485  4.948  -5.198 0.0000000000
71531  24.955  -13.953  0.623 0.0000000000
72457  24.438  -12.627  0.545 0.0000000000
71530  25.481  -13.412  0.769 0.0000000000
121143  25.606  -14.055  0.859 0.0000000000
128534  25.985  -14.061  1.300 0.0000000000
70592  26.782  -13.973  2.539 0.0000000000
75644  25.539  -8.596  1.094 0.0000000000
74857  25.802  -9.693  1.262 0.0000000000
75643  25.988  -9.064  1.829 0.0000000000
76417  27.170  -7.674  3.151 0.0000000000
75609  27.641  -8.489  3.297 0.0000000000
74074  23.841  -10.606  -0.135 0.0000000000
117144  24.133  -9.737  -0.158 0.0000000000
74867  24.576  -9.123  0.189 0.0000000000
75662  23.707  -8.291  -0.437 0.0000000000
75653  24.939  -8.424  0.476 0.0000000000
76433  25.686  -7.552  1.338 0.0000000000
77221  26.025  -6.764  1.480 0.0000000000
78038  25.809  -6.077  0.968 0.0000000000
78037  26.415  -6.024  1.623 0.0000000000
78025  26.654  -5.422  2.239 0.0000000000
78812  26.783  -4.534  2.449 0.0000000000
80482  25.402  -2.859  0.051 0.0000000000
79667  25.555  -3.350  0.661 0.0000000000
79654  25.948  -3.071  1.350 0.0000000000
80472  26.095  -2.279  1.388 0.0000000000
124122  26.390  -2.789  1.833 0.0000000000
80462  26.800  -2.946  2.465 0.0000000000
83453  23.976  1.235  -3.208 0.0000000000
85616  21.371  4.739  -7.058 0.0000000000
85611  21.861  4.295  -6.024 0.0000000000
84890  23.180  2.771  -4.733 0.0000000000
130212  23.890  2.730  -4.087 0.0000000000
85603  24.110  3.050  -5.443 0.0000000000
83460  24.334  1.958  -3.309 0.0000000000
132552  24.561  1.595  -2.896 0.0000000000
116845  25.050  1.688  -2.322 0.0000000000
84154  25.427  2.397  -1.610 0.0000000000
84873  25.329  3.611  -2.704 0.0000000000
84858  25.981  3.051  -1.020 0.0000000000
84146  25.958  2.933  -0.032 0.0000000000
67140  23.539  -18.591  2.231 0.0000000000
67139  24.311  -18.331  2.630 0.0000000000
68872  24.977  -16.077  0.854 0.0000000000
68863  24.586  -16.666  0.976 0.0000000000
68029  24.538  -17.629  2.177 0.0000000000
74057  26.230  -10.471  1.408 0.0000000000
73281  26.634  -11.265  1.679 0.0000000000
74045  27.857  -10.909  2.623 0.0000000000
73273  27.060  -11.741  2.170 0.0000000000
72441  26.918  -12.318  2.225 0.0000000000
72440  27.385  -12.642  2.797 0.0000000000
67153  23.166  -17.984  1.375 0.0000000000
74065  25.218  -10.411  0.378 0.0000000000
81998  26.365  -0.484  1.573 0.0000000000
110132  25.020  -13.004  0.573 0.0000000000
116917  23.420  -19.773  3.044 0.0000000000
121117  26.407  -1.145  1.792 0.0000000000
129067  23.753  3.952  -8.978 0.0000000000
