#!ascii label  , from subject sub-v1s8x0051348_ses-1 vox2ras=TkReg
935
83592  -48.500  28.756  37.562 0.0000000000
90314  -40.555  40.807  29.356 0.0000000000
87748  -37.445  36.597  36.620 0.0000000000
88425  -44.909  37.793  38.745 0.0000000000
90893  -46.431  40.856  29.865 0.0000000000
91403  -43.968  43.508  35.932 0.0000000000
89748  -46.974  39.514  34.469 0.0000000000
87761  -41.109  36.578  35.841 0.0000000000
83056  -37.716  28.497  35.969 0.0000000000
84805  -42.212  31.163  39.063 0.0000000000
91479  -35.525  42.583  23.471 0.0000000000
125068  -41.512  39.018  25.922 0.0000000000
87182  -48.650  35.566  26.801 0.0000000000
85861  -42.828  33.139  43.269 0.0000000000
90807  -38.242  41.946  34.592 0.0000000000
107386  -42.718  37.935  38.682 0.0000000000
85360  -45.726  33.071  40.910 0.0000000000
85391  -42.741  32.719  36.456 0.0000000000
84850  -39.633  31.436  33.759 0.0000000000
83620  -49.705  29.171  34.895 0.0000000000
89190  -49.518  37.488  30.826 0.0000000000
90283  -48.531  40.122  32.621 0.0000000000
89764  -47.465  38.603  32.299 0.0000000000
90275  -44.019  40.143  33.098 0.0000000000
84193  -39.814  30.679  37.165 0.0000000000
103606  -38.377  30.722  40.037 0.0000000000
110683  -32.795  44.082  23.329 0.0000000000
88574  -44.679  37.567  26.486 0.0000000000
85872  -40.039  33.091  41.638 0.0000000000
86488  -40.451  34.714  39.545 0.0000000000
90321  -37.495  40.803  28.792 0.0000000000
90857  -39.727  41.080  31.860 0.0000000000
90240  -45.524  40.934  39.016 0.0000000000
90246  -42.659  41.131  37.029 0.0000000000
89095  -45.920  39.271  41.068 0.0000000000
104015  -46.265  37.758  42.251 0.0000000000
86490  -44.124  35.466  40.034 0.0000000000
85385  -44.319  32.576  37.873 0.0000000000
86499  -42.743  34.958  38.434 0.0000000000
119743  -39.897  33.969  35.326 0.0000000000
90890  -43.930  42.139  29.018 0.0000000000
90845  -42.584  41.690  32.418 0.0000000000
90863  -45.300  42.212  31.883 0.0000000000
90800  -46.539  41.602  35.597 0.0000000000
89718  -45.619  39.482  36.513 0.0000000000
88437  -42.844  37.270  36.662 0.0000000000
89143  -43.369  38.993  34.945 0.0000000000
89146  -40.775  37.943  33.709 0.0000000000
83060  -40.911  28.442  35.348 0.0000000000
84210  -43.114  30.276  36.880 0.0000000000
119508  -45.025  30.593  38.432 0.0000000000
91459  -31.773  42.606  26.479 0.0000000000
90926  -34.613  41.421  26.564 0.0000000000
90929  -38.106  41.708  26.325 0.0000000000
90332  -41.161  41.589  26.912 0.0000000000
89198  -44.057  39.697  27.501 0.0000000000
88534  -47.642  38.020  28.259 0.0000000000
87157  -49.699  35.550  29.773 0.0000000000
85976  -49.692  33.777  27.532 0.0000000000
84132  -40.002  30.653  43.171 0.0000000000
84772  -43.151  31.335  42.048 0.0000000000
84774  -46.015  30.964  42.258 0.0000000000
89127  -38.150  38.761  35.602 0.0000000000
91412  -41.102  42.288  34.758 0.0000000000
89702  -40.430  39.651  36.538 0.0000000000
87738  -40.154  36.731  37.534 0.0000000000
87082  -42.505  36.038  40.237 0.0000000000
86461  -47.161  34.887  43.586 0.0000000000
85373  -48.985  31.342  40.385 0.0000000000
84817  -47.041  31.571  37.369 0.0000000000
84842  -45.519  31.428  34.646 0.0000000000
84871  -42.928  31.179  32.928 0.0000000000
86521  -41.212  34.554  36.701 0.0000000000
85407  -41.406  32.359  34.853 0.0000000000
84259  -41.160  30.284  31.884 0.0000000000
83606  -47.487  28.832  37.089 0.0000000000
83066  -48.751  27.882  36.204 0.0000000000
83047  -49.720  29.031  36.998 0.0000000000
88489  -49.105  36.891  31.359 0.0000000000
89163  -48.944  37.844  32.253 0.0000000000
89174  -47.419  38.040  31.087 0.0000000000
89773  -45.655  39.361  30.912 0.0000000000
87102  -39.262  35.785  37.760 0.0000000000
110657  -38.826  40.807  28.980 0.0000000000
89109  -46.283  39.516  39.818 0.0000000000
90234  -45.704  40.472  39.627 0.0000000000
88417  -46.241  38.939  40.573 0.0000000000
88409  -46.210  38.936  41.471 0.0000000000
87730  -44.408  36.736  39.380 0.0000000000
87095  -43.657  35.687  39.301 0.0000000000
87094  -43.239  35.853  38.377 0.0000000000
90891  -44.816  41.763  29.583 0.0000000000
114808  -44.343  42.004  30.582 0.0000000000
90878  -45.734  41.648  30.424 0.0000000000
89737  -48.043  39.668  34.336 0.0000000000
90810  -47.534  40.845  34.547 0.0000000000
90256  -47.037  40.382  35.451 0.0000000000
124860  -46.412  40.499  37.169 0.0000000000
107361  -45.738  39.616  35.525 0.0000000000
89131  -43.728  38.710  35.843 0.0000000000
89734  -44.720  39.616  34.800 0.0000000000
89745  -42.742  39.319  33.404 0.0000000000
84178  -41.044  31.058  38.047 0.0000000000
84208  -41.242  30.308  36.628 0.0000000000
84196  -42.494  30.641  37.548 0.0000000000
84198  -44.181  30.643  37.997 0.0000000000
84181  -43.545  30.804  38.573 0.0000000000
91945  -34.035  43.091  23.289 0.0000000000
91471  -33.456  42.402  24.741 0.0000000000
91466  -35.133  42.009  24.974 0.0000000000
104716  -36.480  41.456  26.784 0.0000000000
91468  -36.989  42.125  25.285 0.0000000000
89802  -40.185  39.782  25.271 0.0000000000
90340  -40.031  41.250  25.952 0.0000000000
89798  -41.328  39.841  26.330 0.0000000000
90334  -42.757  41.219  27.442 0.0000000000
89800  -43.254  39.290  27.155 0.0000000000
87845  -45.923  36.587  26.440 0.0000000000
88555  -45.972  37.906  27.234 0.0000000000
87829  -47.525  36.782  27.401 0.0000000000
87819  -49.664  36.364  29.055 0.0000000000
87831  -49.927  35.512  28.873 0.0000000000
86563  -49.780  34.672  28.670 0.0000000000
87183  -49.616  35.036  27.212 0.0000000000
85883  -35.244  32.921  40.519 0.0000000000
111697  -34.780  32.145  41.823 0.0000000000
85327  -36.798  31.880  42.628 0.0000000000
84116  -38.727  30.555  43.364 0.0000000000
121789  -38.166  32.134  42.702 0.0000000000
85874  -41.475  33.378  42.136 0.0000000000
119010  -41.123  31.668  43.012 0.0000000000
84756  -42.749  31.820  43.570 0.0000000000
84773  -44.869  30.785  42.432 0.0000000000
85316  -44.068  32.382  43.501 0.0000000000
103471  -36.825  41.787  34.098 0.0000000000
90250  -36.944  40.133  35.079 0.0000000000
90251  -37.804  40.456  35.212 0.0000000000
90827  -43.204  42.182  33.304 0.0000000000
121818  -41.345  41.986  33.481 0.0000000000
91413  -42.350  42.550  35.150 0.0000000000
89107  -42.797  38.916  37.933 0.0000000000
89703  -41.834  40.216  36.821 0.0000000000
89106  -41.590  38.780  37.574 0.0000000000
89113  -40.420  38.981  36.714 0.0000000000
88423  -41.238  38.032  37.748 0.0000000000
87093  -41.493  36.115  39.296 0.0000000000
87720  -42.051  36.758  39.500 0.0000000000
85875  -45.970  34.973  42.084 0.0000000000
87071  -46.524  36.995  43.041 0.0000000000
85876  -47.129  34.737  42.648 0.0000000000
103632  -48.000  32.801  42.306 0.0000000000
85361  -47.972  32.541  40.909 0.0000000000
84809  -48.604  31.467  38.678 0.0000000000
85380  -46.637  31.847  38.872 0.0000000000
120315  -43.766  32.602  37.401 0.0000000000
85394  -45.190  32.038  36.706 0.0000000000
84830  -44.043  31.791  35.090 0.0000000000
84855  -44.282  31.365  33.681 0.0000000000
85409  -43.175  32.005  34.976 0.0000000000
88436  -41.821  37.008  36.333 0.0000000000
87103  -41.791  35.763  37.270 0.0000000000
87116  -40.853  35.716  36.057 0.0000000000
85405  -39.602  32.793  34.677 0.0000000000
112503  -40.530  32.555  34.803 0.0000000000
84851  -40.617  31.492  33.678 0.0000000000
84869  -41.139  31.039  32.927 0.0000000000
84868  -40.131  30.923  33.112 0.0000000000
83642  -39.315  29.567  31.070 0.0000000000
83063  -44.407  28.441  35.612 0.0000000000
83623  -48.773  29.403  33.637 0.0000000000
89779  -48.057  39.394  30.253 0.0000000000
90293  -47.310  40.812  30.944 0.0000000000
90306  -48.850  39.172  31.815 0.0000000000
89149  -48.989  38.813  33.421 0.0000000000
89756  -47.321  39.258  33.718 0.0000000000
90276  -45.132  40.012  33.554 0.0000000000
90292  -45.136  40.065  31.984 0.0000000000
83599  -39.038  29.742  35.860 0.0000000000
120539  -38.177  30.361  37.071 0.0000000000
84792  -39.884  31.257  39.596 0.0000000000
91949  -34.803  43.306  22.260 0.0000000000
88572  -43.006  38.025  26.081 0.0000000000
87195  -47.167  35.484  25.577 0.0000000000
86584  -48.967  34.930  25.510 0.0000000000
85870  -38.163  32.720  41.657 0.0000000000
86476  -39.809  34.155  39.882 0.0000000000
86478  -41.463  34.085  41.087 0.0000000000
90823  -38.898  41.922  33.479 0.0000000000
90789  -44.792  42.361  37.553 0.0000000000
107427  -43.144  42.257  36.884 0.0000000000
90239  -44.833  41.183  38.761 0.0000000000
89688  -44.174  39.494  39.023 0.0000000000
88415  -43.885  38.463  39.714 0.0000000000
88407  -44.306  38.167  40.402 0.0000000000
88400  -46.146  38.912  41.592 0.0000000000
103237  -46.285  37.949  41.686 0.0000000000
85890  -44.427  34.195  40.454 0.0000000000
85904  -45.049  32.809  39.174 0.0000000000
85903  -43.849  34.218  39.633 0.0000000000
85916  -43.183  33.668  38.739 0.0000000000
85927  -42.276  33.680  37.551 0.0000000000
87121  -40.339  35.249  35.602 0.0000000000
88431  -36.344  37.722  35.829 0.0000000000
90888  -42.316  42.034  28.514 0.0000000000
90874  -41.986  41.549  30.543 0.0000000000
90875  -42.849  41.661  30.397 0.0000000000
90846  -43.582  42.028  32.343 0.0000000000
91424  -44.768  42.964  33.895 0.0000000000
90848  -46.689  41.744  32.287 0.0000000000
91417  -46.024  42.654  34.213 0.0000000000
91416  -45.325  43.273  35.019 0.0000000000
90790  -45.498  42.077  37.483 0.0000000000
89699  -46.323  40.218  38.608 0.0000000000
89117  -45.685  38.891  38.193 0.0000000000
88424  -43.383  36.982  37.527 0.0000000000
89116  -44.415  38.361  37.185 0.0000000000
89115  -43.368  38.040  36.325 0.0000000000
89129  -41.879  38.025  35.131 0.0000000000
89746  -43.527  39.723  33.702 0.0000000000
89142  -42.463  38.568  34.590 0.0000000000
83601  -40.833  29.799  35.975 0.0000000000
83602  -41.726  29.779  36.050 0.0000000000
83615  -43.597  29.164  35.636 0.0000000000
105875  -44.719  29.703  36.277 0.0000000000
84199  -45.625  30.218  37.766 0.0000000000
84184  -46.924  29.735  38.842 0.0000000000
90911  -32.330  41.597  27.602 0.0000000000
90925  -33.178  41.640  26.387 0.0000000000
90913  -34.063  41.125  27.557 0.0000000000
90900  -36.274  41.031  28.155 0.0000000000
90901  -37.700  41.102  27.975 0.0000000000
90323  -39.303  41.150  28.224 0.0000000000
90944  -37.591  41.891  24.237 0.0000000000
90930  -38.807  41.707  25.981 0.0000000000
123149  -40.112  41.666  26.918 0.0000000000
90904  -41.123  41.719  27.642 0.0000000000
90906  -42.740  42.290  27.961 0.0000000000
90326  -43.894  41.317  28.209 0.0000000000
90328  -45.667  40.353  28.865 0.0000000000
89207  -44.317  38.235  26.901 0.0000000000
89193  -45.784  39.202  27.881 0.0000000000
89194  -46.815  38.995  28.483 0.0000000000
89195  -48.267  38.336  29.079 0.0000000000
88514  -49.522  36.693  30.622 0.0000000000
87163  -49.155  35.008  29.460 0.0000000000
86569  -48.737  34.122  28.179 0.0000000000
86586  -50.596  34.196  25.622 0.0000000000
112667  -39.550  30.594  41.580 0.0000000000
84783  -41.178  31.327  40.964 0.0000000000
85331  -40.369  31.426  43.206 0.0000000000
123832  -41.562  31.308  42.261 0.0000000000
84795  -42.504  31.191  40.007 0.0000000000
84151  -44.168  30.852  40.382 0.0000000000
123525  -45.774  30.418  40.785 0.0000000000
84168  -47.425  30.127  39.745 0.0000000000
88450  -37.821  37.917  35.920 0.0000000000
108712  -40.874  41.650  32.350 0.0000000000
91421  -39.936  42.386  33.916 0.0000000000
91399  -39.638  42.344  35.095 0.0000000000
90796  -41.569  41.811  35.895 0.0000000000
90254  -40.827  41.307  36.000 0.0000000000
90253  -39.459  41.067  35.718 0.0000000000
89715  -39.228  39.937  35.731 0.0000000000
88434  -39.161  37.809  36.477 0.0000000000
106385  -39.174  36.524  37.273 0.0000000000
87726  -40.099  35.916  38.074 0.0000000000
105815  -41.058  35.328  39.284 0.0000000000
86470  -42.652  34.957  41.456 0.0000000000
87075  -45.630  37.565  42.330 0.0000000000
87068  -44.030  35.907  42.020 0.0000000000
85862  -44.097  33.876  43.192 0.0000000000
85319  -47.249  32.905  43.875 0.0000000000
84142  -48.492  30.858  41.504 0.0000000000
84171  -49.447  30.101  39.201 0.0000000000
84201  -49.555  30.370  37.777 0.0000000000
84213  -48.552  30.883  36.338 0.0000000000
84220  -47.605  30.953  34.527 0.0000000000
84816  -46.070  31.882  37.022 0.0000000000
84833  -46.628  31.486  35.689 0.0000000000
84227  -45.844  30.686  33.592 0.0000000000
84226  -44.855  30.854  33.282 0.0000000000
84245  -43.825  30.327  32.280 0.0000000000
87739  -42.789  36.145  37.644 0.0000000000
86512  -42.079  34.586  37.826 0.0000000000
85933  -41.952  33.365  36.701 0.0000000000
85938  -40.538  33.650  35.697 0.0000000000
85939  -41.306  33.316  36.048 0.0000000000
85408  -42.288  32.189  34.872 0.0000000000
84853  -42.446  31.510  33.575 0.0000000000
84243  -41.716  30.766  32.357 0.0000000000
83591  -47.541  29.295  38.004 0.0000000000
83054  -49.509  28.424  36.482 0.0000000000
83046  -49.352  28.818  37.344 0.0000000000
88513  -48.747  36.513  30.763 0.0000000000
88488  -48.219  37.217  30.977 0.0000000000
89188  -46.748  37.960  30.186 0.0000000000
87090  -38.608  35.223  38.060 0.0000000000
87101  -38.474  35.874  37.444 0.0000000000
90313  -39.592  40.744  29.140 0.0000000000
90302  -39.701  40.615  30.182 0.0000000000
90303  -40.666  40.765  30.233 0.0000000000
88426  -46.190  39.031  39.902 0.0000000000
88416  -45.137  37.634  39.484 0.0000000000
87729  -43.799  36.831  38.476 0.0000000000
90892  -45.692  41.325  29.858 0.0000000000
123272  -45.302  41.701  30.031 0.0000000000
90879  -46.458  41.188  30.354 0.0000000000
89749  -47.933  39.351  34.103 0.0000000000
90266  -47.705  40.167  34.855 0.0000000000
89736  -47.328  39.740  34.837 0.0000000000
89720  -46.609  39.894  35.578 0.0000000000
119688  -46.564  39.593  35.065 0.0000000000
89735  -45.669  39.661  34.543 0.0000000000
83610  -38.728  29.134  35.647 0.0000000000
84804  -41.341  31.277  38.920 0.0000000000
84179  -41.928  30.992  38.195 0.0000000000
84180  -42.766  30.900  38.370 0.0000000000
84806  -43.031  31.022  39.237 0.0000000000
91478  -34.655  42.675  23.605 0.0000000000
91472  -34.400  42.345  24.401 0.0000000000
91473  -35.434  42.476  24.235 0.0000000000
122554  -36.443  41.997  25.426 0.0000000000
91467  -36.221  42.254  24.872 0.0000000000
89210  -40.560  38.891  24.898 0.0000000000
89803  -40.894  39.309  25.632 0.0000000000
89797  -40.679  40.053  25.878 0.0000000000
89799  -42.253  40.013  27.035 0.0000000000
89204  -41.951  39.171  26.405 0.0000000000
87181  -47.499  35.793  26.432 0.0000000000
87846  -46.909  36.401  26.725 0.0000000000
87847  -48.058  36.083  27.216 0.0000000000
87830  -48.971  36.356  28.013 0.0000000000
87172  -49.369  35.660  27.731 0.0000000000
85898  -35.712  33.316  39.803 0.0000000000
85359  -36.378  33.029  41.078 0.0000000000
85342  -36.413  32.499  41.819 0.0000000000
106208  -37.363  32.345  42.257 0.0000000000
85860  -41.932  33.106  43.005 0.0000000000
85333  -42.344  32.367  43.375 0.0000000000
121881  -42.841  32.253  43.591 0.0000000000
84736  -43.280  31.881  43.644 0.0000000000
85851  -43.575  32.740  43.427 0.0000000000
115156  -37.740  41.876  34.172 0.0000000000
90806  -37.494  41.681  34.450 0.0000000000
90265  -37.289  41.045  34.820 0.0000000000
90793  -38.118  41.566  35.026 0.0000000000
91414  -43.508  43.031  35.149 0.0000000000
91423  -42.796  42.475  34.295 0.0000000000
91402  -43.291  42.969  35.805 0.0000000000
89695  -42.152  39.508  37.373 0.0000000000
89099  -42.065  38.320  38.222 0.0000000000
88414  -41.710  37.676  38.461 0.0000000000
88406  -42.696  37.444  39.183 0.0000000000
85346  -46.075  33.881  41.737 0.0000000000
85347  -47.243  33.375  41.850 0.0000000000
103405  -46.815  32.577  40.652 0.0000000000
85372  -46.895  31.988  39.863 0.0000000000
85371  -45.848  32.447  39.798 0.0000000000
85392  -43.640  32.478  36.727 0.0000000000
85393  -44.399  32.187  36.315 0.0000000000
85401  -43.581  32.251  35.812 0.0000000000
87751  -41.490  36.223  36.579 0.0000000000
85415  -39.130  32.065  34.267 0.0000000000
84836  -40.102  32.031  34.299 0.0000000000
84224  -39.090  30.719  33.233 0.0000000000
84241  -39.619  30.348  32.491 0.0000000000
83616  -45.085  29.070  35.765 0.0000000000
83624  -49.447  28.777  34.203 0.0000000000
83619  -49.057  29.639  34.231 0.0000000000
89780  -49.176  38.285  30.851 0.0000000000
89775  -48.974  38.680  31.342 0.0000000000
89162  -48.176  38.003  32.084 0.0000000000
89155  -48.980  38.392  32.948 0.0000000000
89765  -48.435  38.263  32.788 0.0000000000
89757  -48.450  38.778  33.478 0.0000000000
103495  -47.420  38.844  32.963 0.0000000000
90282  -46.045  39.567  33.002 0.0000000000
89763  -46.228  39.441  31.868 0.0000000000
105505  -45.177  39.752  31.311 0.0000000000
84191  -37.524  30.382  37.454 0.0000000000
84802  -39.600  31.208  38.632 0.0000000000
106962  -33.704  44.305  22.131 0.0000000000
87194  -46.121  35.681  25.272 0.0000000000
87207  -46.839  35.249  24.617 0.0000000000
87217  -46.571  35.112  23.496 0.0000000000
87079  -39.628  34.649  39.145 0.0000000000
86477  -40.587  34.175  40.329 0.0000000000
90320  -36.557  40.681  28.971 0.0000000000
90842  -39.294  41.463  32.675 0.0000000000
90782  -44.816  41.804  38.213 0.0000000000
89689  -45.689  40.133  40.170 0.0000000000
89697  -44.569  40.302  38.957 0.0000000000
89101  -45.278  39.471  40.357 0.0000000000
89094  -45.183  39.121  40.884 0.0000000000
88408  -45.847  39.015  41.526 0.0000000000
87083  -45.292  37.009  40.533 0.0000000000
87722  -46.293  38.629  41.507 0.0000000000
87084  -45.444  36.671  41.111 0.0000000000
112301  -45.632  36.382  41.507 0.0000000000
86479  -44.557  35.154  40.608 0.0000000000
86500  -43.289  34.649  39.018 0.0000000000
85915  -42.599  34.154  38.338 0.0000000000
85928  -42.808  33.465  38.072 0.0000000000
90889  -43.106  42.180  28.635 0.0000000000
111986  -42.555  41.776  29.475 0.0000000000
114346  -43.423  41.931  29.566 0.0000000000
90862  -44.788  42.150  31.154 0.0000000000
90861  -43.894  42.011  31.317 0.0000000000
91434  -44.443  42.257  32.099 0.0000000000
111126  -44.151  42.412  33.120 0.0000000000
91435  -45.015  42.447  32.844 0.0000000000
90294  -48.257  40.091  31.734 0.0000000000
90865  -47.460  40.926  31.859 0.0000000000
90849  -47.760  40.900  32.861 0.0000000000
90809  -46.741  41.758  34.737 0.0000000000
90828  -46.903  41.688  33.917 0.0000000000
91406  -46.083  42.544  35.052 0.0000000000
91405  -45.642  42.727  35.843 0.0000000000
91397  -45.107  42.754  36.781 0.0000000000
90799  -45.971  41.919  36.617 0.0000000000
89706  -46.359  39.885  37.413 0.0000000000
89705  -46.000  39.368  37.751 0.0000000000
89704  -44.822  38.874  36.705 0.0000000000
89130  -42.847  38.294  35.410 0.0000000000
104189  -42.337  37.648  35.906 0.0000000000
89747  -44.391  39.955  34.029 0.0000000000
89147  -41.384  38.634  33.424 0.0000000000
89148  -42.166  38.848  33.814 0.0000000000
84206  -39.415  30.225  36.415 0.0000000000
83600  -39.910  29.779  35.892 0.0000000000
84207  -40.332  30.289  36.529 0.0000000000
84209  -42.161  30.279  36.726 0.0000000000
83603  -42.745  29.701  36.022 0.0000000000
83604  -43.795  29.849  36.190 0.0000000000
124324  -44.847  30.453  37.598 0.0000000000
84183  -45.939  30.265  38.562 0.0000000000
91932  -31.573  43.497  26.276 0.0000000000
91930  -31.282  43.612  27.120 0.0000000000
118950  -31.411  43.006  26.897 0.0000000000
90910  -31.666  41.980  27.539 0.0000000000
91457  -31.979  41.980  26.915 0.0000000000
92842  -31.860  45.486  23.992 0.0000000000
91943  -32.501  43.905  23.850 0.0000000000
91465  -34.150  41.880  25.183 0.0000000000
91461  -33.277  41.962  25.571 0.0000000000
90936  -33.966  41.631  26.016 0.0000000000
107650  -33.901  41.463  26.817 0.0000000000
118138  -34.386  41.269  27.057 0.0000000000
106565  -34.959  41.064  27.263 0.0000000000
90914  -35.948  41.212  27.365 0.0000000000
90928  -37.270  41.626  26.609 0.0000000000
90915  -36.937  41.288  27.487 0.0000000000
90916  -37.890  41.441  27.148 0.0000000000
90902  -38.559  41.331  27.657 0.0000000000
90939  -37.796  41.954  25.051 0.0000000000
90940  -38.602  41.654  25.278 0.0000000000
90932  -40.398  41.527  26.628 0.0000000000
90919  -40.840  41.751  27.081 0.0000000000
90903  -40.184  41.493  27.556 0.0000000000
90920  -41.604  41.905  27.350 0.0000000000
90905  -41.990  42.145  27.795 0.0000000000
90921  -42.362  42.062  27.584 0.0000000000
90335  -43.588  40.839  27.710 0.0000000000
89792  -44.389  40.303  27.938 0.0000000000
90327  -44.753  40.787  28.572 0.0000000000
89785  -45.191  39.894  28.218 0.0000000000
88573  -43.841  37.738  26.310 0.0000000000
88556  -46.985  37.554  27.582 0.0000000000
89201  -46.413  38.427  27.748 0.0000000000
88536  -49.674  36.403  30.001 0.0000000000
87809  -49.572  36.086  30.334 0.0000000000
87808  -49.218  36.005  30.414 0.0000000000
87156  -49.569  35.567  29.914 0.0000000000
86571  -49.815  34.338  27.978 0.0000000000
86570  -49.526  34.225  28.254 0.0000000000
85975  -48.871  33.698  27.597 0.0000000000
85974  -47.960  33.667  27.466 0.0000000000
85983  -49.005  33.374  26.811 0.0000000000
86585  -49.904  34.723  25.538 0.0000000000
84129  -37.551  29.861  42.866 0.0000000000
84131  -39.443  30.522  43.308 0.0000000000
84138  -39.518  30.392  42.719 0.0000000000
84782  -40.265  31.057  40.977 0.0000000000
84769  -40.842  30.996  42.138 0.0000000000
85871  -39.156  32.829  41.695 0.0000000000
85344  -39.801  32.338  42.739 0.0000000000
118754  -42.066  31.556  42.654 0.0000000000
84755  -41.558  31.633  42.918 0.0000000000
84771  -42.415  31.389  41.989 0.0000000000
84784  -42.016  31.450  40.963 0.0000000000
84785  -42.856  31.340  41.008 0.0000000000
84796  -43.327  31.021  40.177 0.0000000000
84786  -43.644  31.071  41.246 0.0000000000
84139  -45.381  30.506  41.554 0.0000000000
84153  -46.545  30.365  40.348 0.0000000000
84140  -46.610  30.657  41.405 0.0000000000
89713  -37.566  39.437  35.365 0.0000000000
89126  -37.319  38.580  35.567 0.0000000000
90860  -42.406  41.596  31.391 0.0000000000
90859  -41.478  41.511  31.649 0.0000000000
122300  -41.969  41.612  32.004 0.0000000000
114516  -41.729  42.171  34.223 0.0000000000
90825  -40.594  42.015  33.165 0.0000000000
91422  -40.765  42.253  34.029 0.0000000000
91411  -40.165  42.414  34.585 0.0000000000
90797  -42.527  42.500  36.011 0.0000000000
90244  -40.825  40.409  36.463 0.0000000000
119373  -40.199  40.982  36.051 0.0000000000
90795  -40.092  41.752  35.606 0.0000000000
89716  -39.987  40.224  36.170 0.0000000000
88422  -40.461  37.680  37.310 0.0000000000
88435  -39.984  38.231  36.654 0.0000000000
87750  -39.638  37.329  36.951 0.0000000000
122801  -39.673  36.227  37.634 0.0000000000
107674  -41.995  36.247  39.752 0.0000000000
87081  -41.689  35.588  39.845 0.0000000000
87073  -42.087  35.271  40.631 0.0000000000
88399  -45.530  38.647  41.561 0.0000000000
88398  -43.990  37.513  40.649 0.0000000000
87715  -44.981  37.879  41.657 0.0000000000
86460  -46.792  36.105  43.293 0.0000000000
87069  -45.549  36.690  42.860 0.0000000000
86459  -46.268  36.087  43.461 0.0000000000
86466  -44.733  35.274  43.049 0.0000000000
85853  -46.302  34.840  43.775 0.0000000000
104243  -45.811  33.491  43.812 0.0000000000
85854  -46.792  33.851  44.043 0.0000000000
85362  -48.474  32.169  41.390 0.0000000000
84761  -48.312  32.004  42.729 0.0000000000
84143  -48.888  30.913  41.020 0.0000000000
84154  -48.872  30.556  40.701 0.0000000000
84156  -49.293  30.600  39.891 0.0000000000
118732  -49.703  29.920  38.234 0.0000000000
84185  -49.541  30.492  38.538 0.0000000000
84818  -48.108  31.257  37.757 0.0000000000
84828  -48.952  30.932  37.261 0.0000000000
84827  -47.826  31.315  36.843 0.0000000000
84216  -48.160  30.896  35.417 0.0000000000
84834  -47.539  31.328  35.971 0.0000000000
103971  -44.902  32.582  38.385 0.0000000000
85379  -45.717  32.300  38.688 0.0000000000
85386  -45.266  32.231  37.632 0.0000000000
84824  -45.079  31.852  35.954 0.0000000000
84825  -45.894  31.662  36.236 0.0000000000
84832  -45.740  31.555  35.438 0.0000000000
84843  -46.546  31.324  34.823 0.0000000000
84219  -46.159  31.085  34.186 0.0000000000
84856  -45.216  31.250  33.920 0.0000000000
84854  -43.352  31.439  33.584 0.0000000000
84225  -43.889  31.038  32.893 0.0000000000
115789  -43.237  30.755  32.443 0.0000000000
84261  -43.018  30.219  31.833 0.0000000000
86511  -41.583  35.002  37.356 0.0000000000
85926  -41.633  34.197  37.204 0.0000000000
121083  -41.330  33.872  36.607 0.0000000000
86524  -40.331  34.411  35.744 0.0000000000
85399  -40.914  32.928  35.398 0.0000000000
105953  -41.748  32.644  35.485 0.0000000000
84838  -41.937  31.906  34.224 0.0000000000
123437  -41.161  30.626  32.398 0.0000000000
84260  -42.083  30.325  31.776 0.0000000000
83052  -46.603  28.870  36.522 0.0000000000
82498  -48.669  27.521  35.348 0.0000000000
88490  -49.429  37.080  31.159 0.0000000000
88475  -49.284  37.422  31.761 0.0000000000
89175  -48.713  37.384  31.744 0.0000000000
89774  -46.798  38.758  31.393 0.0000000000
87091  -39.427  35.233  38.448 0.0000000000
90312  -38.129  40.719  29.315 0.0000000000
112698  -38.833  40.639  29.717 0.0000000000
89691  -45.986  40.476  39.610 0.0000000000
89690  -46.058  40.091  40.119 0.0000000000
89102  -46.029  39.624  40.458 0.0000000000
87731  -46.056  38.220  40.681 0.0000000000
113588  -44.237  41.901  29.874 0.0000000000
90877  -45.017  41.950  30.326 0.0000000000
103446  -45.561  41.964  31.055 0.0000000000
90278  -48.635  39.876  33.518 0.0000000000
90829  -47.793  40.809  33.784 0.0000000000
90267  -48.240  40.032  34.282 0.0000000000
120387  -47.218  40.907  35.110 0.0000000000
90255  -46.482  40.682  36.342 0.0000000000
89719  -46.315  39.874  36.439 0.0000000000
89717  -44.479  39.305  35.486 0.0000000000
89733  -43.863  39.605  34.497 0.0000000000
105405  -43.216  39.649  33.040 0.0000000000
83612  -40.406  29.186  35.512 0.0000000000
84194  -40.712  30.724  37.260 0.0000000000
84195  -41.610  30.690  37.390 0.0000000000
84197  -43.366  30.623  37.731 0.0000000000
84182  -44.231  30.723  38.772 0.0000000000
113637  -31.590  44.385  25.819 0.0000000000
91944  -33.232  43.499  23.411 0.0000000000
91940  -32.812  43.082  24.350 0.0000000000
91477  -33.691  42.765  23.903 0.0000000000
90937  -34.881  41.725  25.796 0.0000000000
90927  -35.612  41.438  26.462 0.0000000000
118536  -35.822  41.829  25.577 0.0000000000
90938  -36.606  41.780  26.000 0.0000000000
103227  -37.537  41.889  25.804 0.0000000000
89805  -39.544  39.930  24.752 0.0000000000
90941  -39.322  41.426  25.588 0.0000000000
90348  -40.257  40.594  25.741 0.0000000000
90341  -40.720  40.833  26.357 0.0000000000
90342  -41.456  40.822  26.753 0.0000000000
90333  -41.923  41.455  27.170 0.0000000000
89791  -43.179  40.189  27.423 0.0000000000
88575  -45.519  37.375  26.728 0.0000000000
88576  -46.422  37.095  26.994 0.0000000000
88557  -48.326  37.136  28.132 0.0000000000
87164  -49.802  35.022  29.217 0.0000000000
87173  -49.887  34.838  28.323 0.0000000000
87184  -49.994  34.400  27.341 0.0000000000
85897  -34.929  33.061  39.527 0.0000000000
85370  -34.357  32.669  40.062 0.0000000000
104282  -35.167  32.652  41.295 0.0000000000
84734  -37.167  30.644  43.327 0.0000000000
85328  -37.676  31.424  43.141 0.0000000000
84752  -38.540  30.981  43.545 0.0000000000
84753  -39.254  30.915  43.515 0.0000000000
85873  -40.907  33.168  41.829 0.0000000000
85345  -40.600  32.413  42.727 0.0000000000
85859  -41.275  32.596  42.724 0.0000000000
85332  -41.763  32.177  43.102 0.0000000000
107778  -42.703  31.471  42.913 0.0000000000
116706  -43.906  31.007  42.554 0.0000000000
84757  -43.401  31.515  43.375 0.0000000000
84758  -44.326  31.344  43.085 0.0000000000
84759  -45.646  31.568  43.115 0.0000000000
123745  -36.782  40.773  34.760 0.0000000000
89714  -38.411  39.683  35.468 0.0000000000
90826  -42.221  41.872  33.407 0.0000000000
121162  -42.645  40.205  37.338 0.0000000000
89114  -41.105  39.423  36.970 0.0000000000
89105  -40.757  38.544  37.200 0.0000000000
88413  -40.999  37.188  37.885 0.0000000000
87727  -40.742  36.494  38.125 0.0000000000
87728  -41.470  36.815  38.726 0.0000000000
87721  -42.806  36.605  39.929 0.0000000000
86472  -46.388  36.873  42.397 0.0000000000
87070  -46.269  37.342  42.546 0.0000000000
86473  -46.886  36.086  42.940 0.0000000000
85863  -47.283  35.239  43.123 0.0000000000
85865  -47.906  33.707  43.129 0.0000000000
85877  -47.604  34.218  42.824 0.0000000000
84789  -48.507  31.928  40.544 0.0000000000
84798  -48.741  31.594  39.670 0.0000000000
84788  -48.177  32.164  39.998 0.0000000000
84797  -47.810  31.796  39.223 0.0000000000
84808  -47.322  31.527  38.294 0.0000000000
109571  -44.437  32.361  37.086 0.0000000000
85402  -44.396  31.959  35.685 0.0000000000
84831  -44.884  31.669  35.220 0.0000000000
84841  -44.604  31.540  34.450 0.0000000000
84840  -43.710  31.645  34.327 0.0000000000
87752  -42.325  36.537  36.964 0.0000000000
87117  -41.247  35.359  36.700 0.0000000000
85406  -40.148  33.236  35.174 0.0000000000
84837  -41.034  31.952  34.286 0.0000000000
84852  -41.555  31.536  33.597 0.0000000000
84242  -40.572  30.518  32.435 0.0000000000
84258  -40.141  29.958  31.730 0.0000000000
106326  -39.198  29.858  31.857 0.0000000000
89778  -46.907  40.310  29.513 0.0000000000
90304  -47.196  40.525  30.217 0.0000000000
90305  -48.087  39.832  30.991 0.0000000000
90295  -49.041  39.213  32.554 0.0000000000
109713  -49.219  38.216  32.266 0.0000000000
89766  -49.126  38.764  33.112 0.0000000000
89751  -49.046  39.112  33.473 0.0000000000
89750  -48.624  39.269  33.848 0.0000000000
90277  -46.269  39.606  33.923 0.0000000000
90281  -44.841  40.133  32.728 0.0000000000
83598  -38.253  29.560  36.039 0.0000000000
84205  -38.546  30.103  36.422 0.0000000000
84192  -38.931  30.527  37.124 0.0000000000
104557  -38.338  30.809  37.864 0.0000000000
104260  -39.281  30.977  37.846 0.0000000000
84177  -40.149  31.064  37.926 0.0000000000
84803  -40.447  31.297  38.786 0.0000000000
91947  -33.102  44.298  22.738 0.0000000000
91948  -33.980  43.638  22.657 0.0000000000
91484  -34.633  43.008  22.956 0.0000000000
123895  -35.017  42.738  23.182 0.0000000000
89212  -42.125  38.431  25.799 0.0000000000
87844  -45.076  36.907  26.101 0.0000000000
87861  -45.550  36.250  25.736 0.0000000000
87862  -46.449  35.950  26.112 0.0000000000
87196  -48.224  35.325  25.912 0.0000000000
86595  -48.110  34.897  24.931 0.0000000000
85902  -39.222  33.674  40.275 0.0000000000
85888  -39.929  33.672  40.645 0.0000000000
85889  -40.578  33.623  41.042 0.0000000000
110419  -42.098  33.987  42.156 0.0000000000
90822  -38.097  41.795  33.627 0.0000000000
91409  -38.637  42.211  34.290 0.0000000000
91396  -44.265  43.126  36.746 0.0000000000
90798  -43.619  42.987  36.497 0.0000000000
90788  -44.108  42.610  37.401 0.0000000000
90247  -43.922  41.779  37.772 0.0000000000
90238  -43.616  40.708  37.925 0.0000000000
89696  -43.251  39.776  37.992 0.0000000000
89100  -43.387  38.641  38.806 0.0000000000
87716  -46.145  38.287  41.928 0.0000000000
87076  -46.347  37.737  42.167 0.0000000000
86480  -45.209  35.044  41.259 0.0000000000
85891  -44.818  33.659  41.114 0.0000000000
121714  -45.189  33.096  40.020 0.0000000000
119248  -44.500  33.481  39.767 0.0000000000
85378  -44.108  33.053  38.803 0.0000000000
85384  -43.496  32.977  38.052 0.0000000000
85383  -42.989  32.930  37.336 0.0000000000
87760  -40.488  36.140  35.394 0.0000000000
87126  -39.989  35.664  34.936 0.0000000000
86523  -39.869  34.779  35.168 0.0000000000
85945  -39.563  33.539  34.927 0.0000000000
84849  -38.647  31.385  33.755 0.0000000000
90887  -41.573  41.315  29.622 0.0000000000
90876  -43.653  41.834  30.451 0.0000000000
109747  -43.127  41.677  31.718 0.0000000000
122175  -43.841  42.731  34.151 0.0000000000
91415  -44.479  43.471  34.989 0.0000000000
90864  -46.466  41.582  31.144 0.0000000000
117897  -46.005  42.050  31.710 0.0000000000
107107  -47.106  41.556  33.169 0.0000000000
91426  -46.362  42.243  33.217 0.0000000000
90847  -45.891  42.358  32.526 0.0000000000
91425  -45.553  42.694  33.514 0.0000000000
112710  -45.203  43.231  34.332 0.0000000000
91404  -44.691  43.402  35.916 0.0000000000
90783  -45.521  41.511  38.283 0.0000000000
116400  -46.059  41.327  37.469 0.0000000000
90248  -46.187  40.818  38.106 0.0000000000
90241  -45.892  40.835  38.939 0.0000000000
89698  -46.348  39.788  39.225 0.0000000000
89108  -45.293  38.402  38.496 0.0000000000
88438  -43.910  37.785  37.409 0.0000000000
122340  -43.970  38.516  36.470 0.0000000000
88453  -41.439  37.369  35.593 0.0000000000
89732  -43.014  39.163  34.132 0.0000000000
83613  -41.292  29.194  35.516 0.0000000000
83614  -42.712  28.836  35.491 0.0000000000
83062  -43.415  28.197  35.463 0.0000000000
121205  -44.362  29.335  35.773 0.0000000000
84211  -44.182  30.337  37.043 0.0000000000
84212  -45.231  30.032  36.977 0.0000000000
83605  -45.625  29.347  36.414 0.0000000000
83590  -46.311  29.542  37.214 0.0000000000
84200  -46.416  29.841  38.051 0.0000000000
91933  -32.044  42.881  25.710 0.0000000000
91464  -32.713  42.575  25.248 0.0000000000
91460  -32.452  42.109  26.124 0.0000000000
90924  -32.576  41.709  26.823 0.0000000000
90912  -33.197  41.454  27.228 0.0000000000
90898  -34.127  40.939  28.400 0.0000000000
123897  -34.700  40.890  27.982 0.0000000000
90319  -35.779  40.794  28.676 0.0000000000
118123  -36.990  40.932  28.276 0.0000000000
90322  -38.328  40.982  28.495 0.0000000000
90324  -40.344  41.130  28.421 0.0000000000
91474  -36.272  42.488  24.103 0.0000000000
91475  -36.996  42.215  24.586 0.0000000000
107983  -38.205  41.785  25.648 0.0000000000
90931  -39.584  41.605  26.404 0.0000000000
90917  -38.748  41.626  26.787 0.0000000000
90918  -39.420  41.561  27.236 0.0000000000
111090  -41.351  41.470  28.528 0.0000000000
90325  -43.131  41.943  27.732 0.0000000000
90907  -43.398  42.055  28.406 0.0000000000
90908  -44.296  41.771  28.887 0.0000000000
90315  -45.215  41.212  29.245 0.0000000000
123535  -46.299  40.382  29.233 0.0000000000
89206  -43.485  38.441  26.739 0.0000000000
120963  -43.957  38.848  27.204 0.0000000000
89199  -44.714  38.859  27.312 0.0000000000
88554  -45.133  38.129  27.045 0.0000000000
89200  -45.502  38.701  27.437 0.0000000000
89793  -44.968  39.463  27.630 0.0000000000
107735  -45.934  39.630  28.485 0.0000000000
89787  -47.525  39.315  29.278 0.0000000000
89189  -48.675  38.391  30.016 0.0000000000
88535  -49.053  37.340  29.036 0.0000000000
89196  -49.348  37.362  30.032 0.0000000000
87800  -49.359  36.497  30.805 0.0000000000
86562  -49.520  34.730  28.972 0.0000000000
86561  -48.331  34.598  28.664 0.0000000000
87197  -49.267  35.063  26.268 0.0000000000
86577  -50.052  34.587  26.468 0.0000000000
86578  -50.381  34.106  26.481 0.0000000000
84149  -38.199  30.278  41.150 0.0000000000
84130  -38.658  30.135  42.913 0.0000000000
120940  -38.850  30.201  41.973 0.0000000000
84150  -39.344  30.880  40.355 0.0000000000
84793  -40.765  31.367  39.802 0.0000000000
84794  -41.650  31.347  39.900 0.0000000000
85343  -38.940  32.269  42.704 0.0000000000
84754  -39.944  30.854  43.333 0.0000000000
84770  -40.727  31.015  43.041 0.0000000000
84165  -43.824  30.871  39.420 0.0000000000
84166  -44.757  30.687  39.498 0.0000000000
84787  -44.479  30.694  41.514 0.0000000000
84152  -45.000  30.551  40.604 0.0000000000
123580  -45.490  30.468  39.135 0.0000000000
84167  -46.267  30.253  39.404 0.0000000000
83583  -48.333  29.692  38.985 0.0000000000
88449  -36.558  38.408  35.562 0.0000000000
125096  -37.029  37.960  35.762 0.0000000000
103245  -37.997  37.180  36.448 0.0000000000
90873  -41.178  41.159  30.856 0.0000000000
90843  -40.156  41.605  32.530 0.0000000000
90844  -41.551  41.711  32.630 0.0000000000
90824  -39.706  42.039  33.302 0.0000000000
91420  -39.278  42.367  33.927 0.0000000000
90808  -38.802  42.251  34.983 0.0000000000
91401  -41.465  42.210  35.347 0.0000000000
90245  -41.644  41.069  36.376 0.0000000000
91400  -40.503  42.264  35.157 0.0000000000
90794  -39.325  41.944  35.372 0.0000000000
114665  -38.844  41.624  35.319 0.0000000000
90252  -38.638  40.734  35.421 0.0000000000
89128  -38.960  38.995  35.758 0.0000000000
119716  -39.787  39.180  36.255 0.0000000000
123143  -39.317  38.464  36.249 0.0000000000
88451  -38.655  38.233  36.061 0.0000000000
88433  -38.486  37.641  36.338 0.0000000000
87749  -38.804  37.141  36.699 0.0000000000
87737  -38.269  36.540  36.915 0.0000000000
87080  -40.293  35.266  38.811 0.0000000000
87092  -40.920  35.901  38.618 0.0000000000
86489  -41.258  34.774  40.023 0.0000000000
117791  -42.569  33.744  42.663 0.0000000000
109373  -43.140  37.121  39.723 0.0000000000
87714  -43.479  36.711  40.581 0.0000000000
87074  -43.562  36.231  41.138 0.0000000000
120402  -44.120  35.271  42.448 0.0000000000
86465  -43.508  34.197  42.672 0.0000000000
85852  -44.869  33.544  43.712 0.0000000000
85318  -46.072  32.636  43.770 0.0000000000
112718  -46.768  31.296  43.060 0.0000000000
85320  -47.779  33.123  43.516 0.0000000000
84760  -47.693  31.562  43.129 0.0000000000
84775  -47.216  30.987  42.408 0.0000000000
116322  -47.873  30.473  40.863 0.0000000000
84169  -48.686  30.131  40.018 0.0000000000
83584  -49.423  29.767  38.719 0.0000000000
83593  -49.564  29.567  37.866 0.0000000000
83594  -49.683  29.611  37.441 0.0000000000
83607  -49.803  29.300  36.452 0.0000000000
84819  -49.223  31.073  38.149 0.0000000000
84214  -49.472  30.208  36.880 0.0000000000
84217  -49.133  30.221  35.866 0.0000000000
84221  -48.819  30.181  34.851 0.0000000000
84229  -48.261  30.323  33.934 0.0000000000
122667  -46.223  32.171  39.276 0.0000000000
84807  -46.291  31.837  37.955 0.0000000000
84826  -46.823  31.586  36.499 0.0000000000
84844  -47.287  31.267  35.246 0.0000000000
124374  -46.852  31.078  34.309 0.0000000000
83622  -46.524  30.059  33.198 0.0000000000
84247  -45.480  30.235  32.946 0.0000000000
84246  -44.583  30.385  32.652 0.0000000000
87104  -42.249  35.318  37.830 0.0000000000
122319  -42.485  33.143  36.987 0.0000000000
85932  -40.802  34.077  36.255 0.0000000000
85400  -42.060  32.850  36.054 0.0000000000
110749  -42.601  32.440  35.593 0.0000000000
84839  -42.817  31.750  34.259 0.0000000000
84870  -42.067  31.200  32.921 0.0000000000
84244  -42.521  30.806  32.341 0.0000000000
83053  -48.672  28.323  36.942 0.0000000000
83545  -36.983  29.969  43.081 0.0000000000
83578  -49.209  29.900  39.417 0.0000000000
83585  -49.621  29.915  38.564 0.0000000000
83609  -38.098  29.022  35.813 0.0000000000
84115  -37.467  30.220  43.239 0.0000000000
84141  -47.800  30.743  41.828 0.0000000000
84155  -49.112  30.661  40.463 0.0000000000
84170  -49.161  30.292  39.978 0.0000000000
84186  -49.630  30.111  38.759 0.0000000000
84228  -47.019  30.669  33.839 0.0000000000
84735  -37.990  30.604  43.451 0.0000000000
84737  -44.003  31.842  43.510 0.0000000000
84738  -47.007  31.871  43.710 0.0000000000
84739  -47.820  32.280  43.521 0.0000000000
84776  -48.140  31.237  42.318 0.0000000000
84777  -48.507  31.405  41.784 0.0000000000
84790  -49.184  30.968  40.518 0.0000000000
84799  -49.309  31.085  39.838 0.0000000000
84810  -49.324  31.130  39.002 0.0000000000
84811  -49.464  30.559  39.191 0.0000000000
85317  -44.913  32.595  43.704 0.0000000000
85329  -38.727  31.542  43.276 0.0000000000
85330  -39.579  31.501  43.332 0.0000000000
85334  -48.081  32.800  43.134 0.0000000000
85341  -35.562  32.293  41.845 0.0000000000
85348  -48.577  31.977  41.945 0.0000000000
85358  -35.779  32.872  41.195 0.0000000000
85363  -48.754  31.487  41.108 0.0000000000
85855  -47.503  33.924  43.663 0.0000000000
85864  -47.545  34.524  43.261 0.0000000000
85884  -36.044  33.229  40.534 0.0000000000
85977  -50.136  33.952  27.154 0.0000000000
86467  -45.391  35.043  43.457 0.0000000000
86471  -43.113  34.565  42.093 0.0000000000
87063  -45.902  36.391  43.335 0.0000000000
87064  -46.448  36.804  43.217 0.0000000000
89176  -49.436  37.738  31.425 0.0000000000
89205  -42.636  38.823  26.611 0.0000000000
89786  -46.513  39.868  28.959 0.0000000000
90264  -36.613  41.393  34.391 0.0000000000
90284  -49.044  39.351  33.164 0.0000000000
90316  -46.031  40.769  29.463 0.0000000000
90353  -39.040  40.398  24.515 0.0000000000
90787  -42.239  41.848  36.440 0.0000000000
90899  -35.439  40.971  28.038 0.0000000000
91410  -39.367  42.435  34.490 0.0000000000
91455  -31.066  42.934  27.489 0.0000000000
91456  -31.514  42.465  27.193 0.0000000000
91935  -31.843  43.683  25.393 0.0000000000
91951  -34.370  44.011  21.843 0.0000000000
92394  -32.403  44.725  23.391 0.0000000000
92396  -32.728  45.168  22.615 0.0000000000
106133  -42.146  31.881  43.163 0.0000000000
109331  -48.907  29.278  38.105 0.0000000000
110721  -46.393  37.061  43.119 0.0000000000
112820  -40.873  41.851  35.533 0.0000000000
113110  -45.602  30.466  39.932 0.0000000000
114214  -38.109  30.214  43.263 0.0000000000
117122  -49.716  35.125  29.597 0.0000000000
118115  -40.201  30.711  42.463 0.0000000000
118238  -44.911  32.055  43.369 0.0000000000
118457  -49.588  29.520  35.523 0.0000000000
121032  -43.179  41.658  31.066 0.0000000000
123501  -43.302  31.319  42.845 0.0000000000
123798  -38.894  30.505  40.985 0.0000000000
