#!ascii label  , from subject sub-v1s8x0051348_ses-1 vox2ras=TkReg
902
52037  -23.810  -12.466  74.671 0.0000000000
52008  -9.904  -12.756  76.758 0.0000000000
117720  -14.782  -13.228  75.855 0.0000000000
68474  -32.756  5.731  53.831 0.0000000000
67749  -40.706  4.239  51.572 0.0000000000
51964  -2.892  -12.890  80.289 0.0000000000
108077  -29.222  3.978  57.330 0.0000000000
55060  -25.731  -9.647  72.294 0.0000000000
103761  -19.836  -13.511  75.534 0.0000000000
124469  -6.076  -12.405  78.372 0.0000000000
47694  -5.773  -16.461  82.266 0.0000000000
115030  -19.932  -11.482  71.202 0.0000000000
55072  -21.229  -9.634  70.055 0.0000000000
55005  -12.272  -9.075  76.287 0.0000000000
120214  -16.483  -10.945  73.290 0.0000000000
58894  -26.284  -5.842  61.104 0.0000000000
61812  -28.865  -2.437  58.368 0.0000000000
63588  -32.646  -0.258  56.759 0.0000000000
46710  1.392  -16.983  82.802 0.0000000000
45763  3.961  -19.039  85.475 0.0000000000
57890  -20.763  -6.561  69.011 0.0000000000
56987  -21.224  -7.321  66.607 0.0000000000
57033  -23.576  -7.516  63.562 0.0000000000
47691  -2.126  -16.645  82.605 0.0000000000
50886  -9.714  -13.954  78.788 0.0000000000
107020  -10.744  -11.750  78.879 0.0000000000
50961  -21.860  -13.267  75.655 0.0000000000
55901  -8.191  -8.912  77.146 0.0000000000
51997  -8.115  -12.215  77.274 0.0000000000
49812  -7.634  -14.748  79.289 0.0000000000
54071  -20.387  -10.568  73.097 0.0000000000
53073  -18.418  -11.274  71.897 0.0000000000
61794  -24.718  -1.606  59.953 0.0000000000
59817  -27.667  -4.526  59.640 0.0000000000
62707  -26.490  -1.217  58.292 0.0000000000
65296  -29.935  1.089  56.120 0.0000000000
66130  -32.090  1.810  54.910 0.0000000000
64457  -34.375  0.384  56.416 0.0000000000
66139  -34.202  2.154  54.023 0.0000000000
66147  -36.152  2.506  53.213 0.0000000000
56919  -19.430  -7.508  72.126 0.0000000000
122316  -20.951  -8.498  69.711 0.0000000000
57865  -18.672  -6.321  70.681 0.0000000000
59739  -19.207  -4.531  66.003 0.0000000000
59763  -20.263  -4.815  64.512 0.0000000000
57015  -22.500  -7.664  64.581 0.0000000000
59780  -22.627  -4.663  63.173 0.0000000000
59793  -24.150  -4.697  62.329 0.0000000000
53029  -13.508  -11.556  76.339 0.0000000000
117123  -0.597  -14.977  80.992 0.0000000000
48731  -2.040  -15.091  80.604 0.0000000000
42073  3.636  -22.303  85.618 0.0000000000
109337  5.569  -23.921  87.310 0.0000000000
65257  -27.000  2.330  59.112 0.0000000000
55970  -25.844  -7.594  71.751 0.0000000000
103763  -17.113  -13.746  76.014 0.0000000000
104458  -4.841  -12.663  78.968 0.0000000000
49797  -4.228  -14.900  79.869 0.0000000000
48744  -6.164  -15.255  79.786 0.0000000000
66943  -42.987  3.817  51.476 0.0000000000
113927  -22.277  -13.043  72.910 0.0000000000
52072  -23.173  -12.207  71.663 0.0000000000
54099  -20.771  -10.631  70.892 0.0000000000
55003  -9.689  -9.690  75.682 0.0000000000
115895  -11.071  -10.113  75.889 0.0000000000
124835  -11.419  -8.446  75.024 0.0000000000
55032  -13.114  -8.628  74.572 0.0000000000
54050  -14.285  -10.573  74.023 0.0000000000
55048  -15.354  -10.280  73.775 0.0000000000
52042  -15.694  -12.300  73.620 0.0000000000
106018  -17.514  -13.379  73.451 0.0000000000
50996  -19.856  -13.332  72.525 0.0000000000
57037  -27.496  -7.928  63.281 0.0000000000
64439  -28.524  0.549  57.118 0.0000000000
62728  -30.506  -1.325  57.832 0.0000000000
66156  -37.833  2.614  52.806 0.0000000000
45787  2.566  -18.156  83.808 0.0000000000
43889  2.390  -20.853  84.912 0.0000000000
54100  -23.996  -10.717  70.734 0.0000000000
55975  -23.713  -8.095  69.877 0.0000000000
56950  -22.885  -5.602  69.959 0.0000000000
58804  -18.578  -5.455  68.622 0.0000000000
57916  -20.307  -6.536  67.741 0.0000000000
58805  -23.279  -4.942  69.376 0.0000000000
56979  -24.313  -7.598  67.928 0.0000000000
56009  -25.374  -8.846  66.620 0.0000000000
56036  -26.518  -8.557  64.673 0.0000000000
57985  -25.024  -6.646  62.081 0.0000000000
123836  -24.391  -3.422  61.833 0.0000000000
53993  -12.279  -9.800  78.602 0.0000000000
49774  1.388  -14.560  82.229 0.0000000000
46712  0.079  -16.766  82.379 0.0000000000
114586  -3.826  -16.465  81.870 0.0000000000
40458  7.009  -23.602  88.469 0.0000000000
50924  -10.089  -13.343  77.417 0.0000000000
50887  -10.263  -13.368  79.087 0.0000000000
51999  -10.442  -12.866  77.612 0.0000000000
52036  -23.015  -12.861  74.688 0.0000000000
54018  -8.819  -10.579  76.464 0.0000000000
54006  -7.965  -10.475  77.080 0.0000000000
51998  -9.069  -12.851  76.985 0.0000000000
50903  -8.905  -14.027  78.019 0.0000000000
63549  -25.012  -0.311  59.767 0.0000000000
62691  -25.782  -1.626  58.951 0.0000000000
63550  -25.719  0.221  59.094 0.0000000000
67727  -31.523  4.987  54.533 0.0000000000
66919  -31.313  3.498  54.572 0.0000000000
116998  -32.254  4.071  53.808 0.0000000000
66138  -33.408  2.271  54.180 0.0000000000
66924  -33.520  4.048  53.247 0.0000000000
66930  -34.291  4.272  52.749 0.0000000000
57866  -18.904  -7.094  71.271 0.0000000000
60707  -19.928  -2.901  65.057 0.0000000000
58859  -21.389  -5.467  63.737 0.0000000000
120490  -22.052  -3.218  63.694 0.0000000000
117034  -23.276  -3.779  63.190 0.0000000000
52010  -13.827  -12.261  75.974 0.0000000000
50906  -14.008  -13.067  77.900 0.0000000000
50925  -14.455  -13.306  77.223 0.0000000000
50852  -1.820  -13.047  80.971 0.0000000000
50866  -2.335  -13.451  80.462 0.0000000000
66936  -40.001  3.020  52.258 0.0000000000
105700  4.776  -23.443  86.450 0.0000000000
54075  -26.380  -10.126  73.864 0.0000000000
55067  -25.901  -8.616  71.913 0.0000000000
50957  -18.039  -13.663  75.723 0.0000000000
103764  -19.759  -13.600  77.046 0.0000000000
53991  -6.875  -10.770  78.475 0.0000000000
52992  -6.150  -11.345  79.149 0.0000000000
52991  -5.629  -11.352  79.652 0.0000000000
51977  -5.618  -12.037  78.868 0.0000000000
50885  -5.088  -13.462  78.901 0.0000000000
50901  -6.158  -13.737  78.670 0.0000000000
49799  -8.516  -14.484  80.166 0.0000000000
49798  -7.884  -14.986  80.755 0.0000000000
105946  -20.934  -12.919  71.827 0.0000000000
52070  -21.205  -12.239  71.226 0.0000000000
53081  -20.590  -11.363  70.894 0.0000000000
56865  -10.274  -8.045  75.492 0.0000000000
55928  -10.853  -8.425  75.136 0.0000000000
56867  -10.976  -7.507  75.232 0.0000000000
55941  -13.036  -7.978  74.457 0.0000000000
55942  -13.741  -8.422  74.080 0.0000000000
54049  -13.765  -10.317  74.433 0.0000000000
111091  -14.337  -9.058  73.837 0.0000000000
54051  -16.556  -10.487  73.892 0.0000000000
54068  -15.838  -10.866  73.641 0.0000000000
53062  -15.676  -11.480  73.547 0.0000000000
53063  -16.328  -11.606  73.160 0.0000000000
50983  -16.762  -13.223  73.574 0.0000000000
52053  -16.969  -11.861  72.674 0.0000000000
53074  -19.263  -11.185  71.552 0.0000000000
117348  -18.660  -12.823  72.202 0.0000000000
52057  -20.090  -12.875  71.780 0.0000000000
50997  -20.607  -13.334  72.560 0.0000000000
57071  -26.818  -7.219  62.044 0.0000000000
57058  -28.296  -7.157  62.146 0.0000000000
58020  -27.587  -6.198  60.937 0.0000000000
60794  -28.471  -3.088  58.698 0.0000000000
59809  -29.069  -4.816  59.862 0.0000000000
66102  -27.963  2.849  58.049 0.0000000000
65277  -27.536  1.389  57.790 0.0000000000
66117  -28.666  2.072  56.989 0.0000000000
64454  -31.306  0.211  56.375 0.0000000000
64453  -30.451  0.346  56.447 0.0000000000
63587  -31.746  -0.327  56.906 0.0000000000
62729  -31.921  -1.406  58.121 0.0000000000
66155  -36.909  2.759  52.862 0.0000000000
66933  -37.459  3.327  52.344 0.0000000000
66934  -38.355  3.234  52.309 0.0000000000
106811  2.639  -15.386  83.172 0.0000000000
47668  3.207  -16.792  83.813 0.0000000000
124943  2.208  -17.787  83.467 0.0000000000
43890  1.399  -20.568  85.249 0.0000000000
123952  2.044  -22.255  86.467 0.0000000000
53082  -21.971  -10.984  70.295 0.0000000000
53084  -23.632  -11.556  71.196 0.0000000000
54111  -22.393  -10.379  69.865 0.0000000000
56947  -20.046  -7.484  69.420 0.0000000000
55082  -22.960  -8.505  69.638 0.0000000000
55983  -22.264  -7.698  69.613 0.0000000000
55984  -22.936  -7.113  69.788 0.0000000000
57891  -21.739  -5.922  69.214 0.0000000000
60659  -18.758  -3.858  67.947 0.0000000000
58834  -19.986  -5.845  65.672 0.0000000000
57929  -19.460  -6.003  66.932 0.0000000000
56976  -20.622  -6.738  67.114 0.0000000000
57918  -21.887  -5.847  68.427 0.0000000000
105232  -22.296  -6.878  67.689 0.0000000000
56964  -23.947  -6.501  68.461 0.0000000000
117208  -21.934  -7.809  66.788 0.0000000000
57016  -23.156  -7.784  64.077 0.0000000000
56019  -23.508  -8.548  65.560 0.0000000000
56034  -24.028  -8.456  64.785 0.0000000000
56021  -25.237  -8.905  65.673 0.0000000000
56054  -25.053  -8.188  63.610 0.0000000000
57035  -25.625  -7.888  63.115 0.0000000000
57055  -24.699  -7.149  62.596 0.0000000000
60759  -24.331  -3.346  62.761 0.0000000000
113564  -24.448  -4.206  61.861 0.0000000000
60767  -24.420  -2.744  61.989 0.0000000000
55004  -12.064  -9.009  76.334 0.0000000000
53003  -11.844  -9.777  78.338 0.0000000000
53994  -12.538  -9.699  78.074 0.0000000000
48721  -0.800  -15.755  81.285 0.0000000000
47699  0.066  -16.137  81.656 0.0000000000
47690  -0.794  -16.625  82.196 0.0000000000
47711  -5.304  -16.351  80.624 0.0000000000
47709  -3.819  -16.296  81.079 0.0000000000
47693  -5.199  -16.701  82.023 0.0000000000
121700  -9.159  -13.939  80.086 0.0000000000
50870  -10.229  -13.001  79.998 0.0000000000
116566  -10.539  -11.933  80.309 0.0000000000
52993  -11.021  -10.875  80.125 0.0000000000
50959  -20.451  -13.500  75.041 0.0000000000
50929  -20.611  -13.510  76.808 0.0000000000
55900  -7.752  -9.010  77.839 0.0000000000
54005  -7.357  -10.415  77.863 0.0000000000
53001  -7.135  -11.922  77.732 0.0000000000
49827  -7.283  -14.224  78.678 0.0000000000
50902  -7.887  -13.732  78.151 0.0000000000
49829  -9.045  -14.305  78.617 0.0000000000
54085  -19.747  -10.731  72.018 0.0000000000
54086  -20.922  -10.406  71.936 0.0000000000
109354  -17.906  -10.554  73.264 0.0000000000
53072  -17.715  -11.396  72.293 0.0000000000
54084  -18.624  -10.830  72.067 0.0000000000
60778  -25.613  -3.685  60.072 0.0000000000
59808  -26.773  -4.723  60.036 0.0000000000
60786  -26.338  -3.307  59.490 0.0000000000
61796  -27.003  -2.670  58.861 0.0000000000
62708  -27.408  -1.153  57.834 0.0000000000
66118  -29.315  2.504  56.444 0.0000000000
66128  -30.400  2.618  55.380 0.0000000000
66129  -31.087  2.128  54.958 0.0000000000
64479  -32.513  0.682  55.769 0.0000000000
108056  -33.640  0.451  56.175 0.0000000000
65320  -33.574  1.238  55.271 0.0000000000
65321  -34.394  1.210  55.218 0.0000000000
65336  -35.580  1.626  54.424 0.0000000000
66146  -35.488  2.254  53.616 0.0000000000
121731  -35.512  3.554  52.592 0.0000000000
45790  0.147  -17.862  83.908 0.0000000000
45775  1.411  -18.638  84.070 0.0000000000
45764  0.028  -18.829  84.894 0.0000000000
55968  -20.720  -8.772  71.361 0.0000000000
55974  -20.786  -8.892  70.182 0.0000000000
111155  -19.922  -8.191  70.981 0.0000000000
56932  -19.879  -7.941  70.155 0.0000000000
56946  -19.309  -7.346  69.778 0.0000000000
122008  -19.180  -3.270  66.831 0.0000000000
60706  -19.472  -3.722  65.507 0.0000000000
59750  -19.667  -4.578  65.224 0.0000000000
58845  -20.467  -5.851  64.912 0.0000000000
57000  -21.988  -7.956  65.670 0.0000000000
57953  -21.226  -6.267  64.288 0.0000000000
57966  -21.783  -6.126  63.689 0.0000000000
57967  -22.496  -6.328  63.473 0.0000000000
58879  -23.796  -5.677  62.672 0.0000000000
59781  -23.451  -4.679  62.818 0.0000000000
111878  -13.257  -10.848  77.071 0.0000000000
54008  -13.025  -10.089  77.763 0.0000000000
53016  -13.197  -11.226  77.872 0.0000000000
49784  -1.256  -15.041  80.812 0.0000000000
48722  -1.713  -15.735  81.115 0.0000000000
42977  3.929  -21.582  85.455 0.0000000000
44842  4.263  -19.791  85.893 0.0000000000
42968  4.630  -21.745  85.978 0.0000000000
42967  5.329  -22.016  87.015 0.0000000000
113728  5.979  -22.491  87.924 0.0000000000
56921  -25.323  -6.711  71.482 0.0000000000
104007  -16.187  -13.740  75.912 0.0000000000
50941  -15.801  -13.768  76.611 0.0000000000
52983  -5.069  -11.244  80.396 0.0000000000
51976  -4.172  -12.578  79.553 0.0000000000
50867  -2.994  -13.684  80.029 0.0000000000
50884  -4.233  -13.221  79.243 0.0000000000
48743  -5.190  -15.111  79.756 0.0000000000
47712  -5.940  -16.378  80.832 0.0000000000
48745  -7.077  -15.275  79.860 0.0000000000
48737  -7.294  -15.524  80.574 0.0000000000
48715  -6.914  -15.574  82.087 0.0000000000
67750  -41.553  4.355  51.510 0.0000000000
52046  -22.629  -12.992  73.824 0.0000000000
52060  -23.803  -12.318  73.007 0.0000000000
52059  -22.694  -12.648  72.224 0.0000000000
114369  -21.562  -11.582  70.760 0.0000000000
105213  -21.073  -10.136  70.507 0.0000000000
54087  -21.205  -9.812  71.626 0.0000000000
55065  -20.976  -9.463  70.799 0.0000000000
56909  -20.110  -7.934  72.729 0.0000000000
54019  -9.733  -11.001  76.180 0.0000000000
54020  -10.368  -11.141  76.303 0.0000000000
54031  -10.278  -10.341  75.763 0.0000000000
54033  -11.316  -9.326  75.537 0.0000000000
55017  -12.020  -8.689  75.349 0.0000000000
55940  -12.270  -7.564  74.561 0.0000000000
55929  -12.232  -8.245  74.785 0.0000000000
54034  -12.857  -9.522  75.842 0.0000000000
54035  -13.410  -10.442  75.168 0.0000000000
53040  -13.639  -11.401  75.546 0.0000000000
123455  -14.590  -12.472  74.894 0.0000000000
55034  -15.204  -9.423  73.855 0.0000000000
53061  -15.000  -10.909  73.746 0.0000000000
53054  -15.102  -11.696  73.852 0.0000000000
52024  -15.038  -13.085  75.095 0.0000000000
50968  -16.457  -13.467  74.417 0.0000000000
50956  -17.357  -13.677  74.969 0.0000000000
103760  -18.851  -13.556  74.604 0.0000000000
52054  -17.520  -12.229  72.426 0.0000000000
117066  -18.735  -13.416  72.986 0.0000000000
50971  -19.433  -13.559  74.160 0.0000000000
50973  -21.138  -13.458  74.403 0.0000000000
50988  -21.776  -13.313  73.680 0.0000000000
55002  -8.988  -9.757  76.165 0.0000000000
58904  -27.877  -5.650  60.395 0.0000000000
64432  -26.479  0.721  58.577 0.0000000000
63570  -27.647  -0.327  57.554 0.0000000000
62725  -28.135  -0.970  57.580 0.0000000000
64451  -29.258  0.847  56.692 0.0000000000
63572  -29.484  -0.605  57.307 0.0000000000
62711  -30.137  -1.821  58.202 0.0000000000
121449  -31.056  -2.142  59.037 0.0000000000
66150  -39.141  1.887  53.266 0.0000000000
115516  -39.206  3.130  52.295 0.0000000000
118168  -39.550  4.276  51.700 0.0000000000
47653  3.557  -16.814  84.584 0.0000000000
45773  3.423  -19.093  84.717 0.0000000000
44864  2.131  -18.868  83.977 0.0000000000
44855  2.363  -19.594  84.348 0.0000000000
123506  3.292  -20.288  84.822 0.0000000000
106428  2.889  -22.080  85.563 0.0000000000
53075  -24.011  -11.986  72.141 0.0000000000
53085  -24.492  -11.085  71.723 0.0000000000
54101  -24.673  -10.140  71.229 0.0000000000
55074  -22.746  -9.556  69.654 0.0000000000
106887  -23.615  -9.215  69.834 0.0000000000
123932  -24.763  -9.517  70.981 0.0000000000
55977  -24.818  -7.733  70.714 0.0000000000
113388  -24.415  -6.939  70.567 0.0000000000
57878  -24.275  -5.595  70.698 0.0000000000
58792  -18.576  -5.578  69.422 0.0000000000
57904  -18.968  -6.584  68.470 0.0000000000
58818  -18.750  -5.096  67.178 0.0000000000
57915  -19.161  -6.289  67.702 0.0000000000
57905  -20.465  -6.588  68.372 0.0000000000
115717  -22.099  -5.455  69.078 0.0000000000
58793  -22.936  -4.911  69.630 0.0000000000
56006  -22.744  -8.356  66.202 0.0000000000
55998  -24.797  -8.467  67.295 0.0000000000
56056  -26.900  -8.289  63.945 0.0000000000
111128  -26.156  -7.556  62.566 0.0000000000
58003  -25.697  -6.250  61.603 0.0000000000
58880  -24.521  -5.834  62.164 0.0000000000
58892  -24.761  -5.150  61.700 0.0000000000
123457  -25.553  -4.722  60.779 0.0000000000
60777  -24.835  -3.279  60.475 0.0000000000
62681  -24.546  -1.512  60.606 0.0000000000
53014  -10.720  -11.816  77.185 0.0000000000
53992  -11.716  -10.125  78.997 0.0000000000
122793  -12.593  -9.982  78.616 0.0000000000
48712  1.576  -15.548  82.295 0.0000000000
49775  0.532  -14.565  81.629 0.0000000000
48713  0.832  -15.532  81.785 0.0000000000
46711  0.754  -16.869  82.640 0.0000000000
46691  -0.221  -17.442  83.519 0.0000000000
48732  -2.891  -15.241  80.539 0.0000000000
47702  -3.098  -16.239  81.426 0.0000000000
47692  -3.046  -16.488  82.268 0.0000000000
39651  5.701  -25.736  88.057 0.0000000000
41258  6.584  -24.218  88.138 0.0000000000
120290  6.926  -22.258  88.820 0.0000000000
50939  -10.027  -13.159  77.005 0.0000000000
52009  -10.197  -12.816  76.994 0.0000000000
53025  -9.202  -11.405  76.519 0.0000000000
116070  -9.125  -12.120  76.756 0.0000000000
50923  -9.504  -13.397  77.321 0.0000000000
64414  -25.479  0.787  60.777 0.0000000000
64422  -25.394  0.586  59.985 0.0000000000
68472  -32.051  5.706  54.404 0.0000000000
116863  -31.686  4.206  54.239 0.0000000000
67728  -32.230  4.929  53.868 0.0000000000
66923  -32.818  3.449  53.728 0.0000000000
116938  -32.833  4.400  53.542 0.0000000000
123042  -33.267  4.696  53.292 0.0000000000
60722  -21.505  -2.924  63.920 0.0000000000
52011  -14.279  -12.962  76.340 0.0000000000
50940  -14.985  -13.507  76.534 0.0000000000
51954  -2.975  -12.186  81.067 0.0000000000
51963  -2.395  -12.752  80.797 0.0000000000
66940  -40.404  3.565  51.781 0.0000000000
66165  -40.896  2.869  52.069 0.0000000000
66941  -41.224  3.602  51.627 0.0000000000
54090  -26.043  -10.017  73.141 0.0000000000
104199  -26.382  -8.972  72.678 0.0000000000
103762  -18.973  -13.552  75.482 0.0000000000
50944  -18.679  -13.618  76.206 0.0000000000
50945  -19.522  -13.562  76.258 0.0000000000
53000  -6.473  -11.634  78.399 0.0000000000
53990  -6.521  -10.959  78.986 0.0000000000
115518  -5.562  -12.851  78.523 0.0000000000
121129  -6.205  -12.973  78.265 0.0000000000
52069  -20.323  -12.164  71.232 0.0000000000
56882  -14.318  -7.343  74.206 0.0000000000
109101  -13.718  -7.700  74.137 0.0000000000
55943  -14.360  -8.103  73.987 0.0000000000
123771  -16.075  -11.241  73.395 0.0000000000
52043  -16.451  -12.496  73.205 0.0000000000
53064  -17.033  -11.091  72.719 0.0000000000
52068  -19.559  -12.032  71.377 0.0000000000
58004  -26.445  -6.559  61.540 0.0000000000
58005  -27.252  -6.682  61.482 0.0000000000
58019  -26.912  -6.171  61.124 0.0000000000
108571  -28.915  -3.630  59.070 0.0000000000
61813  -29.719  -2.357  58.546 0.0000000000
66896  -28.582  3.584  57.860 0.0000000000
121964  -28.373  2.726  57.457 0.0000000000
66103  -28.875  3.086  57.027 0.0000000000
64455  -32.154  0.134  56.251 0.0000000000
63575  -32.266  -0.759  57.448 0.0000000000
67739  -37.900  3.973  51.831 0.0000000000
46709  2.122  -16.720  82.856 0.0000000000
46689  1.770  -17.513  83.181 0.0000000000
54110  -21.574  -10.300  70.063 0.0000000000
56948  -21.015  -6.864  69.368 0.0000000000
56949  -22.060  -6.399  69.553 0.0000000000
56998  -20.717  -6.901  66.142 0.0000000000
57930  -20.116  -6.331  66.433 0.0000000000
56977  -21.406  -6.819  67.501 0.0000000000
56053  -23.778  -8.111  64.080 0.0000000000
115395  -24.530  -8.347  64.154 0.0000000000
110460  -24.306  -7.899  63.543 0.0000000000
57034  -24.849  -7.650  63.040 0.0000000000
57969  -24.148  -7.281  63.031 0.0000000000
54990  -12.130  -9.264  77.313 0.0000000000
47700  -1.517  -16.365  81.801 0.0000000000
123738  -1.456  -16.667  82.436 0.0000000000
47670  -1.389  -16.971  83.143 0.0000000000
47671  -2.140  -16.876  83.667 0.0000000000
47704  -5.292  -16.643  81.146 0.0000000000
46663  4.145  -18.381  85.823 0.0000000000
119266  -25.426  -11.109  73.743 0.0000000000
111980  -9.572  -13.287  80.587 0.0000000000
50869  -9.724  -13.702  79.632 0.0000000000
51987  -10.566  -12.842  78.478 0.0000000000
51978  -10.542  -12.532  79.412 0.0000000000
121204  -10.742  -11.561  79.637 0.0000000000
50960  -21.234  -13.415  75.338 0.0000000000
50947  -21.289  -13.378  76.181 0.0000000000
124112  -8.462  -8.321  77.287 0.0000000000
53012  -7.600  -11.237  77.424 0.0000000000
51986  -7.467  -12.820  77.784 0.0000000000
50922  -8.504  -13.264  77.546 0.0000000000
50904  -9.593  -13.806  78.038 0.0000000000
49814  -9.131  -14.304  79.344 0.0000000000
122590  -20.807  -10.535  72.556 0.0000000000
54054  -19.798  -10.526  74.053 0.0000000000
60785  -25.315  -2.878  59.783 0.0000000000
62706  -25.651  -0.728  58.876 0.0000000000
121763  -26.472  -2.016  58.658 0.0000000000
61810  -27.257  -1.914  58.303 0.0000000000
66913  -30.092  3.480  55.725 0.0000000000
67720  -30.461  4.330  55.575 0.0000000000
66136  -31.657  2.709  54.570 0.0000000000
66135  -30.952  2.868  54.797 0.0000000000
116213  -32.126  1.184  55.459 0.0000000000
65319  -32.784  1.265  55.346 0.0000000000
65333  -33.049  1.755  54.755 0.0000000000
66144  -33.673  2.973  53.600 0.0000000000
65334  -33.887  1.651  54.648 0.0000000000
66140  -34.926  2.024  53.973 0.0000000000
66145  -34.662  2.736  53.412 0.0000000000
66925  -34.838  3.506  52.821 0.0000000000
56920  -20.010  -8.191  71.841 0.0000000000
117476  -19.461  -7.776  71.380 0.0000000000
56931  -19.313  -7.634  70.622 0.0000000000
57876  -18.805  -7.068  70.198 0.0000000000
59762  -19.935  -3.813  64.632 0.0000000000
59751  -19.937  -5.288  65.183 0.0000000000
57942  -20.923  -6.697  65.251 0.0000000000
58846  -20.811  -5.441  64.196 0.0000000000
59779  -21.748  -4.647  63.473 0.0000000000
58860  -22.135  -5.494  63.396 0.0000000000
58861  -22.997  -5.574  63.120 0.0000000000
54023  -13.283  -10.505  76.180 0.0000000000
49794  -1.672  -14.127  80.641 0.0000000000
43887  4.317  -20.782  85.778 0.0000000000
42072  4.234  -22.276  85.706 0.0000000000
42063  4.777  -22.616  86.165 0.0000000000
42062  5.502  -23.011  87.065 0.0000000000
42957  5.868  -21.879  88.130 0.0000000000
55963  -26.355  -7.802  72.328 0.0000000000
56910  -25.708  -6.429  72.153 0.0000000000
50942  -16.531  -13.794  76.583 0.0000000000
103766  -17.211  -13.768  76.964 0.0000000000
51966  -4.983  -11.998  79.650 0.0000000000
51965  -4.389  -11.912  80.339 0.0000000000
49810  -5.645  -14.408  79.289 0.0000000000
48735  -5.683  -15.868  80.251 0.0000000000
48726  -7.386  -15.406  81.323 0.0000000000
48725  -6.684  -16.073  81.209 0.0000000000
115532  -23.068  -12.710  73.031 0.0000000000
52058  -21.836  -12.844  72.004 0.0000000000
112493  -21.186  -10.787  70.519 0.0000000000
54073  -21.604  -9.847  72.626 0.0000000000
55962  -21.333  -8.901  72.476 0.0000000000
116167  -21.258  -9.217  71.866 0.0000000000
55961  -20.724  -8.520  72.333 0.0000000000
55015  -10.350  -9.623  75.453 0.0000000000
55016  -10.920  -9.147  75.118 0.0000000000
55018  -12.510  -8.898  75.176 0.0000000000
55033  -13.260  -9.486  74.688 0.0000000000
53052  -13.981  -11.172  74.632 0.0000000000
52022  -14.108  -12.031  75.153 0.0000000000
113308  -16.067  -9.789  74.423 0.0000000000
55020  -16.640  -9.438  75.242 0.0000000000
55019  -15.997  -8.867  74.676 0.0000000000
52035  -15.041  -12.456  74.310 0.0000000000
50967  -15.611  -13.077  74.306 0.0000000000
103684  -15.840  -13.501  75.129 0.0000000000
50969  -17.207  -13.552  74.113 0.0000000000
50970  -18.015  -13.619  74.193 0.0000000000
52055  -18.098  -12.068  72.015 0.0000000000
50995  -19.239  -13.291  72.567 0.0000000000
50985  -19.530  -13.521  73.356 0.0000000000
50972  -20.219  -13.528  74.086 0.0000000000
50986  -20.249  -13.492  73.204 0.0000000000
52045  -21.431  -13.253  72.726 0.0000000000
112207  -9.544  -8.264  75.936 0.0000000000
55915  -9.231  -9.049  75.943 0.0000000000
116638  -9.490  -10.308  75.979 0.0000000000
57017  -27.744  -8.153  64.135 0.0000000000
57987  -28.981  -6.780  62.612 0.0000000000
59816  -27.035  -3.960  59.539 0.0000000000
58910  -27.483  -5.144  60.056 0.0000000000
125290  -26.623  2.159  59.765 0.0000000000
65266  -26.494  1.571  59.173 0.0000000000
112334  -26.977  1.491  58.425 0.0000000000
64438  -27.703  0.557  57.530 0.0000000000
120538  -28.071  0.112  57.327 0.0000000000
63571  -28.558  -0.333  57.304 0.0000000000
65316  -29.845  2.033  55.927 0.0000000000
65295  -29.304  1.610  56.496 0.0000000000
63573  -30.325  -0.765  57.390 0.0000000000
63585  -30.014  -0.144  56.913 0.0000000000
62727  -29.790  -1.281  57.711 0.0000000000
109731  -30.992  -1.667  58.378 0.0000000000
62712  -31.697  -1.937  58.852 0.0000000000
121516  -36.704  2.203  53.435 0.0000000000
66149  -38.182  1.881  53.415 0.0000000000
66157  -38.725  2.522  52.771 0.0000000000
67740  -38.883  3.960  51.848 0.0000000000
66935  -39.656  3.660  51.914 0.0000000000
48680  3.395  -16.062  84.207 0.0000000000
46687  3.218  -17.543  83.993 0.0000000000
46675  3.677  -17.603  84.859 0.0000000000
45786  3.262  -18.327  84.346 0.0000000000
44857  0.819  -19.089  84.603 0.0000000000
44856  1.650  -19.382  84.355 0.0000000000
43902  1.913  -20.120  84.628 0.0000000000
107981  2.592  -20.206  84.601 0.0000000000
44854  3.039  -19.861  84.547 0.0000000000
43901  3.043  -20.568  84.758 0.0000000000
42978  3.160  -21.394  85.175 0.0000000000
42979  2.497  -21.532  85.347 0.0000000000
42050  2.316  -22.825  86.717 0.0000000000
120516  -23.384  -12.421  72.397 0.0000000000
55080  -21.339  -8.962  69.692 0.0000000000
55075  -24.260  -9.682  70.477 0.0000000000
105568  -24.207  -8.783  70.151 0.0000000000
55076  -24.788  -8.754  70.706 0.0000000000
55976  -24.340  -7.884  70.293 0.0000000000
56933  -23.706  -6.519  70.217 0.0000000000
59710  -18.585  -4.739  69.179 0.0000000000
57888  -18.686  -6.271  68.906 0.0000000000
60687  -19.072  -3.759  66.368 0.0000000000
59738  -18.818  -4.498  66.761 0.0000000000
58819  -19.129  -5.297  66.586 0.0000000000
112636  -19.870  -6.403  67.313 0.0000000000
104601  -19.603  -6.641  68.034 0.0000000000
57906  -21.432  -5.988  68.734 0.0000000000
57907  -22.687  -5.203  69.086 0.0000000000
58794  -23.132  -4.908  69.811 0.0000000000
58795  -23.838  -4.985  69.901 0.0000000000
56018  -22.793  -8.241  65.335 0.0000000000
56020  -24.329  -8.765  65.525 0.0000000000
109224  -23.924  -8.818  65.981 0.0000000000
56008  -24.423  -8.795  66.414 0.0000000000
56035  -25.643  -8.659  64.785 0.0000000000
56010  -26.660  -8.762  66.184 0.0000000000
56022  -26.199  -8.762  65.477 0.0000000000
56023  -27.195  -8.554  65.431 0.0000000000
56037  -27.272  -8.392  64.615 0.0000000000
57056  -25.343  -7.352  62.514 0.0000000000
57986  -25.869  -7.001  61.984 0.0000000000
59800  -24.973  -4.589  61.164 0.0000000000
59807  -25.211  -4.079  60.637 0.0000000000
60776  -24.400  -2.934  61.124 0.0000000000
62670  -24.614  -1.351  61.417 0.0000000000
53028  -10.856  -10.896  76.583 0.0000000000
53979  -11.598  -10.445  79.770 0.0000000000
53980  -12.081  -10.207  79.368 0.0000000000
112067  -12.936  -10.237  78.393 0.0000000000
53995  -12.808  -10.466  78.955 0.0000000000
120576  -15.959  -13.870  78.118 0.0000000000
49773  2.192  -14.964  82.714 0.0000000000
50850  -0.553  -13.546  81.491 0.0000000000
50849  0.200  -13.724  81.719 0.0000000000
49782  -0.207  -14.405  81.275 0.0000000000
47689  0.740  -16.323  82.127 0.0000000000
125075  0.156  -17.160  82.953 0.0000000000
49808  -3.769  -13.907  79.666 0.0000000000
49796  -3.336  -14.622  80.109 0.0000000000
48724  -3.200  -15.883  80.849 0.0000000000
66942  -42.104  3.677  51.559 0.0000000000
40467  7.042  -24.351  88.219 0.0000000000
110413  6.521  -25.132  88.112 0.0000000000
41257  6.975  -23.526  88.510 0.0000000000
42048  6.968  -22.860  88.638 0.0000000000
50905  -10.185  -13.482  78.210 0.0000000000
111974  -10.726  -12.099  78.018 0.0000000000
50974  -22.070  -13.258  74.755 0.0000000000
54989  -8.313  -9.732  76.738 0.0000000000
53013  -8.413  -11.336  76.882 0.0000000000
54055  -21.031  -10.345  74.034 0.0000000000
62682  -24.710  -1.050  60.059 0.0000000000
61795  -25.176  -2.019  59.555 0.0000000000
62690  -25.111  -1.225  59.457 0.0000000000
67726  -31.056  4.269  54.823 0.0000000000
66920  -32.013  3.394  54.148 0.0000000000
66137  -32.571  2.570  54.284 0.0000000000
66143  -33.083  2.796  53.878 0.0000000000
116279  -34.171  3.491  53.125 0.0000000000
67735  -33.735  5.114  52.938 0.0000000000
58771  -18.774  -6.101  71.616 0.0000000000
60721  -20.519  -3.995  64.052 0.0000000000
59764  -20.937  -4.675  63.832 0.0000000000
60744  -21.320  -3.736  63.689 0.0000000000
60745  -22.293  -3.827  63.391 0.0000000000
60723  -22.883  -3.184  63.679 0.0000000000
107160  -13.634  -12.324  77.082 0.0000000000
50907  -14.793  -13.556  78.186 0.0000000000
49795  -2.505  -14.375  80.326 0.0000000000
66159  -40.369  2.365  52.629 0.0000000000
41287  3.659  -23.134  85.955 0.0000000000
41286  4.227  -22.969  85.860 0.0000000000
41271  4.158  -23.808  86.293 0.0000000000
40478  4.351  -24.519  86.728 0.0000000000
41270  4.730  -24.165  86.719 0.0000000000
50943  -17.998  -13.684  76.565 0.0000000000
103765  -18.850  -13.635  76.888 0.0000000000
50928  -19.066  -13.659  77.669 0.0000000000
114918  -7.080  -10.100  78.519 0.0000000000
53978  -6.708  -10.269  79.048 0.0000000000
53977  -6.171  -10.633  79.567 0.0000000000
49813  -8.412  -14.578  79.298 0.0000000000
48746  -7.827  -15.006  79.960 0.0000000000
49785  -7.835  -14.782  81.492 0.0000000000
55927  -10.079  -8.950  75.360 0.0000000000
116828  -11.539  -7.906  74.878 0.0000000000
56881  -13.061  -7.277  74.334 0.0000000000
119496  -13.675  -9.080  74.111 0.0000000000
114748  -13.962  -9.773  73.985 0.0000000000
55036  -16.742  -9.987  74.748 0.0000000000
55035  -16.075  -10.298  74.154 0.0000000000
50982  -16.117  -13.028  73.731 0.0000000000
52044  -17.133  -12.755  72.914 0.0000000000
52067  -18.812  -11.934  71.642 0.0000000000
52056  -19.346  -12.782  71.909 0.0000000000
57057  -27.613  -7.506  62.472 0.0000000000
57072  -27.649  -7.134  61.870 0.0000000000
58006  -28.110  -6.681  61.447 0.0000000000
60788  -27.953  -3.712  59.175 0.0000000000
59818  -28.535  -4.320  59.473 0.0000000000
66089  -27.590  2.943  58.834 0.0000000000
66101  -27.456  2.171  58.240 0.0000000000
109435  -27.987  2.072  57.584 0.0000000000
65278  -28.184  1.302  57.290 0.0000000000
65297  -30.879  0.881  55.921 0.0000000000
63586  -30.850  -0.298  56.928 0.0000000000
63574  -31.231  -0.937  57.585 0.0000000000
62713  -32.554  -1.815  58.599 0.0000000000
66932  -36.125  3.184  52.669 0.0000000000
48700  2.818  -16.214  83.360 0.0000000000
46688  2.578  -17.270  83.431 0.0000000000
42969  2.176  -21.939  85.847 0.0000000000
53083  -22.624  -11.693  70.882 0.0000000000
53090  -23.040  -11.013  70.393 0.0000000000
54112  -23.405  -10.207  69.989 0.0000000000
55981  -20.548  -8.060  69.767 0.0000000000
55982  -21.373  -7.819  69.568 0.0000000000
59718  -18.597  -4.602  68.342 0.0000000000
58820  -19.624  -5.778  66.249 0.0000000000
57917  -21.019  -6.322  68.031 0.0000000000
57919  -22.654  -5.850  68.355 0.0000000000
57908  -23.304  -5.566  68.699 0.0000000000
56978  -23.304  -6.982  67.921 0.0000000000
55996  -22.903  -8.049  67.132 0.0000000000
56033  -23.276  -8.192  64.704 0.0000000000
106022  -24.827  -8.659  64.837 0.0000000000
120898  -25.187  -8.480  64.237 0.0000000000
56055  -25.903  -8.379  63.889 0.0000000000
59782  -23.897  -3.737  62.896 0.0000000000
54021  -11.909  -9.183  77.085 0.0000000000
54007  -12.149  -9.405  77.954 0.0000000000
48720  0.024  -15.269  81.257 0.0000000000
47669  -0.529  -17.105  82.986 0.0000000000
48734  -4.806  -15.792  80.233 0.0000000000
48733  -3.823  -15.626  80.461 0.0000000000
47710  -4.610  -16.374  80.770 0.0000000000
47703  -4.569  -16.612  81.486 0.0000000000
120835  -4.508  -16.646  82.206 0.0000000000
54074  -25.908  -10.642  73.802 0.0000000000
54089  -25.498  -10.353  72.624 0.0000000000
50868  -8.856  -13.801  80.844 0.0000000000
50854  -9.086  -13.129  81.419 0.0000000000
51955  -9.594  -12.697  81.286 0.0000000000
51967  -10.083  -12.506  80.830 0.0000000000
123335  -20.113  -13.531  76.528 0.0000000000
54972  -7.427  -9.571  78.229 0.0000000000
54988  -7.768  -9.658  77.441 0.0000000000
113258  -7.062  -11.192  77.950 0.0000000000
105462  -6.637  -12.505  78.018 0.0000000000
105776  -6.912  -13.350  78.224 0.0000000000
49828  -8.291  -14.383  78.679 0.0000000000
54098  -20.138  -10.961  71.301 0.0000000000
54072  -21.403  -10.241  73.155 0.0000000000
54052  -17.435  -10.355  74.222 0.0000000000
54069  -17.166  -10.632  73.184 0.0000000000
54083  -17.896  -10.797  72.568 0.0000000000
123532  -18.165  -10.986  72.160 0.0000000000
54070  -18.859  -10.588  72.845 0.0000000000
58902  -26.162  -5.124  60.639 0.0000000000
58903  -26.992  -5.572  60.580 0.0000000000
109979  -25.926  -4.414  60.315 0.0000000000
110791  -26.324  -4.041  59.879 0.0000000000
109221  -25.986  -2.449  59.195 0.0000000000
60787  -27.220  -3.334  59.179 0.0000000000
60793  -27.727  -3.073  58.833 0.0000000000
61811  -27.946  -2.498  58.473 0.0000000000
62709  -28.269  -1.725  58.017 0.0000000000
66906  -29.509  3.496  56.458 0.0000000000
66127  -29.794  2.805  55.926 0.0000000000
66918  -30.657  3.509  55.075 0.0000000000
65317  -30.559  1.690  55.585 0.0000000000
65318  -31.406  1.397  55.434 0.0000000000
64478  -31.732  0.691  55.813 0.0000000000
64456  -32.967  0.282  56.229 0.0000000000
64480  -33.263  0.771  55.745 0.0000000000
64481  -34.030  0.816  55.775 0.0000000000
66926  -35.445  2.907  52.985 0.0000000000
110908  -36.028  4.009  52.132 0.0000000000
46690  0.709  -17.430  83.227 0.0000000000
45789  1.051  -17.971  83.755 0.0000000000
107531  0.504  -18.420  84.302 0.0000000000
124406  -20.336  -8.444  70.474 0.0000000000
58833  -19.541  -5.232  65.792 0.0000000000
57941  -20.429  -6.362  65.667 0.0000000000
123234  -21.570  -7.725  66.214 0.0000000000
57014  -21.608  -7.177  64.875 0.0000000000
57954  -21.984  -6.850  63.977 0.0000000000
57032  -22.811  -7.169  63.725 0.0000000000
57968  -23.415  -6.613  63.133 0.0000000000
60746  -24.387  -3.183  63.538 0.0000000000
60747  -25.161  -2.760  63.809 0.0000000000
54022  -12.836  -9.634  77.059 0.0000000000
53004  -13.095  -11.279  78.648 0.0000000000
51988  -13.486  -12.349  78.303 0.0000000000
49783  -0.922  -14.277  81.023 0.0000000000
50851  -1.220  -13.366  81.249 0.0000000000
47701  -2.314  -16.291  81.640 0.0000000000
47674  -6.052  -16.173  82.862 0.0000000000
123930  3.985  -20.263  85.456 0.0000000000
109472  4.603  -20.293  86.536 0.0000000000
43878  4.884  -21.051  86.733 0.0000000000
43877  5.388  -21.229  87.766 0.0000000000
66081  -27.050  2.739  60.050 0.0000000000
66885  -28.215  3.538  58.706 0.0000000000
66886  -28.879  4.192  58.727 0.0000000000
66897  -29.183  4.297  58.087 0.0000000000
121779  -25.048  -5.591  71.738 0.0000000000
50954  -15.406  -13.540  75.846 0.0000000000
105280  -16.409  -13.835  77.376 0.0000000000
52982  -4.434  -11.328  80.876 0.0000000000
105079  -3.604  -12.426  80.278 0.0000000000
50883  -3.499  -13.062  79.685 0.0000000000
49809  -4.653  -14.153  79.421 0.0000000000
47705  -5.872  -16.500  81.540 0.0000000000
49811  -6.680  -14.697  79.226 0.0000000000
48736  -6.529  -15.820  80.430 0.0000000000
48714  -6.330  -16.149  82.094 0.0000000000
52047  -23.460  -12.600  73.842 0.0000000000
52071  -22.211  -12.291  71.402 0.0000000000
55059  -21.670  -9.325  72.615 0.0000000000
53026  -9.908  -11.888  76.421 0.0000000000
53027  -10.321  -12.043  76.603 0.0000000000
54032  -10.820  -9.798  75.485 0.0000000000
57830  -11.675  -7.120  74.781 0.0000000000
52023  -14.410  -12.708  75.546 0.0000000000
55944  -15.075  -8.490  74.049 0.0000000000
55047  -14.604  -10.013  73.768 0.0000000000
53053  -14.560  -11.240  74.079 0.0000000000
52034  -14.536  -11.860  74.449 0.0000000000
50955  -16.573  -13.672  75.292 0.0000000000
123893  -18.229  -13.616  75.013 0.0000000000
50994  -17.930  -12.989  72.674 0.0000000000
50984  -18.197  -13.484  73.421 0.0000000000
106017  -18.792  -13.570  73.801 0.0000000000
50958  -19.652  -13.517  74.841 0.0000000000
50987  -20.929  -13.460  73.450 0.0000000000
55902  -8.839  -8.419  76.668 0.0000000000
55914  -8.663  -9.165  76.497 0.0000000000
57038  -28.448  -7.438  63.036 0.0000000000
58021  -28.354  -6.110  60.841 0.0000000000
58911  -28.236  -5.067  59.861 0.0000000000
64423  -25.927  1.054  59.462 0.0000000000
63559  -26.350  -0.250  58.367 0.0000000000
63560  -26.989  0.139  57.889 0.0000000000
110490  -26.930  -0.589  57.890 0.0000000000
62710  -29.297  -1.829  58.052 0.0000000000
65294  -28.792  1.265  56.906 0.0000000000
64452  -29.758  0.450  56.596 0.0000000000
64440  -29.238  0.112  56.935 0.0000000000
62726  -28.926  -1.146  57.631 0.0000000000
61814  -30.453  -2.218  58.810 0.0000000000
66158  -39.570  2.458  52.715 0.0000000000
123320  -40.051  4.109  51.697 0.0000000000
67748  -40.071  4.869  51.580 0.0000000000
105627  3.771  -18.354  85.121 0.0000000000
45788  1.907  -18.175  83.620 0.0000000000
45774  2.767  -19.007  84.245 0.0000000000
44843  3.672  -19.864  85.089 0.0000000000
43888  3.600  -20.717  85.115 0.0000000000
42064  2.581  -22.516  86.064 0.0000000000
42074  3.153  -22.658  85.843 0.0000000000
41273  2.961  -23.223  86.306 0.0000000000
53065  -24.294  -12.059  73.805 0.0000000000
53076  -24.561  -11.474  72.511 0.0000000000
54088  -25.156  -10.297  71.962 0.0000000000
55073  -21.859  -9.687  69.709 0.0000000000
55081  -22.108  -8.789  69.594 0.0000000000
55066  -25.269  -9.341  71.435 0.0000000000
55969  -25.411  -7.985  71.175 0.0000000000
56934  -24.834  -6.756  71.000 0.0000000000
57868  -24.727  -5.589  71.269 0.0000000000
58782  -18.611  -5.560  70.229 0.0000000000
114986  -18.620  -4.927  69.866 0.0000000000
57875  -18.652  -6.385  69.759 0.0000000000
57889  -18.879  -6.861  69.314 0.0000000000
56963  -19.506  -6.995  68.862 0.0000000000
59726  -18.659  -4.509  67.519 0.0000000000
58811  -18.640  -5.286  67.824 0.0000000000
57914  -18.918  -5.731  67.379 0.0000000000
57903  -18.740  -6.051  68.104 0.0000000000
110325  -22.544  -5.284  69.578 0.0000000000
57892  -22.958  -4.957  69.904 0.0000000000
57877  -23.498  -5.111  70.163 0.0000000000
58783  -24.386  -5.205  70.465 0.0000000000
57867  -24.613  -5.106  70.938 0.0000000000
58806  -24.051  -5.431  69.120 0.0000000000
55997  -23.863  -8.257  67.244 0.0000000000
56007  -23.551  -8.558  66.451 0.0000000000
57036  -26.495  -7.994  63.231 0.0000000000
117265  -26.902  -7.683  62.697 0.0000000000
57984  -24.255  -6.573  62.595 0.0000000000
58881  -25.102  -5.887  61.726 0.0000000000
58893  -25.505  -5.379  61.223 0.0000000000
61781  -24.596  -2.321  60.340 0.0000000000
61770  -24.396  -2.124  61.228 0.0000000000
122722  -24.747  -0.705  60.829 0.0000000000
103423  -25.115  0.151  60.766 0.0000000000
53015  -11.456  -10.073  77.541 0.0000000000
53002  -11.136  -10.718  78.355 0.0000000000
107924  -11.087  -10.719  79.338 0.0000000000
53981  -12.448  -10.251  79.027 0.0000000000
53982  -12.652  -10.749  79.598 0.0000000000
50926  -15.403  -13.737  77.443 0.0000000000
123343  -15.422  -13.768  78.099 0.0000000000
47687  2.212  -15.884  82.693 0.0000000000
47688  1.471  -16.324  82.448 0.0000000000
121413  0.831  -13.901  82.050 0.0000000000
124966  1.172  -15.952  82.123 0.0000000000
46692  -0.988  -17.310  83.693 0.0000000000
48723  -2.506  -15.793  80.952 0.0000000000
113913  -5.417  -16.566  82.891 0.0000000000
111183  -4.785  -16.746  82.860 0.0000000000
47672  -3.091  -16.710  83.359 0.0000000000
39652  4.487  -25.305  87.511 0.0000000000
40468  5.177  -24.894  87.297 0.0000000000
42049  6.509  -23.200  88.184 0.0000000000
42038  6.578  -22.234  88.593 0.0000000000
108966  7.170  -23.964  88.141 0.0000000000
41256  7.200  -23.216  88.145 0.0000000000
41251  7.015  -23.180  88.586 0.0000000000
41272  3.529  -23.741  86.381 0.0000000000
56999  -21.286  -7.394  65.782 0.0000000000
59806  -24.644  -3.754  61.170 0.0000000000
64415  -25.792  1.252  60.372 0.0000000000
66931  -35.138  4.244  52.447 0.0000000000
108557  -27.416  3.038  59.572 0.0000000000
119680  -36.702  3.450  52.371 0.0000000000
120695  -27.119  0.844  58.003 0.0000000000
