#!ascii label  , from subject sub-v1s8x0051348_ses-1 vox2ras=TkReg
452
13788  -28.034  -60.884  24.882 0.6999999881
13145  -28.623  -60.950  23.592 0.6000000238
13146  -29.357  -61.195  23.306 0.6000000238
13148  -31.419  -61.693  23.149 0.4000000060
13110  -22.364  -61.708  25.551 0.6999999881
14451  -22.792  -60.180  24.964 0.6999999881
13116  -21.587  -62.155  24.237 0.6999999881
13785  -22.172  -61.124  24.678 0.6000000238
13128  -21.361  -62.365  23.221 0.6999999881
13792  -21.558  -61.720  23.492 0.6000000238
12521  -21.403  -62.531  22.892 0.6000000238
13803  -21.557  -61.679  22.779 0.6000000238
13794  -22.673  -61.884  22.102 0.6000000238
13144  -21.979  -61.661  22.118 0.6000000238
13813  -22.528  -61.094  21.059 0.5000000000
13805  -23.071  -61.478  21.647 0.5000000000
117405  -23.115  -61.129  20.894 0.5000000000
13814  -25.619  -60.837  21.280 0.6000000238
13807  -27.012  -60.678  23.364 0.6000000238
13815  -26.862  -60.777  22.198 0.6000000238
13816  -27.718  -60.972  21.830 0.6000000238
13154  -28.572  -61.078  22.615 0.6000000238
13779  -23.054  -60.483  25.916 0.6000000238
14452  -23.469  -59.484  25.188 0.6000000238
115591  -22.822  -59.944  24.125 0.6000000238
14463  -22.844  -59.838  23.180 0.6000000238
120577  -24.006  -58.839  22.725 0.6000000238
14474  -22.199  -60.653  22.102 0.6000000238
13812  -22.241  -60.988  21.335 0.6000000238
14481  -22.718  -60.339  20.848 0.6000000238
13818  -23.063  -60.773  20.557 0.6000000238
104937  -24.475  -60.960  21.663 0.6000000238
13819  -24.148  -60.781  20.458 0.6999999881
13820  -25.607  -60.732  20.121 0.6000000238
13155  -29.350  -61.278  22.380 0.5000000000
119142  -30.055  -61.399  22.198 0.5000000000
13771  -23.549  -60.253  27.107 0.6000000238
114652  -23.347  -59.732  25.762 0.6000000238
105622  -24.688  -58.691  24.657 0.6000000238
106941  -23.681  -59.230  24.415 0.6000000238
107240  -23.829  -59.004  23.515 0.6000000238
105291  -25.138  -58.591  23.710 0.6000000238
15106  -24.860  -58.564  22.413 0.6000000238
15105  -23.573  -59.148  21.610 0.6000000238
15117  -24.402  -58.733  21.105 0.6000000238
15126  -24.270  -59.192  20.142 0.6999999881
13821  -26.715  -60.897  20.917 0.6000000238
13156  -30.772  -61.496  22.626 0.4000000060
15072  -23.720  -58.916  26.977 0.6000000238
105824  -23.543  -59.580  26.542 0.6000000238
15083  -24.184  -58.842  25.469 0.6000000238
15092  -26.448  -58.509  24.371 0.5000000000
15107  -26.056  -58.516  23.176 0.6000000238
15118  -25.803  -58.554  21.880 0.6999999881
14487  -25.781  -59.867  19.559 0.6000000238
14485  -24.271  -59.954  19.811 0.6000000238
13825  -24.852  -60.386  19.892 0.6000000238
13826  -25.967  -60.460  19.723 0.6000000238
116114  -26.710  -60.762  19.895 0.6000000238
13166  -28.613  -61.073  20.451 0.6000000238
13161  -28.554  -61.141  21.569 0.6000000238
13163  -30.506  -61.472  21.390 0.4000000060
13162  -29.462  -61.291  21.412 0.5000000000
15061  -23.691  -58.700  27.831 0.5000000000
15073  -24.438  -58.621  26.573 0.6000000238
15084  -25.370  -58.544  25.748 0.6000000238
109540  -25.658  -58.556  24.821 0.5000000000
118001  -26.387  -58.460  25.441 0.5000000000
104662  -26.960  -58.517  23.689 0.6000000238
104331  -27.841  -58.562  23.586 0.6000000238
103787  -26.902  -58.552  22.803 0.6999999881
15119  -26.864  -58.614  21.891 0.6999999881
108206  -25.148  -58.719  20.747 0.6999999881
15129  -28.282  -58.960  20.929 0.6000000238
119874  -25.259  -59.033  20.139 0.6999999881
15135  -26.018  -59.365  19.876 0.6000000238
14488  -26.913  -59.723  19.525 0.6000000238
13838  -26.382  -60.180  19.508 0.6000000238
13827  -26.806  -60.459  19.617 0.6000000238
13828  -27.710  -60.669  19.709 0.6000000238
13167  -29.573  -61.211  20.317 0.5000000000
13168  -30.446  -61.481  19.954 0.4000000060
15062  -24.059  -58.449  27.493 0.6000000238
15707  -25.691  -58.245  26.875 0.6000000238
15074  -26.283  -58.348  26.201 0.6000000238
15085  -27.806  -57.959  25.859 0.5000000000
119642  -27.237  -58.391  25.244 0.6000000238
15086  -28.064  -58.293  25.135 0.5000000000
15093  -27.479  -58.479  24.426 0.6000000238
122848  -28.234  -58.430  24.436 0.5000000000
15108  -28.575  -58.632  23.144 0.5000000000
15120  -27.803  -58.659  22.429 0.6000000238
15110  -30.317  -58.222  23.448 0.5000000000
104009  -28.843  -58.774  22.237 0.5000000000
104384  -30.055  -58.752  22.526 0.4000000060
15128  -27.426  -58.775  21.343 0.6999999881
15131  -30.758  -58.777  21.710 0.4000000060
15138  -28.949  -59.204  20.103 0.5000000000
15137  -27.924  -59.408  19.731 0.6000000238
14490  -28.575  -59.659  19.493 0.6000000238
14491  -29.520  -59.433  19.618 0.5000000000
14499  -28.321  -60.039  19.271 0.6000000238
13178  -30.508  -61.219  19.271 0.5000000000
13841  -28.951  -60.380  19.391 0.6000000238
13177  -29.679  -60.898  19.526 0.6000000238
15698  -25.439  -57.740  27.681 0.5000000000
15708  -26.680  -57.917  26.748 0.5000000000
15075  -27.031  -58.223  26.054 0.5000000000
15727  -28.829  -58.109  24.896 0.4000000060
15728  -29.564  -57.967  24.584 0.5000000000
114987  -28.927  -58.444  24.036 0.5000000000
117971  -30.186  -57.805  24.237 0.5000000000
16368  -31.481  -56.778  22.542 0.4000000060
15754  -31.251  -57.595  22.672 0.4000000060
15122  -31.264  -58.173  22.150 0.4000000060
15132  -31.424  -58.252  21.409 0.5000000000
15759  -31.838  -57.418  20.973 0.5000000000
118945  -30.986  -58.829  20.799 0.5000000000
15139  -30.639  -59.077  19.797 0.5000000000
14502  -30.936  -59.662  18.950 0.5000000000
13842  -30.742  -60.750  18.899 0.5000000000
14500  -29.163  -59.888  19.278 0.6000000238
116893  -29.898  -60.417  19.187 0.5000000000
122857  -30.039  -57.476  24.808 0.4000000060
15729  -30.501  -57.062  24.522 0.5000000000
15739  -30.682  -57.433  23.808 0.5000000000
17047  -31.430  -56.062  23.104 0.5000000000
15757  -31.541  -57.516  21.953 0.4000000060
15140  -31.417  -58.321  20.373 0.5000000000
13844  -31.594  -60.479  18.735 0.3000000119
112052  -31.995  -56.863  20.187 0.5000000000
106112  -31.456  -58.542  19.553 0.5000000000
15148  -30.901  -59.113  19.284 0.5000000000
16349  -31.180  -56.137  23.838 0.4000000060
123655  -31.435  -55.404  22.815 0.4000000060
17803  -31.466  -54.890  21.252 0.4000000060
17059  -31.575  -55.930  22.330 0.4000000060
17070  -31.765  -55.436  20.562 0.4000000060
17806  -31.441  -54.665  20.209 0.4000000060
16375  -31.952  -56.361  20.843 0.5000000000
122206  -32.116  -58.712  18.811 0.4000000060
14505  -31.911  -59.472  18.800 0.4000000060
15767  -31.804  -57.614  19.870 0.5000000000
106848  -31.531  -58.706  19.055 0.5000000000
110376  -31.913  -57.807  19.212 0.5000000000
17805  -30.797  -54.033  19.773 0.4000000060
15151  -32.084  -58.008  18.842 0.4000000060
106417  -32.314  -57.081  18.866 0.5000000000
16382  -32.028  -56.050  19.808 0.5000000000
120400  -32.077  -56.924  19.399 0.5000000000
17811  -30.921  -53.680  19.346 0.4000000060
114538  -32.617  -56.208  18.647 0.4000000060
110701  -33.434  -56.099  18.415 0.3000000119
17078  -31.812  -55.121  19.597 0.5000000000
17082  -32.061  -55.551  19.151 0.5000000000
17084  -32.911  -55.398  18.470 0.3000000119
110856  -33.757  -55.254  18.321 0.3000000119
17812  -31.440  -54.329  19.222 0.4000000060
17083  -32.330  -55.503  18.796 0.5000000000
18537  -31.952  -54.154  18.708 0.4000000060
17818  -31.964  -54.887  18.935 0.5000000000
17819  -32.472  -54.727  18.600 0.5000000000
19326  -30.691  -52.601  19.347 0.4000000060
17820  -33.209  -54.572  18.361 0.3000000119
113115  -34.077  -54.467  18.259 0.3000000119
111215  -30.717  -53.257  19.222 0.4000000060
18538  -32.668  -53.953  18.442 0.4000000060
116485  -31.470  -53.052  18.959 0.4000000060
112131  -32.119  -53.450  18.686 0.4000000060
116677  -30.397  -51.745  19.765 0.5000000000
18539  -33.523  -53.828  18.367 0.3000000119
18528  -33.874  -53.281  18.780 0.4000000060
19329  -34.307  -52.768  19.607 0.4000000060
18529  -34.795  -53.333  18.920 0.4000000060
20060  -31.341  -51.766  20.052 0.4000000060
19327  -32.361  -52.849  19.042 0.5000000000
19328  -33.323  -52.764  19.388 0.4000000060
19313  -31.771  -52.383  19.599 0.5000000000
19314  -32.741  -52.258  19.993 0.5000000000
19315  -33.767  -52.081  20.360 0.4000000060
19316  -34.824  -52.204  20.362 0.4000000060
19330  -35.249  -52.828  19.625 0.3000000119
109610  -31.032  -51.140  20.388 0.5000000000
121792  -34.309  -50.648  21.009 0.4000000060
20831  -34.989  -50.667  21.009 0.3000000119
20827  -30.210  -50.776  20.247 0.5000000000
20830  -33.784  -50.180  21.152 0.4000000060
110502  -33.699  -51.055  20.847 0.4000000060
20063  -34.495  -51.388  20.794 0.4000000060
20832  -35.804  -50.608  20.773 0.3000000119
20061  -32.218  -51.701  20.309 0.5000000000
20062  -32.970  -51.477  20.561 0.5000000000
21579  -34.013  -49.314  21.097 0.4000000060
111471  -34.550  -49.958  21.063 0.4000000060
21577  -29.751  -49.888  20.406 0.5000000000
21581  -35.340  -49.819  20.800 0.3000000119
21578  -30.697  -49.819  20.873 0.5000000000
21569  -31.618  -49.648  21.199 0.5000000000
21570  -32.459  -49.620  21.299 0.5000000000
20819  -32.836  -50.531  21.012 0.5000000000
20829  -31.901  -50.981  20.650 0.5000000000
108357  -34.228  -48.472  20.735 0.4000000060
22332  -29.536  -49.048  20.440 0.5000000000
108969  -31.799  -48.159  21.148 0.5000000000
21580  -34.823  -49.091  20.790 0.3000000119
22333  -30.361  -48.502  20.733 0.5000000000
121795  -31.049  -48.120  20.942 0.5000000000
112677  -31.111  -48.901  21.142 0.5000000000
13808  -27.818  -60.842  22.940 0.6000000238
122145  -30.022  -61.307  23.779 0.5000000000
13804  -22.334  -61.479  21.685 0.6000000238
13822  -27.667  -60.969  20.645 0.6000000238
13829  -28.774  -60.767  19.655 0.6000000238
15127  -26.250  -58.797  20.826 0.6999999881
15130  -29.528  -58.994  21.351 0.5000000000
14489  -27.844  -59.829  19.419 0.6000000238
15094  -29.753  -58.278  23.980 0.5000000000
15753  -30.899  -57.726  23.218 0.5000000000
123363  -30.387  -60.087  18.990 0.5000000000
17068  -31.690  -55.695  21.507 0.4000000060
108403  -31.467  -55.122  22.152 0.4000000060
20064  -35.350  -51.479  20.748 0.3000000119
22326  -32.097  -48.900  21.332 0.5000000000
9654  -24.967  -67.558  23.016 0.5000000000
10852  -26.384  -65.747  22.991 0.5000000000
122864  -25.518  -66.593  22.984 0.5000000000
9623  -27.752  -67.120  25.556 0.5000000000
111154  -27.279  -66.038  22.667 0.5000000000
10853  -27.004  -65.786  22.756 0.4000000060
9640  -25.219  -66.942  23.718 0.5000000000
10837  -26.319  -65.661  23.803 0.6000000238
10836  -25.797  -65.976  23.526 0.6000000238
10246  -27.191  -66.236  24.845 0.5000000000
10838  -26.802  -65.721  24.160 0.5000000000
9607  -29.100  -67.267  26.363 0.4000000060
10232  -24.185  -66.855  25.718 0.6999999881
10233  -24.646  -66.740  25.069 0.6999999881
10245  -25.245  -66.397  24.399 0.6999999881
10819  -26.284  -65.429  24.755 0.5000000000
10818  -25.754  -65.650  24.475 0.6999999881
10236  -28.033  -66.757  26.192 0.5000000000
10235  -27.496  -66.156  25.919 0.5000000000
10820  -26.850  -65.562  25.242 0.5000000000
10787  -29.367  -66.231  26.526 0.5000000000
10218  -28.712  -66.691  26.441 0.5000000000
9596  -23.398  -67.688  27.389 0.5000000000
8962  -23.438  -68.138  26.519 0.6999999881
10216  -23.976  -66.908  26.388 0.6999999881
9621  -23.895  -67.588  26.027 0.6999999881
10234  -24.960  -65.899  24.993 0.6000000238
10806  -26.569  -64.923  25.585 0.6999999881
10805  -25.577  -65.180  25.055 0.6000000238
10786  -28.407  -65.399  26.605 0.5000000000
10785  -27.681  -65.439  26.365 0.6000000238
11360  -27.185  -64.778  26.236 0.6000000238
120836  -28.741  -66.006  26.562 0.5000000000
10808  -30.614  -65.216  26.039 0.5000000000
122116  -23.590  -67.082  27.818 0.5000000000
10205  -23.835  -66.994  27.182 0.6999999881
112357  -24.081  -66.118  25.448 0.6999999881
107683  -23.517  -65.313  25.397 0.6999999881
118505  -23.105  -64.870  25.153 0.6999999881
105452  -25.705  -64.519  25.392 0.8000000119
113860  -24.872  -64.285  25.279 0.6999999881
113548  -27.244  -64.119  26.484 0.6000000238
11359  -26.584  -64.148  26.067 0.6999999881
11362  -28.946  -64.659  26.700 0.6999999881
11361  -27.930  -64.549  26.672 0.6000000238
11363  -29.833  -64.875  26.444 0.6000000238
11373  -31.270  -64.089  25.317 0.6000000238
10196  -22.944  -67.113  28.938 0.5000000000
10760  -23.826  -65.784  28.493 0.6000000238
10197  -23.505  -66.713  28.440 0.5000000000
10769  -23.817  -65.605  27.359 0.6000000238
10784  -23.313  -65.317  26.236 0.6000000238
11369  -22.960  -64.844  25.466 0.6999999881
11901  -22.918  -64.010  24.558 0.6999999881
11376  -22.709  -64.451  24.952 0.6000000238
11891  -24.201  -63.774  24.998 0.6999999881
121322  -25.802  -63.894  25.712 0.6999999881
11882  -28.636  -63.715  26.681 0.6999999881
11372  -30.496  -64.234  26.009 0.6999999881
113826  -29.579  -63.940  26.487 0.6999999881
10189  -23.317  -66.346  29.252 0.5000000000
11349  -23.377  -64.754  26.809 0.6000000238
11358  -22.674  -64.535  25.841 0.6000000238
11890  -22.311  -64.239  25.118 0.6000000238
11892  -25.342  -63.407  25.580 0.8000000119
12503  -24.821  -62.710  25.251 0.5000000000
12492  -26.606  -62.646  26.237 0.6999999881
13119  -26.261  -61.799  25.769 0.6999999881
12505  -28.699  -62.094  26.119 0.6999999881
13112  -27.829  -62.065  26.271 0.6999999881
11896  -31.328  -63.330  24.878 0.5000000000
11883  -30.069  -63.402  26.116 0.6999999881
12516  -31.367  -62.564  24.330 0.5000000000
10753  -23.621  -65.511  29.474 0.5000000000
113775  -24.034  -64.975  28.926 0.5000000000
11874  -23.405  -63.541  27.210 0.6000000238
111009  -24.033  -64.791  28.063 0.6000000238
11879  -22.623  -63.313  26.298 0.6000000238
11878  -22.198  -63.726  25.546 0.6000000238
12490  -21.830  -63.044  25.070 0.6000000238
11889  -21.889  -63.838  24.879 0.6000000238
11899  -21.637  -63.410  24.205 0.6000000238
13118  -25.187  -61.258  24.870 0.6000000238
13117  -24.318  -62.070  24.659 0.5000000000
12513  -21.631  -63.022  23.525 0.5000000000
13787  -27.417  -61.002  25.328 0.6000000238
13786  -26.448  -60.981  25.262 0.6000000238
104604  -28.972  -61.626  25.559 0.6000000238
13121  -28.183  -61.425  25.668 0.6000000238
13134  -30.313  -61.551  24.396 0.5000000000
11335  -24.302  -64.110  28.979 0.5000000000
12478  -24.042  -62.932  27.968 0.6000000238
109804  -22.655  -62.754  23.342 0.5000000000
13130  -21.942  -62.155  22.335 0.5000000000
13796  -25.733  -60.746  24.337 0.4000000060
13795  -24.305  -61.138  23.514 0.5000000000
119684  -28.592  -60.948  24.401 0.6000000238
11861  -24.027  -63.904  29.799 0.5000000000
11868  -24.386  -63.194  28.813 0.6000000238
109528  -23.861  -61.991  27.668 0.6000000238
12491  -22.895  -62.357  26.436 0.6000000238
106038  -25.931  -60.717  22.649 0.5000000000
13806  -25.006  -60.759  23.110 0.4000000060
11853  -23.516  -63.707  30.433 0.5000000000
12471  -24.386  -62.645  29.472 0.5000000000
12479  -24.359  -62.305  28.667 0.6000000238
13104  -23.375  -61.258  26.783 0.6000000238
11852  -22.826  -63.454  30.906 0.5000000000
13079  -24.109  -62.290  30.136 0.5000000000
13085  -24.345  -61.650  29.424 0.6000000238
11842  -22.126  -63.176  31.154 0.5000000000
103546  -23.530  -62.119  30.615 0.5000000000
13761  -24.239  -60.805  28.880 0.6000000238
13093  -23.943  -60.967  27.876 0.6000000238
13077  -23.070  -61.580  30.804 0.5000000000
13078  -23.909  -61.369  30.247 0.5000000000
12464  -22.140  -61.775  31.065 0.5000000000
118400  -23.286  -60.865  30.542 0.5000000000
13084  -24.123  -60.848  29.584 0.5000000000
13076  -21.441  -61.172  30.962 0.5000000000
105460  -22.477  -60.947  30.819 0.5000000000
13742  -23.692  -60.463  30.044 0.5000000000
13760  -23.764  -60.059  28.171 0.4000000060
13740  -21.864  -60.304  30.720 0.5000000000
14376  -23.394  -59.728  29.842 0.5000000000
14392  -23.363  -59.085  29.241 0.4000000060
14411  -23.567  -59.199  28.402 0.4000000060
14391  -22.799  -59.026  29.991 0.4000000060
15051  -23.487  -58.446  28.622 0.4000000060
13797  -26.986  -60.676  24.492 0.6000000238
13133  -29.378  -61.172  24.290 0.5000000000
13135  -31.163  -61.783  24.011 0.4000000060
12514  -22.179  -63.336  23.719 0.6000000238
15697  -24.620  -57.896  27.920 0.4000000060
11371  -24.496  -65.258  25.113 0.6999999881
12504  -25.766  -62.607  25.842 0.6999999881
12494  -28.281  -62.803  26.524 0.6999999881
12493  -27.419  -62.745  26.459 0.6999999881
12502  -23.508  -63.156  24.451 0.6000000238
11900  -22.023  -63.797  24.389 0.6000000238
11894  -30.117  -62.700  25.716 0.6999999881
115871  -25.322  -61.972  25.422 0.6999999881
13111  -27.081  -62.122  26.210 0.6999999881
12506  -29.486  -62.094  25.704 0.6000000238
12515  -30.787  -62.049  24.611 0.6000000238
8950  -22.953  -68.336  27.172 0.5000000000
9587  -23.202  -67.448  28.199 0.5000000000
9606  -23.735  -67.503  26.723 0.6999999881
9622  -24.254  -67.592  25.188 0.6999999881
9624  -28.491  -67.327  26.148 0.5000000000
9641  -27.477  -66.984  24.319 0.5000000000
10217  -28.103  -66.134  26.423 0.5000000000
10219  -29.398  -66.840  26.468 0.4000000060
10258  -27.207  -65.997  23.511 0.4000000060
10267  -25.949  -66.009  22.557 0.5000000000
10268  -26.554  -65.842  22.200 0.4000000060
10788  -30.009  -65.759  26.405 0.5000000000
10804  -23.665  -65.911  25.885 0.6999999881
10807  -27.182  -65.370  25.921 0.5000000000
11325  -23.558  -64.395  30.199 0.5000000000
11334  -23.871  -64.676  29.597 0.5000000000
11370  -23.568  -64.695  25.040 0.6999999881
11854  -24.113  -63.119  30.039 0.5000000000
11862  -24.328  -63.380  29.434 0.6000000238
11867  -24.081  -63.814  28.146 0.6000000238
11880  -26.932  -63.443  26.423 0.6999999881
11881  -27.729  -63.555  26.636 0.6999999881
11893  -26.168  -63.368  26.095 0.6999999881
11895  -30.711  -63.387  25.562 0.5000000000
12465  -22.733  -62.508  30.986 0.5000000000
12466  -23.535  -62.870  30.588 0.5000000000
12495  -29.303  -62.906  26.332 0.6999999881
12507  -30.788  -62.636  25.076 0.5000000000
12512  -21.451  -62.839  23.681 0.6000000238
13069  -21.354  -61.932  31.199 0.5000000000
13094  -24.280  -61.516  28.536 0.6000000238
13120  -27.219  -61.532  25.854 0.6000000238
13122  -29.564  -61.529  25.068 0.6000000238
13123  -30.213  -61.999  25.148 0.6000000238
13129  -21.617  -62.620  22.891 0.5000000000
13131  -23.635  -61.750  23.637 0.5000000000
13132  -28.829  -61.204  25.037 0.6000000238
13142  -21.372  -62.233  22.766 0.6999999881
13143  -21.514  -62.258  22.655 0.6000000238
13147  -30.707  -61.494  23.572 0.5000000000
13741  -22.875  -60.077  30.448 0.5000000000
13752  -23.835  -60.022  29.221 0.5000000000
13793  -22.099  -60.810  23.813 0.6000000238
13798  -27.887  -60.749  23.964 0.6999999881
13824  -23.782  -60.460  20.123 0.6999999881
13837  -25.571  -60.205  19.628 0.6000000238
13839  -27.434  -60.193  19.405 0.6000000238
13840  -28.185  -60.389  19.455 0.6000000238
14424  -23.601  -59.356  27.472 0.4000000060
14439  -23.729  -59.145  26.102 0.6000000238
14462  -22.086  -60.722  22.898 0.6000000238
14475  -22.750  -59.836  22.031 0.6000000238
14483  -23.444  -60.056  20.277 0.6000000238
14486  -25.042  -60.025  19.599 0.6000000238
14501  -30.143  -59.637  19.274 0.6000000238
15063  -24.900  -58.253  27.347 0.6000000238
15109  -29.461  -58.571  23.290 0.5000000000
15116  -23.502  -59.431  20.611 0.6000000238
15121  -30.826  -58.272  22.662 0.4000000060
15134  -25.035  -59.563  19.786 0.6999999881
15136  -27.126  -59.107  20.158 0.6000000238
15740  -31.194  -56.922  23.335 0.5000000000
16357  -30.891  -56.767  23.978 0.5000000000
16373  -31.711  -56.622  21.722 0.4000000060
16385  -32.200  -56.225  19.025 0.5000000000
18526  -31.422  -53.650  18.929 0.4000000060
18527  -32.959  -53.289  18.658 0.4000000060
18540  -34.438  -53.821  18.361 0.4000000060
20818  -32.027  -50.237  21.088 0.5000000000
20828  -31.242  -50.429  20.821 0.5000000000
103315  -30.076  -59.130  20.485 0.5000000000
104238  -23.782  -66.415  27.713 0.6000000238
107811  -26.190  -60.631  23.717 0.4000000060
108796  -23.833  -66.249  26.783 0.6000000238
112512  -30.067  -61.388  23.016 0.5000000000
113372  -22.709  -64.046  26.349 0.6000000238
113677  -30.305  -49.238  20.762 0.5000000000
115561  -29.228  -65.487  26.595 0.5000000000
120120  -23.393  -62.822  27.133 0.6000000238
121929  -23.523  -64.202  27.312 0.6000000238
122064  -26.801  -65.693  23.371 0.5000000000
123848  -32.501  -51.155  20.637 0.5000000000
124039  -28.102  -58.783  21.770 0.4000000060
124695  -22.268  -64.069  25.470 0.6000000238
