#!ascii label  , from subject sub-v1s8x0051348_ses-1 vox2ras=TkReg
2115
22334  -32.652  -48.267  21.198 0.5000000000
23051  -33.263  -47.698  20.738 0.5000000000
23781  -32.770  -46.943  20.354 0.4000000060
113284  -33.507  -47.139  20.102 0.5000000000
23791  -33.199  -46.554  19.652 0.5000000000
36833  -27.570  -28.294  11.273 0.5000000000
37811  -28.079  -28.099  11.281 0.4000000060
36820  -28.884  -28.528  12.091 0.4000000060
36821  -30.060  -29.265  12.901 0.6000000238
36809  -29.556  -28.977  13.629 0.5000000000
36810  -30.614  -29.407  14.270 0.5000000000
105594  -31.052  -29.565  13.675 0.4000000060
107808  -31.719  -29.621  13.727 0.4000000060
36811  -31.552  -29.507  14.488 0.5000000000
36824  -33.129  -29.306  13.637 0.4000000060
21571  -33.240  -49.527  21.297 0.5000000000
22335  -33.438  -48.597  21.123 0.4000000060
123931  -33.785  -48.094  20.737 0.5000000000
23052  -34.151  -47.660  20.255 0.5000000000
23060  -34.866  -47.456  19.473 0.5000000000
119486  -34.086  -46.933  19.366 0.5000000000
23799  -33.628  -46.249  18.858 0.5000000000
24600  -33.248  -45.542  18.500 0.5000000000
35864  -26.394  -29.961  12.777 0.5000000000
35865  -27.337  -29.988  12.727 0.5000000000
35879  -27.742  -29.111  11.589 0.5000000000
106635  -27.851  -28.169  11.109 0.5000000000
36822  -31.083  -29.552  12.833 0.6000000238
39584  -35.303  -26.677  13.011 0.3000000119
36823  -32.217  -29.592  13.249 0.4000000060
38707  -35.208  -27.078  13.747 0.3000000119
37791  -33.849  -28.790  13.918 0.4000000060
37792  -34.424  -28.206  14.218 0.4000000060
22327  -32.798  -48.959  21.358 0.5000000000
24588  -32.785  -45.950  19.150 0.5000000000
121342  -28.966  -28.512  11.727 0.6000000238
39580  -35.510  -26.396  13.754 0.3000000119
14427  -35.289  -59.887  26.921 0.3000000119
14441  -35.413  -59.517  26.306 0.3000000119
104284  -35.708  -59.455  25.738 0.4000000060
14454  -36.246  -59.720  25.328 0.4000000060
13789  -36.712  -60.436  25.797 0.4000000060
14455  -36.941  -60.064  24.806 0.4000000060
14465  -36.463  -59.278  24.374 0.4000000060
13799  -37.756  -60.339  24.421 0.4000000060
15097  -37.214  -58.658  23.537 0.4000000060
15733  -37.957  -57.919  23.302 0.4000000060
14440  -34.945  -59.145  26.617 0.3000000119
15076  -34.792  -58.388  26.147 0.3000000119
15721  -34.678  -57.497  25.700 0.4000000060
15077  -35.282  -58.969  25.821 0.4000000060
15087  -35.194  -58.283  25.256 0.4000000060
14464  -36.038  -58.791  24.324 0.4000000060
15095  -35.670  -58.221  24.315 0.4000000060
122985  -36.811  -59.044  23.830 0.4000000060
15732  -36.952  -57.808  23.335 0.4000000060
115670  -38.192  -56.509  22.809 0.4000000060
15742  -37.571  -57.105  23.072 0.4000000060
17747  -33.046  -55.013  27.053 0.3000000119
107037  -33.578  -56.007  26.664 0.3000000119
17031  -34.006  -55.925  26.088 0.3000000119
16342  -34.797  -56.721  25.077 0.4000000060
16350  -34.930  -56.007  24.566 0.4000000060
15722  -35.178  -57.496  24.763 0.4000000060
16343  -35.277  -56.774  24.309 0.4000000060
16358  -36.035  -56.250  23.366 0.4000000060
15741  -36.601  -56.873  23.196 0.4000000060
17049  -36.671  -55.174  22.848 0.4000000060
111433  -37.327  -56.347  22.838 0.4000000060
19292  -37.383  -52.326  23.120 0.4000000060
17792  -36.973  -54.380  22.710 0.4000000060
17060  -37.430  -55.089  22.600 0.4000000060
17023  -32.617  -55.331  27.663 0.3000000119
17024  -33.189  -55.713  27.140 0.3000000119
17758  -33.223  -54.420  26.625 0.3000000119
17041  -34.603  -55.230  24.857 0.3000000119
16351  -35.464  -56.104  23.849 0.4000000060
17048  -35.871  -55.385  23.380 0.4000000060
18499  -36.607  -53.612  22.954 0.4000000060
17782  -36.167  -54.425  23.123 0.4000000060
109969  -36.603  -55.963  23.019 0.4000000060
19291  -36.447  -52.720  23.233 0.4000000060
20807  -37.182  -50.946  23.540 0.4000000060
17746  -32.661  -54.383  27.342 0.3000000119
18472  -32.917  -53.699  26.811 0.3000000119
115738  -33.434  -53.727  26.146 0.3000000119
18482  -33.977  -53.730  25.415 0.4000000060
18490  -34.487  -53.756  24.682 0.4000000060
116790  -34.707  -53.176  24.320 0.4000000060
17042  -35.134  -55.283  24.102 0.4000000060
20801  -35.310  -50.281  24.733 0.3000000119
20038  -35.349  -52.050  23.894 0.4000000060
17781  -35.395  -54.470  23.695 0.4000000060
105339  -35.345  -51.122  24.294 0.3000000119
20045  -36.039  -52.098  23.527 0.4000000060
18498  -35.720  -53.509  23.425 0.4000000060
20039  -36.168  -51.233  23.739 0.4000000060
19979  -30.579  -51.406  28.946 0.3000000119
19232  -31.225  -52.154  28.505 0.3000000119
21474  -29.978  -49.150  29.952 0.3000000119
18457  -32.027  -53.371  27.942 0.3000000119
19251  -31.785  -52.697  28.019 0.3000000119
18458  -32.466  -53.541  27.390 0.3000000119
109161  -32.414  -51.828  27.079 0.3000000119
20019  -32.518  -50.973  26.837 0.3000000119
19265  -32.772  -52.430  26.679 0.3000000119
20020  -33.047  -51.540  26.366 0.3000000119
20030  -33.654  -51.625  25.672 0.3000000119
116174  -33.627  -53.014  25.676 0.3000000119
108425  -34.054  -50.957  25.439 0.3000000119
18483  -34.245  -52.961  24.922 0.3000000119
20800  -34.684  -50.989  24.873 0.3000000119
19277  -34.357  -52.240  24.818 0.4000000060
21542  -35.318  -49.460  25.058 0.3000000119
109668  -36.053  -50.360  24.244 0.4000000060
22308  -36.610  -48.687  24.438 0.4000000060
21554  -37.295  -49.674  23.789 0.4000000060
20741  -30.691  -50.619  28.660 0.3000000119
19980  -31.040  -51.262  28.424 0.3000000119
116354  -31.019  -49.880  28.288 0.3000000119
110501  -31.868  -52.018  27.729 0.3000000119
20004  -32.023  -51.264  27.436 0.3000000119
21526  -32.614  -49.230  26.764 0.3000000119
20782  -32.587  -50.104  26.744 0.3000000119
22294  -33.807  -48.964  26.053 0.3000000119
21527  -33.306  -49.640  26.267 0.3000000119
20783  -33.122  -50.596  26.324 0.3000000119
22278  -34.015  -48.238  26.115 0.3000000119
20795  -34.574  -50.136  25.324 0.3000000119
21541  -34.755  -49.295  25.424 0.3000000119
22296  -35.345  -48.565  25.315 0.3000000119
22307  -35.898  -48.867  24.877 0.3000000119
23023  -36.330  -47.431  24.922 0.3000000119
22317  -37.622  -48.767  23.437 0.4000000060
109514  -30.347  -48.666  29.267 0.3000000119
110814  -30.043  -48.261  30.079 0.3000000119
21486  -30.783  -48.960  28.476 0.3000000119
23659  -30.707  -46.654  30.813 0.3000000119
24443  -31.828  -45.552  31.401 0.3000000119
108954  -31.468  -49.172  27.739 0.3000000119
22961  -31.151  -47.445  28.391 0.3000000119
24431  -32.127  -45.657  31.939 0.3000000119
22995  -32.747  -47.451  26.886 0.3000000119
22264  -32.539  -48.289  26.896 0.3000000119
116559  -32.106  -48.946  27.227 0.3000000119
22996  -33.412  -47.714  26.485 0.3000000119
22277  -33.262  -48.683  26.417 0.3000000119
114719  -33.970  -46.987  26.320 0.3000000119
22997  -34.236  -47.510  26.142 0.3000000119
111990  -35.505  -47.055  25.577 0.3000000119
107599  -36.690  -47.793  24.483 0.4000000060
23031  -36.818  -47.610  23.808 0.4000000060
22322  -37.730  -48.605  22.810 0.5000000000
22231  -30.397  -47.809  29.449 0.3000000119
22936  -30.307  -47.351  30.335 0.3000000119
22951  -30.914  -46.989  28.946 0.3000000119
23660  -31.135  -46.188  30.326 0.3000000119
22263  -31.797  -48.338  27.469 0.3000000119
23686  -31.433  -46.615  28.594 0.3000000119
25237  -33.208  -44.356  32.076 0.3000000119
25238  -33.964  -44.427  32.311 0.3000000119
123351  -32.294  -46.485  27.648 0.3000000119
23702  -31.818  -46.952  27.821 0.3000000119
26008  -34.396  -43.896  32.279 0.3000000119
23721  -33.274  -46.793  26.699 0.3000000119
26010  -36.054  -43.756  32.328 0.3000000119
24526  -34.570  -45.378  26.073 0.3000000119
23722  -34.176  -46.121  26.337 0.3000000119
26778  -37.897  -42.683  31.386 0.3000000119
23736  -34.831  -46.788  25.963 0.3000000119
112734  -35.052  -45.850  25.847 0.3000000119
23022  -36.057  -46.901  25.164 0.3000000119
23750  -36.395  -47.025  24.403 0.3000000119
23762  -36.408  -47.057  23.525 0.4000000060
23038  -37.194  -48.130  22.537 0.5000000000
24471  -31.571  -45.692  29.779 0.3000000119
24457  -32.141  -44.812  31.003 0.3000000119
23687  -32.153  -46.068  28.123 0.3000000119
107597  -32.037  -45.230  29.336 0.3000000119
25258  -32.351  -44.403  30.320 0.3000000119
26024  -32.556  -43.933  30.989 0.3000000119
23703  -32.746  -46.046  27.402 0.3000000119
110599  -33.664  -43.649  31.909 0.3000000119
113533  -33.380  -45.979  26.831 0.3000000119
26016  -34.513  -43.227  32.029 0.3000000119
26775  -34.803  -42.509  31.673 0.3000000119
26777  -36.645  -42.248  31.628 0.3000000119
28261  -37.137  -40.371  29.666 0.3000000119
28246  -36.857  -40.881  30.345 0.3000000119
25324  -34.292  -44.676  25.915 0.3000000119
24537  -34.794  -45.224  25.471 0.3000000119
23749  -35.821  -46.335  24.718 0.3000000119
24550  -35.291  -45.765  24.165 0.3000000119
26051  -32.741  -43.747  29.273 0.3000000119
26034  -32.616  -43.824  30.066 0.3000000119
24509  -33.370  -45.120  27.230 0.3000000119
123165  -33.004  -44.589  27.899 0.3000000119
24490  -32.422  -45.102  28.579 0.3000000119
26035  -32.771  -43.024  29.808 0.3000000119
26025  -33.113  -42.714  30.701 0.3000000119
26015  -33.092  -43.326  31.250 0.3000000119
25323  -33.799  -44.450  26.604 0.3000000119
25303  -33.461  -44.137  27.322 0.3000000119
25289  -33.156  -43.860  27.962 0.3000000119
26808  -32.813  -42.352  29.141 0.3000000119
27564  -32.998  -41.489  29.412 0.3000000119
26782  -33.661  -42.045  30.757 0.3000000119
118056  -34.338  -42.078  31.209 0.3000000119
26087  -33.559  -43.666  26.690 0.3000000119
28259  -35.417  -40.253  29.922 0.3000000119
28244  -34.953  -40.760  30.378 0.3000000119
28940  -34.981  -39.720  29.448 0.3000000119
28260  -36.318  -40.328  29.858 0.3000000119
28245  -35.867  -40.736  30.404 0.3000000119
28962  -36.914  -39.039  28.057 0.3000000119
28942  -36.664  -39.962  29.389 0.3000000119
25354  -34.371  -44.630  25.017 0.4000000060
28963  -37.854  -39.474  27.907 0.3000000119
28988  -39.332  -39.540  25.947 0.3000000119
23761  -35.804  -46.429  23.636 0.3000000119
23770  -36.039  -46.810  22.723 0.4000000060
29788  -40.935  -38.873  23.882 0.3000000119
23043  -36.871  -47.804  21.785 0.5000000000
105963  -37.271  -48.021  20.960 0.5000000000
113969  -33.009  -42.553  27.364 0.3000000119
26827  -32.881  -42.539  28.166 0.3000000119
111400  -32.893  -40.846  28.769 0.3000000119
28257  -33.577  -40.653  29.530 0.3000000119
28939  -34.068  -39.782  29.268 0.3000000119
125020  -33.944  -44.193  25.347 0.4000000060
29726  -36.110  -39.055  28.433 0.3000000119
29741  -37.579  -38.861  27.310 0.3000000119
26116  -33.422  -43.328  24.382 0.4000000060
24561  -34.619  -45.238  23.596 0.5000000000
29742  -38.217  -39.272  27.190 0.3000000119
29760  -38.800  -39.031  26.036 0.4000000060
29774  -38.566  -38.342  25.795 0.4000000060
24562  -35.096  -45.794  23.132 0.5000000000
23769  -35.612  -46.372  21.787 0.6000000238
29775  -39.294  -38.819  25.426 0.3000000119
23042  -36.295  -47.112  21.828 0.6000000238
23775  -36.664  -47.249  20.858 0.6000000238
26847  -33.296  -42.910  26.728 0.3000000119
28282  -32.499  -40.379  27.364 0.3000000119
28961  -33.297  -39.185  27.771 0.3000000119
107602  -33.444  -43.257  25.982 0.3000000119
28273  -32.801  -40.288  28.118 0.3000000119
28950  -33.810  -39.325  28.459 0.3000000119
29725  -35.373  -38.816  28.410 0.3000000119
29739  -35.259  -38.234  27.846 0.4000000060
26864  -33.175  -42.745  25.194 0.4000000060
29740  -36.086  -38.534  27.956 0.4000000060
29757  -36.786  -37.877  26.989 0.4000000060
26879  -33.088  -42.477  24.261 0.5000000000
29758  -37.413  -38.256  26.814 0.4000000060
30573  -37.194  -37.597  26.526 0.4000000060
30598  -38.890  -37.177  24.842 0.4000000060
25375  -34.069  -44.662  23.103 0.5000000000
24569  -34.983  -45.780  22.175 0.6000000238
29759  -38.191  -38.751  26.563 0.4000000060
30574  -37.894  -37.948  26.210 0.4000000060
30599  -39.504  -37.604  24.545 0.4000000060
122053  -39.390  -36.973  24.355 0.4000000060
104827  -40.029  -37.973  24.283 0.3000000119
123014  -40.578  -37.476  23.463 0.4000000060
23774  -36.104  -46.686  21.143 0.6000000238
23783  -37.008  -46.714  20.109 0.6000000238
23063  -38.034  -47.404  19.525 0.6999999881
27579  -32.474  -41.184  27.055 0.3000000119
29737  -33.515  -38.532  27.357 0.3000000119
111807  -33.087  -42.606  26.039 0.3000000119
26863  -32.744  -42.019  25.675 0.3000000119
29723  -33.888  -38.751  27.909 0.3000000119
30558  -35.146  -37.627  27.273 0.4000000060
26878  -32.783  -41.945  24.847 0.5000000000
30559  -36.036  -37.840  27.352 0.4000000060
30572  -36.456  -37.370  26.731 0.4000000060
27620  -32.632  -41.334  24.618 0.5000000000
31324  -38.333  -36.557  25.119 0.4000000060
26123  -33.335  -42.992  23.532 0.5000000000
26131  -33.584  -43.419  22.752 0.6000000238
31335  -38.930  -36.450  24.528 0.4000000060
112697  -40.102  -36.497  23.484 0.4000000060
24573  -35.160  -45.597  21.337 0.6000000238
31344  -40.641  -36.946  23.157 0.4000000060
110121  -41.620  -36.177  22.076 0.4000000060
23792  -37.589  -46.646  19.572 0.6999999881
120936  -39.061  -46.738  18.583 0.6999999881
23072  -38.857  -47.517  18.990 0.6999999881
28987  -32.457  -39.710  25.881 0.4000000060
29736  -32.850  -39.036  27.135 0.4000000060
30556  -33.801  -37.866  26.941 0.4000000060
30570  -34.147  -37.224  26.514 0.4000000060
28310  -32.458  -40.601  25.607 0.4000000060
29772  -32.550  -38.825  25.559 0.4000000060
30571  -34.945  -37.100  26.684 0.4000000060
29001  -32.460  -39.468  25.037 0.4000000060
115710  -35.703  -37.214  26.787 0.4000000060
31307  -36.281  -36.289  26.244 0.4000000060
31323  -37.628  -36.648  25.693 0.4000000060
120955  -37.680  -35.743  25.268 0.4000000060
115929  -38.419  -35.918  24.742 0.4000000060
32139  -38.990  -35.611  24.182 0.4000000060
26897  -33.467  -42.499  22.763 0.6000000238
32147  -39.803  -35.740  23.435 0.4000000060
32156  -40.746  -35.791  22.586 0.4000000060
26904  -33.833  -42.877  22.034 0.6000000238
25381  -34.935  -44.807  21.005 0.6999999881
25389  -35.484  -44.451  20.461 0.6999999881
32164  -41.739  -35.529  21.810 0.4000000060
24590  -37.071  -45.855  19.703 0.6999999881
105242  -39.591  -47.226  18.400 0.6999999881
30569  -33.432  -37.643  26.271 0.4000000060
27628  -32.619  -41.021  24.157 0.4000000060
30585  -32.657  -38.088  25.251 0.4000000060
31306  -35.515  -36.440  26.331 0.4000000060
27629  -32.860  -41.122  23.455 0.6000000238
28332  -32.565  -40.296  23.941 0.5000000000
32126  -36.752  -35.205  25.462 0.4000000060
112764  -33.213  -40.880  22.766 0.6999999881
32138  -38.161  -35.182  24.669 0.4000000060
26137  -34.458  -43.181  21.303 0.6999999881
32827  -39.271  -34.896  23.608 0.4000000060
25388  -35.129  -43.746  20.691 0.6999999881
32848  -41.362  -34.803  21.910 0.4000000060
32836  -40.122  -34.228  22.610 0.4000000060
24589  -36.876  -44.771  19.617 0.6999999881
32849  -42.025  -34.795  21.484 0.4000000060
24591  -37.812  -45.912  19.241 0.6999999881
23803  -39.627  -46.375  18.157 0.6999999881
32857  -43.389  -34.226  20.529 0.4000000060
32866  -44.607  -34.086  19.741 0.4000000060
30597  -32.942  -37.264  24.430 0.4000000060
111905  -33.241  -36.953  25.115 0.4000000060
31320  -34.173  -36.032  25.573 0.4000000060
31321  -34.987  -35.798  25.824 0.4000000060
28333  -32.908  -40.267  23.096 0.6999999881
29009  -32.708  -39.454  23.488 0.5000000000
32113  -35.936  -35.608  25.847 0.4000000060
28342  -33.493  -40.287  22.377 0.6999999881
32137  -37.378  -34.851  25.015 0.4000000060
32826  -38.718  -34.093  23.691 0.4000000060
27645  -34.375  -41.187  21.402 0.6999999881
33470  -37.972  -33.749  24.021 0.4000000060
33484  -38.996  -33.560  23.237 0.4000000060
26145  -35.854  -42.731  20.017 0.6999999881
32835  -39.450  -34.197  23.147 0.4000000060
25396  -35.939  -43.689  19.998 0.6999999881
32847  -40.827  -34.133  22.125 0.4000000060
33512  -41.527  -33.902  21.555 0.4000000060
33521  -42.088  -33.305  21.052 0.4000000060
112740  -37.728  -44.931  19.120 0.6999999881
33522  -42.750  -33.748  20.788 0.4000000060
23802  -38.989  -45.947  18.490 0.6999999881
32865  -43.924  -33.697  20.022 0.4000000060
33533  -45.042  -33.161  19.084 0.4000000060
31334  -33.372  -36.407  24.472 0.4000000060
32124  -34.581  -35.358  25.201 0.4000000060
32125  -35.315  -35.208  25.419 0.4000000060
112817  -33.096  -37.649  23.132 0.6000000238
30606  -33.104  -37.031  23.657 0.5000000000
32801  -35.124  -34.668  24.828 0.5000000000
122636  -35.719  -34.374  24.779 0.4000000060
25414  -32.746  -43.980  17.975 0.4000000060
25415  -33.414  -44.461  17.495 0.5000000000
108448  -33.216  -39.481  22.683 0.6000000238
33469  -37.085  -33.700  24.298 0.4000000060
28348  -34.731  -40.388  21.019 0.6000000238
33483  -38.345  -33.292  23.519 0.4000000060
27653  -35.081  -40.745  20.720 0.6000000238
34189  -39.212  -32.538  22.483 0.4000000060
26914  -35.718  -41.780  20.162 0.6999999881
33499  -40.270  -33.494  22.304 0.4000000060
26153  -36.791  -42.649  19.530 0.6999999881
34206  -41.360  -32.805  21.268 0.4000000060
25410  -38.518  -44.598  18.566 0.6999999881
110250  -42.547  -32.835  20.485 0.4000000060
34217  -42.823  -32.447  19.772 0.4000000060
33532  -44.161  -32.636  18.888 0.4000000060
34242  -45.685  -32.444  17.285 0.4000000060
118978  -33.663  -35.656  24.207 0.5000000000
117223  -33.364  -36.929  22.771 0.6000000238
31343  -33.405  -36.154  23.476 0.5000000000
104706  -34.736  -34.332  24.148 0.5000000000
26166  -32.131  -43.455  18.299 0.3000000119
26173  -32.595  -43.209  17.682 0.4000000060
26174  -33.211  -43.703  17.175 0.5000000000
29024  -34.739  -39.576  21.037 0.6000000238
29805  -33.436  -37.849  22.469 0.6000000238
111533  -36.246  -33.598  24.187 0.4000000060
116847  -35.422  -39.985  20.376 0.6000000238
33482  -37.520  -33.124  23.692 0.5000000000
27663  -36.839  -41.617  19.129 0.6999999881
27654  -35.772  -40.708  20.104 0.6000000238
34188  -38.510  -32.195  22.579 0.4000000060
110144  -37.340  -42.002  18.929 0.8000000119
27662  -36.168  -41.190  19.449 0.6999999881
123668  -39.942  -31.984  21.482 0.4000000060
34205  -40.597  -32.336  21.398 0.4000000060
34216  -41.847  -32.471  20.662 0.4000000060
34226  -43.274  -32.381  18.967 0.4000000060
34241  -43.988  -32.504  18.175 0.4000000060
107589  -46.057  -32.754  15.837 0.4000000060
30620  -33.801  -37.202  21.956 0.6000000238
32145  -33.566  -35.662  22.827 0.6000000238
32824  -34.199  -34.479  23.578 0.5000000000
26934  -32.053  -42.721  18.076 0.4000000060
26946  -32.398  -42.491  17.369 0.4000000060
29032  -35.350  -39.275  20.299 0.6000000238
30621  -34.336  -37.428  21.361 0.6000000238
32825  -34.833  -33.740  23.494 0.5000000000
26176  -32.936  -43.012  16.787 0.5000000000
28364  -35.571  -40.374  19.463 0.6999999881
28355  -35.747  -40.096  19.881 0.6999999881
33480  -35.761  -33.335  23.635 0.5000000000
26951  -33.057  -42.912  15.794 0.5000000000
118775  -35.636  -41.589  18.572 0.6999999881
26935  -36.596  -41.650  18.796 0.6999999881
34170  -36.179  -32.669  23.120 0.5000000000
26957  -33.218  -42.734  14.972 0.6999999881
26956  -32.648  -42.268  15.394 0.6000000238
105680  -36.165  -43.104  17.184 0.6999999881
26947  -35.487  -42.464  17.765 0.6999999881
120652  -36.523  -42.469  18.225 0.6999999881
34935  -38.253  -31.654  22.078 0.5000000000
27701  -33.417  -41.564  13.993 0.6999999881
26962  -33.756  -42.286  14.334 0.6999999881
26948  -37.718  -43.262  17.608 0.6999999881
34936  -39.183  -31.912  21.922 0.4000000060
26954  -37.016  -43.433  16.659 0.6999999881
34953  -40.376  -31.762  20.899 0.4000000060
34215  -41.129  -32.057  20.780 0.4000000060
34981  -42.112  -32.004  19.724 0.4000000060
34240  -42.608  -32.230  18.756 0.4000000060
119797  -43.232  -32.462  18.316 0.4000000060
34257  -45.097  -32.662  16.920 0.4000000060
31362  -34.178  -36.700  21.343 0.6000000238
32155  -33.713  -35.411  22.168 0.6000000238
32823  -33.819  -34.761  22.743 0.6000000238
106188  -34.229  -34.057  22.942 0.5000000000
26945  -31.825  -41.993  17.816 0.4000000060
26950  -32.580  -42.370  16.346 0.6999999881
29831  -34.871  -38.438  19.791 0.6999999881
110122  -35.006  -38.722  20.631 0.6000000238
32834  -34.088  -34.040  22.189 0.5000000000
28390  -34.325  -40.976  18.297 0.6999999881
29056  -34.407  -39.751  19.032 0.6999999881
29042  -35.204  -39.248  19.652 0.6999999881
29820  -35.352  -38.832  20.004 0.6999999881
34184  -34.960  -32.747  22.112 0.5000000000
34185  -35.739  -32.379  22.397 0.5000000000
27694  -32.286  -41.595  15.049 0.6999999881
28378  -34.740  -40.420  18.899 0.6999999881
34934  -37.379  -31.596  22.038 0.5000000000
26961  -32.867  -42.009  14.680 0.6999999881
27696  -34.621  -41.625  15.889 0.6999999881
27687  -34.604  -41.719  17.877 0.6999999881
109090  -38.340  -31.423  20.882 0.4000000060
26958  -35.204  -42.133  15.820 0.6999999881
108721  -36.579  -42.971  15.777 0.6999999881
28401  -34.322  -40.074  14.975 0.6000000238
27697  -35.770  -41.351  14.871 0.6000000238
34952  -38.750  -31.543  21.383 0.4000000060
34979  -40.555  -31.504  19.662 0.4000000060
114414  -34.173  -40.141  12.749 0.6999999881
28402  -35.499  -39.954  14.215 0.6000000238
34980  -41.416  -31.714  19.699 0.4000000060
28403  -36.992  -39.903  13.214 0.6000000238
34990  -41.218  -31.748  19.110 0.4000000060
34255  -42.715  -32.638  17.929 0.4000000060
34256  -43.909  -32.782  17.481 0.4000000060
34271  -46.017  -33.766  14.406 0.4000000060
32845  -33.846  -34.748  21.780 0.6000000238
28376  -31.309  -40.605  17.836 0.6000000238
27685  -31.658  -41.277  17.478 0.6000000238
27689  -31.816  -41.200  16.439 0.6999999881
29845  -34.101  -38.938  19.214 0.6000000238
118535  -34.266  -36.920  20.079 0.6999999881
30628  -34.562  -37.298  20.707 0.6000000238
27691  -33.791  -41.001  17.487 0.6000000238
29055  -33.426  -39.451  18.303 0.6000000238
27690  -32.221  -41.729  15.905 0.6999999881
28394  -33.494  -40.482  16.682 0.6000000238
34204  -36.073  -31.889  21.936 0.5000000000
27699  -32.017  -40.908  14.727 0.6999999881
27693  -31.892  -41.114  15.489 0.6999999881
28396  -33.755  -40.339  15.753 0.6000000238
27695  -33.910  -41.045  16.232 0.6000000238
34964  -37.604  -31.431  20.682 0.4000000060
27706  -33.092  -40.844  13.641 0.6999999881
28400  -32.184  -40.616  14.057 0.6999999881
28397  -34.736  -40.739  15.147 0.6999999881
28406  -32.683  -40.136  13.436 0.6999999881
34977  -38.858  -31.468  19.655 0.4000000060
34978  -39.709  -31.415  19.798 0.4000000060
29085  -34.631  -39.446  14.416 0.6000000238
124986  -39.741  -31.909  18.589 0.4000000060
34238  -41.001  -32.211  18.432 0.4000000060
28409  -35.574  -39.617  12.325 0.6999999881
112287  -36.584  -39.478  12.526 0.6999999881
121494  -36.634  -39.480  12.604 0.6000000238
34254  -41.683  -32.696  17.889 0.4000000060
33557  -42.400  -33.405  17.218 0.4000000060
33558  -43.740  -33.404  16.769 0.4000000060
33574  -45.008  -34.609  15.088 0.4000000060
33559  -45.223  -33.600  15.754 0.4000000060
33575  -45.693  -34.395  14.083 0.3000000119
32163  -33.980  -35.684  21.323 0.6000000238
29054  -31.040  -39.823  18.001 0.5000000000
29860  -32.877  -38.694  17.723 0.6000000238
30649  -33.431  -37.547  18.702 0.6000000238
31379  -33.885  -37.179  19.420 0.6000000238
31370  -34.253  -36.385  20.604 0.6000000238
32854  -34.011  -34.789  20.888 0.6000000238
32846  -34.062  -34.023  21.305 0.6000000238
125146  -31.588  -40.705  17.073 0.5000000000
29071  -32.690  -38.878  16.774 0.6000000238
109889  -32.978  -39.413  17.387 0.6000000238
33520  -34.421  -33.347  20.818 0.5000000000
34202  -34.828  -32.674  21.236 0.4000000060
34203  -35.469  -32.187  21.603 0.5000000000
34214  -35.429  -32.153  20.652 0.5000000000
119858  -35.998  -31.766  20.560 0.4000000060
34963  -36.664  -31.596  20.417 0.4000000060
125157  -31.740  -40.553  15.118 0.8000000119
29080  -32.945  -39.003  15.745 0.6000000238
34976  -37.458  -31.537  19.832 0.4000000060
114140  -38.102  -31.531  19.471 0.4000000060
28405  -31.924  -40.026  13.826 0.6999999881
29879  -33.737  -38.175  14.342 0.6000000238
29088  -33.216  -39.480  12.799 0.6999999881
29880  -34.967  -38.671  13.680 0.6000000238
34237  -40.031  -32.486  18.175 0.4000000060
34253  -40.768  -32.967  17.734 0.4000000060
29092  -34.831  -39.144  12.129 0.6999999881
29887  -35.776  -38.488  11.612 0.6999999881
28410  -36.184  -38.848  11.952 0.6999999881
29883  -35.916  -38.071  12.786 0.6999999881
33572  -41.830  -34.467  16.631 0.4000000060
112328  -41.407  -33.476  17.366 0.4000000060
123939  -36.200  -38.178  11.703 0.6999999881
32916  -41.668  -36.150  16.003 0.4000000060
32917  -43.062  -35.693  15.700 0.3000000119
33573  -43.455  -34.413  16.204 0.4000000060
32935  -45.286  -36.918  14.016 0.4000000060
106624  -33.179  -37.132  18.141 0.6000000238
31390  -33.540  -36.616  18.665 0.6000000238
32180  -34.047  -35.229  19.527 0.6000000238
33529  -34.544  -33.421  19.807 0.5000000000
105017  -31.213  -39.299  17.507 0.6000000238
28389  -31.436  -39.972  17.125 0.6000000238
30664  -32.793  -37.081  17.416 0.6000000238
31402  -33.196  -36.590  17.933 0.6000000238
28393  -31.638  -40.485  16.054 0.6999999881
110268  -36.092  -32.339  19.107 0.5000000000
34223  -35.242  -32.610  19.610 0.4000000060
34224  -35.977  -31.966  19.956 0.4000000060
28399  -31.736  -40.155  14.419 0.6999999881
28395  -31.583  -39.907  15.266 0.6999999881
29875  -32.950  -38.291  15.206 0.6000000238
30683  -32.576  -37.532  15.594 0.6000000238
34986  -36.780  -32.202  18.798 0.5000000000
34987  -37.517  -31.820  18.938 0.5000000000
29084  -31.637  -39.451  13.884 0.8000000119
29082  -31.526  -39.311  14.559 0.8000000119
113426  -38.313  -33.143  17.703 0.4000000060
34988  -38.490  -31.684  18.888 0.4000000060
29087  -32.184  -39.493  13.396 0.8000000119
34252  -39.220  -33.254  17.645 0.4000000060
117722  -32.495  -38.950  12.887 0.6999999881
29882  -34.717  -37.796  13.415 0.6999999881
33607  -39.340  -33.308  13.346 0.5000000000
32933  -38.578  -35.568  15.585 0.5000000000
32214  -39.405  -36.280  15.806 0.5000000000
32894  -38.681  -35.415  16.533 0.4000000060
33555  -39.397  -34.340  17.168 0.4000000060
29091  -33.504  -38.698  12.329 0.6999999881
29886  -34.860  -38.366  11.697 0.6999999881
30694  -36.159  -37.557  11.659 0.6999999881
30690  -35.720  -37.393  12.331 0.6999999881
33613  -39.505  -32.594  12.520 0.5000000000
32934  -40.071  -35.600  14.435 0.5000000000
31424  -40.550  -36.663  15.072 0.4000000060
32215  -40.494  -36.560  15.594 0.4000000060
33571  -40.757  -35.261  16.534 0.4000000060
34308  -39.332  -32.476  12.680 0.4000000060
32943  -40.463  -34.418  12.658 0.5000000000
32239  -41.481  -36.044  13.089 0.4000000060
31433  -43.223  -38.034  13.810 0.4000000060
32217  -42.822  -37.066  15.338 0.4000000060
104759  -40.001  -32.338  13.324 0.4000000060
32951  -40.580  -33.737  11.951 0.4000000060
32944  -40.960  -34.657  12.146 0.4000000060
32240  -42.345  -37.030  13.532 0.4000000060
32231  -44.783  -37.808  14.025 0.4000000060
32188  -33.437  -35.931  18.038 0.6000000238
116351  -33.764  -35.662  18.794 0.6000000238
119384  -31.200  -38.641  17.303 0.5000000000
31413  -32.673  -36.516  16.691 0.6000000238
32200  -33.031  -36.209  17.393 0.6000000238
32201  -33.392  -35.496  17.367 0.6000000238
32877  -34.217  -34.496  18.628 0.5000000000
111274  -34.470  -33.887  19.024 0.5000000000
33530  -34.842  -33.371  18.870 0.5000000000
106374  -31.401  -39.215  16.678 0.6000000238
103986  -31.452  -39.082  15.579 0.6999999881
105570  -32.519  -36.730  15.892 0.6000000238
30675  -32.557  -37.343  16.495 0.6000000238
119673  -35.009  -33.726  17.924 0.5000000000
34232  -35.535  -32.982  18.555 0.5000000000
105439  -31.439  -38.192  15.633 0.6000000238
29878  -32.964  -37.630  14.674 0.6000000238
34251  -36.741  -33.555  17.548 0.5000000000
34233  -36.352  -32.769  18.294 0.5000000000
29874  -31.453  -38.491  14.683 0.8000000119
32912  -37.716  -35.417  16.008 0.5000000000
32892  -36.866  -34.630  16.687 0.5000000000
33553  -37.526  -34.146  17.272 0.5000000000
34234  -37.161  -32.528  18.265 0.5000000000
29877  -31.441  -38.678  13.942 0.8000000119
30686  -33.634  -37.543  13.940 0.6000000238
34306  -38.388  -32.130  13.520 0.5000000000
34289  -37.079  -32.917  15.458 0.5000000000
32932  -37.540  -35.164  15.787 0.5000000000
32893  -37.688  -35.186  16.445 0.5000000000
29881  -31.821  -38.812  13.330 0.8000000119
30689  -34.360  -36.884  13.121 0.6999999881
33592  -37.970  -33.626  15.104 0.5000000000
33593  -38.614  -34.187  14.720 0.5000000000
32913  -38.482  -35.792  16.076 0.5000000000
30692  -33.794  -37.881  11.904 0.8000000119
30693  -35.792  -37.183  11.571 0.6999999881
31436  -35.187  -36.603  12.124 0.6999999881
34307  -39.005  -31.989  12.622 0.4000000060
30697  -35.535  -37.394  11.463 0.6999999881
32889  -33.849  -35.145  18.090 0.5000000000
30648  -30.283  -37.654  18.041 0.5000000000
117912  -32.896  -35.763  16.767 0.6000000238
32891  -34.574  -34.350  17.460 0.5000000000
29857  -30.802  -38.068  17.765 0.5000000000
33551  -35.346  -34.280  17.025 0.5000000000
30662  -29.928  -37.101  18.003 0.5000000000
30663  -30.697  -37.197  17.499 0.5000000000
29858  -31.273  -37.857  16.795 0.5000000000
31423  -32.534  -36.133  15.288 0.6000000238
33570  -35.320  -34.167  16.681 0.5000000000
33591  -36.352  -34.403  16.434 0.5000000000
33552  -36.195  -34.344  16.948 0.5000000000
30685  -33.040  -36.983  14.009 0.6000000238
32237  -32.562  -35.647  14.660 0.6000000238
116631  -35.953  -34.075  16.127 0.5000000000
32911  -37.128  -35.063  16.065 0.5000000000
30684  -31.322  -37.919  13.987 0.6999999881
30688  -33.442  -36.184  13.318 0.6000000238
109486  -31.509  -38.053  13.310 0.6999999881
35053  -38.434  -31.425  13.068 0.4000000060
29885  -32.394  -38.147  12.562 0.8000000119
31443  -35.129  -36.738  11.594 0.6999999881
108391  -38.867  -31.507  12.473 0.5000000000
114980  -38.771  -31.226  12.696 0.5000000000
30691  -31.713  -37.309  12.722 0.6999999881
35054  -38.743  -31.599  12.717 0.4000000060
35033  -39.397  -31.774  14.092 0.5000000000
37762  -38.579  -28.389  16.115 0.4000000060
37763  -38.970  -28.812  16.852 0.5000000000
38694  -39.304  -26.907  16.101 0.5000000000
36776  -40.141  -29.979  17.840 0.5000000000
37743  -39.348  -28.444  17.421 0.5000000000
107754  -39.324  -27.165  16.854 0.5000000000
105835  -33.783  -34.946  17.203 0.6000000238
124468  -32.791  -35.344  16.255 0.6000000238
32908  -33.492  -34.491  16.475 0.6000000238
32909  -34.201  -34.522  16.908 0.5000000000
32910  -34.764  -34.393  16.943 0.5000000000
31401  -30.201  -36.446  17.571 0.5000000000
30674  -31.178  -37.058  16.754 0.5000000000
119533  -31.372  -37.366  15.878 0.6999999881
32229  -32.621  -35.276  15.488 0.6000000238
32907  -32.919  -34.684  16.076 0.6000000238
33568  -33.817  -33.886  16.251 0.6000000238
34288  -35.784  -32.905  15.822 0.5000000000
32198  -29.511  -35.843  17.469 0.5000000000
31412  -31.236  -36.569  16.217 0.6000000238
31431  -32.659  -36.291  14.287 0.6000000238
31422  -31.348  -36.818  15.089 0.6999999881
32941  -32.574  -34.926  14.416 0.6000000238
31430  -31.307  -37.196  14.101 0.6999999881
32244  -32.806  -35.549  13.629 0.6000000238
124006  -37.560  -31.873  14.514 0.5000000000
112333  -37.355  -31.344  14.214 0.4000000060
35859  -38.326  -31.071  13.005 0.5000000000
31439  -34.777  -35.941  11.884 0.6999999881
31435  -34.476  -36.109  12.455 0.6999999881
31440  -35.294  -36.616  11.705 0.6999999881
35860  -39.098  -30.933  12.934 0.5000000000
37793  -38.317  -29.031  14.262 0.4000000060
125114  -38.675  -27.594  14.726 0.4000000060
32249  -34.703  -36.025  11.732 0.6999999881
38693  -38.468  -28.063  15.199 0.4000000060
31441  -33.152  -35.948  11.591 0.6999999881
38685  -38.860  -27.572  16.081 0.4000000060
38672  -39.482  -27.731  17.630 0.5000000000
107383  -40.216  -27.607  18.423 0.5000000000
39547  -39.644  -26.805  17.793 0.5000000000
33569  -34.556  -34.066  16.551 0.5000000000
32930  -33.134  -33.931  15.870 0.6000000238
33590  -35.063  -33.578  16.261 0.5000000000
32210  -29.724  -35.103  17.147 0.6000000238
107543  -30.403  -35.053  16.687 0.6000000238
110486  -32.700  -34.333  15.257 0.6000000238
32211  -30.883  -35.805  16.536 0.6000000238
111663  -32.599  -34.069  14.151 0.5000000000
33587  -32.805  -33.386  15.021 0.5000000000
35031  -36.638  -31.926  15.261 0.5000000000
32228  -31.283  -36.020  14.924 0.6999999881
105904  -32.954  -34.712  13.084 0.6000000238
35052  -36.317  -31.234  14.820 0.6000000238
116247  -31.280  -36.563  14.259 0.6999999881
32245  -34.170  -35.338  12.333 0.6999999881
36842  -39.224  -30.265  12.503 0.5000000000
38708  -38.436  -28.093  13.298 0.4000000060
31434  -31.193  -36.635  13.508 0.6999999881
32248  -34.404  -35.301  11.767 0.6999999881
32252  -34.122  -35.477  11.551 0.6999999881
35873  -38.882  -30.725  12.508 0.5000000000
36814  -39.138  -30.353  12.764 0.5000000000
37806  -38.429  -29.110  13.293 0.4000000060
39576  -38.932  -27.201  14.169 0.4000000060
31437  -31.180  -36.643  12.958 0.6999999881
31442  -34.199  -36.285  11.485 0.6999999881
39577  -39.622  -26.410  14.651 0.4000000060
32243  -30.974  -35.901  13.004 0.6999999881
32247  -32.085  -35.652  12.062 0.6999999881
38701  -39.059  -27.150  15.230 0.4000000060
40385  -39.958  -25.853  15.052 0.4000000060
108613  -31.295  -35.985  12.671 0.6999999881
39569  -39.576  -26.392  15.586 0.4000000060
107982  -39.815  -25.222  15.569 0.4000000060
103572  -39.662  -26.026  17.676 0.5000000000
119668  -39.588  -26.231  16.701 0.5000000000
33588  -33.501  -33.209  15.687 0.5000000000
34287  -34.873  -32.589  15.800 0.5000000000
34286  -34.037  -32.512  15.521 0.5000000000
35030  -35.596  -31.846  15.441 0.5000000000
32227  -30.954  -35.308  15.770 0.6000000238
34284  -32.871  -32.789  14.457 0.5000000000
32929  -31.157  -35.376  14.775 0.6999999881
35858  -37.134  -30.840  13.931 0.5000000000
33605  -32.703  -33.293  13.883 0.6000000238
32949  -32.934  -33.913  12.827 0.6999999881
37817  -38.776  -29.341  12.399 0.4000000060
32950  -33.896  -34.518  11.798 0.8000000119
36828  -39.264  -30.541  12.381 0.5000000000
39581  -38.689  -27.179  13.128 0.4000000060
39582  -39.537  -26.392  13.779 0.4000000060
112862  -33.426  -33.676  11.343 0.6000000238
40394  -40.229  -25.732  14.127 0.4000000060
32251  -33.149  -35.148  11.534 0.6999999881
33619  -33.561  -33.872  11.379 0.6000000238
113769  -33.487  -32.800  11.219 0.6000000238
111256  -40.262  -25.260  14.736 0.4000000060
32246  -31.156  -35.250  12.325 0.6999999881
32953  -31.632  -34.586  11.728 0.6000000238
32250  -32.100  -35.034  11.770 0.6999999881
34322  -33.252  -33.183  11.032 0.6000000238
35066  -33.289  -32.175  10.939 0.6000000238
41179  -39.420  -24.520  16.157 0.5000000000
34321  -32.227  -32.382  10.935 0.6000000238
40370  -39.465  -25.359  17.385 0.5000000000
41156  -39.436  -24.735  17.826 0.5000000000
35029  -34.666  -31.808  15.315 0.6000000238
33566  -29.202  -33.813  16.323 0.5000000000
34285  -33.233  -32.590  15.088 0.5000000000
35051  -35.301  -31.166  14.913 0.6000000238
32906  -30.437  -34.409  16.137 0.6000000238
32928  -30.874  -34.616  15.194 0.6000000238
34305  -33.181  -32.187  14.285 0.6000000238
35028  -33.829  -31.915  14.935 0.6000000238
35857  -36.010  -30.637  14.338 0.5000000000
35871  -36.909  -30.412  13.561 0.5000000000
35872  -37.977  -30.780  13.028 0.5000000000
33586  -30.406  -33.716  15.493 0.6000000238
34315  -33.213  -32.046  13.090 0.6000000238
36827  -38.333  -30.629  12.707 0.5000000000
37816  -39.282  -30.058  11.895 0.5000000000
38712  -38.593  -28.438  12.245 0.4000000060
32940  -31.092  -34.952  14.069 0.6999999881
106914  -30.859  -34.129  14.604 0.6000000238
33612  -32.980  -33.264  12.743 0.6999999881
36841  -39.014  -30.009  12.585 0.5000000000
39586  -39.087  -26.307  12.929 0.4000000060
40399  -40.017  -25.639  13.384 0.4000000060
33620  -33.697  -34.080  11.470 0.6999999881
34318  -33.430  -32.890  11.991 0.6999999881
35064  -33.514  -31.428  11.815 0.6999999881
36826  -36.538  -29.897  13.097 0.5000000000
36840  -37.610  -29.869  12.503 0.5000000000
40400  -40.770  -25.206  13.415 0.4000000060
105992  -30.735  -34.206  12.732 0.6000000238
105400  -33.445  -32.172  11.178 0.6000000238
35887  -33.674  -30.661  11.039 0.6999999881
40395  -40.595  -25.172  14.048 0.4000000060
32948  -30.809  -35.000  12.904 0.6999999881
120690  -31.301  -34.071  11.675 0.6000000238
33618  -32.386  -33.944  11.384 0.6000000238
35067  -33.460  -31.394  11.024 0.6000000238
41188  -40.384  -24.528  14.474 0.4000000060
33617  -31.627  -33.291  11.338 0.6000000238
35070  -33.425  -30.742  10.693 0.6000000238
120481  -33.466  -30.257  10.316 0.6000000238
41970  -39.826  -23.684  14.933 0.4000000060
35069  -33.144  -31.237  10.651 0.6000000238
42800  -38.975  -23.016  16.310 0.5000000000
106187  -39.317  -23.728  15.786 0.4000000060
104824  -39.137  -23.113  17.182 0.5000000000
43709  -39.299  -21.738  17.186 0.5000000000
35050  -34.406  -31.255  14.639 0.6000000238
35049  -33.625  -31.495  14.050 0.6000000238
35856  -34.962  -30.621  14.246 0.6000000238
35870  -35.638  -30.130  13.725 0.5000000000
33585  -29.724  -33.257  15.946 0.6000000238
35061  -34.074  -30.853  13.753 0.6000000238
37826  -39.430  -29.766  11.265 0.5000000000
39585  -38.579  -27.595  11.935 0.4000000060
33604  -30.608  -33.281  14.424 0.6000000238
35060  -33.527  -31.394  12.904 0.6000000238
35868  -33.824  -30.716  12.718 0.6000000238
36825  -35.189  -29.666  13.029 0.5000000000
37824  -36.322  -28.452  11.331 0.5000000000
37814  -37.016  -29.147  12.015 0.5000000000
40403  -38.688  -26.561  11.794 0.4000000060
40404  -39.649  -25.511  12.717 0.4000000060
35883  -34.263  -30.075  12.459 0.5000000000
36839  -35.948  -29.262  12.563 0.5000000000
125102  -41.240  -24.989  13.203 0.4000000060
113067  -30.774  -32.943  11.857 0.6000000238
37831  -34.790  -28.634  9.868 0.6000000238
41194  -40.919  -24.670  13.648 0.4000000060
122858  -31.394  -31.534  11.062 0.6000000238
109332  -34.315  -29.335  10.320 0.6000000238
41971  -40.502  -23.752  14.180 0.4000000060
122571  -30.973  -35.505  13.319 0.6999999881
35068  -32.244  -31.355  10.662 0.6000000238
108027  -39.312  -22.907  15.421 0.4000000060
35892  -33.049  -30.555  10.257 0.6000000238
122065  -39.081  -22.335  16.796 0.5000000000
43721  -39.140  -21.578  16.469 0.5000000000
109805  -39.354  -21.001  17.063 0.4000000060
35869  -34.579  -30.234  13.414 0.5000000000
37834  -39.170  -29.529  10.500 0.5000000000
38716  -39.644  -29.359  10.430 0.5000000000
39589  -39.233  -28.305  10.658 0.4000000060
34313  -30.541  -32.571  13.739 0.6000000238
34317  -30.547  -32.174  12.277 0.6000000238
37825  -38.221  -29.320  11.318 0.5000000000
40408  -39.067  -25.518  11.824 0.4000000060
33611  -30.682  -33.448  13.250 0.6000000238
36848  -35.470  -28.793  11.839 0.5000000000
40405  -40.585  -25.286  12.982 0.4000000060
114348  -30.599  -32.837  12.715 0.6000000238
34320  -31.043  -32.177  11.511 0.6000000238
36857  -34.147  -29.124  9.543 0.6000000238
42840  -40.589  -22.910  13.871 0.4000000060
36851  -31.974  -29.801  9.992 0.6000000238
42827  -39.891  -22.836  14.601 0.4000000060
114204  -32.459  -30.717  10.385 0.6000000238
36852  -33.092  -29.898  9.838 0.6000000238
43732  -39.523  -21.276  14.857 0.4000000060
115020  -39.398  -20.815  15.414 0.4000000060
45599  -39.701  -19.528  15.157 0.3000000119
43727  -39.226  -21.453  15.640 0.5000000000
44673  -39.511  -20.144  15.743 0.4000000060
46462  -39.709  -18.683  16.252 0.3000000119
38724  -40.113  -29.501  9.780 0.5000000000
38725  -40.227  -29.590  9.972 0.5000000000
40407  -38.789  -26.705  10.567 0.5000000000
41205  -38.855  -25.638  10.243 0.5000000000
37833  -37.314  -28.361  10.702 0.5000000000
38723  -38.313  -28.424  9.865 0.6000000238
117816  -38.758  -25.550  11.006 0.4000000060
41201  -39.192  -24.786  11.309 0.5000000000
41197  -40.214  -24.817  12.327 0.4000000060
35886  -30.819  -30.619  10.837 0.6000000238
38722  -36.506  -27.707  9.866 0.6000000238
41198  -41.278  -24.905  12.892 0.4000000060
37840  -35.244  -28.095  9.271 0.6999999881
41980  -41.770  -24.135  12.740 0.3000000119
36854  -31.028  -28.743  9.522 0.6000000238
37845  -34.748  -27.916  8.596 0.6000000238
42841  -41.259  -23.083  13.172 0.3000000119
35891  -31.277  -30.192  10.419 0.6000000238
36855  -32.193  -29.027  9.416 0.6000000238
37839  -34.494  -28.506  9.031 0.6000000238
115367  -40.057  -21.920  14.242 0.4000000060
36856  -33.299  -29.188  9.404 0.6000000238
37844  -33.999  -27.844  8.426 0.6000000238
43733  -39.985  -21.066  14.272 0.3000000119
44682  -39.693  -20.420  14.782 0.3000000119
45600  -40.116  -19.707  14.370 0.3000000119
46476  -40.051  -18.915  14.678 0.3000000119
46463  -40.013  -18.061  16.000 0.3000000119
38731  -39.702  -28.790  8.566 0.6000000238
38732  -40.606  -29.168  9.031 0.5000000000
40411  -39.561  -27.108  9.193 0.5000000000
41202  -41.399  -24.494  12.144 0.4000000060
35065  -30.537  -30.893  11.400 0.6000000238
35890  -29.583  -29.294  10.398 0.6000000238
41199  -41.800  -24.466  12.447 0.3000000119
36850  -30.333  -29.068  9.915 0.6000000238
36853  -30.027  -28.156  9.701 0.6000000238
37842  -32.092  -27.362  8.723 0.6000000238
111437  -34.413  -27.143  7.905 0.6000000238
115366  -40.696  -22.211  13.515 0.3000000119
37837  -32.555  -28.315  8.858 0.6000000238
37843  -33.042  -27.639  8.483 0.6000000238
43744  -40.550  -21.320  13.559 0.3000000119
46491  -40.485  -19.099  13.971 0.3000000119
118622  -40.489  -18.441  14.266 0.3000000119
109806  -40.248  -18.045  15.022 0.3000000119
39602  -39.906  -28.029  7.595 0.6000000238
39603  -40.688  -27.893  7.663 0.6000000238
39599  -40.931  -28.406  8.368 0.5000000000
40415  -40.610  -27.280  7.867 0.5000000000
41208  -39.249  -25.790  9.055 0.4000000060
39598  -37.585  -26.902  8.262 0.6000000238
41990  -39.533  -23.510  10.131 0.4000000060
41986  -40.133  -24.067  11.405 0.4000000060
41987  -41.691  -24.229  11.575 0.4000000060
41203  -42.123  -24.397  11.956 0.3000000119
36849  -29.287  -28.373  10.024 0.6000000238
38736  -35.575  -26.832  7.994 0.6000000238
41984  -42.364  -24.233  12.061 0.3000000119
37836  -31.139  -27.899  9.133 0.6000000238
42852  -42.310  -22.738  12.272 0.3000000119
38735  -33.411  -27.008  8.024 0.6000000238
114840  -41.304  -22.131  12.904 0.3000000119
38734  -32.609  -26.865  8.464 0.6000000238
45619  -41.764  -19.794  12.573 0.3000000119
46492  -40.936  -18.472  13.549 0.3000000119
39607  -39.933  -27.041  7.189 0.6000000238
40417  -40.211  -26.701  7.252 0.5000000000
41212  -39.928  -25.941  7.690 0.5000000000
41209  -39.223  -24.594  8.929 0.4000000060
41991  -40.713  -23.566  10.927 0.4000000060
39606  -37.931  -26.396  7.525 0.6000000238
41988  -42.454  -24.228  11.592 0.3000000119
39605  -35.850  -26.039  7.452 0.6000000238
119615  -42.791  -24.082  11.262 0.3000000119
38718  -30.865  -27.305  9.568 0.6000000238
38726  -31.092  -27.296  9.328 0.6000000238
39601  -34.569  -26.227  7.403 0.6000000238
42859  -43.123  -23.397  11.446 0.3000000119
38733  -32.019  -26.880  8.821 0.6000000238
105945  -33.068  -26.533  8.364 0.6000000238
118768  -39.794  -26.237  6.847 0.6000000238
109027  -39.762  -24.690  6.739 0.4000000060
41213  -39.587  -24.646  7.676 0.4000000060
41994  -39.400  -23.527  8.726 0.4000000060
40421  -38.275  -25.873  6.917 0.5000000000
42867  -41.109  -23.066  10.613 0.4000000060
40420  -36.094  -25.333  6.717 0.5000000000
41992  -42.069  -23.990  11.191 0.3000000119
108086  -42.545  -23.783  10.923 0.3000000119
38719  -31.646  -27.015  9.475 0.6000000238
39604  -34.258  -25.640  7.658 0.5000000000
38728  -32.153  -26.735  8.971 0.6000000238
39594  -32.350  -26.743  8.700 0.6000000238
39595  -32.809  -26.580  8.537 0.6000000238
39596  -33.478  -26.174  8.021 0.6000000238
113964  -33.384  -26.349  8.896 0.5000000000
105036  -38.598  -23.992  5.906 0.4000000060
41217  -39.072  -24.807  6.337 0.3000000119
41218  -39.529  -24.287  6.427 0.4000000060
41996  -39.689  -23.456  7.226 0.4000000060
40423  -37.041  -25.062  6.297 0.5000000000
42878  -39.617  -22.675  8.525 0.3000000119
43787  -39.993  -22.349  9.315 0.3000000119
42866  -40.152  -22.860  10.120 0.3000000119
41214  -34.999  -24.716  6.774 0.5000000000
43788  -40.565  -21.754  9.238 0.3000000119
40416  -34.603  -25.295  7.264 0.5000000000
42868  -44.453  -23.129  10.254 0.3000000119
40412  -34.116  -25.664  7.784 0.5000000000
42000  -37.175  -23.367  5.726 0.3000000119
42001  -39.575  -23.475  5.949 0.3000000119
41998  -39.836  -23.575  6.341 0.3000000119
41999  -35.863  -23.627  5.809 0.3000000119
41216  -37.316  -24.407  5.916 0.4000000060
113780  -39.731  -22.359  7.580 0.3000000119
123229  -35.286  -23.843  5.946 0.3000000119
43796  -39.887  -21.868  8.384 0.3000000119
123103  -34.969  -24.466  6.763 0.4000000060
43789  -41.642  -21.760  9.797 0.3000000119
42874  -41.425  -22.507  10.277 0.3000000119
41210  -34.866  -24.861  7.202 0.5000000000
43779  -44.129  -23.216  10.384 0.3000000119
40413  -34.697  -25.259  7.967 0.5000000000
42875  -44.934  -23.296  10.025 0.3000000119
39597  -34.223  -26.033  9.056 0.4000000060
105395  -34.736  -25.596  8.790 0.5000000000
42884  -37.441  -22.481  5.805 0.3000000119
42002  -38.443  -23.106  5.764 0.3000000119
42886  -39.334  -22.669  5.788 0.3000000119
42882  -36.338  -22.726  5.906 0.3000000119
42883  -40.071  -22.793  5.933 0.3000000119
42881  -40.087  -22.691  6.225 0.3000000119
41997  -35.516  -23.541  5.997 0.3000000119
43797  -40.156  -20.997  8.128 0.3000000119
44735  -40.925  -20.850  8.741 0.3000000119
41211  -35.338  -24.201  7.438 0.3000000119
41995  -35.578  -23.405  6.889 0.3000000119
41207  -35.463  -24.761  8.501 0.3000000119
44736  -41.904  -20.837  9.234 0.3000000119
44737  -42.872  -21.026  9.489 0.3000000119
43791  -45.125  -22.918  9.736 0.3000000119
40409  -35.185  -25.723  9.919 0.4000000060
40414  -35.469  -25.251  9.324 0.4000000060
42870  -45.245  -23.004  9.917 0.3000000119
43780  -45.407  -22.781  9.927 0.3000000119
122760  -37.194  -21.996  5.950 0.3000000119
43805  -38.940  -21.828  5.652 0.3000000119
43806  -39.815  -22.144  5.829 0.3000000119
104683  -40.059  -21.999  5.962 0.3000000119
42879  -36.150  -22.728  6.557 0.3000000119
44758  -39.795  -20.878  6.146 0.3000000119
43800  -40.048  -20.626  6.925 0.3000000119
41993  -36.218  -23.493  8.385 0.3000000119
42876  -36.406  -22.753  7.868 0.3000000119
44750  -42.343  -20.131  8.710 0.3000000119
44751  -43.602  -20.590  9.198 0.3000000119
40410  -35.870  -25.240  10.467 0.4000000060
44738  -44.883  -22.037  9.337 0.3000000119
44752  -45.800  -21.919  8.874 0.3000000119
43793  -45.607  -22.408  9.534 0.3000000119
44739  -46.417  -21.895  9.053 0.3000000119
43801  -37.651  -21.254  5.952 0.3000000119
43802  -38.537  -20.854  5.677 0.3000000119
43803  -39.546  -21.331  5.774 0.3000000119
42880  -37.002  -21.924  6.453 0.3000000119
116191  -39.237  -20.540  5.773 0.3000000119
44765  -39.331  -20.117  6.146 0.3000000119
42877  -36.743  -22.022  7.540 0.3000000119
44759  -39.841  -19.967  6.667 0.3000000119
44748  -40.488  -20.198  7.456 0.3000000119
44749  -41.306  -20.036  8.170 0.3000000119
113852  -36.568  -22.833  9.047 0.3000000119
44760  -40.626  -19.360  6.943 0.3000000119
45656  -41.717  -19.332  7.603 0.3000000119
109902  -36.147  -24.727  9.830 0.4000000060
45657  -42.885  -19.479  8.273 0.3000000119
113467  -35.488  -25.754  11.049 0.4000000060
43794  -46.173  -22.062  9.059 0.3000000119
44754  -46.956  -21.204  8.513 0.3000000119
44763  -38.018  -20.458  6.032 0.3000000119
44764  -38.728  -20.117  5.879 0.3000000119
43795  -37.273  -21.304  7.386 0.3000000119
43798  -37.551  -21.066  6.478 0.3000000119
44766  -39.531  -19.769  6.522 0.3000000119
45673  -42.254  -18.721  7.172 0.3000000119
125064  -43.826  -19.741  8.591 0.3000000119
45658  -44.576  -19.649  8.376 0.3000000119
45659  -45.764  -20.517  8.318 0.3000000119
40401  -35.654  -25.673  12.134 0.3000000119
44753  -46.420  -21.503  8.664 0.3000000119
123513  -47.544  -21.071  8.007 0.3000000119
45660  -47.722  -20.844  8.160 0.3000000119
44733  -37.569  -20.820  8.410 0.3000000119
44757  -38.464  -20.047  6.477 0.3000000119
45671  -39.990  -19.294  6.751 0.3000000119
43786  -37.159  -21.332  9.318 0.3000000119
111361  -40.555  -18.781  6.863 0.3000000119
45672  -41.186  -18.694  6.766 0.3000000119
45674  -43.654  -18.890  7.773 0.3000000119
45675  -45.018  -19.028  7.789 0.3000000119
45676  -46.171  -19.669  7.451 0.3000000119
44761  -46.762  -20.813  7.949 0.3000000119
44762  -47.364  -20.792  7.743 0.3000000119
106869  -46.921  -20.166  7.248 0.3000000119
45661  -48.444  -20.586  8.049 0.3000000119
44734  -38.089  -20.401  9.059 0.3000000119
107440  -38.402  -20.160  7.903 0.3000000119
45654  -38.956  -19.777  7.034 0.3000000119
106726  -39.509  -19.571  6.791 0.3000000119
44719  -37.566  -20.706  9.655 0.3000000119
45641  -38.661  -19.884  9.128 0.3000000119
45655  -39.288  -19.578  8.017 0.3000000119
46554  -39.896  -19.026  7.120 0.3000000119
123447  -40.334  -18.842  6.871 0.3000000119
43777  -37.155  -21.188  10.406 0.3000000119
43776  -36.816  -21.908  10.731 0.3000000119
46558  -42.847  -18.108  6.589 0.3000000119
46560  -45.490  -18.428  6.891 0.3000000119
46561  -46.507  -19.036  6.783 0.3000000119
45682  -47.999  -19.916  6.950 0.3000000119
119725  -38.700  -19.534  10.161 0.3000000119
44709  -38.264  -19.812  11.042 0.3000000119
44708  -37.691  -20.524  10.652 0.3000000119
44720  -38.135  -20.145  9.978 0.3000000119
43767  -36.990  -21.436  11.313 0.3000000119
117695  -37.347  -20.899  11.167 0.3000000119
35888  -34.029  -30.036  11.526 0.6999999881
32939  -30.907  -34.149  13.691 0.6000000238
30695  -33.036  -37.021  11.915 0.6999999881
13107  -35.308  -61.277  27.332 0.3000000119
13773  -35.764  -60.611  27.060 0.3000000119
13780  -35.962  -60.062  26.315 0.3000000119
13782  -37.216  -61.112  26.228 0.4000000060
13790  -37.471  -60.755  25.370 0.4000000060
13800  -38.600  -60.595  24.181 0.4000000060
14467  -38.265  -59.798  23.706 0.4000000060
15098  -38.027  -58.920  23.452 0.4000000060
111956  -38.647  -58.332  23.382 0.4000000060
15743  -38.921  -57.597  23.254 0.4000000060
17061  -38.229  -55.034  22.495 0.4000000060
16360  -39.214  -56.757  22.932 0.4000000060
17793  -37.801  -54.329  22.563 0.4000000060
120011  -38.299  -49.982  23.436 0.4000000060
22924  -30.443  -47.282  31.429 0.3000000119
23634  -31.563  -46.192  31.850 0.3000000119
24432  -33.480  -45.149  32.328 0.3000000119
22318  -38.261  -49.131  23.054 0.5000000000
25248  -36.577  -44.563  32.257 0.3000000119
108634  -36.955  -43.731  32.125 0.3000000119
21572  -38.890  -49.537  21.871 0.5000000000
22328  -37.486  -48.428  21.882 0.5000000000
109618  -41.516  -39.014  23.425 0.3000000119
29797  -41.141  -38.394  23.426 0.3000000119
29806  -41.594  -38.364  22.955 0.3000000119
22347  -38.430  -48.073  19.624 0.6000000238
31355  -41.804  -36.913  22.150 0.4000000060
22348  -39.104  -48.418  19.435 0.6000000238
31363  -42.261  -36.323  21.618 0.4000000060
31371  -43.378  -36.331  20.816 0.4000000060
114143  -43.418  -35.047  20.668 0.4000000060
32858  -44.062  -34.808  20.267 0.4000000060
32878  -45.981  -33.886  18.998 0.4000000060
25409  -32.919  -44.794  18.217 0.4000000060
24607  -33.669  -45.203  17.798 0.5000000000
23813  -41.000  -45.825  17.171 0.6999999881
33543  -45.797  -32.757  18.326 0.4000000060
24611  -40.456  -45.114  17.309 0.6999999881
34243  -46.293  -32.352  17.492 0.4000000060
26177  -33.461  -43.528  16.251 0.5000000000
26181  -33.628  -43.370  15.341 0.6000000238
26186  -34.012  -43.049  14.634 0.8000000119
26168  -39.055  -43.839  17.766 0.8000000119
25400  -38.653  -43.821  18.240 0.6999999881
26949  -38.357  -43.589  17.249 0.8000000119
110793  -39.905  -44.538  17.392 0.6999999881
34258  -46.392  -32.296  16.125 0.4000000060
26937  -38.023  -43.128  18.092 0.8000000119
26960  -37.830  -43.067  14.983 0.8000000119
26179  -38.617  -43.943  15.859 0.8000000119
34272  -46.153  -33.170  14.429 0.4000000060
27707  -34.450  -40.921  13.220 0.6999999881
26964  -37.833  -41.790  14.011 0.8000000119
28407  -35.735  -40.206  12.543 0.6999999881
116353  -36.857  -40.145  12.597 0.6999999881
27705  -38.558  -41.324  13.047 0.8000000119
28408  -37.217  -40.009  12.776 0.6999999881
28404  -37.656  -40.540  12.939 0.6000000238
34294  -46.042  -33.680  13.846 0.3000000119
33608  -40.706  -33.647  11.924 0.4000000060
32946  -44.340  -36.462  13.740 0.4000000060
33597  -45.041  -35.543  14.038 0.4000000060
34293  -45.477  -34.420  13.887 0.3000000119
34309  -40.367  -32.845  12.317 0.4000000060
33594  -41.081  -33.709  12.705 0.4000000060
33595  -42.622  -34.880  13.966 0.4000000060
32241  -43.889  -37.602  13.642 0.4000000060
35012  -40.568  -31.718  16.459 0.4000000060
35834  -39.839  -31.085  16.824 0.5000000000
35032  -39.040  -30.808  13.303 0.5000000000
36789  -39.011  -29.729  16.796 0.5000000000
35820  -40.520  -30.713  17.411 0.5000000000
35811  -40.796  -29.997  18.099 0.4000000060
36768  -40.295  -29.320  18.263 0.5000000000
36801  -38.439  -29.926  14.209 0.5000000000
37781  -38.363  -29.048  15.297 0.4000000060
39526  -40.249  -26.771  18.435 0.5000000000
122807  -39.921  -26.128  18.242 0.5000000000
124976  -39.655  -24.254  18.143 0.5000000000
42776  -39.850  -22.833  18.266 0.5000000000
32927  -28.059  -34.072  16.138 0.5000000000
118341  -39.663  -21.431  17.824 0.5000000000
46445  -39.636  -19.056  16.721 0.4000000060
34281  -28.479  -32.594  15.539 0.6000000238
34282  -29.402  -32.618  15.589 0.6000000238
34283  -30.122  -32.822  15.295 0.6000000238
34304  -30.220  -32.296  14.594 0.6000000238
46446  -39.895  -18.283  16.930 0.3000000119
35048  -30.217  -31.790  13.848 0.6000000238
123907  -30.439  -32.139  13.170 0.6000000238
47425  -40.326  -17.414  16.571 0.3000000119
48418  -40.733  -16.726  16.152 0.3000000119
35063  -30.211  -31.221  11.930 0.6000000238
35885  -29.779  -29.928  10.969 0.6000000238
37828  -29.394  -27.953  10.026 0.6000000238
37829  -29.995  -27.594  9.952 0.6000000238
37830  -30.891  -27.295  10.041 0.6000000238
38720  -32.379  -26.941  9.570 0.6000000238
39590  -32.906  -26.641  9.247 0.6000000238
38713  -32.289  -27.520  10.364 0.6000000238
39591  -33.964  -26.696  10.067 0.5000000000
39592  -34.836  -26.253  10.506 0.4000000060
39588  -35.182  -26.317  11.573 0.4000000060
46570  -44.691  -17.508  6.067 0.3000000119
46571  -45.788  -17.759  6.168 0.3000000119
46573  -47.265  -18.817  6.497 0.3000000119
46574  -48.246  -18.963  6.650 0.3000000119
45678  -49.348  -20.094  7.720 0.3000000119
45624  -37.588  -20.328  11.530 0.3000000119
112481  -36.767  -21.655  12.200 0.3000000119
37727  -40.640  -28.546  18.576 0.5000000000
14466  -37.306  -59.502  23.908 0.4000000060
111451  -34.223  -57.143  26.320 0.3000000119
16334  -34.356  -56.625  25.851 0.3000000119
15731  -36.091  -57.664  23.629 0.4000000060
17766  -33.726  -54.474  25.878 0.3000000119
112720  -34.481  -55.940  25.357 0.3000000119
20802  -36.824  -50.318  23.819 0.4000000060
19216  -30.849  -53.014  29.061 0.3000000119
19284  -34.735  -52.523  24.335 0.4000000060
21508  -32.079  -49.679  27.241 0.3000000119
23032  -37.233  -48.155  23.286 0.4000000060
109133  -36.383  -42.961  32.086 0.3000000119
26774  -33.815  -42.733  31.421 0.3000000119
27525  -34.436  -41.454  30.709 0.3000000119
28943  -37.283  -39.924  29.089 0.3000000119
28975  -38.829  -39.524  26.702 0.3000000119
26792  -33.031  -42.117  30.067 0.3000000119
27544  -34.180  -40.901  30.149 0.3000000119
28258  -34.489  -40.304  29.844 0.3000000119
29010  -41.268  -39.749  23.926 0.3000000119
26826  -32.700  -41.840  27.634 0.3000000119
28274  -33.309  -40.079  28.764 0.3000000119
26132  -33.891  -43.811  22.040 0.6000000238
30607  -41.058  -37.714  23.131 0.4000000060
23782  -36.453  -46.379  20.467 0.6000000238
23793  -38.357  -46.549  18.997 0.6999999881
28293  -32.411  -40.464  26.505 0.3000000119
32165  -42.471  -35.536  21.354 0.4000000060
29756  -33.135  -38.343  26.698 0.4000000060
29785  -32.508  -38.731  24.766 0.4000000060
32828  -39.940  -34.971  22.996 0.4000000060
121993  -34.928  -42.295  20.871 0.6999999881
25397  -36.783  -43.715  19.592 0.6999999881
23812  -40.242  -46.011  17.647 0.6999999881
32803  -36.695  -34.609  25.085 0.4000000060
29023  -33.879  -39.557  21.870 0.6000000238
33523  -43.248  -33.228  20.252 0.4000000060
25398  -37.504  -43.814  19.206 0.6999999881
33542  -44.827  -32.519  18.109 0.4000000060
25408  -32.071  -44.349  18.585 0.3000000119
112047  -34.374  -38.761  21.434 0.6000000238
26154  -37.502  -42.734  19.162 0.6999999881
24610  -39.635  -45.342  17.945 0.6999999881
34187  -37.655  -32.014  22.646 0.5000000000
26924  -37.587  -42.383  18.928 0.6999999881
115663  -35.526  -39.795  19.757 0.6999999881
26936  -37.592  -42.730  18.527 0.6999999881
26156  -38.111  -43.319  18.380 0.8000000119
26952  -34.734  -42.251  16.780 0.6999999881
34991  -41.980  -31.930  19.218 0.4000000060
29819  -34.942  -38.130  20.312 0.6999999881
27692  -34.173  -41.619  16.885 0.6000000238
26959  -36.261  -42.115  15.182 0.6999999881
29083  -33.660  -39.620  15.336 0.6000000238
27703  -37.126  -40.660  13.600 0.6999999881
27698  -37.200  -41.235  14.070 0.6999999881
27704  -38.084  -40.986  13.227 0.8000000119
29086  -36.063  -39.320  13.353 0.6000000238
121545  -46.094  -33.584  13.788 0.4000000060
108850  -34.016  -36.212  19.634 0.6000000238
32172  -34.170  -34.810  20.132 0.6999999881
29081  -33.157  -39.737  16.436 0.6000000238
29884  -36.394  -38.117  12.046 0.6999999881
29089  -36.328  -38.712  12.575 0.6999999881
27709  -37.470  -40.604  12.774 0.8000000119
32855  -34.201  -34.102  20.411 0.4000000060
117192  -39.992  -33.389  17.579 0.3000000119
33556  -40.528  -34.123  17.140 0.3000000119
32918  -44.642  -35.776  14.902 0.3000000119
32876  -33.959  -34.936  18.901 0.5000000000
33554  -38.419  -34.365  17.195 0.4000000060
33614  -39.960  -33.406  12.298 0.4000000060
32238  -41.031  -36.381  14.000 0.4000000060
32914  -39.310  -36.259  16.049 0.4000000060
32895  -39.761  -35.348  16.593 0.4000000060
33606  -38.876  -32.764  13.346 0.5000000000
31414  -41.507  -37.283  14.875 0.4000000060
32216  -41.794  -37.285  15.218 0.4000000060
33609  -41.309  -34.526  12.500 0.4000000060
32890  -34.230  -34.636  17.786 0.5000000000
33541  -35.820  -33.567  17.647 0.5000000000
30682  -31.420  -37.677  14.841 0.6999999881
32931  -36.812  -34.679  15.910 0.5000000000
31411  -30.841  -36.406  17.086 0.5000000000
35845  -38.636  -30.558  14.150 0.5000000000
31438  -31.997  -36.435  12.354 0.6999999881
36775  -39.559  -29.300  17.581 0.5000000000
32209  -28.633  -35.374  17.134 0.5000000000
33589  -34.276  -33.282  16.037 0.5000000000
38700  -38.437  -28.104  14.214 0.4000000060
32905  -29.746  -34.405  16.675 0.5000000000
32955  -33.894  -34.587  11.700 0.6000000238
32954  -32.903  -34.489  11.462 0.6000000238
41187  -39.824  -24.494  15.262 0.4000000060
113756  -39.110  -23.809  16.720 0.5000000000
33567  -30.010  -33.831  16.245 0.5000000000
34314  -32.906  -32.662  13.471 0.6000000238
33616  -33.593  -33.733  11.777 0.6999999881
32952  -30.875  -34.525  12.151 0.6000000238
115936  -39.490  -23.180  17.812 0.5000000000
33584  -28.747  -33.277  15.897 0.5000000000
37815  -38.802  -30.220  11.734 0.5000000000
37827  -39.313  -29.687  11.613 0.4000000060
34319  -33.452  -32.173  11.831 0.6999999881
35882  -33.713  -30.703  11.740 0.6999999881
33615  -30.736  -33.696  12.107 0.6000000238
35893  -33.823  -30.061  10.703 0.6000000238
117047  -33.802  -29.792  9.963 0.6000000238
38717  -39.432  -29.356  11.073 0.4000000060
36838  -34.780  -29.387  12.192 0.5000000000
36847  -34.486  -29.310  11.264 0.6000000238
41195  -41.491  -24.703  13.025 0.4000000060
37823  -35.067  -28.537  10.946 0.6999999881
41979  -41.190  -23.953  13.463 0.4000000060
44657  -39.534  -19.977  16.844 0.4000000060
37832  -35.776  -28.011  10.441 0.6999999881
37838  -33.658  -28.554  8.883 0.6000000238
45586  -39.565  -19.335  16.034 0.3000000119
39593  -40.294  -28.664  9.416 0.5000000000
41206  -39.016  -24.545  10.263 0.4000000060
42851  -42.011  -23.416  12.530 0.3000000119
38729  -35.496  -27.549  8.615 0.6000000238
44683  -40.267  -20.466  13.980 0.3000000119
47438  -40.373  -17.317  15.661 0.3000000119
38730  -37.078  -27.310  9.071 0.6000000238
116181  -41.081  -21.150  12.977 0.3000000119
45613  -41.132  -19.813  13.116 0.3000000119
120222  -42.682  -23.795  12.004 0.3000000119
43756  -41.751  -21.467  12.544 0.3000000119
39600  -33.735  -26.289  7.833 0.6000000238
44690  -41.394  -20.538  12.781 0.3000000119
40418  -40.123  -25.676  6.972 0.5000000000
118665  -39.674  -22.920  9.434 0.4000000060
40419  -34.774  -25.465  7.068 0.5000000000
40422  -39.887  -25.551  6.749 0.4000000060
40424  -38.661  -25.345  6.516 0.4000000060
42873  -40.588  -22.439  9.918 0.3000000119
43778  -42.923  -23.163  10.566 0.3000000119
41215  -35.646  -24.307  6.050 0.4000000060
43799  -39.920  -21.501  7.059 0.3000000119
114968  -35.175  -24.074  6.316 0.3000000119
43790  -42.909  -21.988  10.094 0.3000000119
115498  -44.192  -22.406  9.762 0.3000000119
44723  -45.879  -21.916  9.645 0.3000000119
43804  -37.963  -21.710  5.747 0.3000000119
107244  -36.218  -24.172  9.093 0.3000000119
43792  -45.531  -22.464  9.540 0.3000000119
110353  -44.755  -20.720  8.869 0.3000000119
45645  -47.032  -21.050  8.782 0.3000000119
45670  -39.077  -19.817  6.309 0.3000000119
42872  -36.766  -22.068  8.915 0.3000000119
113956  -37.092  -21.505  8.356 0.3000000119
44747  -37.815  -20.567  7.020 0.3000000119
44755  -47.980  -20.688  7.669 0.3000000119
46559  -44.264  -18.125  6.953 0.3000000119
118285  -47.260  -19.824  6.943 0.3000000119
45677  -48.520  -20.290  7.495 0.3000000119
115476  -49.987  -19.929  7.965 0.3000000119
46538  -39.859  -18.883  8.548 0.3000000119
122583  -36.733  -22.033  11.471 0.3000000119
46572  -46.537  -18.339  6.364 0.3000000119
43755  -37.093  -20.884  11.862 0.3000000119
15734  -39.441  -58.138  23.375 0.4000000060
25411  -39.239  -44.397  18.039 0.6999999881
26183  -38.690  -43.267  14.553 0.8000000119
27710  -38.305  -41.222  13.163 0.8000000119
38721  -33.243  -27.213  10.262 0.5000000000
35010  -39.031  -31.245  15.285 0.4000000060
39530  -43.439  -25.499  18.494 0.3000000119
39529  -42.340  -26.509  18.956 0.4000000060
40327  -43.071  -24.922  18.575 0.3000000119
37728  -41.504  -28.554  18.708 0.4000000060
39528  -41.461  -26.351  18.932 0.4000000060
39527  -40.898  -27.015  18.810 0.4000000060
41139  -42.514  -24.276  18.628 0.3000000119
41138  -41.492  -24.618  18.701 0.4000000060
40326  -42.113  -25.458  18.835 0.3000000119
123728  -38.615  -30.069  16.097 0.3000000119
41137  -40.536  -24.774  18.616 0.4000000060
40325  -41.027  -25.511  18.768 0.4000000060
42777  -40.591  -22.365  18.533 0.3000000119
115894  -40.386  -23.334  18.531 0.4000000060
43694  -41.154  -21.536  18.671 0.3000000119
106709  -39.889  -22.106  18.223 0.4000000060
118240  -40.123  -24.139  18.496 0.4000000060
44616  -41.241  -19.895  19.035 0.3000000119
45548  -40.484  -19.950  18.418 0.3000000119
45561  -39.902  -19.904  17.799 0.3000000119
34303  -29.796  -32.153  15.167 0.5000000000
111877  -40.261  -19.201  18.115 0.3000000119
123642  -39.667  -20.590  17.572 0.3000000119
35026  -28.245  -31.815  15.188 0.5000000000
35045  -28.002  -31.144  14.668 0.5000000000
35046  -28.805  -31.251  14.738 0.5000000000
35855  -28.419  -30.763  14.185 0.5000000000
35058  -29.581  -31.147  13.494 0.5000000000
47402  -40.838  -17.827  18.255 0.3000000119
46431  -39.823  -19.110  17.394 0.3000000119
35062  -29.471  -30.587  12.348 0.5000000000
35884  -28.861  -28.945  10.649 0.5000000000
35880  -28.496  -29.240  11.513 0.5000000000
111273  -28.686  -28.418  11.100 0.5000000000
106651  -28.584  -28.647  11.017 0.5000000000
36843  -28.834  -28.426  10.604 0.4000000060
36834  -28.476  -28.515  11.324 0.5000000000
37819  -29.286  -28.039  10.322 0.5000000000
37820  -30.235  -27.710  10.350 0.5000000000
36835  -29.648  -28.867  11.949 0.4000000060
36836  -30.496  -29.137  11.966 0.4000000060
37821  -31.575  -28.143  10.849 0.5000000000
36845  -30.559  -28.439  11.261 0.4000000060
36846  -32.180  -28.883  11.805 0.5000000000
108203  -31.641  -29.372  12.357 0.4000000060
37822  -32.759  -28.268  11.353 0.4000000060
37812  -33.144  -28.647  12.220 0.5000000000
36837  -32.708  -29.264  12.718 0.3000000119
38709  -33.571  -27.975  11.880 0.3000000119
37804  -33.491  -28.751  13.082 0.3000000119
37813  -33.728  -28.204  12.625 0.3000000119
38715  -34.006  -27.320  11.323 0.3000000119
39587  -34.594  -26.733  11.155 0.3000000119
37805  -34.099  -28.226  13.331 0.3000000119
38710  -34.259  -27.640  12.556 0.3000000119
39583  -34.817  -26.899  12.154 0.3000000119
38706  -34.652  -27.638  13.571 0.3000000119
38711  -34.889  -27.197  13.021 0.3000000119
125268  -35.362  -26.321  12.382 0.3000000119
115588  -27.293  -31.102  14.412 0.5000000000
39548  -44.907  -25.938  17.625 0.3000000119
116557  -41.848  -27.913  18.888 0.4000000060
35853  -26.898  -30.676  13.707 0.4000000060
35854  -27.772  -30.585  13.936 0.5000000000
35889  -28.933  -28.424  10.451 0.5000000000
34268  -40.005  -32.417  15.289 0.4000000060
36788  -38.476  -29.906  15.308 0.3000000119
36777  -41.626  -29.929  18.046 0.4000000060
40324  -40.168  -25.494  18.484 0.4000000060
35027  -29.140  -31.889  15.268 0.5000000000
35047  -29.621  -31.544  14.557 0.5000000000
35059  -30.157  -31.486  12.924 0.5000000000
35881  -29.448  -29.869  11.466 0.5000000000
37818  -29.004  -28.271  10.336 0.5000000000
39531  -44.096  -25.690  18.210 0.3000000119
113906  -43.285  -26.514  18.670 0.4000000060
118267  -42.849  -25.813  18.773 0.3000000119
38657  -42.589  -27.487  18.819 0.4000000060
36770  -41.995  -29.212  18.435 0.4000000060
41922  -41.299  -23.039  18.642 0.3000000119
41921  -40.918  -23.942  18.661 0.4000000060
44629  -40.828  -20.732  18.620 0.3000000119
43693  -40.310  -21.481  18.385 0.3000000119
46422  -40.752  -18.621  18.512 0.3000000119
34280  -27.662  -32.549  15.338 0.5000000000
34302  -27.199  -31.893  14.931 0.5000000000
35866  -28.254  -30.275  12.975 0.5000000000
35867  -28.988  -30.842  13.980 0.5000000000
121259  -28.907  -30.509  12.869 0.5000000000
36844  -29.190  -28.374  11.117 0.4000000060
38714  -33.268  -27.731  11.045 0.3000000119
37729  -42.330  -28.422  18.647 0.4000000060
25432  -36.301  -43.992  14.389 0.6999999881
26965  -38.578  -42.171  13.555 0.6999999881
26194  -38.543  -41.565  12.953 0.6999999881
26193  -38.471  -41.849  12.973 0.6999999881
26189  -37.767  -43.009  13.545 0.6999999881
26963  -36.235  -42.401  13.515 0.6999999881
26187  -35.063  -43.161  14.333 0.6999999881
26967  -37.913  -41.453  12.884 0.6999999881
26192  -37.330  -42.388  13.362 0.6999999881
109983  -34.895  -42.430  13.899 0.6999999881
34292  -43.246  -34.140  14.629 0.3000000119
34291  -41.670  -33.650  14.884 0.3000000119
35014  -43.121  -32.301  15.687 0.3000000119
35013  -41.893  -31.974  16.168 0.3000000119
34270  -42.468  -32.978  15.442 0.3000000119
26966  -36.232  -41.544  13.190 0.6999999881
34269  -41.120  -32.606  15.538 0.3000000119
34999  -42.569  -31.406  16.537 0.3000000119
35822  -43.240  -30.727  16.914 0.3000000119
36779  -43.490  -29.719  17.562 0.3000000119
27708  -36.052  -40.799  12.760 0.6000000238
27702  -34.710  -41.655  13.544 0.6999999881
34290  -40.574  -33.129  14.401 0.3000000119
36778  -42.546  -29.837  17.800 0.3000000119
36771  -42.887  -29.060  18.257 0.3000000119
34998  -41.480  -31.216  17.065 0.3000000119
38658  -43.449  -27.431  18.540 0.3000000119
35011  -39.572  -31.574  15.901 0.3000000119
37730  -43.175  -28.222  18.482 0.3000000119
35833  -39.107  -30.713  16.344 0.3000000119
26185  -39.687  -43.880  14.422 0.6999999881
26180  -39.636  -44.258  15.792 0.6999999881
26184  -39.244  -43.543  14.418 0.6999999881
25428  -36.358  -44.779  14.857 0.6999999881
103704  -39.074  -42.856  13.637 0.6999999881
108956  -39.145  -43.043  13.546 0.6999999881
26190  -38.693  -42.445  13.491 0.6999999881
26188  -36.274  -43.181  13.957 0.6999999881
25427  -35.514  -44.588  15.151 0.6999999881
25431  -35.257  -43.901  14.714 0.6999999881
35034  -44.040  -33.362  14.724 0.3000000119
35835  -43.673  -31.758  15.821 0.3000000119
119864  -44.203  -31.313  15.933 0.3000000119
36780  -44.420  -29.525  17.352 0.3000000119
37744  -43.745  -28.827  17.968 0.3000000119
37745  -44.577  -28.521  17.682 0.3000000119
33596  -44.834  -35.502  13.920 0.3000000119
35821  -42.117  -30.606  17.389 0.3000000119
20821  -40.564  -50.784  21.489 0.4000000060
20837  -40.797  -50.566  20.599 0.4000000060
20820  -39.882  -50.398  21.874 0.4000000060
20814  -39.622  -50.520  22.510 0.4000000060
109293  -41.624  -50.966  20.050 0.4000000060
22337  -38.538  -48.752  20.334 0.5000000000
21584  -38.939  -49.500  20.871 0.4000000060
20835  -39.435  -49.940  21.447 0.4000000060
21585  -39.600  -49.786  20.543 0.4000000060
21566  -39.339  -49.966  22.319 0.4000000060
22339  -39.876  -49.531  19.847 0.5000000000
21586  -40.247  -50.050  20.172 0.4000000060
21587  -40.998  -50.248  19.758 0.4000000060
109797  -38.413  -49.199  21.254 0.4000000060
22338  -39.304  -49.162  20.011 0.5000000000
21593  -40.499  -49.598  19.469 0.5000000000
20843  -41.883  -50.539  19.218 0.5000000000
22349  -39.961  -48.871  19.250 0.5000000000
22350  -40.817  -49.114  18.797 0.5000000000
21595  -41.983  -50.074  18.660 0.5000000000
118022  -43.666  -50.456  17.578 0.5000000000
21605  -44.980  -50.578  16.567 0.5000000000
21599  -41.671  -49.380  18.485 0.5000000000
22355  -40.486  -48.330  18.520 0.6000000238
21600  -42.610  -49.846  18.131 0.5000000000
22356  -42.340  -49.010  17.861 0.5000000000
21601  -43.508  -49.642  17.433 0.5000000000
21611  -45.705  -49.581  15.414 0.6000000238
22361  -44.413  -49.563  16.710 0.5000000000
21614  -45.657  -49.817  15.257 0.5000000000
23073  -40.205  -47.643  18.285 0.6000000238
116411  -41.373  -48.582  18.227 0.6000000238
23074  -40.991  -47.678  17.862 0.6000000238
22360  -43.319  -48.661  17.103 0.5000000000
21615  -45.816  -49.374  15.099 0.6000000238
22371  -44.844  -49.254  14.997 0.5000000000
22365  -40.398  -48.564  16.518 0.5000000000
22369  -41.727  -48.355  15.680 0.5000000000
115055  -42.589  -48.674  15.454 0.5000000000
22368  -40.867  -48.035  15.959 0.5000000000
23076  -35.814  -47.056  17.978 0.4000000060
23075  -42.048  -48.107  17.602 0.6000000238
23817  -35.709  -46.297  16.738 0.5000000000
23080  -41.804  -47.195  17.290 0.6000000238
23081  -42.740  -47.604  16.931 0.5000000000
23810  -36.117  -46.814  17.204 0.5000000000
23082  -43.830  -47.954  16.396 0.6000000238
23811  -36.907  -46.997  16.982 0.5000000000
23088  -45.192  -47.867  15.096 0.6000000238
23098  -44.573  -47.380  14.689 0.6000000238
22374  -45.195  -48.106  14.865 0.5000000000
22364  -39.638  -48.277  16.716 0.5000000000
109772  -43.512  -47.667  14.623 0.5000000000
23093  -42.474  -47.748  15.045 0.5000000000
23096  -42.929  -46.804  14.437 0.5000000000
23801  -35.104  -46.746  18.214 0.4000000060
23809  -35.420  -46.525  17.482 0.5000000000
23069  -35.392  -47.300  18.713 0.4000000060
24609  -35.053  -45.960  17.062 0.5000000000
23818  -36.436  -46.501  16.507 0.5000000000
23814  -41.703  -46.300  16.892 0.6000000238
23824  -36.826  -46.088  15.850 0.5000000000
23822  -43.901  -46.466  15.501 0.6000000238
23823  -44.725  -46.928  15.047 0.6000000238
23836  -44.095  -46.257  14.729 0.6000000238
23086  -40.060  -47.796  16.137 0.5000000000
23099  -43.513  -46.544  14.464 0.6000000238
23091  -40.553  -47.248  15.456 0.5000000000
23092  -41.407  -47.473  15.286 0.5000000000
23090  -39.729  -47.083  15.603 0.5000000000
23808  -34.734  -46.214  17.792 0.4000000060
23068  -34.766  -46.997  18.819 0.4000000060
24615  -35.398  -45.637  16.358 0.5000000000
24620  -35.791  -45.264  15.622 0.5000000000
24616  -36.074  -45.931  16.067 0.5000000000
24621  -36.570  -45.446  15.386 0.5000000000
24612  -41.841  -45.274  16.368 0.6000000238
23825  -37.628  -46.153  15.520 0.5000000000
23819  -37.239  -46.641  16.277 0.5000000000
24618  -42.733  -45.322  15.668 0.6000000238
24629  -43.250  -45.722  14.562 0.6000000238
23085  -39.281  -47.579  16.303 0.5000000000
23835  -42.972  -46.040  14.403 0.5000000000
23089  -38.900  -46.917  15.767 0.5000000000
23828  -40.292  -46.421  14.807 0.5000000000
24614  -34.726  -45.292  16.687 0.5000000000
108114  -37.265  -45.603  15.218 0.5000000000
25418  -40.575  -44.519  16.522 0.6000000238
24624  -42.995  -45.133  15.060 0.6000000238
23820  -38.051  -46.793  15.981 0.5000000000
24623  -42.402  -44.906  14.792 0.6000000238
23826  -38.540  -46.112  15.116 0.5000000000
23834  -42.006  -45.923  14.311 0.5000000000
23827  -39.433  -46.303  14.951 0.5000000000
23833  -40.128  -45.412  14.262 0.5000000000
24608  -34.390  -45.580  17.427 0.4000000060
25422  -35.087  -44.950  15.953 0.4000000060
23800  -34.408  -46.501  18.520 0.4000000060
25433  -37.207  -44.053  14.189 0.6000000238
120242  -37.436  -44.790  14.505 0.6000000238
25429  -41.071  -44.492  14.308 0.6000000238
24622  -38.144  -45.315  14.616 0.5000000000
104026  -40.493  -44.472  13.895 0.6000000238
23832  -39.291  -45.375  14.391 0.5000000000
25416  -34.071  -44.896  17.062 0.5000000000
26178  -34.054  -43.953  15.825 0.4000000060
26182  -34.343  -43.706  15.006 0.5000000000
25421  -34.405  -44.603  16.282 0.4000000060
25420  -33.776  -44.195  16.668 0.4000000060
25434  -38.587  -43.494  13.599 0.6000000238
118905  -38.583  -44.293  13.924 0.6000000238
24625  -39.189  -44.475  13.894 0.5000000000
113824  -39.652  -43.815  13.614 0.5000000000
23083  -37.703  -47.193  16.713 0.5000000000
23084  -38.497  -47.383  16.478 0.5000000000
24601  -34.036  -45.868  18.161 0.4000000060
21565  -38.791  -49.576  22.697 0.4000000060
23064  -39.663  -48.033  18.750 0.6000000238
23805  -41.047  -46.745  17.452 0.6000000238
25417  -39.827  -44.242  16.748 0.6000000238
25423  -40.229  -44.368  15.935 0.6000000238
112061  -40.225  -44.349  14.718 0.6000000238
25424  -40.930  -44.439  15.429 0.6000000238
25438  -39.597  -43.620  13.617 0.6000000238
25435  -39.350  -43.586  13.606 0.6000000238
25426  -34.730  -44.313  15.467 0.5000000000
21594  -41.248  -49.811  19.061 0.5000000000
108755  -45.598  -50.608  15.780 0.5000000000
121203  -44.754  -48.214  15.701 0.6000000238
23815  -42.468  -46.682  16.660 0.6000000238
23095  -41.970  -46.881  14.651 0.5000000000
24619  -43.483  -45.665  15.242 0.6000000238
23821  -43.119  -46.046  16.005 0.6000000238
23829  -41.177  -46.579  14.696 0.5000000000
24617  -42.268  -44.805  15.392 0.6000000238
24628  -42.400  -45.325  14.387 0.6000000238
25437  -41.026  -44.642  13.938 0.6000000238
24626  -40.731  -44.704  13.908 0.6000000238
108255  -40.005  -44.367  13.748 0.5000000000
31364  -42.941  -36.875  21.175 0.3000000119
30615  -42.281  -37.642  21.974 0.3000000119
30629  -43.640  -37.090  20.728 0.3000000119
31372  -44.077  -36.481  20.455 0.3000000119
30635  -44.470  -37.401  20.381 0.3000000119
31380  -44.877  -36.544  20.093 0.3000000119
112088  -46.400  -36.240  19.370 0.3000000119
32174  -43.738  -35.692  20.551 0.3000000119
32175  -44.454  -35.731  20.197 0.3000000119
32182  -45.943  -35.615  19.440 0.3000000119
32183  -46.767  -35.582  19.099 0.3000000119
119909  -44.740  -35.033  19.888 0.3000000119
34260  -47.484  -31.854  17.240 0.3000000119
34259  -46.804  -31.879  16.711 0.3000000119
35001  -47.200  -31.389  15.810 0.3000000119
35000  -46.455  -32.057  14.716 0.3000000119
104270  -46.399  -31.643  13.971 0.3000000119
35017  -46.104  -32.805  13.814 0.3000000119
20848  -43.054  -50.813  18.368 0.4000000060
30623  -43.328  -37.513  21.046 0.3000000119
105122  -45.808  -37.988  19.668 0.3000000119
20844  -44.276  -52.036  18.170 0.4000000060
30638  -47.208  -37.424  19.042 0.3000000119
31383  -47.052  -36.493  19.110 0.3000000119
32879  -46.693  -34.620  18.855 0.3000000119
105615  -46.589  -33.612  18.556 0.3000000119
33560  -48.368  -32.271  17.397 0.3000000119
35002  -47.987  -31.360  16.712 0.3000000119
35019  -47.429  -30.842  15.465 0.3000000119
35018  -46.757  -31.258  14.470 0.3000000119
31382  -46.470  -36.953  19.398 0.3000000119
103644  -47.707  -35.959  18.739 0.3000000119
15152  -32.679  -58.429  18.668 0.4000000060
15770  -32.769  -57.703  18.662 0.3000000119
17085  -34.444  -55.945  18.328 0.3000000119
110856  -33.757  -55.254  18.321 0.3000000119
20849  -40.387  -50.254  17.574 0.4000000060
21607  -40.762  -49.373  16.793 0.4000000060
20846  -40.238  -50.974  18.035 0.4000000060
20847  -41.108  -51.273  17.327 0.4000000060
22358  -39.271  -48.688  17.424 0.4000000060
22359  -40.038  -48.976  17.055 0.4000000060
22366  -41.264  -48.902  16.302 0.4000000060
21608  -41.832  -49.959  16.462 0.4000000060
21609  -43.239  -50.241  15.747 0.4000000060
21613  -44.820  -50.279  15.342 0.4000000060
20850  -41.928  -51.038  16.623 0.4000000060
20852  -42.840  -50.865  16.162 0.4000000060
22344  -35.774  -48.417  19.853 0.3000000119
119025  -38.583  -48.228  17.505 0.4000000060
109368  -43.468  -49.380  15.422 0.4000000060
23061  -35.619  -47.853  19.385 0.3000000119
22343  -35.071  -48.182  20.237 0.3000000119
21612  -42.259  -49.261  15.890 0.4000000060
23078  -37.424  -47.503  17.452 0.4000000060
21603  -39.825  -49.472  17.537 0.4000000060
21604  -41.057  -50.225  17.093 0.4000000060
15099  -39.013  -59.082  23.439 0.3000000119
15744  -39.879  -57.427  23.223 0.3000000119
17050  -38.835  -55.763  22.570 0.3000000119
17795  -39.394  -54.325  22.445 0.3000000119
110601  -40.953  -53.804  22.170 0.3000000119
18510  -41.828  -53.865  21.763 0.3000000119
18518  -42.795  -54.162  21.284 0.3000000119
19303  -41.327  -52.921  21.884 0.3000000119
18517  -42.169  -53.357  21.478 0.3000000119
19309  -42.887  -53.380  21.039 0.3000000119
20055  -41.348  -52.151  21.796 0.3000000119
20058  -41.747  -51.931  21.284 0.3000000119
19320  -42.676  -52.628  20.781 0.3000000119
20822  -41.335  -51.192  21.027 0.3000000119
20067  -42.235  -51.800  20.421 0.3000000119
17794  -38.598  -54.280  22.503 0.3000000119
17051  -39.897  -56.008  22.605 0.3000000119
13781  -36.487  -60.824  26.658 0.3000000119
14453  -35.738  -59.004  24.968 0.4000000060
15096  -36.408  -58.546  23.809 0.4000000060
15730  -35.555  -57.432  24.067 0.4000000060
16333  -33.885  -56.583  26.503 0.3000000119
16352  -35.780  -56.879  23.656 0.4000000060
16359  -38.379  -57.166  23.104 0.4000000060
17037  -34.111  -55.207  25.632 0.3000000119
17772  -34.305  -54.473  25.161 0.3000000119
17773  -34.784  -54.490  24.390 0.4000000060
17783  -38.919  -54.918  22.459 0.3000000119
17784  -39.632  -55.173  22.456 0.3000000119
18441  -32.235  -54.006  27.829 0.3000000119
18491  -35.003  -53.722  24.018 0.4000000060
18500  -37.418  -53.625  22.704 0.4000000060
19252  -32.296  -52.710  27.415 0.3000000119
19266  -33.355  -52.325  26.031 0.3000000119
19276  -33.894  -52.303  25.354 0.3000000119
19285  -35.159  -52.937  23.866 0.4000000060
19290  -35.695  -52.667  23.561 0.4000000060
19299  -37.856  -52.879  22.811 0.4000000060
19308  -41.995  -52.679  21.391 0.3000000119
20003  -31.508  -51.383  27.964 0.3000000119
20031  -34.241  -51.650  25.116 0.4000000060
20037  -34.742  -51.762  24.490 0.3000000119
20046  -36.799  -51.803  23.391 0.4000000060
20054  -40.922  -51.460  21.827 0.3000000119
20731  -30.239  -50.685  29.385 0.3000000119
20742  -31.258  -50.692  28.114 0.3000000119
20766  -31.675  -50.808  27.675 0.3000000119
20767  -32.088  -50.498  27.278 0.3000000119
20794  -33.737  -50.311  25.799 0.3000000119
20813  -39.157  -50.057  22.919 0.4000000060
20836  -40.030  -50.316  20.996 0.4000000060
20853  -44.398  -51.334  15.705 0.4000000060
21485  -30.369  -49.721  29.099 0.3000000119
21507  -31.578  -50.127  27.694 0.3000000119
21540  -34.082  -49.509  25.752 0.3000000119
21552  -35.975  -49.538  24.589 0.4000000060
21553  -36.695  -49.581  24.144 0.4000000060
21606  -45.578  -49.999  15.947 0.6000000238
21610  -45.698  -50.037  15.408 0.6000000238
21616  -45.543  -48.924  14.975 0.5000000000
22218  -29.900  -48.012  30.937 0.3000000119
22243  -30.689  -48.092  28.716 0.3000000119
22244  -31.204  -48.288  28.065 0.3000000119
22295  -34.454  -48.730  25.716 0.3000000119
22297  -36.197  -48.121  24.960 0.3000000119
22309  -37.295  -49.010  23.909 0.4000000060
22316  -37.136  -48.276  23.955 0.4000000060
22329  -38.213  -49.061  22.177 0.5000000000
22336  -35.607  -48.969  20.389 0.3000000119
22362  -44.806  -48.975  16.156 0.6000000238
22363  -38.922  -47.961  16.937 0.4000000060
22367  -45.533  -48.832  15.239 0.6000000238
22370  -43.562  -48.497  15.020 0.5000000000
22372  -45.533  -48.515  14.980 0.5000000000
22373  -44.580  -48.153  14.720 0.5000000000
22925  -30.940  -46.584  31.489 0.3000000119
22950  -30.629  -47.100  29.519 0.3000000119
22960  -30.706  -47.471  28.975 0.3000000119
22979  -31.566  -47.718  27.775 0.3000000119
22980  -32.138  -47.607  27.330 0.3000000119
23011  -34.873  -47.790  25.717 0.3000000119
23012  -35.787  -47.611  25.321 0.3000000119
23044  -37.858  -48.698  21.089 0.4000000060
23053  -37.378  -47.371  20.173 0.6000000238
23054  -37.851  -48.112  20.223 0.6000000238
23087  -44.349  -47.372  15.649 0.6000000238
23094  -44.956  -47.466  14.926 0.6000000238
23097  -43.897  -47.188  14.478 0.6000000238
23100  -43.947  -46.936  14.470 0.6000000238
23101  -43.964  -46.328  14.619 0.6000000238
23647  -31.253  -46.095  31.110 0.3000000119
23671  -30.698  -46.712  30.093 0.3000000119
23672  -31.117  -46.442  29.447 0.3000000119
23720  -32.538  -46.833  27.247 0.3000000119
23737  -35.549  -46.394  25.494 0.3000000119
23773  -35.734  -46.051  20.862 0.6000000238
23804  -40.290  -46.914  17.848 0.6999999881
23816  -43.395  -46.983  16.277 0.6000000238
23830  -44.007  -46.112  15.107 0.6000000238
23831  -44.521  -46.667  14.857 0.6000000238
23837  -43.615  -46.185  14.543 0.6000000238
24444  -32.356  -45.104  31.732 0.3000000119
24456  -31.637  -45.550  30.638 0.3000000119
24472  -32.044  -45.029  30.086 0.3000000119
24489  -31.712  -45.827  28.940 0.3000000119
24508  -32.714  -45.372  27.833 0.3000000119
24525  -33.972  -45.271  26.521 0.3000000119
24538  -35.344  -45.730  25.131 0.3000000119
24549  -34.788  -45.198  24.590 0.4000000060
24568  -34.506  -45.236  22.624 0.6000000238
24581  -35.531  -45.222  20.606 0.6000000238
24582  -36.276  -45.510  20.194 0.6999999881
24602  -38.368  -45.529  18.793 0.6999999881
24603  -38.971  -45.140  18.405 0.6999999881
24613  -42.374  -45.877  16.372 0.6000000238
24627  -41.417  -45.037  14.111 0.6000000238
24630  -43.588  -45.716  14.844 0.6000000238
24631  -43.743  -46.039  14.651 0.6000000238
25236  -32.845  -44.864  32.082 0.3000000119
25246  -32.644  -44.456  31.629 0.3000000119
25247  -32.965  -43.882  31.637 0.3000000119
25271  -32.430  -44.485  29.430 0.3000000119
25288  -32.835  -44.160  28.602 0.3000000119
25338  -33.823  -43.964  25.983 0.3000000119
25353  -33.792  -44.082  24.588 0.4000000060
25365  -33.641  -43.940  23.563 0.5000000000
25366  -34.176  -44.641  24.068 0.4000000060
25380  -34.561  -45.121  21.746 0.6000000238
25390  -36.079  -44.596  20.018 0.6999999881
25399  -38.053  -43.888  18.723 0.6999999881
25419  -41.486  -44.582  15.919 0.6000000238
25425  -41.722  -44.552  14.990 0.6000000238
25430  -41.636  -44.832  14.339 0.6000000238
25436  -39.812  -43.924  13.686 0.6000000238
26009  -35.152  -43.812  32.349 0.3000000119
26017  -35.449  -43.057  32.134 0.3000000119
26052  -32.940  -43.280  28.628 0.3000000119
26064  -33.250  -43.295  27.536 0.3000000119
26102  -33.593  -43.603  25.239 0.4000000060
26155  -37.780  -43.056  18.844 0.6999999881
26167  -38.609  -43.487  17.846 0.8000000119
26175  -39.138  -43.889  16.945 0.8000000119
26191  -39.379  -43.453  13.647 0.6000000238
26776  -35.741  -42.343  31.737 0.3000000119
26807  -32.752  -41.675  28.542 0.3000000119
26846  -32.748  -42.075  26.658 0.3000000119
26888  -33.146  -42.070  23.488 0.6000000238
26913  -35.036  -41.482  20.775 0.6000000238
26922  -36.655  -41.751  19.405 0.6999999881
26923  -37.351  -41.948  19.039 0.6999999881
26953  -35.545  -42.680  16.443 0.6999999881
26955  -37.890  -43.728  16.206 0.8000000119
26968  -38.589  -41.395  12.894 0.8000000119
27524  -33.606  -41.434  30.117 0.3000000119
27526  -35.437  -41.270  30.830 0.3000000119
27563  -32.634  -41.026  27.932 0.3000000119
27589  -32.517  -41.296  26.125 0.3000000119
27605  -32.574  -41.331  25.259 0.4000000060
27621  -32.814  -41.667  24.130 0.5000000000
27639  -33.338  -41.601  22.770 0.6000000238
27644  -33.793  -41.923  22.078 0.6999999881
27676  -35.175  -41.034  18.790 0.6999999881
27677  -36.080  -41.152  19.259 0.6999999881
27686  -32.162  -41.797  16.927 0.6999999881
27700  -32.540  -41.289  14.373 0.6999999881
28325  -32.513  -40.677  24.750 0.5000000000
28347  -34.128  -40.368  21.640 0.6000000238
28377  -33.855  -40.376  18.303 0.6999999881
28398  -36.112  -40.444  14.165 0.6000000238
28941  -35.925  -39.833  29.409 0.3000000119
28951  -34.706  -39.272  28.804 0.3000000119
28952  -35.609  -39.369  28.889 0.3000000119
28953  -36.556  -39.521  28.826 0.3000000119
28954  -37.901  -39.949  28.621 0.3000000119
28960  -32.746  -39.709  27.583 0.3000000119
28974  -32.477  -39.683  26.844 0.4000000060
29003  -40.721  -39.376  24.317 0.3000000119
29008  -32.495  -39.441  24.280 0.4000000060
29018  -32.971  -38.526  23.074 0.6000000238
29033  -35.592  -39.483  19.962 0.6999999881
29057  -35.193  -39.883  19.412 0.6999999881
29072  -33.348  -40.123  17.486 0.6000000238
29079  -31.514  -39.739  16.120 0.6999999881
29090  -36.493  -38.771  12.124 0.6999999881
29724  -34.548  -38.707  28.224 0.3000000119
29738  -34.362  -38.153  27.543 0.3000000119
29755  -32.648  -38.930  26.378 0.4000000060
29773  -32.843  -38.178  25.987 0.4000000060
29776  -39.866  -38.980  24.944 0.3000000119
29786  -39.658  -38.342  24.781 0.3000000119
29787  -40.311  -38.712  24.407 0.3000000119
29795  -32.592  -38.657  23.960 0.4000000060
29796  -40.573  -38.050  23.758 0.3000000119
29807  -42.172  -38.344  22.409 0.3000000119
29811  -34.059  -37.995  21.757 0.6000000238
29812  -34.727  -38.018  21.090 0.6000000238
29830  -33.903  -38.055  19.351 0.6000000238
29844  -33.383  -38.433  18.573 0.6000000238
29859  -32.638  -38.009  17.105 0.6000000238
29869  -31.377  -38.605  16.385 0.6000000238
29870  -32.562  -38.203  16.154 0.6000000238
29876  -33.709  -38.908  14.808 0.6000000238
29888  -34.915  -37.775  11.518 0.6999999881
29889  -35.750  -38.029  11.410 0.6999999881
29890  -36.016  -37.639  11.505 0.6999999881
30557  -34.485  -37.570  27.019 0.4000000060
30586  -33.088  -37.514  25.586 0.4000000060
30587  -37.595  -37.297  26.047 0.4000000060
30588  -38.293  -37.422  25.549 0.4000000060
30589  -39.043  -37.946  25.163 0.4000000060
30600  -40.031  -37.243  23.853 0.4000000060
30605  -32.806  -37.844  23.776 0.5000000000
30614  -41.676  -37.685  22.541 0.4000000060
30622  -42.832  -37.600  21.442 0.3000000119
30634  -34.470  -37.632  19.927 0.6999999881
30636  -45.323  -37.338  19.934 0.3000000119
30665  -32.944  -37.820  17.971 0.6000000238
30687  -31.294  -37.303  13.425 0.6999999881
30696  -34.467  -37.145  11.556 0.6999999881
31304  -33.721  -36.842  25.824 0.4000000060
31305  -34.573  -36.528  26.172 0.4000000060
31308  -36.902  -36.831  26.281 0.4000000060
31319  -33.650  -36.337  25.239 0.4000000060
31322  -36.878  -36.012  25.867 0.4000000060
31336  -39.540  -36.422  23.964 0.4000000060
31345  -41.230  -37.137  22.690 0.4000000060
31353  -33.678  -36.270  22.153 0.6000000238
31354  -41.069  -36.419  22.541 0.4000000060
31356  -42.417  -37.070  21.647 0.3000000119
31381  -45.727  -36.536  19.663 0.3000000119
31425  -42.473  -37.728  14.407 0.4000000060
31426  -44.383  -38.043  13.900 0.4000000060
31432  -42.008  -37.391  13.951 0.4000000060
32123  -33.870  -35.718  24.923 0.4000000060
32136  -34.223  -35.017  24.383 0.5000000000
32146  -33.735  -35.243  23.564 0.5000000000
32148  -40.326  -35.560  22.882 0.4000000060
32157  -41.211  -35.710  22.267 0.4000000060
32171  -34.148  -35.518  20.356 0.6000000238
32173  -43.111  -35.605  20.937 0.4000000060
32181  -45.185  -35.705  19.789 0.3000000119
32199  -30.377  -35.705  17.190 0.5000000000
32212  -31.235  -36.090  15.735 0.6999999881
32213  -33.216  -35.098  16.700 0.6000000238
32218  -44.217  -36.987  14.726 0.3000000119
32230  -43.515  -37.939  14.332 0.4000000060
32236  -31.174  -35.879  13.951 0.6999999881
32242  -45.027  -37.421  13.794 0.4000000060
32802  -35.967  -34.759  25.244 0.4000000060
32812  -35.491  -33.969  24.301 0.4000000060
32813  -36.317  -34.162  24.688 0.4000000060
32814  -37.066  -34.303  24.752 0.4000000060
32815  -37.802  -34.360  24.468 0.4000000060
32816  -38.568  -34.720  24.144 0.4000000060
32837  -40.737  -35.073  22.428 0.4000000060
32856  -42.796  -34.749  21.027 0.4000000060
32864  -34.239  -34.376  19.501 0.6000000238
32867  -45.395  -34.625  19.475 0.3000000119
32868  -46.169  -34.898  19.185 0.3000000119
32915  -40.455  -36.426  16.043 0.4000000060
32942  -39.560  -34.349  14.016 0.5000000000
32945  -42.473  -36.146  13.508 0.4000000060
32947  -45.235  -36.517  13.881 0.4000000060
33481  -36.643  -33.130  23.714 0.5000000000
33495  -34.589  -33.456  22.584 0.5000000000
33496  -35.316  -33.032  22.906 0.5000000000
33497  -38.774  -32.896  22.973 0.4000000060
33498  -39.546  -33.367  22.695 0.4000000060
33510  -34.432  -33.350  21.716 0.5000000000
33511  -40.758  -33.205  21.793 0.4000000060
33513  -42.266  -34.112  21.226 0.4000000060
33531  -43.662  -32.810  19.576 0.4000000060
33540  -34.528  -34.062  18.288 0.5000000000
34171  -37.115  -32.504  23.228 0.5000000000
34172  -38.001  -32.562  23.208 0.4000000060
34186  -36.663  -32.041  22.497 0.5000000000
34190  -39.961  -32.620  22.065 0.4000000060
34213  -34.807  -32.759  20.425 0.5000000000
34225  -42.552  -32.167  19.279 0.4000000060
34235  -38.015  -32.311  18.285 0.5000000000
34236  -39.055  -32.255  18.300 0.4000000060
34239  -41.876  -32.197  18.626 0.4000000060
34244  -46.986  -32.403  17.765 0.3000000119
34316  -40.148  -33.096  12.133 0.4000000060
34949  -36.114  -31.682  21.198 0.4000000060
34950  -36.622  -31.667  21.820 0.5000000000
34951  -37.916  -31.453  21.450 0.4000000060
34965  -39.108  -31.448  20.536 0.4000000060
34966  -40.071  -31.497  20.402 0.4000000060
34967  -41.635  -31.909  20.210 0.4000000060
34968  -42.223  -32.252  20.173 0.4000000060
34975  -36.729  -31.841  19.477 0.4000000060
34989  -40.326  -31.686  18.887 0.4000000060
35819  -39.654  -30.293  17.250 0.5000000000
35832  -38.683  -30.592  15.284 0.5000000000
36767  -39.818  -28.518  18.136 0.5000000000
36769  -41.113  -29.314  18.495 0.4000000060
37731  -43.989  -27.895  18.172 0.3000000119
37810  -27.821  -28.315  11.284 0.4000000060
37835  -30.317  -27.626  9.728 0.6000000238
37841  -31.522  -27.133  8.988 0.6000000238
38655  -41.137  -27.823  18.834 0.4000000060
38656  -41.715  -27.206  18.994 0.4000000060
38686  -39.019  -27.960  16.836 0.5000000000
38727  -31.582  -26.928  9.045 0.6000000238
38737  -40.651  -28.690  8.091 0.6000000238
40349  -39.637  -25.424  18.079 0.5000000000
41136  -39.825  -24.817  18.335 0.5000000000
41172  -39.228  -24.600  17.098 0.5000000000
41920  -39.753  -23.611  18.223 0.5000000000
41932  -39.311  -23.908  17.605 0.5000000000
42787  -39.462  -22.397  17.668 0.5000000000
42813  -38.996  -22.226  15.925 0.5000000000
42826  -39.408  -22.080  15.082 0.4000000060
42885  -38.389  -22.356  5.708 0.3000000119
44628  -40.082  -20.687  18.160 0.3000000119
44689  -40.792  -20.504  13.311 0.3000000119
44756  -48.631  -20.437  7.808 0.3000000119
45612  -40.586  -19.804  13.668 0.3000000119
45662  -49.068  -20.210  8.075 0.3000000119
46475  -39.789  -18.746  15.500 0.3000000119
47452  -40.494  -17.241  14.907 0.3000000119
103662  -37.029  -31.487  21.290 0.4000000060
103840  -40.894  -31.633  20.272 0.4000000060
104372  -42.975  -45.304  14.738 0.6000000238
104719  -41.347  -35.607  12.921 0.4000000060
105124  -40.914  -35.432  12.895 0.4000000060
105571  -38.247  -31.424  20.189 0.4000000060
105852  -34.122  -44.584  22.245 0.6000000238
105999  -36.172  -36.806  26.520 0.4000000060
106342  -36.807  -38.393  27.420 0.4000000060
107823  -34.419  -44.275  21.477 0.6000000238
107894  -35.604  -26.014  12.982 0.3000000119
108262  -33.065  -56.929  18.548 0.3000000119
108322  -37.078  -42.877  17.968 0.6999999881
109064  -32.451  -40.098  25.168 0.4000000060
109633  -45.943  -37.309  19.612 0.3000000119
109703  -33.526  -55.252  26.427 0.3000000119
110786  -39.591  -31.627  21.125 0.4000000060
110926  -36.708  -47.523  22.813 0.5000000000
111286  -37.859  -55.761  22.622 0.4000000060
111291  -42.263  -54.772  21.797 0.3000000119
111664  -39.303  -20.811  16.204 0.5000000000
111811  -40.443  -36.162  23.005 0.4000000060
111830  -44.307  -33.167  19.480 0.4000000060
111913  -41.084  -44.958  16.689 0.6000000238
112116  -35.792  -37.004  11.744 0.6999999881
112126  -32.720  -45.474  32.196 0.3000000119
112617  -33.609  -38.711  22.202 0.6000000238
112900  -35.194  -42.766  20.625 0.6999999881
113011  -32.576  -36.918  14.970 0.6000000238
113551  -39.539  -25.293  16.467 0.5000000000
113663  -34.371  -42.181  21.424 0.6999999881
113806  -33.691  -41.059  22.161 0.6999999881
114482  -40.615  -26.231  18.646 0.4000000060
114532  -44.408  -46.761  14.719 0.6000000238
114717  -37.555  -33.038  17.785 0.5000000000
115017  -42.842  -36.142  21.180 0.4000000060
115066  -37.295  -42.936  31.788 0.3000000119
115077  -33.506  -51.004  25.903 0.3000000119
115393  -38.548  -29.294  16.150 0.3000000119
115398  -40.898  -19.246  13.433 0.3000000119
115415  -35.854  -40.663  19.655 0.6999999881
115774  -33.126  -53.047  26.391 0.3000000119
116347  -35.478  -46.253  22.677 0.5000000000
116713  -37.927  -49.429  23.478 0.4000000060
116781  -32.469  -40.006  24.618 0.4000000060
116923  -39.459  -44.093  17.394 0.8000000119
118017  -39.725  -25.798  15.856 0.4000000060
118702  -37.730  -42.875  18.584 0.8000000119
118719  -33.126  -39.712  28.165 0.3000000119
118962  -39.197  -44.064  15.533 0.6000000238
119555  -32.651  -37.996  24.529 0.4000000060
119899  -37.168  -55.690  22.727 0.4000000060
120156  -32.791  -43.330  30.600 0.3000000119
120883  -32.605  -35.958  16.092 0.6000000238
120947  -39.474  -31.571  19.030 0.4000000060
121323  -33.768  -44.129  22.700 0.6000000238
121629  -40.399  -49.627  17.240 0.4000000060
121882  -37.135  -53.016  22.906 0.4000000060
121887  -41.289  -30.505  17.658 0.3000000119
122072  -41.003  -45.535  14.232 0.6000000238
122130  -37.354  -42.248  31.431 0.3000000119
122829  -33.462  -36.263  22.792 0.6000000238
123276  -41.287  -35.278  22.117 0.4000000060
123524  -38.736  -45.367  14.498 0.5000000000
123558  -37.314  -39.560  28.509 0.3000000119
123596  -32.678  -53.088  26.926 0.3000000119
123604  -39.669  -24.922  6.593 0.4000000060
123634  -32.963  -46.426  27.016 0.3000000119
123679  -41.594  -54.289  22.041 0.3000000119
124226  -41.250  -37.009  14.565 0.4000000060
124367  -38.282  -34.219  24.104 0.4000000060
124371  -40.030  -31.482  19.357 0.4000000060
124869  -32.838  -37.528  24.995 0.4000000060
124936  -40.770  -19.317  18.653 0.3000000119
125093  -40.631  -46.402  17.539 0.6000000238
