#!ascii label  , from subject sub-v1s8x0051348_ses-1 vox2ras=TkReg
346
44732  -27.900  -20.044  9.872 0.0000000000
50607  -26.883  -15.403  7.295 0.0000000000
61338  -29.424  -3.717  0.955 0.0000000000
58450  -30.164  -7.100  4.423 0.0000000000
113383  -30.540  -12.300  5.720 0.0000000000
48533  -31.369  -16.986  7.121 0.0000000000
64051  -29.163  -0.774  0.150 0.0000000000
54784  -30.780  -10.303  5.438 0.0000000000
53799  -28.665  -11.365  5.770 0.0000000000
119420  -27.251  -18.599  7.434 0.0000000000
48548  -29.463  -17.845  5.893 0.0000000000
46524  -29.670  -18.978  8.940 0.0000000000
42857  -23.091  -21.950  11.658 0.0000000000
44744  -25.430  -20.059  8.835 0.0000000000
68895  -31.006  5.613  -2.508 0.0000000000
66597  -31.680  3.059  -0.722 0.0000000000
110126  -32.193  1.000  0.162 0.0000000000
64036  -32.851  -1.072  1.418 0.0000000000
61317  -32.437  -3.455  2.508 0.0000000000
59389  -29.881  -4.937  2.842 0.0000000000
119254  -32.461  -5.868  3.436 0.0000000000
56624  -32.488  -8.987  3.613 0.0000000000
53814  -31.962  -11.874  3.030 0.0000000000
51794  -32.156  -14.368  3.352 0.0000000000
51764  -28.550  -13.559  7.009 0.0000000000
49602  -31.311  -15.789  4.862 0.0000000000
54798  -27.730  -10.392  4.175 0.0000000000
112035  -26.594  -11.636  4.202 0.0000000000
45669  -27.589  -19.717  7.877 0.0000000000
117787  -28.706  -19.198  7.197 0.0000000000
45638  -28.511  -19.696  9.191 0.0000000000
41952  -21.178  -23.245  15.805 0.0000000000
41966  -21.715  -22.982  14.965 0.0000000000
41967  -22.511  -22.636  14.441 0.0000000000
45666  -25.332  -18.933  7.747 0.0000000000
114831  -24.183  -19.429  8.291 0.0000000000
66583  -31.846  2.585  -0.290 0.0000000000
62274  -29.278  -2.413  0.657 0.0000000000
64034  -31.147  -0.765  1.299 0.0000000000
62267  -31.385  -1.938  2.219 0.0000000000
63173  -32.960  -1.885  1.683 0.0000000000
62256  -30.870  -2.711  2.561 0.0000000000
58468  -29.710  -6.051  3.489 0.0000000000
59374  -31.223  -5.611  3.789 0.0000000000
58470  -31.503  -6.369  4.166 0.0000000000
57549  -32.550  -7.319  3.475 0.0000000000
56609  -32.082  -8.313  4.451 0.0000000000
53802  -31.255  -11.413  5.066 0.0000000000
54801  -32.041  -10.729  4.066 0.0000000000
105301  -31.461  -12.708  4.086 0.0000000000
52837  -31.938  -13.496  2.642 0.0000000000
52816  -31.471  -13.585  4.066 0.0000000000
50622  -26.587  -14.611  6.795 0.0000000000
51763  -27.642  -13.615  6.724 0.0000000000
50608  -27.701  -15.178  7.430 0.0000000000
47552  -30.365  -17.357  5.457 0.0000000000
49588  -30.317  -16.831  5.334 0.0000000000
48551  -30.753  -16.791  5.183 0.0000000000
49591  -32.255  -15.483  5.450 0.0000000000
49575  -32.190  -15.882  6.405 0.0000000000
42848  -23.421  -22.052  12.503 0.0000000000
43761  -23.685  -21.610  11.030 0.0000000000
43749  -24.904  -21.459  12.085 0.0000000000
43775  -25.153  -20.973  10.675 0.0000000000
56606  -29.008  -8.649  4.463 0.0000000000
56607  -30.669  -8.371  4.996 0.0000000000
55706  -29.140  -9.377  5.021 0.0000000000
54783  -29.803  -10.489  5.603 0.0000000000
53784  -29.952  -11.996  6.138 0.0000000000
47538  -27.405  -17.908  7.408 0.0000000000
49573  -28.344  -16.308  7.287 0.0000000000
46566  -28.923  -18.366  6.433 0.0000000000
47551  -29.702  -18.162  5.915 0.0000000000
111795  -30.374  -17.847  7.526 0.0000000000
42816  -23.277  -22.415  13.988 0.0000000000
48529  -25.725  -16.686  7.506 0.0000000000
111737  -26.652  -18.111  7.638 0.0000000000
45668  -26.846  -19.601  7.912 0.0000000000
44746  -26.813  -20.285  8.953 0.0000000000
70336  -31.514  6.971  -4.243 0.0000000000
68131  -30.029  4.251  -2.122 0.0000000000
68132  -30.942  4.273  -1.847 0.0000000000
67371  -33.103  3.433  -1.253 0.0000000000
65787  -34.031  2.059  -0.860 0.0000000000
65778  -34.201  0.787  -0.684 0.0000000000
64909  -30.869  0.259  0.516 0.0000000000
64911  -32.563  0.248  0.394 0.0000000000
115452  -33.892  -0.766  -0.404 0.0000000000
117703  -33.749  -1.979  0.603 0.0000000000
61346  -33.831  -3.184  0.442 0.0000000000
120562  -33.555  -4.742  0.737 0.0000000000
60326  -29.651  -3.845  1.911 0.0000000000
117270  -31.374  -4.020  3.219 0.0000000000
113975  -32.716  -4.820  2.860 0.0000000000
113540  -33.245  -6.211  0.650 0.0000000000
58501  -33.088  -6.928  1.086 0.0000000000
55733  -32.736  -10.466  1.522 0.0000000000
115996  -32.176  -9.109  4.474 0.0000000000
55719  -32.517  -10.105  2.756 0.0000000000
52814  -27.477  -12.391  5.705 0.0000000000
113360  -28.802  -12.817  6.643 0.0000000000
51766  -30.179  -13.608  6.435 0.0000000000
50610  -29.745  -15.783  6.497 0.0000000000
107506  -29.974  -14.419  6.630 0.0000000000
51779  -30.946  -13.964  5.630 0.0000000000
50642  -31.819  -15.095  4.679 0.0000000000
51767  -32.941  -14.504  5.104 0.0000000000
44728  -24.818  -20.384  9.336 0.0000000000
44714  -25.747  -20.646  10.144 0.0000000000
44704  -26.744  -20.681  11.197 0.0000000000
45637  -27.572  -20.010  8.751 0.0000000000
45652  -28.407  -19.568  8.017 0.0000000000
45630  -28.804  -19.931  10.141 0.0000000000
41936  -21.458  -23.284  16.782 0.0000000000
105790  -22.066  -22.857  16.025 0.0000000000
62265  -29.623  -2.815  1.211 0.0000000000
107666  -29.840  -1.848  1.275 0.0000000000
62266  -30.335  -2.227  1.963 0.0000000000
61327  -29.956  -3.062  2.035 0.0000000000
57548  -29.343  -7.296  4.048 0.0000000000
57567  -29.057  -6.770  3.080 0.0000000000
110205  -29.746  -6.618  4.085 0.0000000000
58469  -30.538  -6.280  4.198 0.0000000000
58451  -31.037  -7.065  4.493 0.0000000000
58452  -31.973  -7.292  4.310 0.0000000000
57528  -31.372  -7.917  4.667 0.0000000000
106107  -31.079  -12.376  5.152 0.0000000000
104796  -27.335  -14.240  7.005 0.0000000000
47541  -30.571  -17.566  6.517 0.0000000000
121106  -30.907  -17.069  6.015 0.0000000000
49574  -31.483  -16.547  6.177 0.0000000000
48516  -32.120  -16.270  7.597 0.0000000000
48515  -31.697  -16.825  8.485 0.0000000000
42849  -24.305  -21.791  12.723 0.0000000000
55705  -28.318  -9.450  4.056 0.0000000000
53812  -28.180  -10.869  5.092 0.0000000000
54782  -28.973  -10.619  5.540 0.0000000000
53800  -29.529  -11.239  5.904 0.0000000000
47539  -28.149  -18.006  6.850 0.0000000000
103713  -28.021  -18.774  6.918 0.0000000000
46536  -29.135  -19.128  7.831 0.0000000000
46553  -29.224  -18.670  6.768 0.0000000000
47540  -29.902  -18.215  6.394 0.0000000000
46537  -29.853  -18.424  7.884 0.0000000000
105569  -30.262  -18.512  8.966 0.0000000000
41951  -20.355  -23.537  15.682 0.0000000000
41162  -20.039  -23.781  16.396 0.0000000000
118029  -22.508  -22.582  13.697 0.0000000000
47537  -25.827  -17.627  7.639 0.0000000000
45649  -25.188  -19.463  8.218 0.0000000000
45667  -26.028  -19.248  7.920 0.0000000000
45650  -26.138  -19.807  8.378 0.0000000000
45651  -26.892  -20.058  8.384 0.0000000000
44745  -26.224  -20.242  8.875 0.0000000000
69637  -30.577  6.143  -2.860 0.0000000000
69643  -30.636  6.582  -3.441 0.0000000000
69638  -31.595  5.994  -2.918 0.0000000000
68896  -32.125  5.385  -2.467 0.0000000000
111402  -30.853  2.882  -1.336 0.0000000000
67368  -30.395  3.566  -1.720 0.0000000000
67369  -31.375  3.576  -1.410 0.0000000000
68133  -31.883  4.212  -1.649 0.0000000000
67370  -32.245  3.596  -1.142 0.0000000000
68134  -32.722  4.065  -1.693 0.0000000000
65775  -31.662  1.868  0.017 0.0000000000
66585  -33.208  2.128  -0.630 0.0000000000
65776  -32.777  1.500  -0.307 0.0000000000
65777  -33.818  1.453  -0.623 0.0000000000
64919  -33.382  0.662  -0.175 0.0000000000
64040  -30.012  -0.149  0.419 0.0000000000
64035  -32.120  -0.799  1.417 0.0000000000
64041  -31.730  -0.116  0.885 0.0000000000
64042  -32.760  -0.418  0.999 0.0000000000
64912  -33.366  -0.225  0.336 0.0000000000
64043  -33.313  -0.836  0.900 0.0000000000
63188  -33.800  -1.517  -0.033 0.0000000000
63181  -33.591  -1.403  0.696 0.0000000000
62258  -32.695  -2.699  2.086 0.0000000000
62268  -33.467  -2.664  1.486 0.0000000000
61339  -33.779  -3.323  1.182 0.0000000000
112395  -33.705  -4.007  0.653 0.0000000000
60327  -33.428  -4.266  1.447 0.0000000000
58487  -29.078  -5.905  2.489 0.0000000000
59388  -29.021  -5.081  2.155 0.0000000000
60312  -29.303  -4.460  1.931 0.0000000000
60313  -30.250  -4.227  2.794 0.0000000000
60300  -30.899  -4.824  3.438 0.0000000000
59390  -32.372  -5.175  3.331 0.0000000000
59391  -32.906  -5.659  2.858 0.0000000000
108068  -33.052  -4.996  2.092 0.0000000000
59406  -33.117  -5.949  1.697 0.0000000000
58489  -33.023  -6.657  2.201 0.0000000000
56639  -32.686  -8.384  2.765 0.0000000000
56640  -32.900  -8.317  1.828 0.0000000000
56656  -32.846  -9.472  1.423 0.0000000000
114041  -32.647  -9.453  2.415 0.0000000000
55691  -30.684  -9.248  5.265 0.0000000000
56608  -31.555  -8.871  4.978 0.0000000000
55692  -31.344  -9.686  5.185 0.0000000000
54813  -32.318  -10.894  2.995 0.0000000000
54829  -32.625  -11.230  1.834 0.0000000000
108298  -32.506  -11.871  2.202 0.0000000000
51802  -31.854  -14.062  2.819 0.0000000000
51795  -32.944  -14.026  3.844 0.0000000000
52813  -26.653  -12.669  5.311 0.0000000000
52801  -27.984  -12.910  6.407 0.0000000000
52803  -29.576  -12.668  6.523 0.0000000000
51765  -29.418  -13.523  6.920 0.0000000000
48532  -29.399  -16.976  6.062 0.0000000000
50609  -28.831  -15.486  7.222 0.0000000000
49589  -30.885  -16.456  4.953 0.0000000000
50625  -30.471  -15.620  5.851 0.0000000000
112944  -31.000  -15.784  4.838 0.0000000000
50626  -30.736  -14.745  5.770 0.0000000000
50641  -31.354  -15.114  4.958 0.0000000000
51780  -31.621  -14.364  4.461 0.0000000000
50643  -32.310  -15.027  4.733 0.0000000000
50627  -32.817  -14.634  5.908 0.0000000000
43763  -25.439  -21.137  11.465 0.0000000000
44703  -25.951  -20.759  10.935 0.0000000000
44715  -26.523  -20.509  10.367 0.0000000000
53811  -27.384  -11.231  4.596 0.0000000000
53798  -27.823  -11.627  5.407 0.0000000000
107892  -27.460  -19.255  7.448 0.0000000000
46552  -28.175  -19.341  7.247 0.0000000000
45653  -29.035  -19.380  8.705 0.0000000000
45639  -29.292  -19.489  9.558 0.0000000000
41935  -20.717  -23.496  16.368 0.0000000000
42815  -21.716  -22.840  13.882 0.0000000000
41953  -22.664  -22.638  15.323 0.0000000000
46549  -24.980  -18.154  7.671 0.0000000000
45665  -24.581  -18.932  7.791 0.0000000000
44743  -24.564  -19.942  8.820 0.0000000000
68144  -30.248  5.090  -2.361 0.0000000000
66582  -30.967  2.323  -0.649 0.0000000000
64918  -30.992  1.094  0.277 0.0000000000
63170  -30.097  -0.967  0.933 0.0000000000
63180  -29.431  -1.543  0.644 0.0000000000
63171  -30.688  -1.469  1.617 0.0000000000
63172  -32.204  -1.524  1.764 0.0000000000
63166  -32.222  -2.091  2.209 0.0000000000
62257  -31.849  -2.762  2.586 0.0000000000
59372  -29.607  -5.528  2.910 0.0000000000
59375  -31.938  -5.713  3.690 0.0000000000
58471  -32.218  -6.468  3.807 0.0000000000
58488  -32.738  -6.520  3.148 0.0000000000
114380  -32.446  -8.006  3.878 0.0000000000
54800  -31.583  -10.515  4.918 0.0000000000
53813  -31.706  -11.669  4.163 0.0000000000
53822  -31.614  -12.884  3.009 0.0000000000
53823  -32.254  -12.601  2.478 0.0000000000
52829  -31.556  -13.737  3.006 0.0000000000
51793  -31.763  -14.186  3.323 0.0000000000
51762  -26.802  -13.776  6.405 0.0000000000
50623  -28.223  -14.367  7.291 0.0000000000
48549  -30.083  -17.578  5.475 0.0000000000
48550  -30.524  -17.015  5.301 0.0000000000
49590  -31.443  -16.140  5.023 0.0000000000
50611  -32.910  -15.007  6.892 0.0000000000
106733  -32.685  -15.605  7.512 0.0000000000
43748  -23.993  -21.678  11.880 0.0000000000
43762  -24.576  -21.354  11.236 0.0000000000
117227  -24.252  -21.156  10.350 0.0000000000
56623  -28.938  -7.984  4.036 0.0000000000
57526  -29.794  -7.956  4.629 0.0000000000
57527  -30.616  -7.675  4.662 0.0000000000
56592  -29.873  -8.816  5.136 0.0000000000
55690  -29.895  -9.663  5.403 0.0000000000
54799  -28.591  -10.098  4.915 0.0000000000
55689  -29.272  -10.014  5.369 0.0000000000
53801  -30.495  -11.384  5.679 0.0000000000
48530  -27.667  -16.969  7.454 0.0000000000
49572  -27.473  -15.968  7.542 0.0000000000
48531  -28.716  -17.521  6.571 0.0000000000
123307  -28.636  -18.986  6.791 0.0000000000
121852  -30.081  -17.923  5.650 0.0000000000
47522  -31.015  -17.404  7.906 0.0000000000
47521  -30.716  -17.965  8.667 0.0000000000
45640  -29.905  -19.202  9.896 0.0000000000
40364  -19.300  -24.233  16.394 0.0000000000
42847  -22.466  -22.311  12.286 0.0000000000
42831  -22.933  -22.416  13.129 0.0000000000
42832  -23.766  -22.187  13.295 0.0000000000
49571  -26.577  -16.133  7.511 0.0000000000
106602  -26.676  -17.217  7.660 0.0000000000
46550  -25.921  -18.530  7.712 0.0000000000
46551  -26.698  -18.965  7.641 0.0000000000
44731  -27.076  -20.274  9.673 0.0000000000
70335  -29.818  7.065  -4.171 0.0000000000
68143  -29.128  4.736  -2.528 0.0000000000
68145  -31.475  4.884  -2.107 0.0000000000
68146  -32.417  4.693  -2.097 0.0000000000
115765  -32.576  2.932  -0.588 0.0000000000
66598  -33.591  2.716  -1.030 0.0000000000
66599  -34.260  2.278  -1.550 0.0000000000
65788  -34.357  1.526  -1.000 0.0000000000
64927  -34.436  0.798  -1.298 0.0000000000
64920  -34.294  0.276  -0.912 0.0000000000
119240  -30.190  0.572  0.193 0.0000000000
64910  -31.661  0.529  0.475 0.0000000000
125019  -30.754  -0.348  0.794 0.0000000000
64052  -34.005  -0.023  -0.309 0.0000000000
112936  -34.133  -0.378  -0.948 0.0000000000
109553  -33.857  -1.287  -1.025 0.0000000000
118072  -33.694  -3.015  -0.500 0.0000000000
63174  -33.614  -1.971  1.152 0.0000000000
114144  -33.893  -2.591  0.926 0.0000000000
60325  -29.246  -4.393  0.742 0.0000000000
61314  -30.553  -3.481  2.688 0.0000000000
61315  -31.347  -3.295  2.826 0.0000000000
61316  -31.903  -3.548  2.893 0.0000000000
60301  -31.722  -4.921  3.450 0.0000000000
112031  -32.249  -4.264  3.077 0.0000000000
60314  -32.869  -4.179  2.352 0.0000000000
110673  -33.396  -5.271  1.177 0.0000000000
57568  -32.863  -7.441  2.522 0.0000000000
57569  -32.975  -7.655  1.489 0.0000000000
56657  -32.953  -8.942  0.718 0.0000000000
115906  -32.957  -10.093  0.242 0.0000000000
55707  -31.932  -9.749  4.734 0.0000000000
55708  -32.294  -9.873  3.871 0.0000000000
52838  -32.740  -12.784  2.344 0.0000000000
52828  -26.975  -11.930  5.009 0.0000000000
51778  -27.127  -13.093  6.038 0.0000000000
52802  -28.404  -12.153  6.153 0.0000000000
53783  -29.204  -11.912  6.263 0.0000000000
52804  -30.357  -12.876  6.106 0.0000000000
50624  -29.263  -14.517  7.150 0.0000000000
124671  -29.851  -15.005  6.670 0.0000000000
52815  -31.022  -13.227  5.322 0.0000000000
50655  -31.993  -14.671  4.014 0.0000000000
49603  -31.788  -15.532  4.859 0.0000000000
51781  -32.569  -14.484  4.265 0.0000000000
44713  -24.975  -20.739  9.931 0.0000000000
44729  -25.587  -20.428  9.430 0.0000000000
44730  -26.325  -20.427  9.538 0.0000000000
44716  -27.313  -20.369  10.554 0.0000000000
59373  -30.360  -5.526  3.536 0.0000000000
61328  -33.160  -3.436  1.853 0.0000000000
62275  -33.786  -2.371  0.152 0.0000000000
64060  -34.334  0.061  -1.570 0.0000000000
66584  -32.368  2.243  -0.306 0.0000000000
103417  -33.678  -0.767  0.230 0.0000000000
112209  -31.513  -1.305  1.648 0.0000000000
119601  -33.301  -1.393  1.232 0.0000000000
123533  -28.980  -12.334  6.470 0.0000000000
