#!ascii label  , from subject sub-v1s8x0051348_ses-1 vox2ras=TkReg
879
40364  -19.300  -24.233  16.394 0.4285714328
41951  -20.355  -23.537  15.682 0.2857142985
41952  -21.178  -23.245  15.805 0.4285714328
105790  -22.066  -22.857  16.025 0.4285714328
116196  -21.056  -23.076  14.334 0.2857142985
41966  -21.715  -22.982  14.965 0.4285714328
41953  -22.664  -22.638  15.323 0.4285714328
118029  -22.508  -22.582  13.697 0.4285714328
42831  -22.933  -22.416  13.129 0.4285714328
42848  -23.421  -22.052  12.503 0.4285714328
43761  -23.685  -21.610  11.030 0.5714285970
43748  -23.993  -21.678  11.880 0.5714285970
42849  -24.305  -21.791  12.723 0.4285714328
43749  -24.904  -21.459  12.085 0.2857142985
43762  -24.576  -21.354  11.236 0.7142857313
44703  -25.951  -20.759  10.935 0.7142857313
44704  -26.744  -20.681  11.197 0.4285714328
43775  -25.153  -20.973  10.675 0.7142857313
43763  -25.439  -21.137  11.465 0.5714285970
44716  -27.313  -20.369  10.554 0.5714285970
44714  -25.747  -20.646  10.144 0.5714285970
44731  -27.076  -20.274  9.673 0.5714285970
44732  -27.900  -20.044  9.872 0.5714285970
44730  -26.325  -20.427  9.538 0.5714285970
45652  -28.407  -19.568  8.017 0.5714285970
45653  -29.035  -19.380  8.705 0.5714285970
45668  -26.846  -19.601  7.912 0.7142857313
46536  -29.135  -19.128  7.831 0.7142857313
46524  -29.670  -18.978  8.940 0.5714285970
45669  -27.589  -19.717  7.877 0.5714285970
45667  -26.028  -19.248  7.920 0.5714285970
46552  -28.175  -19.341  7.247 0.8571428657
46553  -29.224  -18.670  6.768 0.7142857313
46537  -29.853  -18.424  7.884 0.5714285970
119420  -27.251  -18.599  7.434 0.7142857313
121852  -30.081  -17.923  5.650 0.7142857313
111795  -30.374  -17.847  7.526 0.5714285970
123307  -28.636  -18.986  6.791 0.7142857313
47551  -29.702  -18.162  5.915 0.7142857313
47552  -30.365  -17.357  5.457 0.5714285970
46566  -28.923  -18.366  6.433 0.7142857313
47541  -30.571  -17.566  6.517 0.5714285970
48548  -29.463  -17.845  5.893 0.7142857313
48549  -30.083  -17.578  5.475 0.7142857313
48551  -30.753  -16.791  5.183 0.7142857313
121106  -30.907  -17.069  6.015 0.7142857313
48532  -29.399  -16.976  6.062 0.7142857313
49588  -30.317  -16.831  5.334 0.7142857313
49602  -31.311  -15.789  4.862 0.7142857313
49589  -30.885  -16.456  4.953 0.5714285970
50610  -29.745  -15.783  6.497 0.7142857313
49573  -28.344  -16.308  7.287 0.5714285970
50642  -31.819  -15.095  4.679 0.5714285970
124671  -29.851  -15.005  6.670 0.8571428657
51780  -31.621  -14.364  4.461 0.7142857313
51779  -30.946  -13.964  5.630 0.7142857313
107506  -29.974  -14.419  6.630 0.8571428657
50626  -30.736  -14.745  5.770 0.7142857313
106107  -31.079  -12.376  5.152 0.8571428657
52816  -31.471  -13.585  4.066 0.5714285970
52815  -31.022  -13.227  5.322 0.8571428657
52804  -30.357  -12.876  6.106 0.8571428657
51766  -30.179  -13.608  6.435 0.8571428657
53802  -31.255  -11.413  5.066 0.8571428657
54801  -32.041  -10.729  4.066 0.8571428657
115996  -32.176  -9.109  4.474 0.8571428657
113383  -30.540  -12.300  5.720 0.8571428657
54800  -31.583  -10.515  4.918 0.8571428657
55691  -30.684  -9.248  5.265 1.0000000000
55692  -31.344  -9.686  5.185 1.0000000000
56608  -31.555  -8.871  4.978 1.0000000000
54784  -30.780  -10.303  5.438 1.0000000000
57528  -31.372  -7.917  4.667 1.0000000000
58468  -29.710  -6.051  3.489 0.7142857313
57527  -30.616  -7.675  4.662 1.0000000000
58451  -31.037  -7.065  4.493 1.0000000000
61315  -31.347  -3.295  2.826 1.0000000000
61314  -30.553  -3.481  2.688 0.8571428657
62267  -31.385  -1.938  2.219 0.8571428657
64911  -32.563  0.248  0.394 0.8571428657
64041  -31.730  -0.116  0.885 0.8571428657
64035  -32.120  -0.799  1.417 1.0000000000
66585  -33.208  2.128  -0.630 0.8571428657
65776  -32.777  1.500  -0.307 0.8571428657
115765  -32.576  2.932  -0.588 0.7142857313
66582  -30.967  2.323  -0.649 0.5714285970
67370  -32.245  3.596  -1.142 0.7142857313
68134  -32.722  4.065  -1.693 0.5714285970
68132  -30.942  4.273  -1.847 0.5714285970
111402  -30.853  2.882  -1.336 0.5714285970
68144  -30.248  5.090  -2.361 0.4285714328
69638  -31.595  5.994  -2.918 0.4285714328
69635  -28.503  6.646  -3.385 0.2857142985
68894  -29.678  6.100  -2.790 0.2857142985
69641  -28.167  7.066  -3.907 0.2857142985
104066  -20.760  -23.297  14.975 0.2857142985
45637  -27.572  -20.010  8.751 0.5714285970
47540  -29.902  -18.215  6.394 0.5714285970
112944  -31.000  -15.784  4.838 0.7142857313
50641  -31.354  -15.114  4.958 0.7142857313
105301  -31.461  -12.708  4.086 0.8571428657
53813  -31.706  -11.669  4.163 0.8571428657
55707  -31.932  -9.749  4.734 0.8571428657
59374  -31.223  -5.611  3.789 0.8571428657
71034  -29.399  8.244  -2.865 0.1428571492
42815  -21.716  -22.840  13.882 0.2857142985
41967  -22.511  -22.636  14.441 0.4285714328
42816  -23.277  -22.415  13.988 0.4285714328
103267  -22.098  -22.615  13.062 0.2857142985
42832  -23.766  -22.187  13.295 0.4285714328
42857  -23.091  -21.950  11.658 0.5714285970
117227  -24.252  -21.156  10.350 0.2857142985
44715  -26.523  -20.509  10.367 0.4285714328
44729  -25.587  -20.428  9.430 0.5714285970
45630  -28.804  -19.931  10.141 0.4285714328
44745  -26.224  -20.242  8.875 0.7142857313
45651  -26.892  -20.058  8.384 0.7142857313
45638  -28.511  -19.696  9.191 0.7142857313
45639  -29.292  -19.489  9.558 0.4285714328
117787  -28.706  -19.198  7.197 0.7142857313
46551  -26.698  -18.965  7.641 0.5714285970
107892  -27.460  -19.255  7.448 0.5714285970
47538  -27.405  -17.908  7.408 0.5714285970
47522  -31.015  -17.404  7.906 0.5714285970
48531  -28.716  -17.521  6.571 0.8571428657
50625  -30.471  -15.620  5.851 0.7142857313
56609  -32.082  -8.313  4.451 1.0000000000
55690  -29.895  -9.663  5.403 1.0000000000
110205  -29.746  -6.618  4.085 0.8571428657
59389  -29.881  -4.937  2.842 0.7142857313
60300  -30.899  -4.824  3.438 1.0000000000
60313  -30.250  -4.227  2.794 0.7142857313
60301  -31.722  -4.921  3.450 1.0000000000
60312  -29.303  -4.460  1.931 0.7142857313
62256  -30.870  -2.711  2.561 0.8571428657
64910  -31.661  0.529  0.475 0.8571428657
63172  -32.204  -1.524  1.764 1.0000000000
63166  -32.222  -2.091  2.209 1.0000000000
66583  -31.846  2.585  -0.290 0.7142857313
68895  -31.006  5.613  -2.508 0.7142857313
66597  -31.680  3.059  -0.722 0.5714285970
67369  -31.375  3.576  -1.410 0.7142857313
68133  -31.883  4.212  -1.649 0.7142857313
68131  -30.029  4.251  -2.122 0.4285714328
69636  -29.678  6.454  -3.104 0.2857142985
69643  -30.636  6.582  -3.441 0.4285714328
68146  -32.417  4.693  -2.097 0.4285714328
70336  -31.514  6.971  -4.243 0.4285714328
70340  -28.291  7.351  -4.061 0.2857142985
70335  -29.818  7.065  -4.171 0.4285714328
44728  -24.818  -20.384  9.336 0.4285714328
69637  -30.577  6.143  -2.860 0.4285714328
68145  -31.475  4.884  -2.107 0.7142857313
69642  -28.886  6.792  -3.999 0.2857142985
41162  -20.039  -23.781  16.396 0.4285714328
41935  -20.717  -23.496  16.368 0.4285714328
41950  -19.914  -23.523  14.892 0.2857142985
41177  -19.541  -23.838  15.613 0.2857142985
41936  -21.458  -23.284  16.782 0.4285714328
42847  -22.466  -22.311  12.286 0.4285714328
44713  -24.975  -20.739  9.931 0.5714285970
44746  -26.813  -20.285  8.953 0.5714285970
45650  -26.138  -19.807  8.378 0.7142857313
103713  -28.021  -18.774  6.918 0.5714285970
48550  -30.524  -17.015  5.301 0.7142857313
47539  -28.149  -18.006  6.850 0.7142857313
50609  -28.831  -15.486  7.222 0.8571428657
58450  -30.164  -7.100  4.423 1.0000000000
59372  -29.607  -5.528  2.910 0.8571428657
110126  -32.193  1.000  0.162 0.8571428657
65775  -31.662  1.868  0.017 0.8571428657
67368  -30.395  3.566  -1.720 0.5714285970
68143  -29.128  4.736  -2.528 0.4285714328
68896  -32.125  5.385  -2.467 0.4285714328
103668  -27.897  6.473  -3.294 0.2857142985
116310  -28.371  7.536  -3.566 0.2857142985
71040  -28.847  8.172  -3.378 0.1428571492
43784  -24.339  -20.760  9.690 0.2857142985
70372  -32.307  7.502  -8.140 0.2857142985
71083  -31.255  8.740  -9.847 0.1428571492
121604  -31.154  7.718  -5.872 0.2857142985
116223  -32.713  7.334  -6.735 0.2857142985
71077  -30.810  8.761  -8.970 0.1428571492
71764  -29.899  9.663  -10.397 0.1428571492
70352  -30.052  7.970  -5.311 0.1428571492
70342  -31.024  7.556  -4.927 0.2857142985
71069  -29.664  8.627  -6.988 0.1428571492
70344  -33.116  6.551  -5.943 0.2857142985
70353  -32.072  7.469  -5.949 0.2857142985
65797  -33.751  2.002  -4.650 0.2857142985
68166  -33.762  4.246  -4.260 0.2857142985
72504  -29.149  10.118  -8.909 0.1428571492
69644  -32.159  6.374  -3.631 0.2857142985
67382  -34.061  3.366  -2.457 0.2857142985
69645  -33.144  5.998  -4.094 0.2857142985
70343  -32.359  7.197  -5.188 0.2857142985
64934  -34.190  0.394  -3.239 0.1428571492
67388  -34.333  3.366  -3.009 0.2857142985
68157  -33.710  4.710  -3.803 0.2857142985
71076  -28.660  9.153  -7.558 0.1428571492
68903  -33.386  5.293  -3.339 0.2857142985
69647  -32.750  6.664  -4.593 0.2857142985
122518  -33.056  -2.454  -3.895 0.1428571492
63204  -33.494  -1.405  -3.648 0.1428571492
107073  -34.282  2.000  -3.578 0.4285714328
115514  -33.109  4.453  -2.239 0.2857142985
62280  -33.752  -2.149  -0.687 0.2857142985
64927  -34.436  0.798  -1.298 0.4285714328
67372  -33.866  3.092  -1.771 0.2857142985
61357  -33.413  -3.687  -1.222 0.1428571492
64059  -33.993  -0.737  -1.789 0.2857142985
66599  -34.260  2.278  -1.550 0.4285714328
64052  -34.005  -0.023  -0.309 0.5714285970
65787  -34.031  2.059  -0.860 0.7142857313
60340  -33.469  -4.686  -0.030 0.1428571492
118072  -33.694  -3.015  -0.500 0.1428571492
65777  -33.818  1.453  -0.623 0.7142857313
67371  -33.103  3.433  -1.253 0.4285714328
63188  -33.800  -1.517  -0.033 0.4285714328
59417  -33.364  -5.464  0.272 0.2857142985
120562  -33.555  -4.742  0.737 0.7142857313
64919  -33.382  0.662  -0.175 0.7142857313
62257  -31.849  -2.762  2.586 0.8571428657
62268  -33.467  -2.664  1.486 0.8571428657
64043  -33.313  -0.836  0.900 0.5714285970
58515  -33.091  -7.267  0.050 0.2857142985
113540  -33.245  -6.211  0.650 0.2857142985
63181  -33.591  -1.403  0.696 0.7142857313
64909  -30.869  0.259  0.516 0.5714285970
64036  -32.851  -1.072  1.418 0.8571428657
57582  -32.983  -8.015  0.446 0.1428571492
108068  -33.052  -4.996  2.092 0.7142857313
56657  -32.953  -8.942  0.718 0.1428571492
54798  -27.730  -10.392  4.175 0.5714285970
57526  -29.794  -7.956  4.629 0.8571428657
56606  -29.008  -8.649  4.463 0.4285714328
57548  -29.343  -7.296  4.048 0.5714285970
117270  -31.374  -4.020  3.219 0.8571428657
58471  -32.218  -6.468  3.807 0.8571428657
61316  -31.903  -3.548  2.893 0.8571428657
56640  -32.900  -8.317  1.828 0.2857142985
59391  -32.906  -5.659  2.858 0.8571428657
60314  -32.869  -4.179  2.352 0.8571428657
63173  -32.960  -1.885  1.683 0.8571428657
115906  -32.957  -10.093  0.242 0.4285714328
58489  -33.023  -6.657  2.201 0.7142857313
55706  -29.140  -9.377  5.021 0.5714285970
55705  -28.318  -9.450  4.056 0.5714285970
56607  -30.669  -8.371  4.996 0.8571428657
58470  -31.503  -6.369  4.166 0.8571428657
59375  -31.938  -5.713  3.690 0.8571428657
119254  -32.461  -5.868  3.436 0.8571428657
59390  -32.372  -5.175  3.331 0.8571428657
56639  -32.686  -8.384  2.765 0.4285714328
57549  -32.550  -7.319  3.475 0.8571428657
55733  -32.736  -10.466  1.522 0.4285714328
104796  -27.335  -14.240  7.005 0.7142857313
51762  -26.802  -13.776  6.405 0.4285714328
50608  -27.701  -15.178  7.430 0.7142857313
113360  -28.802  -12.817  6.643 0.8571428657
52814  -27.477  -12.391  5.705 0.5714285970
53798  -27.823  -11.627  5.407 0.5714285970
112035  -26.594  -11.636  4.202 0.4285714328
53783  -29.204  -11.912  6.263 0.8571428657
53799  -28.665  -11.365  5.770 0.5714285970
53801  -30.495  -11.384  5.679 0.8571428657
54783  -29.803  -10.489  5.603 0.7142857313
54782  -28.973  -10.619  5.540 0.5714285970
55708  -32.294  -9.873  3.871 0.7142857313
114380  -32.446  -8.006  3.878 0.7142857313
52843  -33.049  -12.255  1.417 0.2857142985
54829  -32.625  -11.230  1.834 0.4285714328
50607  -26.883  -15.403  7.295 0.4285714328
50622  -26.587  -14.611  6.795 0.4285714328
51764  -28.550  -13.559  7.009 0.7142857313
51765  -29.418  -13.523  6.920 0.7142857313
53784  -29.952  -11.996  6.138 0.8571428657
53822  -31.614  -12.884  3.009 0.7142857313
53835  -32.872  -12.367  1.880 0.2857142985
53814  -31.962  -11.874  3.030 0.5714285970
111737  -26.652  -18.111  7.638 0.4285714328
48529  -25.725  -16.686  7.506 0.5714285970
49572  -27.473  -15.968  7.542 0.5714285970
50624  -29.263  -14.517  7.150 0.7142857313
51793  -31.763  -14.186  3.323 0.4285714328
52837  -31.938  -13.496  2.642 0.4285714328
52838  -32.740  -12.784  2.344 0.4285714328
53823  -32.254  -12.601  2.478 0.4285714328
45649  -25.188  -19.463  8.218 0.5714285970
47521  -30.716  -17.965  8.667 0.4285714328
48533  -31.369  -16.986  7.121 0.4285714328
50643  -32.310  -15.027  4.733 0.4285714328
51767  -32.941  -14.504  5.104 0.4285714328
50655  -31.993  -14.671  4.014 0.4285714328
42833  -24.582  -22.044  13.500 0.1428571492
49574  -31.483  -16.547  6.177 0.4285714328
49575  -32.190  -15.882  6.405 0.4285714328
49591  -32.255  -15.483  5.450 0.4285714328
43736  -25.205  -21.627  12.960 0.1428571492
43750  -25.922  -21.309  12.249 0.1428571492
44717  -28.155  -20.280  10.773 0.2857142985
103541  -31.261  -18.374  10.463 0.2857142985
48509  -32.349  -16.471  9.667 0.2857142985
105037  -31.355  -17.440  8.870 0.2857142985
45640  -29.905  -19.202  9.896 0.4285714328
105141  -32.333  -16.276  8.832 0.2857142985
48515  -31.697  -16.825  8.485 0.2857142985
49563  -32.781  -15.692  8.438 0.2857142985
48516  -32.120  -16.270  7.597 0.4285714328
42834  -25.457  -22.039  13.836 0.1428571492
43737  -26.142  -21.582  13.207 0.1428571492
43751  -26.857  -21.316  12.601 0.2857142985
43765  -27.520  -21.022  12.001 0.2857142985
44707  -29.710  -20.443  11.566 0.2857142985
118640  -30.809  -19.639  11.493 0.2857142985
113460  -30.354  -19.631  10.905 0.2857142985
116889  -29.674  -19.755  10.429 0.2857142985
45631  -30.505  -18.964  10.293 0.2857142985
43753  -29.221  -21.211  12.667 0.2857142985
117369  -27.112  -21.653  13.460 0.2857142985
44693  -29.114  -20.737  11.894 0.2857142985
43766  -28.393  -21.096  12.293 0.2857142985
43764  -26.720  -21.044  11.881 0.2857142985
117687  -24.074  -22.320  13.916 0.1428571492
104391  -24.700  -22.342  14.191 0.1428571492
116529  -19.859  -24.177  17.084 0.2857142985
41145  -19.670  -24.714  17.703 0.2857142985
117839  -19.220  -24.601  17.076 0.2857142985
42803  -23.537  -22.560  15.419 0.2857142985
41146  -20.436  -24.288  17.716 0.1428571492
40340  -18.837  -25.226  17.567 0.2857142985
43738  -28.039  -21.659  13.433 0.2857142985
44694  -29.884  -20.790  12.124 0.2857142985
45632  -31.022  -19.134  11.000 0.2857142985
45622  -29.891  -20.113  11.102 0.2857142985
47511  -31.292  -17.809  9.614 0.2857142985
105569  -30.262  -18.512  8.966 0.4285714328
51763  -27.642  -13.615  6.724 0.7142857313
49603  -31.788  -15.532  4.859 0.4285714328
52829  -31.556  -13.737  3.006 0.4285714328
120602  -32.251  -13.646  2.694 0.2857142985
52844  -33.215  -12.322  1.942 0.2857142985
108298  -32.506  -11.871  2.202 0.5714285970
63171  -30.688  -1.469  1.617 0.7142857313
56624  -32.488  -8.987  3.613 0.7142857313
64918  -30.992  1.094  0.277 0.5714285970
54841  -33.057  -11.528  0.918 0.2857142985
61317  -32.437  -3.455  2.508 0.8571428657
64042  -32.760  -0.418  0.999 0.8571428657
68897  -33.021  5.106  -2.579 0.2857142985
109553  -33.857  -1.287  -1.025 0.4285714328
71753  -28.202  10.227  -7.459 0.1428571492
65795  -34.396  1.254  -2.933 0.2857142985
64068  -34.160  -0.221  -2.494 0.1428571492
69648  -33.312  6.303  -5.144 0.2857142985
41163  -20.601  -23.714  17.052 0.1428571492
41937  -22.487  -23.126  16.795 0.1428571492
42817  -23.983  -22.420  14.646 0.1428571492
112750  -23.180  -22.477  14.775 0.2857142985
42835  -26.374  -21.936  13.993 0.1428571492
42836  -27.655  -21.932  13.964 0.1428571492
44705  -27.514  -20.610  11.297 0.2857142985
44706  -28.299  -20.659  11.569 0.2857142985
106602  -26.676  -17.217  7.660 0.5714285970
122485  -30.125  -19.417  10.381 0.2857142985
49587  -26.092  -15.287  6.960 0.2857142985
50597  -33.162  -15.028  8.069 0.2857142985
50623  -28.223  -14.367  7.291 0.5714285970
52813  -26.653  -12.669  5.311 0.4285714328
51778  -27.127  -13.093  6.038 0.5714285970
50611  -32.910  -15.007  6.892 0.4285714328
54812  -27.540  -9.766  3.541 0.2857142985
53811  -27.384  -11.231  4.596 0.5714285970
49590  -31.443  -16.140  5.023 0.4285714328
52802  -28.404  -12.153  6.153 0.7142857313
114131  -33.317  -13.916  6.051 0.1428571492
51795  -32.944  -14.026  3.844 0.4285714328
51794  -32.156  -14.368  3.352 0.4285714328
52830  -33.429  -13.142  3.648 0.1428571492
58452  -31.973  -7.292  4.310 0.8571428657
52839  -32.926  -13.181  2.609 0.1428571492
54813  -32.318  -10.894  2.995 0.5714285970
115621  -32.914  -12.077  1.281 0.2857142985
114041  -32.647  -9.453  2.415 0.5714285970
57568  -32.863  -7.441  2.522 0.7142857313
62258  -32.695  -2.699  2.086 0.8571428657
56675  -33.055  -10.180  -0.407 0.2857142985
115769  -32.957  -9.186  -0.181 0.1428571492
70341  -29.312  7.539  -4.492 0.2857142985
58501  -33.088  -6.928  1.086 0.4285714328
61346  -33.831  -3.184  0.442 0.5714285970
60353  -33.296  -4.581  -0.969 0.1428571492
71068  -28.137  8.912  -6.470 0.1428571492
117703  -33.749  -1.979  0.603 0.5714285970
59429  -33.193  -5.510  -0.639 0.1428571492
121764  -33.554  -2.807  -1.363 0.1428571492
105537  -34.472  2.110  -2.597 0.2857142985
64930  -34.367  0.607  -2.241 0.2857142985
122460  -33.681  -2.045  -1.438 0.2857142985
108551  -33.460  -2.497  -2.143 0.1428571492
63201  -33.522  -2.065  -2.934 0.1428571492
64933  -33.850  0.234  -4.256 0.1428571492
41925  -22.071  -23.452  17.384 0.1428571492
42818  -25.304  -22.365  14.583 0.1428571492
105493  -31.783  -17.599  10.361 0.2857142985
53836  -33.316  -12.109  1.154 0.2857142985
63209  -33.228  -1.647  -4.451 0.1428571492
65800  -33.005  2.137  -6.000 0.2857142985
42790  -23.032  -22.750  16.137 0.1428571492
109455  -26.149  -20.982  11.559 0.2857142985
122591  -27.116  -20.825  11.620 0.2857142985
48530  -27.667  -16.969  7.454 0.4285714328
52803  -29.576  -12.668  6.523 0.7142857313
56592  -29.873  -8.816  5.136 0.8571428657
58469  -30.538  -6.280  4.198 0.8571428657
66598  -33.591  2.716  -1.030 0.5714285970
67381  -33.488  3.797  -2.141 0.2857142985
44744  -25.430  -20.059  8.835 0.5714285970
44718  -29.096  -20.238  11.097 0.2857142985
55689  -29.272  -10.014  5.369 0.5714285970
112031  -32.249  -4.264  3.077 0.8571428657
68902  -32.699  5.747  -3.060 0.2857142985
70362  -31.953  7.736  -6.881 0.2857142985
71078  -31.828  8.228  -8.664 0.1428571492
71070  -31.251  7.923  -7.947 0.2857142985
71755  -29.531  9.356  -8.838 0.1428571492
70354  -32.858  6.955  -6.261 0.2857142985
66612  -33.972  2.851  -4.175 0.2857142985
124970  -33.533  5.397  -4.344 0.2857142985
68158  -33.985  3.955  -3.369 0.2857142985
71754  -28.800  9.645  -8.144 0.1428571492
68148  -33.963  3.778  -2.787 0.2857142985
66609  -34.442  2.818  -3.205 0.2857142985
66606  -34.379  2.842  -2.445 0.2857142985
65792  -34.450  1.434  -1.904 0.2857142985
64071  -33.846  -0.478  -3.468 0.1428571492
68147  -33.643  4.479  -2.846 0.2857142985
64067  -33.812  -1.091  -2.730 0.1428571492
64075  -33.454  -0.737  -4.506 0.1428571492
65798  -34.143  1.119  -3.965 0.1428571492
65778  -34.201  0.787  -0.684 0.5714285970
64920  -34.294  0.276  -0.912 0.4285714328
65788  -34.357  1.526  -1.000 0.5714285970
61367  -32.790  -3.869  -2.625 0.1428571492
116040  -33.566  -3.857  -0.268 0.1428571492
112936  -34.133  -0.378  -0.948 0.4285714328
115452  -33.892  -0.766  -0.404 0.5714285970
64912  -33.366  -0.225  0.336 0.7142857313
112395  -33.705  -4.007  0.653 0.4285714328
114144  -33.893  -2.591  0.926 0.5714285970
110673  -33.396  -5.271  1.177 0.5714285970
60327  -33.428  -4.266  1.447 0.7142857313
61339  -33.779  -3.323  1.182 0.7142857313
63174  -33.614  -1.971  1.152 0.7142857313
57569  -32.975  -7.655  1.489 0.4285714328
113975  -32.716  -4.820  2.860 0.8571428657
54799  -28.591  -10.098  4.915 0.5714285970
56623  -28.938  -7.984  4.036 0.4285714328
58488  -32.738  -6.520  3.148 0.8571428657
56656  -32.846  -9.472  1.423 0.5714285970
59406  -33.117  -5.949  1.697 0.8571428657
52801  -27.984  -12.910  6.407 0.7142857313
53812  -28.180  -10.869  5.092 0.5714285970
52828  -26.975  -11.930  5.009 0.4285714328
52827  -26.297  -12.387  4.496 0.2857142985
53800  -29.529  -11.239  5.904 0.8571428657
55719  -32.517  -10.105  2.756 0.5714285970
49571  -26.577  -16.133  7.511 0.5714285970
51802  -31.854  -14.062  2.819 0.4285714328
50627  -32.817  -14.634  5.908 0.4285714328
51781  -32.569  -14.484  4.265 0.4285714328
46526  -30.715  -18.385  9.633 0.2857142985
124980  -32.063  -16.645  9.158 0.2857142985
46525  -30.207  -18.779  9.586 0.2857142985
106733  -32.685  -15.605  7.512 0.4285714328
43752  -27.729  -21.370  12.774 0.2857142985
45623  -30.338  -20.216  11.647 0.2857142985
40341  -20.245  -24.895  18.455 0.1428571492
40342  -20.964  -24.394  18.292 0.1428571492
51803  -32.515  -13.968  2.939 0.2857142985
71067  -27.916  9.529  -6.721 0.1428571492
41147  -21.343  -23.830  17.706 0.1428571492
71057  -28.175  8.844  -5.639 0.1428571492
63170  -30.097  -0.967  0.933 0.5714285970
62265  -29.623  -2.815  1.211 0.4285714328
62274  -29.278  -2.413  0.657 0.4285714328
63180  -29.431  -1.543  0.644 0.5714285970
61338  -29.424  -3.717  0.955 0.4285714328
107666  -29.840  -1.848  1.275 0.5714285970
64034  -31.147  -0.765  1.299 0.4285714328
59388  -29.021  -5.081  2.155 0.4285714328
60326  -29.651  -3.845  1.911 0.4285714328
60325  -29.246  -4.393  0.742 0.4285714328
61327  -29.956  -3.062  2.035 0.5714285970
62266  -30.335  -2.227  1.963 0.5714285970
57567  -29.057  -6.770  3.080 0.5714285970
48504  -32.667  -16.102  10.353 0.1428571492
49557  -32.790  -15.732  9.492 0.1428571492
43760  -22.834  -21.850  10.874 0.2857142985
47512  -31.866  -17.112  9.540 0.1428571492
120579  -33.163  -16.431  12.586 0.1428571492
48489  -32.746  -16.333  11.200 0.1428571492
106885  -33.145  -16.039  11.981 0.1428571492
49510  -33.461  -15.336  12.097 0.1428571492
46509  -31.820  -18.456  11.812 0.1428571492
46503  -32.228  -18.179  12.430 0.1428571492
47496  -31.850  -17.942  11.134 0.1428571492
47481  -32.519  -17.466  12.248 0.1428571492
48455  -33.415  -16.490  13.431 0.1428571492
48468  -32.788  -16.742  12.040 0.1428571492
50500  -35.405  -14.973  14.280 0.1428571492
49495  -33.818  -15.687  13.663 0.1428571492
50516  -34.809  -14.327  13.884 0.1428571492
42856  -22.188  -22.190  11.390 0.2857142985
43754  -30.090  -21.123  12.824 0.1428571492
44696  -31.096  -20.309  12.820 0.1428571492
45616  -30.962  -19.975  12.101 0.1428571492
103531  -31.349  -19.212  11.805 0.1428571492
46488  -32.290  -18.576  13.284 0.1428571492
118704  -31.816  -19.243  13.131 0.1428571492
46489  -32.826  -17.988  13.911 0.1428571492
112808  -33.567  -16.900  14.216 0.1428571492
48441  -34.659  -16.354  14.670 0.1428571492
49480  -35.201  -15.727  14.520 0.1428571492
49479  -34.397  -15.657  14.291 0.1428571492
122921  -21.906  -22.365  11.902 0.2857142985
42855  -21.350  -22.364  11.645 0.2857142985
104083  -20.831  -22.660  12.303 0.2857142985
43740  -29.651  -21.549  13.342 0.1428571492
43741  -30.393  -21.434  13.493 0.1428571492
44685  -30.717  -20.883  13.116 0.1428571492
44686  -31.221  -20.625  13.423 0.1428571492
45609  -32.161  -19.311  13.800 0.1428571492
45608  -31.596  -19.943  13.434 0.1428571492
46473  -33.212  -18.242  14.762 0.1428571492
47448  -34.103  -17.025  14.939 0.1428571492
47435  -33.916  -17.864  15.328 0.1428571492
50501  -36.055  -14.966  14.238 0.1428571492
49481  -35.955  -15.526  14.436 0.1428571492
116866  -28.449  -21.409  12.901 0.1428571492
42838  -29.276  -21.916  13.831 0.1428571492
43742  -31.064  -21.214  13.733 0.1428571492
43729  -30.726  -21.768  14.136 0.1428571492
44668  -32.620  -20.499  15.653 0.1428571492
45581  -32.786  -19.834  15.454 0.1428571492
44679  -31.620  -20.633  14.138 0.1428571492
120251  -33.031  -18.847  14.952 0.1428571492
48429  -35.056  -17.004  15.069 0.1428571492
46459  -34.403  -18.493  15.656 0.1428571492
112725  -35.925  -16.218  14.625 0.1428571492
47449  -35.835  -16.937  14.819 0.1428571492
42822  -29.361  -22.302  14.516 0.1428571492
42824  -31.003  -22.100  14.860 0.1428571492
42823  -30.274  -22.246  14.618 0.1428571492
43728  -29.977  -21.908  13.951 0.1428571492
43730  -31.329  -21.443  14.486 0.1428571492
44654  -33.152  -20.947  16.262 0.1428571492
43717  -32.873  -21.625  16.291 0.1428571492
44669  -33.483  -20.044  16.083 0.1428571492
44670  -34.511  -20.026  16.175 0.1428571492
47436  -34.708  -17.729  15.389 0.1428571492
45582  -33.285  -19.314  15.511 0.1428571492
41958  -31.104  -23.187  15.864 0.1428571492
123192  -29.813  -22.603  15.074 0.1428571492
42811  -32.218  -22.140  15.995 0.1428571492
42810  -31.376  -22.472  15.557 0.1428571492
45584  -34.847  -19.183  15.843 0.1428571492
44655  -33.938  -20.817  16.411 0.1428571492
44667  -31.896  -20.918  15.085 0.1428571492
45595  -32.038  -19.913  14.156 0.1428571492
48456  -36.491  -16.012  14.389 0.1428571492
50518  -36.584  -14.726  13.874 0.1428571492
48442  -35.341  -16.451  14.745 0.1428571492
47465  -33.115  -17.276  13.627 0.1428571492
48440  -33.931  -16.293  14.325 0.1428571492
47505  -32.320  -16.932  10.478 0.1428571492
49546  -33.076  -15.400  10.342 0.1428571492
42846  -21.232  -22.774  13.036 0.2857142985
46460  -35.222  -18.463  15.526 0.1428571492
47437  -35.686  -17.734  15.189 0.1428571492
49497  -36.616  -15.443  14.162 0.1428571492
50519  -37.285  -14.571  13.330 0.1428571492
58487  -29.078  -5.905  2.489 0.4285714328
50517  -35.752  -14.347  14.021 0.1428571492
50499  -34.817  -15.108  14.244 0.1428571492
50515  -33.830  -15.035  12.976 0.1428571492
124009  -33.151  -15.203  9.693 0.1428571492
64040  -30.012  -0.149  0.419 0.4285714328
119240  -30.190  0.572  0.193 0.4285714328
108218  -32.874  1.147  -5.951 0.1428571492
125019  -30.754  -0.348  0.794 0.4285714328
109770  -21.647  -22.535  12.362 0.2857142985
66611  -33.231  3.087  -5.439 0.1428571492
43739  -28.854  -21.646  13.366 0.1428571492
104806  -31.461  -18.634  11.237 0.1428571492
50612  -33.438  -14.114  6.906 0.1428571492
124034  -32.114  -17.445  10.841 0.1428571492
47482  -32.914  -17.010  12.822 0.1428571492
47497  -32.389  -17.262  11.384 0.1428571492
48469  -33.480  -15.848  12.768 0.1428571492
48490  -33.159  -15.512  11.261 0.1428571492
107956  -33.456  -14.910  11.534 0.1428571492
45617  -31.427  -19.606  12.618 0.1428571492
46502  -31.811  -18.877  12.508 0.1428571492
46510  -32.183  -17.872  11.794 0.1428571492
47464  -32.621  -17.737  13.052 0.1428571492
49496  -34.296  -15.048  13.800 0.1428571492
44695  -30.528  -20.580  12.416 0.1428571492
46472  -32.644  -18.716  14.232 0.1428571492
47447  -33.431  -17.531  14.496 0.1428571492
45596  -32.565  -19.424  14.718 0.1428571492
46458  -33.667  -18.626  15.492 0.1428571492
42837  -28.469  -22.057  14.082 0.1428571492
44680  -32.222  -20.185  14.870 0.1428571492
106728  -32.385  -21.297  15.784 0.1428571492
43724  -31.640  -21.702  15.323 0.1428571492
45583  -34.039  -19.222  15.994 0.1428571492
44656  -34.756  -20.932  16.274 0.1428571492
118508  -17.205  -25.942  16.698 0.1428571492
40363  -18.440  -24.785  16.551 0.1428571492
124978  -17.162  -25.278  15.570 0.1428571492
40383  -17.857  -24.866  15.517 0.1428571492
41161  -18.694  -24.313  15.564 0.1428571492
41964  -19.591  -23.551  14.180 0.1428571492
41191  -19.086  -23.684  13.832 0.1428571492
41975  -19.703  -23.394  13.486 0.1428571492
41965  -20.297  -23.286  14.155 0.1428571492
41977  -20.812  -23.019  13.653 0.1428571492
41982  -19.545  -23.144  12.858 0.1428571492
41976  -20.325  -23.071  12.950 0.1428571492
42845  -20.020  -22.780  12.256 0.1428571492
42854  -20.500  -22.406  11.675 0.1428571492
42863  -21.547  -22.099  10.936 0.1428571492
42862  -20.920  -22.156  11.182 0.1428571492
42864  -22.174  -21.946  10.747 0.1428571492
43773  -22.540  -21.552  10.311 0.1428571492
43774  -23.327  -21.407  10.318 0.1428571492
43772  -21.773  -21.646  10.386 0.2857142985
43783  -23.697  -20.982  9.693 0.2857142985
46549  -24.980  -18.154  7.671 0.4285714328
47537  -25.827  -17.627  7.639 0.4285714328
57547  -28.665  -7.663  3.237 0.2857142985
58486  -28.442  -6.301  2.077 0.2857142985
115301  -28.320  -2.947  -0.171 0.2857142985
62279  -28.303  -2.077  -0.288 0.2857142985
64051  -29.163  -0.774  0.150 0.4285714328
44712  -21.339  -21.081  10.041 0.1428571492
43781  -22.152  -21.141  9.855 0.2857142985
41183  -18.142  -24.483  14.684 0.1428571492
41974  -18.910  -23.487  13.365 0.1428571492
42844  -19.299  -22.621  12.402 0.1428571492
43759  -20.307  -21.883  11.235 0.1428571492
43771  -20.929  -21.630  10.660 0.1428571492
44725  -21.721  -20.559  9.510 0.2857142985
43782  -22.940  -21.129  9.719 0.2857142985
108470  -22.516  -20.665  9.289 0.2857142985
44726  -23.311  -20.680  9.165 0.2857142985
44727  -24.054  -20.514  9.211 0.2857142985
44743  -24.564  -19.942  8.820 0.4285714328
56622  -28.317  -8.497  3.463 0.2857142985
57566  -28.312  -7.239  2.382 0.2857142985
58500  -28.088  -5.939  1.357 0.2857142985
59404  -28.596  -5.404  1.413 0.2857142985
59405  -29.000  -4.858  0.859 0.2857142985
60338  -28.934  -4.811  -0.107 0.2857142985
61345  -27.944  -3.827  -0.145 0.2857142985
62273  -28.888  -2.839  0.107 0.2857142985
56638  -28.063  -8.044  2.558 0.2857142985
58485  -27.850  -6.727  1.622 0.2857142985
56637  -27.293  -8.282  2.115 0.2857142985
59403  -28.276  -5.438  0.654 0.2857142985
60337  -28.325  -5.314  -0.074 0.2857142985
116780  -29.063  -5.159  0.305 0.2857142985
60323  -28.851  -5.208  0.087 0.2857142985
60352  -27.557  -4.767  -0.274 0.2857142985
60339  -29.353  -4.342  0.162 0.2857142985
58499  -27.620  -6.207  0.840 0.2857142985
125049  -27.806  -5.818  0.144 0.2857142985
45666  -25.332  -18.933  7.747 0.4285714328
46550  -25.921  -18.530  7.712 0.4285714328
41184  -19.025  -23.874  14.655 0.1428571492
111911  -29.304  -3.454  0.412 0.2857142985
40362  -17.538  -25.350  16.285 0.1428571492
45665  -24.581  -18.932  7.791 0.4285714328
114831  -24.183  -19.429  8.291 0.4285714328
48528  -24.877  -16.385  7.186 0.2857142985
68923  -34.801  5.261  -5.752 0.1428571492
67398  -34.338  4.188  -6.361 0.1428571492
68921  -33.694  5.410  -6.283 0.1428571492
116283  -33.322  4.484  -5.553 0.1428571492
67397  -32.934  3.973  -6.044 0.1428571492
68911  -35.657  5.665  -4.824 0.1428571492
116466  -33.538  8.443  -6.939 0.1428571492
49570  -25.519  -15.837  7.162 0.2857142985
49586  -25.377  -15.298  6.574 0.2857142985
66614  -32.842  3.320  -6.647 0.1428571492
67393  -33.558  3.764  -4.835 0.1428571492
68172  -33.395  4.850  -6.337 0.1428571492
67394  -34.106  3.484  -3.696 0.1428571492
69654  -33.668  6.120  -6.183 0.1428571492
69655  -33.968  6.320  -6.219 0.1428571492
70365  -33.291  7.648  -6.881 0.1428571492
70355  -33.493  6.677  -6.344 0.1428571492
70363  -32.866  7.435  -7.582 0.1428571492
71079  -32.492  7.802  -8.256 0.1428571492
70364  -33.221  7.195  -6.694 0.1428571492
116035  -33.590  5.075  -5.097 0.1428571492
68910  -33.517  5.756  -5.586 0.1428571492
68173  -33.855  4.941  -6.308 0.1428571492
114799  -34.719  5.969  -5.663 0.1428571492
68922  -33.886  5.669  -6.246 0.1428571492
69649  -35.538  6.494  -4.754 0.1428571492
68178  -33.398  4.349  -6.450 0.1428571492
56655  -26.764  -7.887  1.410 0.1428571492
57565  -27.577  -7.566  1.866 0.1428571492
57581  -27.139  -7.092  1.121 0.1428571492
60336  -27.362  -5.606  -0.176 0.1428571492
60362  -25.437  -4.504  -1.855 0.1428571492
60363  -25.948  -4.218  -1.598 0.1428571492
124841  -27.725  -8.585  2.719 0.1428571492
109180  -26.784  -5.154  -0.529 0.1428571492
124187  -25.221  -2.798  -2.370 0.1428571492
62285  -26.404  -2.404  -1.410 0.1428571492
105401  -25.949  -1.680  -1.724 0.2857142985
51792  -25.944  -13.072  4.830 0.1428571492
54811  -26.990  -10.280  3.380 0.1428571492
55732  -27.028  -9.637  2.857 0.1428571492
56636  -26.527  -8.655  1.686 0.1428571492
55745  -33.232  -10.680  0.548 0.1428571492
57580  -26.371  -7.563  0.715 0.1428571492
61344  -27.017  -3.727  -0.579 0.1428571492
63186  -27.656  -1.527  -0.921 0.1428571492
63194  -26.763  -1.577  -1.435 0.1428571492
64050  -28.462  -0.270  -0.603 0.2857142985
66595  -28.659  2.831  -1.907 0.2857142985
66594  -27.744  2.779  -2.172 0.2857142985
67367  -29.205  3.692  -2.156 0.2857142985
69629  -28.477  6.758  -2.577 0.1428571492
108895  -27.851  -0.710  -0.943 0.2857142985
105469  -29.284  0.318  -0.249 0.2857142985
65774  -30.269  1.743  -0.712 0.2857142985
65772  -28.511  1.359  -1.578 0.2857142985
103329  -28.151  2.056  -2.048 0.2857142985
122234  -30.437  2.508  -1.152 0.2857142985
119224  -28.883  5.686  -2.812 0.1428571492
114247  -27.150  4.234  -2.443 0.2857142985
66593  -27.517  2.312  -2.045 0.1428571492
124310  -27.460  1.610  -1.886 0.1428571492
63193  -26.025  -0.898  -1.830 0.2857142985
66605  -27.056  3.443  -2.229 0.2857142985
116930  -28.170  5.441  -2.799 0.1428571492
68142  -28.159  4.449  -2.521 0.2857142985
68893  -27.818  6.196  -3.191 0.1428571492
68892  -27.525  5.988  -3.006 0.1428571492
62289  -24.444  -2.208  -2.588 0.2857142985
67380  -26.178  4.318  -2.082 0.1428571492
69622  -28.426  6.446  -1.626 0.1428571492
68891  -27.371  5.611  -2.503 0.1428571492
62277  -23.055  -2.175  -0.888 0.1428571492
55746  -33.510  -10.553  -0.275 0.1428571492
53810  -26.875  -10.917  3.867 0.1428571492
55731  -26.382  -9.389  2.103 0.1428571492
54842  -33.672  -11.082  0.605 0.1428571492
57592  -25.998  -7.355  0.149 0.1428571492
58512  -25.743  -7.231  -0.239 0.1428571492
59416  -26.837  -6.356  -0.104 0.1428571492
59437  -25.246  -5.385  -1.509 0.1428571492
60351  -26.576  -4.427  -0.932 0.1428571492
61365  -24.947  -3.064  -2.486 0.1428571492
120228  -26.762  -2.978  -0.839 0.1428571492
63192  -25.430  -1.377  -2.352 0.2857142985
64049  -27.711  0.043  -1.186 0.1428571492
109175  -26.915  0.345  -1.629 0.1428571492
64926  -27.712  0.822  -1.580 0.2857142985
65784  -27.696  1.512  -1.922 0.1428571492
68130  -26.586  4.873  -1.959 0.1428571492
67365  -26.460  3.993  -2.189 0.2857142985
68141  -26.725  4.684  -2.241 0.1428571492
69633  -27.588  6.143  -2.936 0.1428571492
111305  -28.259  6.262  -3.283 0.1428571492
69628  -27.721  6.427  -2.660 0.1428571492
53840  -33.283  -11.964  1.044 0.1428571492
66596  -29.814  2.806  -1.506 0.2857142985
70331  -28.677  6.922  -3.358 0.1428571492
69634  -27.685  6.266  -3.020 0.1428571492
71039  -28.850  8.293  -4.068 0.1428571492
64917  -29.994  1.153  -0.388 0.2857142985
55718  -27.667  -9.133  3.194 0.1428571492
108153  -33.600  -12.460  2.968 0.1428571492
62278  -27.782  -2.339  -0.531 0.1428571492
63187  -28.367  -1.190  -0.470 0.1428571492
58514  -26.854  -6.760  0.321 0.1428571492
59428  -26.435  -5.836  -0.491 0.1428571492
56674  -25.755  -8.024  0.331 0.1428571492
56654  -26.008  -8.304  0.968 0.1428571492
60350  -25.962  -5.065  -1.034 0.1428571492
61366  -25.490  -3.545  -2.119 0.1428571492
61355  -26.229  -3.453  -1.465 0.1428571492
118422  -27.114  -8.934  2.417 0.1428571492
62290  -25.057  -2.034  -2.652 0.1428571492
62286  -27.141  -2.275  -0.943 0.1428571492
64058  -27.059  -0.635  -1.489 0.2857142985
64916  -28.374  0.606  -0.958 0.2857142985
67366  -27.943  3.522  -2.359 0.2857142985
118321  -27.342  3.088  -2.104 0.1428571492
113867  -29.082  1.018  -0.841 0.2857142985
65773  -29.522  1.550  -1.075 0.2857142985
65785  -29.122  2.123  -1.490 0.2857142985
65786  -30.051  2.130  -1.121 0.2857142985
71038  -28.868  9.319  -4.689 0.1428571492
106571  -27.387  5.175  -2.520 0.2857142985
64057  -26.078  -0.049  -1.991 0.1428571492
69627  -27.514  6.167  -2.656 0.1428571492
118751  -21.014  -20.451  9.764 0.1428571492
44741  -22.866  -20.120  8.803 0.1428571492
109678  -20.896  -19.337  8.737 0.1428571492
45646  -20.953  -18.861  8.155 0.1428571492
46545  -21.352  -18.321  7.534 0.1428571492
45648  -22.362  -19.508  8.435 0.1428571492
46546  -22.265  -18.180  7.550 0.1428571492
44742  -23.720  -20.026  8.800 0.1428571492
47534  -22.873  -17.529  7.285 0.1428571492
46547  -23.195  -18.209  7.709 0.1428571492
46548  -24.047  -18.234  7.721 0.1428571492
47533  -22.166  -17.712  6.954 0.1428571492
47535  -24.226  -17.527  7.509 0.1428571492
50621  -25.665  -14.725  6.323 0.1428571492
63200  -25.027  -0.994  -3.064 0.1428571492
105436  -20.305  -20.008  9.740 0.1428571492
45636  -20.361  -19.379  9.242 0.1428571492
45647  -21.524  -19.466  8.531 0.1428571492
50640  -25.989  -14.044  6.004 0.1428571492
44740  -22.006  -20.138  8.853 0.1428571492
107807  -23.277  -19.450  8.413 0.1428571492
47536  -24.969  -17.178  7.504 0.1428571492
44724  -21.157  -19.881  9.235 0.1428571492
46544  -20.595  -18.071  7.765 0.1428571492
46534  -21.860  -18.851  8.045 0.1428571492
46535  -22.773  -18.822  8.041 0.1428571492
118495  -23.576  -17.701  7.531 0.1428571492
47549  -22.402  -17.261  6.731 0.1428571492
45664  -23.700  -18.880  7.937 0.1428571492
48526  -23.571  -17.122  7.235 0.1428571492
112413  -21.020  -17.763  7.052 0.1428571492
45629  -19.777  -20.064  10.273 0.1428571492
46461  -35.926  -18.505  15.245 0.1428571492
53841  -33.567  -11.800  0.977 0.1428571492
58513  -26.238  -6.894  -0.046 0.1428571492
59373  -30.360  -5.526  3.536 0.8571428657
60324  -29.284  -4.937  0.096 0.2857142985
61328  -33.160  -3.436  1.853 0.8571428657
61337  -28.989  -3.754  -0.059 0.2857142985
61356  -27.417  -3.010  -0.430 0.1428571492
62275  -33.786  -2.371  0.152 0.5714285970
62284  -25.598  -2.454  -1.998 0.1428571492
63179  -28.778  -1.780  0.239 0.2857142985
63195  -33.705  -1.606  -2.020 0.2857142985
64060  -34.334  0.061  -1.570 0.4285714328
66584  -32.368  2.243  -0.306 0.7142857313
67404  -32.980  3.869  -6.619 0.1428571492
70334  -28.538  6.981  -4.143 0.2857142985
71059  -30.643  8.145  -6.402 0.2857142985
71082  -30.016  9.138  -10.162 0.1428571492
71760  -29.370  9.591  -9.782 0.1428571492
71761  -30.731  9.250  -10.305 0.1428571492
71763  -29.404  9.994  -10.142 0.1428571492
72505  -30.356  9.981  -10.461 0.1428571492
103417  -33.678  -0.767  0.230 0.5714285970
109114  -30.777  1.662  -0.224 0.2857142985
112209  -31.513  -1.305  1.648 1.0000000000
118497  -29.630  9.598  -10.225 0.1428571492
119129  -20.478  -18.972  8.733 0.1428571492
119601  -33.301  -1.393  1.232 0.7142857313
121037  -33.069  4.313  -6.297 0.1428571492
122118  -32.881  -15.814  10.813 0.1428571492
122628  -26.505  4.131  -2.266 0.2857142985
123250  -20.274  -23.215  13.524 0.1428571492
123533  -28.980  -12.334  6.470 0.8571428657
124164  -30.081  8.905  -7.947 0.1428571492
