#!ascii label  , from subject sub-v1s8x0051348_ses-1 vox2ras=TkReg
786
84224  33.227  32.318  24.821 0.0000000000
80787  39.413  26.052  18.881 0.0000000000
83234  41.345  31.131  9.550 0.0000000000
78122  44.172  22.426  16.447 0.0000000000
81309  35.049  27.181  26.207 0.0000000000
84266  44.312  32.611  15.709 0.0000000000
106343  43.923  24.572  14.319 0.0000000000
82657  36.246  29.513  16.135 0.0000000000
84254  40.470  32.231  18.632 0.0000000000
83160  37.032  30.130  21.976 0.0000000000
79392  39.639  24.773  23.664 0.0000000000
84304  39.237  32.367  12.876 0.0000000000
112701  38.571  26.828  13.474 0.0000000000
82672  40.137  29.213  14.203 0.0000000000
78855  41.575  24.468  10.038 0.0000000000
84286  35.523  32.240  14.534 0.0000000000
116634  37.006  32.649  21.792 0.0000000000
83688  35.096  31.444  23.245 0.0000000000
80074  37.508  25.714  25.293 0.0000000000
84923  44.893  33.028  9.696 0.0000000000
85493  42.853  34.414  12.281 0.0000000000
83772  40.348  31.891  10.050 0.0000000000
82693  37.675  30.382  11.477 0.0000000000
82117  38.730  28.632  9.385 0.0000000000
82635  40.250  29.363  19.021 0.0000000000
82644  41.278  29.806  17.121 0.0000000000
81408  39.523  27.419  16.890 0.0000000000
78819  45.478  24.754  12.566 0.0000000000
79527  42.566  24.665  12.381 0.0000000000
78140  42.545  22.647  13.562 0.0000000000
78148  39.798  22.611  13.400 0.0000000000
111222  41.937  21.547  16.882 0.0000000000
105410  40.927  21.381  20.105 0.0000000000
83147  31.368  30.312  26.426 0.0000000000
82592  33.432  30.007  24.945 0.0000000000
83760  43.914  31.899  12.047 0.0000000000
124754  41.359  24.401  19.481 0.0000000000
79494  40.283  24.882  16.969 0.0000000000
115611  44.243  24.558  17.732 0.0000000000
79487  47.297  24.732  14.707 0.0000000000
85422  41.129  34.936  18.945 0.0000000000
85417  38.774  34.314  20.699 0.0000000000
83177  38.911  30.530  20.464 0.0000000000
81383  38.513  28.093  20.555 0.0000000000
82002  35.902  28.251  24.128 0.0000000000
80752  37.894  26.666  22.772 0.0000000000
119933  39.458  25.442  21.136 0.0000000000
106548  41.828  24.298  21.718 0.0000000000
83669  29.283  31.096  28.256 0.0000000000
86078  40.883  35.463  13.469 0.0000000000
84892  37.892  33.873  14.335 0.0000000000
110960  36.180  30.946  13.008 0.0000000000
82085  37.839  28.825  15.064 0.0000000000
80182  37.428  25.535  16.185 0.0000000000
84259  42.267  32.531  17.092 0.0000000000
124652  42.274  30.723  14.439 0.0000000000
83228  40.967  30.238  12.185 0.0000000000
80194  40.901  25.267  14.058 0.0000000000
81434  40.624  26.927  11.465 0.0000000000
81451  40.421  27.559  9.201 0.0000000000
80825  39.469  25.330  11.233 0.0000000000
78822  37.843  23.794  14.948 0.0000000000
84277  34.988  32.666  15.086 0.0000000000
84895  35.670  33.202  14.660 0.0000000000
84826  34.861  32.995  23.735 0.0000000000
113663  34.060  31.928  24.039 0.0000000000
83781  42.641  32.599  9.880 0.0000000000
84313  42.642  32.949  9.775 0.0000000000
83783  40.967  31.539  9.190 0.0000000000
83239  39.494  30.752  8.779 0.0000000000
83253  40.547  30.248  7.756 0.0000000000
81396  39.437  27.910  18.670 0.0000000000
82068  40.251  28.732  17.907 0.0000000000
107437  39.464  26.612  17.499 0.0000000000
78129  45.422  23.510  14.278 0.0000000000
105009  43.917  23.234  13.985 0.0000000000
78131  43.480  22.418  14.922 0.0000000000
77436  42.075  21.824  14.920 0.0000000000
109966  42.738  21.692  16.316 0.0000000000
77419  42.794  21.817  18.048 0.0000000000
78112  44.194  22.414  17.236 0.0000000000
82578  31.541  29.477  26.720 0.0000000000
84292  45.630  32.028  12.743 0.0000000000
83751  44.907  31.720  13.582 0.0000000000
79444  42.749  24.512  20.161 0.0000000000
107283  42.710  24.500  18.698 0.0000000000
79442  44.533  24.804  19.440 0.0000000000
79469  47.354  24.860  15.980 0.0000000000
79502  49.149  25.036  14.614 0.0000000000
78809  47.454  24.492  14.610 0.0000000000
83692  37.026  31.005  22.042 0.0000000000
109936  38.279  31.908  20.957 0.0000000000
83168  38.368  30.182  20.998 0.0000000000
82620  38.830  29.819  20.513 0.0000000000
82611  38.231  29.396  20.921 0.0000000000
81991  34.313  28.481  25.530 0.0000000000
82590  34.960  29.274  24.318 0.0000000000
81335  35.589  27.917  24.825 0.0000000000
80088  38.735  25.057  24.626 0.0000000000
80738  37.800  26.249  23.707 0.0000000000
80737  38.488  25.967  23.054 0.0000000000
80125  38.844  26.074  21.835 0.0000000000
126109  39.594  25.100  22.189 0.0000000000
79418  40.422  24.561  21.308 0.0000000000
107046  40.886  24.399  22.694 0.0000000000
80099  43.789  25.282  23.548 0.0000000000
85495  41.123  33.859  12.798 0.0000000000
86086  42.006  35.287  12.662 0.0000000000
84900  40.236  33.577  13.174 0.0000000000
85484  39.687  34.297  13.823 0.0000000000
84293  39.282  33.211  13.578 0.0000000000
112168  37.066  32.268  13.525 0.0000000000
83763  37.531  31.438  12.574 0.0000000000
82107  38.196  28.639  12.494 0.0000000000
82101  37.617  29.238  13.080 0.0000000000
81423  38.447  27.590  14.087 0.0000000000
80808  37.928  26.713  15.588 0.0000000000
80807  38.142  26.194  14.999 0.0000000000
84856  40.522  33.179  18.540 0.0000000000
84855  41.058  33.593  18.057 0.0000000000
84253  40.925  32.633  18.033 0.0000000000
82664  40.659  29.365  15.668 0.0000000000
83208  41.790  30.382  15.780 0.0000000000
82671  41.082  30.065  14.416 0.0000000000
83221  41.644  30.604  12.920 0.0000000000
82681  39.790  29.145  12.838 0.0000000000
79492  41.761  24.523  15.823 0.0000000000
80180  40.407  25.073  16.077 0.0000000000
79519  41.448  24.844  14.405 0.0000000000
78846  42.273  24.313  11.063 0.0000000000
80209  41.687  25.445  11.528 0.0000000000
80216  42.183  25.230  9.883 0.0000000000
81439  40.922  26.972  10.118 0.0000000000
80228  41.421  25.873  8.929 0.0000000000
80839  40.234  26.469  9.470 0.0000000000
79541  40.331  24.290  10.635 0.0000000000
77439  39.783  21.285  15.550 0.0000000000
78149  39.173  22.714  13.760 0.0000000000
78134  38.583  22.264  15.511 0.0000000000
78125  37.618  22.857  16.607 0.0000000000
85457  43.996  33.695  16.668 0.0000000000
83210  34.542  30.588  15.761 0.0000000000
82666  35.557  30.030  15.060 0.0000000000
84823  36.871  34.151  22.868 0.0000000000
84824  36.296  33.721  23.285 0.0000000000
84231  36.246  32.303  22.483 0.0000000000
83161  36.335  30.523  22.439 0.0000000000
80711  36.358  26.558  25.516 0.0000000000
85499  44.546  33.802  11.189 0.0000000000
84919  42.435  33.117  10.586 0.0000000000
83773  39.666  31.981  11.240 0.0000000000
105172  37.961  31.436  11.910 0.0000000000
105849  39.280  31.556  10.456 0.0000000000
110845  38.460  29.439  10.053 0.0000000000
81440  38.733  27.739  10.934 0.0000000000
83181  40.578  30.609  18.750 0.0000000000
83187  41.168  30.787  18.070 0.0000000000
83192  41.126  29.941  18.114 0.0000000000
82074  40.254  28.666  17.027 0.0000000000
82083  39.559  28.143  15.201 0.0000000000
79517  44.728  25.339  12.766 0.0000000000
79518  43.659  25.025  13.181 0.0000000000
79525  44.384  25.139  12.627 0.0000000000
78830  42.655  23.994  12.556 0.0000000000
78153  41.668  23.249  11.906 0.0000000000
78154  40.837  22.978  12.401 0.0000000000
115290  41.225  22.205  13.780 0.0000000000
77437  41.235  21.527  15.151 0.0000000000
77428  40.402  21.055  16.497 0.0000000000
77396  42.389  21.641  19.560 0.0000000000
83679  32.457  31.357  25.328 0.0000000000
83155  33.067  30.998  24.914 0.0000000000
83151  32.623  30.454  25.399 0.0000000000
82576  32.853  29.071  26.077 0.0000000000
81311  33.602  27.599  26.892 0.0000000000
84906  46.516  33.054  11.572 0.0000000000
83768  44.757  32.312  11.014 0.0000000000
83770  42.949  32.151  10.305 0.0000000000
126170  39.938  24.761  19.336 0.0000000000
80170  39.778  25.198  17.462 0.0000000000
121109  40.696  24.514  18.144 0.0000000000
126601  41.757  24.481  17.466 0.0000000000
79472  43.699  24.465  16.848 0.0000000000
79456  45.674  24.755  18.352 0.0000000000
79470  45.805  24.734  16.159 0.0000000000
79489  45.453  24.850  15.074 0.0000000000
79515  46.196  25.083  12.875 0.0000000000
78811  46.379  24.059  13.974 0.0000000000
106712  45.952  22.817  16.395 0.0000000000
113157  44.874  22.506  17.553 0.0000000000
85424  39.781  34.295  19.579 0.0000000000
84851  39.645  33.341  19.540 0.0000000000
84837  37.656  33.234  21.462 0.0000000000
84243  38.852  32.320  20.379 0.0000000000
83716  39.591  31.236  19.616 0.0000000000
110624  39.670  29.995  19.731 0.0000000000
127007  39.386  29.158  19.688 0.0000000000
118356  39.170  27.087  19.783 0.0000000000
83154  34.158  30.354  24.394 0.0000000000
82595  35.270  29.829  23.675 0.0000000000
82025  36.509  28.727  22.866 0.0000000000
80724  36.617  26.852  24.652 0.0000000000
81362  36.859  27.829  23.019 0.0000000000
82024  37.173  28.325  22.240 0.0000000000
81373  38.273  27.558  21.291 0.0000000000
80775  38.707  27.112  20.857 0.0000000000
80139  39.399  25.727  20.466 0.0000000000
79431  40.499  24.528  20.434 0.0000000000
79417  41.211  24.300  20.960 0.0000000000
79415  43.485  24.712  21.316 0.0000000000
79389  42.279  24.423  23.253 0.0000000000
79401  43.365  24.671  22.120 0.0000000000
84217  31.213  32.240  26.453 0.0000000000
83672  30.283  31.080  27.379 0.0000000000
82559  28.652  30.058  29.182 0.0000000000
86715  42.853  37.045  13.118 0.0000000000
86064  40.628  35.659  14.102 0.0000000000
84285  36.060  32.618  14.146 0.0000000000
83755  35.845  31.101  13.683 0.0000000000
82676  36.005  29.861  14.486 0.0000000000
83229  37.210  30.310  12.375 0.0000000000
82674  36.810  29.661  13.371 0.0000000000
82656  37.072  29.308  15.666 0.0000000000
84267  43.435  32.437  16.037 0.0000000000
83733  41.924  31.036  16.930 0.0000000000
109037  42.735  31.432  15.858 0.0000000000
83738  43.882  32.136  15.327 0.0000000000
83752  43.816  31.521  14.029 0.0000000000
83220  42.388  31.127  12.391 0.0000000000
83235  41.164  30.504  10.877 0.0000000000
80181  39.780  25.515  16.596 0.0000000000
80806  39.690  26.410  15.298 0.0000000000
81422  39.596  27.421  14.466 0.0000000000
80193  41.923  25.017  13.271 0.0000000000
80819  40.569  26.265  12.918 0.0000000000
81435  40.044  27.752  12.405 0.0000000000
82105  40.387  27.834  11.271 0.0000000000
106063  40.505  29.009  9.966 0.0000000000
82697  40.655  29.435  8.519 0.0000000000
82122  39.729  28.541  8.357 0.0000000000
80840  39.317  26.980  10.114 0.0000000000
80826  39.102  26.043  11.806 0.0000000000
78840  39.435  23.582  12.590 0.0000000000
109899  38.835  24.618  13.064 0.0000000000
80196  38.351  25.169  14.369 0.0000000000
79510  37.626  24.610  15.413 0.0000000000
119838  40.222  21.367  20.033 0.0000000000
84886  35.200  33.801  15.139 0.0000000000
85476  35.823  34.248  14.687 0.0000000000
84820  33.736  32.987  24.763 0.0000000000
84223  34.228  32.666  24.143 0.0000000000
114549  33.707  32.327  24.416 0.0000000000
83782  41.624  31.769  9.719 0.0000000000
83790  40.876  31.193  8.371 0.0000000000
83244  41.077  31.110  8.646 0.0000000000
108818  39.301  26.994  19.138 0.0000000000
120731  39.491  27.565  17.796 0.0000000000
119881  39.397  26.806  18.326 0.0000000000
106086  44.738  22.720  15.561 0.0000000000
78130  44.357  22.870  14.679 0.0000000000
105839  43.614  22.248  15.805 0.0000000000
78123  43.453  22.105  16.782 0.0000000000
84874  44.665  33.214  16.049 0.0000000000
84885  45.386  32.659  15.362 0.0000000000
84283  45.490  31.875  14.228 0.0000000000
84276  44.903  32.183  14.994 0.0000000000
79443  43.685  24.662  19.752 0.0000000000
79485  49.220  25.331  15.269 0.0000000000
79501  49.666  25.084  14.896 0.0000000000
78799  49.409  24.661  14.979 0.0000000000
82646  36.124  29.345  16.983 0.0000000000
83169  37.701  30.612  21.482 0.0000000000
82612  37.679  29.741  21.442 0.0000000000
81323  34.642  27.801  25.818 0.0000000000
81990  34.977  28.222  25.205 0.0000000000
81322  35.330  27.578  25.524 0.0000000000
120084  39.109  25.021  24.003 0.0000000000
80101  38.540  25.528  23.867 0.0000000000
80100  39.096  25.310  23.312 0.0000000000
80111  39.057  25.617  22.466 0.0000000000
79405  39.628  24.906  22.850 0.0000000000
79404  40.235  24.634  22.259 0.0000000000
79391  40.348  24.544  23.269 0.0000000000
84913  39.921  32.803  12.849 0.0000000000
84294  38.469  32.559  13.439 0.0000000000
84305  38.402  31.838  12.594 0.0000000000
81430  38.536  27.720  13.049 0.0000000000
82100  38.214  28.535  13.535 0.0000000000
81417  38.285  27.084  14.919 0.0000000000
80814  38.417  26.576  14.315 0.0000000000
113226  40.614  29.551  14.797 0.0000000000
121953  40.611  29.679  14.070 0.0000000000
82673  39.777  29.006  13.562 0.0000000000
122014  42.394  24.403  16.115 0.0000000000
79508  41.912  24.640  14.915 0.0000000000
79507  42.798  24.414  14.796 0.0000000000
78847  41.995  24.282  10.391 0.0000000000
79539  42.325  24.832  10.491 0.0000000000
79546  42.033  24.912  9.771 0.0000000000
79552  41.641  25.656  9.319 0.0000000000
79547  41.428  24.925  9.509 0.0000000000
79548  40.797  24.863  9.694 0.0000000000
79540  40.994  24.312  10.165 0.0000000000
77429  39.719  21.213  16.296 0.0000000000
77430  39.100  21.683  15.942 0.0000000000
77422  38.982  21.630  16.810 0.0000000000
78124  38.407  22.234  16.352 0.0000000000
83740  35.101  31.701  14.958 0.0000000000
83741  34.649  31.383  15.447 0.0000000000
82667  35.047  30.176  15.689 0.0000000000
83209  35.225  30.747  15.131 0.0000000000
84825  35.629  33.358  23.534 0.0000000000
84228  35.423  32.450  23.121 0.0000000000
83694  35.689  31.678  22.744 0.0000000000
83693  36.274  31.353  22.403 0.0000000000
83162  35.676  30.943  22.776 0.0000000000
84908  45.299  33.325  10.395 0.0000000000
112777  45.415  33.845  11.484 0.0000000000
84917  44.354  33.329  9.976 0.0000000000
84322  41.319  32.146  9.903 0.0000000000
84314  41.767  32.732  10.646 0.0000000000
84303  40.650  32.359  10.964 0.0000000000
83240  38.708  30.075  9.254 0.0000000000
82112  38.482  28.708  10.670 0.0000000000
82626  40.254  29.905  19.282 0.0000000000
121482  40.645  29.764  18.774 0.0000000000
82634  40.622  29.309  18.421 0.0000000000
82069  39.696  28.201  17.382 0.0000000000
82075  39.709  28.198  16.675 0.0000000000
82082  40.094  28.601  16.034 0.0000000000
118133  39.580  27.798  16.053 0.0000000000
78827  45.730  25.101  12.596 0.0000000000
78828  45.161  25.112  12.492 0.0000000000
78139  43.394  23.503  13.434 0.0000000000
78146  42.686  23.496  12.885 0.0000000000
78147  42.191  23.226  12.366 0.0000000000
124282  42.195  22.805  13.048 0.0000000000
113965  41.528  22.725  12.943 0.0000000000
78141  41.881  22.344  13.658 0.0000000000
121090  41.850  21.377  15.892 0.0000000000
117434  40.907  20.930  15.877 0.0000000000
77427  41.149  21.200  16.648 0.0000000000
77409  42.974  21.880  18.899 0.0000000000
77410  42.163  21.669  18.614 0.0000000000
83152  31.905  30.830  25.825 0.0000000000
81980  32.161  29.078  26.524 0.0000000000
81967  32.552  28.508  26.740 0.0000000000
81979  33.274  28.322  26.447 0.0000000000
125574  33.171  27.534  27.349 0.0000000000
83759  44.828  31.987  12.379 0.0000000000
84302  45.897  32.254  11.425 0.0000000000
83769  43.791  32.291  10.647 0.0000000000
83761  43.133  31.609  11.594 0.0000000000
79445  40.541  24.529  19.541 0.0000000000
79459  40.181  24.643  18.651 0.0000000000
79458  40.947  24.423  18.778 0.0000000000
112465  43.187  24.453  17.867 0.0000000000
111928  42.237  24.482  17.994 0.0000000000
79473  42.589  24.412  17.021 0.0000000000
79440  45.976  24.875  19.030 0.0000000000
79455  46.475  24.835  18.325 0.0000000000
117957  46.315  24.780  17.124 0.0000000000
112087  46.665  24.823  15.680 0.0000000000
79488  46.422  24.904  14.599 0.0000000000
79505  46.058  25.177  13.462 0.0000000000
117755  46.541  24.897  13.716 0.0000000000
78802  47.753  23.787  15.251 0.0000000000
78810  47.012  23.849  14.523 0.0000000000
78128  45.930  23.220  15.260 0.0000000000
78121  46.729  23.205  15.829 0.0000000000
78110  46.476  22.760  16.981 0.0000000000
85416  39.442  34.735  20.307 0.0000000000
84843  39.234  33.874  20.060 0.0000000000
84828  37.139  33.655  22.029 0.0000000000
83709  38.793  31.370  20.497 0.0000000000
117405  39.204  31.611  20.071 0.0000000000
83708  39.201  31.009  20.129 0.0000000000
83182  39.936  30.512  19.421 0.0000000000
83176  39.412  30.511  19.909 0.0000000000
82044  38.649  29.058  20.460 0.0000000000
82619  39.221  29.529  19.989 0.0000000000
82043  39.004  28.636  19.929 0.0000000000
81390  39.162  27.884  19.488 0.0000000000
81382  38.877  27.608  20.143 0.0000000000
112970  33.615  30.810  24.543 0.0000000000
82003  35.277  28.585  24.556 0.0000000000
82014  35.523  28.952  23.885 0.0000000000
82594  35.931  29.334  23.268 0.0000000000
82013  36.066  28.691  23.562 0.0000000000
80710  36.945  26.246  25.180 0.0000000000
81348  37.274  27.039  23.282 0.0000000000
81361  37.460  27.455  22.482 0.0000000000
81374  37.668  27.904  21.669 0.0000000000
81360  38.015  27.076  21.989 0.0000000000
80124  39.304  25.573  21.739 0.0000000000
80765  38.544  26.713  21.572 0.0000000000
80764  39.026  26.167  21.145 0.0000000000
80774  39.099  26.641  20.365 0.0000000000
80151  39.627  25.213  19.741 0.0000000000
79432  39.830  24.913  20.658 0.0000000000
106330  41.000  24.303  21.922 0.0000000000
79429  42.158  24.373  20.918 0.0000000000
79416  42.690  24.483  21.552 0.0000000000
79376  42.104  24.514  24.166 0.0000000000
79388  43.172  24.678  22.987 0.0000000000
110857  44.127  25.168  22.675 0.0000000000
83673  29.765  31.457  27.758 0.0000000000
116538  30.249  31.864  27.366 0.0000000000
83145  29.786  30.632  27.852 0.0000000000
83141  29.290  30.280  28.477 0.0000000000
86077  41.504  35.914  12.948 0.0000000000
107603  42.127  36.102  12.711 0.0000000000
86708  42.029  36.664  13.061 0.0000000000
115007  42.565  37.063  13.732 0.0000000000
104942  41.332  36.133  13.573 0.0000000000
122117  41.303  36.171  14.686 0.0000000000
85485  38.786  34.014  14.252 0.0000000000
84893  37.063  33.737  14.276 0.0000000000
83754  36.886  31.571  13.034 0.0000000000
84297  36.378  31.866  13.624 0.0000000000
83216  35.705  30.416  14.230 0.0000000000
83215  35.923  30.411  13.367 0.0000000000
83775  37.555  30.917  12.029 0.0000000000
82094  37.715  29.171  14.030 0.0000000000
117994  36.911  29.552  14.546 0.0000000000
82076  37.480  28.414  15.996 0.0000000000
80801  37.573  26.356  16.250 0.0000000000
84863  41.582  33.093  17.548 0.0000000000
85444  41.757  33.969  17.707 0.0000000000
84862  42.477  33.491  17.186 0.0000000000
124784  43.254  33.466  16.778 0.0000000000
84876  42.939  32.858  16.600 0.0000000000
83191  41.448  30.545  17.422 0.0000000000
83727  41.526  31.297  17.579 0.0000000000
83200  41.686  30.397  16.635 0.0000000000
83207  42.519  30.863  15.268 0.0000000000
83199  42.234  30.881  16.203 0.0000000000
120814  43.194  31.930  15.728 0.0000000000
83739  43.375  31.511  15.027 0.0000000000
116775  42.951  31.133  14.297 0.0000000000
83227  41.702  30.831  11.721 0.0000000000
123319  39.528  25.838  17.253 0.0000000000
80187  40.638  25.203  15.110 0.0000000000
80188  39.964  25.609  15.648 0.0000000000
80195  40.229  25.774  14.713 0.0000000000
114175  39.645  26.911  14.901 0.0000000000
80813  39.899  26.512  14.447 0.0000000000
79526  43.319  24.594  12.850 0.0000000000
106800  42.602  24.592  13.633 0.0000000000
80824  40.955  26.060  11.721 0.0000000000
80203  41.098  25.642  12.537 0.0000000000
81428  40.336  26.938  12.670 0.0000000000
82106  39.838  28.596  12.182 0.0000000000
81445  40.927  27.020  9.196 0.0000000000
82111  40.636  27.928  9.999 0.0000000000
82116  40.492  28.161  9.089 0.0000000000
82121  40.340  28.642  8.490 0.0000000000
82128  40.461  29.496  7.917 0.0000000000
81458  40.196  28.579  8.403 0.0000000000
80218  40.099  25.069  10.397 0.0000000000
80832  39.549  25.962  10.385 0.0000000000
80833  38.890  26.852  11.281 0.0000000000
78155  40.175  22.924  12.854 0.0000000000
78839  40.192  23.332  12.080 0.0000000000
78831  39.615  23.100  12.993 0.0000000000
78821  38.534  23.164  14.313 0.0000000000
78832  38.949  23.360  13.416 0.0000000000
79520  38.459  23.904  14.067 0.0000000000
106883  38.559  24.614  13.854 0.0000000000
79521  38.109  24.599  14.634 0.0000000000
78115  37.338  22.713  17.544 0.0000000000
78794  37.159  23.560  16.474 0.0000000000
105452  40.894  21.393  19.310 0.0000000000
84278  34.269  32.269  15.618 0.0000000000
84229  34.637  32.200  23.599 0.0000000000
83689  34.484  31.494  23.725 0.0000000000
84312  44.550  33.044  9.391 0.0000000000
84924  44.043  32.823  9.457 0.0000000000
84321  43.146  33.003  9.490 0.0000000000
106304  42.320  32.556  9.883 0.0000000000
83784  40.101  31.447  9.086 0.0000000000
83246  39.915  30.417  8.104 0.0000000000
82703  39.134  29.527  8.404 0.0000000000
82061  39.998  28.825  18.606 0.0000000000
105021  39.693  28.263  18.072 0.0000000000
78138  45.080  23.869  13.286 0.0000000000
78820  44.697  24.330  12.813 0.0000000000
78132  42.928  22.309  14.315 0.0000000000
120471  42.205  22.139  14.166 0.0000000000
77435  42.779  21.844  15.398 0.0000000000
107994  42.733  21.763  17.208 0.0000000000
78113  43.452  22.166  17.635 0.0000000000
78102  43.454  22.164  18.398 0.0000000000
82579  30.856  29.890  26.981 0.0000000000
82567  31.069  29.187  27.384 0.0000000000
84281  46.881  32.692  13.234 0.0000000000
84282  46.550  32.228  13.809 0.0000000000
118367  45.853  31.983  13.465 0.0000000000
120998  42.230  24.470  19.442 0.0000000000
106433  41.806  24.477  18.751 0.0000000000
125698  43.020  24.549  19.360 0.0000000000
108866  43.757  24.582  18.776 0.0000000000
79454  47.255  24.904  17.380 0.0000000000
79468  48.237  25.149  16.296 0.0000000000
79486  48.357  25.003  14.984 0.0000000000
79503  48.070  24.619  14.914 0.0000000000
78800  48.697  24.099  15.241 0.0000000000
85409  38.363  34.621  21.433 0.0000000000
111765  36.835  31.790  22.040 0.0000000000
122327  37.764  32.451  21.353 0.0000000000
83702  37.586  31.630  21.533 0.0000000000
83701  38.345  31.009  21.026 0.0000000000
82034  38.144  28.501  21.018 0.0000000000
82585  33.920  29.141  25.208 0.0000000000
82591  34.306  29.578  24.654 0.0000000000
82004  34.603  28.842  24.882 0.0000000000
80089  38.020  25.647  24.572 0.0000000000
80723  37.327  26.227  24.560 0.0000000000
80751  38.480  26.363  22.279 0.0000000000
79419  39.763  24.936  21.553 0.0000000000
79403  41.615  24.330  22.571 0.0000000000
79375  42.971  24.741  23.874 0.0000000000
80085  44.268  25.916  24.032 0.0000000000
85494  41.975  34.143  12.520 0.0000000000
86085  42.831  35.515  12.530 0.0000000000
85482  41.299  34.948  12.997 0.0000000000
85483  40.545  34.589  13.409 0.0000000000
124513  38.434  33.277  13.979 0.0000000000
84901  37.646  32.919  13.884 0.0000000000
84295  37.698  32.058  13.227 0.0000000000
82689  37.501  29.815  11.918 0.0000000000
82108  37.661  29.378  12.375 0.0000000000
82093  38.181  28.478  14.335 0.0000000000
81418  37.976  27.735  15.480 0.0000000000
106482  37.762  25.870  15.606 0.0000000000
85430  40.726  34.121  18.626 0.0000000000
85429  41.398  34.422  18.335 0.0000000000
84260  41.574  32.121  17.613 0.0000000000
82654  41.252  29.847  16.202 0.0000000000
82663  41.165  29.965  15.300 0.0000000000
117234  41.742  30.403  14.887 0.0000000000
83214  41.645  30.467  13.968 0.0000000000
83222  40.912  30.045  13.392 0.0000000000
82680  40.327  29.634  12.569 0.0000000000
79493  40.965  24.653  16.441 0.0000000000
79509  41.112  24.754  15.504 0.0000000000
79532  42.345  24.571  11.971 0.0000000000
79533  42.405  24.782  11.407 0.0000000000
80208  42.351  25.032  10.844 0.0000000000
80831  41.330  26.213  10.309 0.0000000000
80830  41.730  25.639  9.421 0.0000000000
80844  41.503  25.904  8.985 0.0000000000
80845  41.201  26.249  9.017 0.0000000000
80846  40.628  26.900  9.162 0.0000000000
80229  40.998  26.150  8.913 0.0000000000
80223  40.682  25.630  9.364 0.0000000000
77444  39.687  22.073  14.177 0.0000000000
78133  39.284  21.767  15.071 0.0000000000
78143  38.831  22.404  14.621 0.0000000000
78812  38.091  22.920  15.144 0.0000000000
78813  37.580  23.452  15.817 0.0000000000
78135  38.031  22.751  15.904 0.0000000000
78114  38.176  22.188  17.198 0.0000000000
115369  35.511  29.826  15.749 0.0000000000
84829  36.525  33.255  22.489 0.0000000000
84227  35.993  33.037  22.935 0.0000000000
80712  35.672  26.873  25.851 0.0000000000
80699  36.156  26.216  26.401 0.0000000000
80075  36.889  25.890  25.883 0.0000000000
80073  38.254  25.176  25.383 0.0000000000
79379  39.545  24.674  24.561 0.0000000000
120573  40.131  24.575  24.039 0.0000000000
85491  44.550  34.470  12.055 0.0000000000
84909  43.695  33.674  11.282 0.0000000000
84918  43.269  33.206  9.856 0.0000000000
84910  42.722  33.529  11.579 0.0000000000
84911  41.811  33.323  11.840 0.0000000000
84912  40.896  32.771  12.277 0.0000000000
107904  39.984  32.269  12.194 0.0000000000
120946  39.234  31.914  12.190 0.0000000000
83762  38.714  31.593  11.574 0.0000000000
83774  38.146  31.129  11.035 0.0000000000
83785  38.912  30.945  9.851 0.0000000000
83236  38.250  30.296  10.482 0.0000000000
82692  37.876  29.654  11.020 0.0000000000
82688  38.009  29.160  11.681 0.0000000000
109105  38.438  28.419  11.599 0.0000000000
81436  38.630  27.727  12.020 0.0000000000
83722  40.383  31.463  18.766 0.0000000000
83721  40.950  31.582  18.241 0.0000000000
82645  40.802  29.236  17.559 0.0000000000
82655  40.752  29.242  16.603 0.0000000000
82091  40.113  28.881  15.021 0.0000000000
124620  43.014  24.444  13.913 0.0000000000
78829  43.899  24.661  12.852 0.0000000000
78836  42.191  23.756  11.669 0.0000000000
78837  41.862  23.619  11.002 0.0000000000
78838  41.072  23.359  11.397 0.0000000000
78142  40.537  22.442  13.420 0.0000000000
77442  41.546  21.930  14.361 0.0000000000
77443  40.643  21.784  14.431 0.0000000000
77438  40.453  21.272  15.318 0.0000000000
123455  40.276  20.968  15.893 0.0000000000
77420  40.558  21.252  17.305 0.0000000000
77411  41.323  21.429  18.395 0.0000000000
108001  42.030  21.590  17.749 0.0000000000
77397  41.557  21.455  19.887 0.0000000000
84221  32.577  32.285  25.344 0.0000000000
83685  32.922  31.728  24.933 0.0000000000
82587  32.863  29.731  25.559 0.0000000000
82577  32.163  29.837  26.040 0.0000000000
82586  33.349  29.320  25.494 0.0000000000
81992  33.602  28.711  25.789 0.0000000000
81978  33.970  28.062  26.162 0.0000000000
81310  34.377  27.412  26.547 0.0000000000
84907  46.191  33.277  10.897 0.0000000000
84320  45.746  33.023  10.419 0.0000000000
84291  46.382  32.385  12.639 0.0000000000
84310  46.104  32.754  10.748 0.0000000000
84311  45.301  32.795  10.198 0.0000000000
123541  44.499  32.649  9.879 0.0000000000
83771  42.157  31.750  10.001 0.0000000000
80161  39.632  25.176  18.854 0.0000000000
80793  39.498  25.736  18.044 0.0000000000
113803  39.770  24.970  18.149 0.0000000000
79476  40.217  24.725  17.804 0.0000000000
113252  40.947  24.538  17.388 0.0000000000
79475  41.381  24.453  18.092 0.0000000000
79474  41.700  24.501  16.747 0.0000000000
79491  43.345  24.411  15.796 0.0000000000
79441  45.332  24.869  19.231 0.0000000000
79457  44.812  24.690  18.547 0.0000000000
118314  45.261  24.691  17.492 0.0000000000
79471  44.784  24.633  16.578 0.0000000000
79490  44.363  24.568  15.647 0.0000000000
124786  44.099  24.521  15.046 0.0000000000
79506  45.044  25.071  13.968 0.0000000000
79516  45.629  25.258  12.718 0.0000000000
79504  47.052  24.599  14.424 0.0000000000
78817  46.542  24.646  13.795 0.0000000000
78818  46.049  24.602  12.981 0.0000000000
106821  45.043  22.609  16.563 0.0000000000
78111  45.665  22.588  17.303 0.0000000000
117749  40.493  34.618  19.253 0.0000000000
84850  40.212  33.708  19.079 0.0000000000
114840  40.063  32.747  19.086 0.0000000000
85402  37.520  34.488  22.454 0.0000000000
85410  37.782  34.093  21.725 0.0000000000
84836  38.253  33.727  21.136 0.0000000000
84238  38.260  32.810  20.962 0.0000000000
84844  38.724  33.353  20.504 0.0000000000
115881  39.203  33.028  20.029 0.0000000000
84248  39.493  32.297  19.668 0.0000000000
113976  39.974  31.833  19.108 0.0000000000
83715  40.061  31.113  19.118 0.0000000000
82627  39.741  29.498  19.499 0.0000000000
109237  39.237  30.069  20.135 0.0000000000
82053  39.556  28.788  19.283 0.0000000000
83684  33.494  31.613  24.511 0.0000000000
83683  34.090  31.153  24.173 0.0000000000
83158  34.692  30.668  23.768 0.0000000000
123526  34.678  29.917  24.156 0.0000000000
83157  35.296  30.598  23.289 0.0000000000
82603  35.788  30.141  22.975 0.0000000000
82602  36.408  29.669  22.571 0.0000000000
82601  37.049  29.241  22.047 0.0000000000
81321  35.960  27.254  25.142 0.0000000000
123126  36.309  27.887  24.029 0.0000000000
80739  37.097  26.727  23.983 0.0000000000
81349  36.658  27.435  23.853 0.0000000000
112149  36.394  28.148  23.593 0.0000000000
82035  37.615  28.853  21.470 0.0000000000
80782  39.335  26.176  19.677 0.0000000000
120106  39.499  25.618  19.284 0.0000000000
79446  40.037  24.714  19.941 0.0000000000
125984  41.041  24.355  20.139 0.0000000000
79430  41.759  24.387  20.194 0.0000000000
125512  42.908  24.564  20.898 0.0000000000
79428  43.559  24.704  20.561 0.0000000000
79390  41.310  24.404  23.483 0.0000000000
79402  42.476  24.432  22.370 0.0000000000
84220  33.145  32.829  25.218 0.0000000000
83680  31.845  31.789  25.802 0.0000000000
83675  31.254  31.232  26.339 0.0000000000
84218  30.658  32.230  26.997 0.0000000000
83676  30.698  31.551  26.869 0.0000000000
83148  30.762  30.700  26.872 0.0000000000
83144  30.368  30.266  27.465 0.0000000000
109520  28.767  30.794  28.706 0.0000000000
82558  29.353  29.468  28.884 0.0000000000
106119  40.469  35.645  15.089 0.0000000000
85471  40.094  35.128  13.907 0.0000000000
86065  39.806  35.329  14.501 0.0000000000
121612  39.082  35.326  14.792 0.0000000000
85475  36.472  34.485  14.507 0.0000000000
84894  36.323  33.532  14.375 0.0000000000
84296  36.782  32.821  14.001 0.0000000000
122438  35.832  31.839  14.031 0.0000000000
83748  35.527  31.320  14.420 0.0000000000
82665  36.224  29.702  15.274 0.0000000000
83764  36.874  30.828  12.652 0.0000000000
82682  37.139  29.823  12.677 0.0000000000
83223  36.388  30.184  12.877 0.0000000000
82675  36.100  29.898  13.668 0.0000000000
82077  36.823  28.897  16.526 0.0000000000
81409  37.644  27.341  16.217 0.0000000000
84861  43.282  34.166  17.201 0.0000000000
84875  43.760  33.014  16.352 0.0000000000
83726  42.151  31.708  17.101 0.0000000000
83732  42.377  31.415  16.523 0.0000000000
84268  42.721  32.049  16.418 0.0000000000
84284  44.390  31.789  14.564 0.0000000000
123937  44.076  31.715  13.114 0.0000000000
119043  42.353  30.907  13.566 0.0000000000
83753  43.222  31.415  13.084 0.0000000000
83226  42.383  31.388  11.057 0.0000000000
121073  41.763  31.142  10.599 0.0000000000
80800  39.501  26.382  16.730 0.0000000000
111719  39.615  26.117  16.068 0.0000000000
113650  39.501  26.915  16.077 0.0000000000
81416  39.558  27.308  15.361 0.0000000000
82092  39.647  28.441  14.161 0.0000000000
80202  41.900  25.154  11.983 0.0000000000
107797  41.294  25.377  13.147 0.0000000000
80812  40.513  25.891  13.664 0.0000000000
80820  40.080  26.812  13.650 0.0000000000
81429  39.719  27.650  13.412 0.0000000000
82099  39.664  28.485  13.110 0.0000000000
82687  39.953  29.213  12.062 0.0000000000
122315  40.168  28.758  11.191 0.0000000000
82686  40.424  29.677  11.286 0.0000000000
109336  40.864  30.070  9.720 0.0000000000
112383  41.072  30.500  8.362 0.0000000000
82707  40.839  30.027  7.683 0.0000000000
82708  40.369  29.638  7.836 0.0000000000
82123  39.167  28.818  8.452 0.0000000000
81452  40.037  27.850  8.855 0.0000000000
81446  39.793  27.334  9.292 0.0000000000
81447  39.062  27.887  9.812 0.0000000000
106858  38.732  26.880  12.469 0.0000000000
78849  40.556  23.673  10.938 0.0000000000
79534  39.905  23.833  11.640 0.0000000000
80210  39.687  24.603  11.462 0.0000000000
79535  39.274  24.215  12.387 0.0000000000
80211  39.112  25.172  12.392 0.0000000000
80821  38.764  26.079  12.962 0.0000000000
121410  38.565  26.143  13.792 0.0000000000
111310  38.360  25.800  14.403 0.0000000000
80197  37.973  25.351  15.024 0.0000000000
106794  37.371  24.918  16.011 0.0000000000
124824  37.505  24.061  15.549 0.0000000000
79495  37.234  24.248  16.114 0.0000000000
78101  44.289  22.417  18.224 0.0000000000
78808  48.534  24.629  14.815 0.0000000000
78848  41.347  23.846  10.542 0.0000000000
79484  50.028  24.822  15.319 0.0000000000
79500  49.993  25.188  15.293 0.0000000000
79528  38.822  23.960  13.169 0.0000000000
80179  49.689  25.224  15.056 0.0000000000
80204  38.655  25.387  13.590 0.0000000000
80217  41.886  25.491  10.443 0.0000000000
80222  41.280  25.402  9.158 0.0000000000
80838  41.393  26.186  9.159 0.0000000000
81312  32.928  27.912  27.050 0.0000000000
81334  36.180  27.615  24.449 0.0000000000
81453  39.328  28.109  8.852 0.0000000000
82084  38.259  27.965  14.817 0.0000000000
82129  40.085  29.041  7.981 0.0000000000
82130  39.711  29.257  8.035 0.0000000000
82698  38.645  29.264  9.025 0.0000000000
82702  40.722  30.120  7.718 0.0000000000
82709  39.796  29.856  7.907 0.0000000000
83245  41.023  30.633  7.860 0.0000000000
83247  39.293  30.127  8.403 0.0000000000
83780  43.736  32.817  9.291 0.0000000000
83791  40.491  30.876  8.159 0.0000000000
84301  46.403  32.754  11.482 0.0000000000
84309  46.336  32.988  10.874 0.0000000000
107870  41.633  21.541  19.142 0.0000000000
111178  49.738  25.456  15.622 0.0000000000
111816  40.241  29.475  13.466 0.0000000000
117212  37.615  25.247  15.637 0.0000000000
121552  39.665  28.888  8.152 0.0000000000
122120  37.013  23.272  16.994 0.0000000000
122551  39.951  21.546  14.892 0.0000000000
126733  34.743  31.996  15.253 0.0000000000
