#!ascii label  , from subject sub-v1s8x0051348_ses-1 vox2ras=TkReg
539
46109  14.074  -12.516  0.754 0.0000000000
51319  20.971  -7.249  -3.434 0.0000000000
119214  19.864  1.546  -7.781 0.0000000000
57218  13.746  -1.489  -7.373 0.0000000000
42136  15.558  -16.795  3.242 0.0000000000
45065  18.731  -14.469  0.926 0.0000000000
49343  16.518  -9.618  -1.695 0.0000000000
53334  14.630  -5.947  -5.379 0.0000000000
125888  19.594  -2.462  -5.214 0.0000000000
56290  21.009  -3.560  -10.863 0.0000000000
109116  20.703  5.426  -11.638 0.0000000000
119993  14.841  -14.815  2.144 0.0000000000
43085  17.512  -15.662  2.254 0.0000000000
45079  16.696  -14.527  0.483 0.0000000000
52339  13.146  -6.565  -2.293 0.0000000000
54334  11.639  -3.614  -2.760 0.0000000000
115933  15.714  -0.178  -8.283 0.0000000000
111566  16.303  -2.140  -7.308 0.0000000000
107718  18.757  -0.282  -6.222 0.0000000000
117165  21.489  -2.445  -8.011 0.0000000000
58241  21.487  -0.405  -9.725 0.0000000000
67033  18.218  8.428  -11.776 0.0000000000
121504  18.783  6.627  -10.700 0.0000000000
66101  20.168  6.991  -14.356 0.0000000000
50336  18.277  -8.231  -2.183 0.0000000000
47300  20.069  -12.187  -2.831 0.0000000000
48384  21.507  -10.564  -3.795 0.0000000000
61199  16.228  2.558  -9.473 0.0000000000
52366  21.990  -7.850  -6.396 0.0000000000
48342  13.351  -10.039  -0.033 0.0000000000
47269  15.268  -11.417  -0.310 0.0000000000
49359  13.902  -9.097  -2.227 0.0000000000
50350  15.310  -8.406  -3.704 0.0000000000
124241  17.027  -6.683  -4.464 0.0000000000
55330  13.321  -3.352  -5.831 0.0000000000
115651  16.037  -5.393  -6.792 0.0000000000
53331  19.621  -5.071  -4.011 0.0000000000
54354  21.290  -4.444  -6.239 0.0000000000
123874  17.910  4.561  -9.738 0.0000000000
106197  20.336  3.202  -9.542 0.0000000000
104549  18.425  4.690  -16.143 0.0000000000
61231  20.819  2.815  -13.777 0.0000000000
59241  21.367  0.814  -11.788 0.0000000000
116544  20.572  -1.492  -12.772 0.0000000000
46122  18.064  -12.821  -0.448 0.0000000000
47246  13.324  -11.518  1.655 0.0000000000
109442  13.406  -12.871  1.733 0.0000000000
46091  14.042  -13.165  1.449 0.0000000000
45066  15.971  -14.766  1.057 0.0000000000
46090  14.832  -12.939  1.233 0.0000000000
59203  17.886  1.290  -7.738 0.0000000000
58221  17.152  -0.340  -6.951 0.0000000000
59201  19.883  0.794  -7.239 0.0000000000
58217  21.344  -0.181  -7.208 0.0000000000
60165  21.164  0.847  -8.110 0.0000000000
67981  18.548  9.108  -13.310 0.0000000000
66096  19.530  8.027  -13.035 0.0000000000
67056  19.058  8.166  -14.811 0.0000000000
51310  18.982  -7.675  -2.520 0.0000000000
49354  20.627  -10.398  -3.366 0.0000000000
49353  21.262  -9.542  -4.007 0.0000000000
60196  14.866  1.665  -9.522 0.0000000000
61200  15.324  2.505  -9.538 0.0000000000
42137  14.703  -16.428  3.496 0.0000000000
42126  14.674  -17.037  4.165 0.0000000000
41216  16.044  -17.297  4.781 0.0000000000
113530  17.206  -16.447  4.459 0.0000000000
44062  17.626  -15.452  1.276 0.0000000000
43074  18.096  -15.265  3.333 0.0000000000
49328  13.449  -9.871  -0.929 0.0000000000
50328  13.398  -8.638  -1.672 0.0000000000
52350  13.919  -6.513  -3.796 0.0000000000
123003  14.323  -7.365  -3.694 0.0000000000
51332  14.850  -7.262  -4.563 0.0000000000
51330  16.074  -7.887  -4.659 0.0000000000
52368  15.568  -6.478  -5.584 0.0000000000
108304  12.111  -2.588  -4.766 0.0000000000
56266  13.338  -2.724  -6.399 0.0000000000
56264  17.349  -2.970  -6.676 0.0000000000
55338  16.200  -3.746  -7.098 0.0000000000
55329  17.526  -3.951  -5.955 0.0000000000
54341  17.413  -4.821  -5.587 0.0000000000
55316  19.189  -3.686  -4.690 0.0000000000
125452  20.783  -4.243  -4.911 0.0000000000
55326  20.715  -3.332  -4.932 0.0000000000
122659  21.076  -3.811  -10.133 0.0000000000
55355  21.360  -4.249  -8.849 0.0000000000
64145  20.173  6.192  -11.328 0.0000000000
64129  17.872  5.253  -10.052 0.0000000000
63190  19.800  5.219  -10.235 0.0000000000
62221  19.544  4.033  -9.429 0.0000000000
63195  20.627  4.623  -10.983 0.0000000000
60216  21.307  1.992  -12.773 0.0000000000
59250  20.580  0.348  -13.324 0.0000000000
125554  21.264  0.111  -11.685 0.0000000000
48338  15.743  -10.783  -0.801 0.0000000000
47268  17.204  -11.714  0.033 0.0000000000
48337  16.996  -10.789  -0.500 0.0000000000
47265  21.268  -12.158  -1.614 0.0000000000
46119  20.051  -12.949  -1.780 0.0000000000
43090  13.483  -14.925  3.112 0.0000000000
42141  15.363  -16.237  2.732 0.0000000000
42135  16.128  -16.591  2.543 0.0000000000
43098  16.414  -15.769  1.114 0.0000000000
44076  17.121  -15.583  0.611 0.0000000000
44088  17.326  -15.057  0.146 0.0000000000
53307  12.404  -5.465  -1.886 0.0000000000
53313  12.473  -5.242  -2.360 0.0000000000
121385  12.626  -4.506  -3.615 0.0000000000
57227  14.584  -0.957  -8.249 0.0000000000
119008  14.523  -2.152  -7.553 0.0000000000
57215  15.939  -1.302  -7.625 0.0000000000
112008  17.494  -1.273  -6.502 0.0000000000
57192  18.918  -1.606  -5.579 0.0000000000
57189  21.116  -1.824  -6.102 0.0000000000
57201  21.250  -1.053  -6.711 0.0000000000
58230  21.562  -1.007  -8.618 0.0000000000
57237  21.286  -2.058  -10.576 0.0000000000
65075  17.712  7.371  -10.555 0.0000000000
65065  18.589  7.238  -10.918 0.0000000000
65073  20.119  7.081  -11.714 0.0000000000
64148  20.566  6.329  -12.782 0.0000000000
50327  17.838  -8.880  -1.761 0.0000000000
48353  18.731  -10.755  -1.527 0.0000000000
117137  19.327  -10.447  -2.086 0.0000000000
47299  20.664  -11.921  -3.067 0.0000000000
58223  13.552  -0.567  -7.726 0.0000000000
108290  14.426  0.074  -9.006 0.0000000000
59222  15.846  1.186  -8.925 0.0000000000
60184  18.306  2.059  -8.131 0.0000000000
43066  17.647  -15.873  3.949 0.0000000000
52345  21.513  -7.266  -4.569 0.0000000000
50356  22.148  -8.810  -5.352 0.0000000000
48324  13.487  -11.003  0.230 0.0000000000
47256  14.422  -11.898  0.003 0.0000000000
48340  14.189  -10.829  -0.930 0.0000000000
48357  14.473  -10.321  -1.470 0.0000000000
48374  14.831  -9.793  -1.989 0.0000000000
50341  13.734  -8.311  -2.402 0.0000000000
50339  14.883  -8.886  -3.136 0.0000000000
116693  16.028  -9.354  -2.529 0.0000000000
105191  16.777  -8.186  -3.241 0.0000000000
51322  17.257  -7.464  -3.278 0.0000000000
52348  18.569  -6.319  -3.391 0.0000000000
55320  12.293  -3.292  -4.383 0.0000000000
54349  13.788  -4.882  -5.406 0.0000000000
55348  14.209  -3.683  -7.130 0.0000000000
54358  14.755  -4.968  -6.633 0.0000000000
53345  14.987  -5.696  -5.913 0.0000000000
53343  16.426  -6.071  -5.968 0.0000000000
52357  17.744  -5.896  -4.135 0.0000000000
53321  20.013  -5.699  -3.714 0.0000000000
53329  21.278  -5.944  -4.957 0.0000000000
107736  21.830  -7.083  -6.849 0.0000000000
55336  21.377  -3.696  -6.743 0.0000000000
61198  16.985  3.158  -9.556 0.0000000000
61197  18.118  3.222  -9.338 0.0000000000
61184  19.826  2.717  -8.640 0.0000000000
104563  19.773  5.728  -15.247 0.0000000000
113595  20.283  5.245  -14.392 0.0000000000
62265  19.451  3.380  -14.787 0.0000000000
62247  20.993  4.208  -12.608 0.0000000000
62239  21.276  3.212  -11.776 0.0000000000
61218  20.726  2.756  -10.414 0.0000000000
60193  21.107  1.521  -9.642 0.0000000000
59232  21.441  0.166  -10.262 0.0000000000
116239  21.188  -1.409  -11.281 0.0000000000
57244  20.508  -2.865  -12.106 0.0000000000
46107  16.092  -12.551  0.663 0.0000000000
46106  17.158  -12.849  0.250 0.0000000000
122199  18.515  -14.308  -0.582 0.0000000000
47285  18.962  -11.989  -1.508 0.0000000000
46120  19.501  -13.583  -1.103 0.0000000000
115304  13.555  -12.242  1.178 0.0000000000
124265  13.734  -12.706  1.246 0.0000000000
60167  18.988  1.488  -7.616 0.0000000000
59202  18.545  0.745  -7.283 0.0000000000
60166  20.551  1.195  -7.869 0.0000000000
67057  18.423  8.906  -14.481 0.0000000000
50334  20.357  -8.087  -2.838 0.0000000000
123104  21.271  -8.495  -3.782 0.0000000000
125363  15.156  -16.928  3.666 0.0000000000
41224  15.183  -17.389  4.744 0.0000000000
42125  15.619  -17.143  3.948 0.0000000000
42114  16.818  -16.934  5.031 0.0000000000
42124  16.436  -16.897  4.135 0.0000000000
110160  18.291  -14.857  1.419 0.0000000000
44061  18.220  -15.000  2.302 0.0000000000
45041  18.857  -14.282  2.222 0.0000000000
45052  19.388  -13.835  1.543 0.0000000000
50319  13.024  -8.573  -0.845 0.0000000000
51305  13.054  -7.872  -1.346 0.0000000000
105323  14.261  -6.203  -4.614 0.0000000000
52361  14.470  -6.810  -4.350 0.0000000000
123023  14.757  -6.579  -4.951 0.0000000000
52360  15.221  -6.907  -5.097 0.0000000000
120718  15.058  -6.215  -5.513 0.0000000000
56267  12.899  -2.135  -5.960 0.0000000000
57204  13.287  -1.810  -6.590 0.0000000000
56254  18.974  -2.403  -5.412 0.0000000000
56255  17.663  -3.271  -6.255 0.0000000000
55328  18.398  -3.215  -5.497 0.0000000000
54348  18.104  -3.983  -5.138 0.0000000000
123712  20.061  -3.213  -4.695 0.0000000000
56253  20.242  -2.578  -5.083 0.0000000000
55365  20.988  -4.700  -10.717 0.0000000000
64138  20.248  5.393  -10.768 0.0000000000
63189  20.211  4.675  -10.179 0.0000000000
116040  20.538  1.203  -13.799 0.0000000000
59255  20.063  0.322  -14.380 0.0000000000
48355  16.177  -10.262  -1.306 0.0000000000
48354  17.207  -10.090  -1.069 0.0000000000
48335  21.810  -11.287  -0.964 0.0000000000
44078  14.159  -14.325  2.111 0.0000000000
44079  13.437  -14.318  2.574 0.0000000000
44063  14.183  -14.939  2.477 0.0000000000
43089  14.446  -15.576  3.000 0.0000000000
43088  15.100  -15.448  2.383 0.0000000000
43099  15.891  -16.064  1.940 0.0000000000
44077  15.574  -15.229  1.734 0.0000000000
44089  16.741  -15.309  0.537 0.0000000000
54328  11.606  -3.988  -2.315 0.0000000000
54327  12.136  -4.435  -2.684 0.0000000000
53324  12.886  -5.115  -3.265 0.0000000000
58233  15.272  -0.351  -8.643 0.0000000000
57226  15.072  -0.899  -8.339 0.0000000000
57225  15.525  -0.741  -8.111 0.0000000000
58220  18.035  0.208  -6.660 0.0000000000
121394  17.857  -0.526  -6.328 0.0000000000
57213  18.282  -1.178  -6.062 0.0000000000
108013  19.049  -0.956  -5.956 0.0000000000
57202  20.733  -1.052  -6.068 0.0000000000
57211  20.267  -0.403  -6.278 0.0000000000
59199  21.370  0.293  -7.807 0.0000000000
112243  21.550  -0.298  -8.084 0.0000000000
57233  21.476  -1.319  -9.562 0.0000000000
66078  18.190  7.936  -11.078 0.0000000000
66077  19.106  7.601  -11.623 0.0000000000
104552  19.609  7.741  -14.094 0.0000000000
66084  19.864  7.731  -12.215 0.0000000000
66095  20.017  7.329  -13.371 0.0000000000
65078  20.329  7.089  -12.505 0.0000000000
65085  20.374  6.617  -13.488 0.0000000000
49341  18.444  -9.725  -1.488 0.0000000000
49340  19.006  -9.211  -1.843 0.0000000000
48371  20.939  -11.089  -3.480 0.0000000000
47298  21.503  -11.248  -3.174 0.0000000000
58224  13.120  -0.041  -7.369 0.0000000000
59204  13.376  0.346  -8.097 0.0000000000
58235  14.068  -0.390  -8.561 0.0000000000
106948  13.755  0.532  -8.871 0.0000000000
60195  15.688  1.728  -9.340 0.0000000000
59223  15.259  0.939  -9.258 0.0000000000
60186  16.392  1.734  -9.044 0.0000000000
60185  17.200  1.704  -8.510 0.0000000000
61187  16.889  2.320  -9.185 0.0000000000
43076  16.796  -16.189  2.318 0.0000000000
42123  16.792  -16.420  3.378 0.0000000000
43075  17.387  -15.869  3.066 0.0000000000
43065  18.272  -15.251  4.458 0.0000000000
108744  21.696  -7.132  -5.355 0.0000000000
48325  13.221  -10.155  0.928 0.0000000000
47270  13.950  -11.386  -0.403 0.0000000000
48341  13.717  -10.631  -0.639 0.0000000000
49345  13.657  -9.507  -1.593 0.0000000000
48358  13.867  -10.254  -1.360 0.0000000000
49344  14.177  -9.734  -1.894 0.0000000000
51304  13.397  -7.861  -1.919 0.0000000000
51313  13.548  -7.454  -2.509 0.0000000000
50351  14.585  -8.212  -3.473 0.0000000000
50338  15.668  -8.934  -3.212 0.0000000000
108414  16.370  -8.790  -2.987 0.0000000000
50349  16.059  -8.415  -3.857 0.0000000000
105070  16.727  -7.352  -4.224 0.0000000000
50348  16.542  -7.911  -3.906 0.0000000000
51321  18.206  -6.967  -2.894 0.0000000000
52349  17.501  -6.705  -3.674 0.0000000000
55331  12.515  -3.037  -5.348 0.0000000000
56246  11.798  -2.678  -3.842 0.0000000000
54350  12.820  -3.737  -5.210 0.0000000000
126949  13.103  -4.427  -5.112 0.0000000000
112099  13.614  -4.109  -5.591 0.0000000000
56274  14.919  -2.558  -7.511 0.0000000000
119274  14.341  -2.907  -7.377 0.0000000000
55346  15.668  -3.022  -7.298 0.0000000000
54356  16.112  -4.609  -7.023 0.0000000000
54368  14.729  -4.409  -7.098 0.0000000000
54357  15.308  -5.128  -6.944 0.0000000000
53355  15.094  -5.484  -6.485 0.0000000000
53354  15.535  -5.687  -6.569 0.0000000000
52373  15.823  -6.152  -6.133 0.0000000000
53352  16.601  -5.475  -6.237 0.0000000000
121883  18.960  -4.759  -4.260 0.0000000000
53333  17.617  -5.384  -4.932 0.0000000000
53332  18.470  -5.139  -4.221 0.0000000000
53322  19.006  -5.657  -3.728 0.0000000000
53330  20.677  -5.627  -4.205 0.0000000000
54347  21.043  -4.096  -5.408 0.0000000000
54346  21.305  -5.382  -5.645 0.0000000000
110329  21.587  -5.679  -6.874 0.0000000000
106578  21.382  -2.015  -6.992 0.0000000000
56263  21.246  -2.725  -6.385 0.0000000000
56272  21.431  -3.040  -7.325 0.0000000000
124497  18.077  6.824  -10.604 0.0000000000
64140  18.138  6.083  -10.448 0.0000000000
63184  16.803  5.034  -9.904 0.0000000000
62223  16.434  4.209  -9.746 0.0000000000
62224  16.202  3.469  -9.663 0.0000000000
112995  17.463  4.009  -9.666 0.0000000000
62220  20.096  4.029  -9.600 0.0000000000
62213  19.239  3.319  -9.131 0.0000000000
62212  20.032  3.390  -9.086 0.0000000000
61185  18.790  2.710  -8.674 0.0000000000
104729  19.243  6.235  -16.240 0.0000000000
104547  19.429  4.883  -15.200 0.0000000000
61240  20.027  2.725  -14.432 0.0000000000
62264  20.319  3.385  -14.209 0.0000000000
63213  20.035  4.212  -14.395 0.0000000000
62255  20.816  3.724  -13.488 0.0000000000
121445  21.180  3.844  -12.033 0.0000000000
126189  21.114  3.144  -13.264 0.0000000000
118810  21.386  1.606  -12.076 0.0000000000
61217  21.278  2.372  -11.311 0.0000000000
60211  21.404  1.380  -11.183 0.0000000000
60204  21.102  1.887  -10.452 0.0000000000
112760  21.396  1.068  -10.388 0.0000000000
120963  21.397  0.843  -9.708 0.0000000000
59236  21.396  0.534  -11.068 0.0000000000
58258  20.969  -0.730  -12.020 0.0000000000
57249  20.707  -1.914  -12.053 0.0000000000
57250  20.548  -2.502  -12.735 0.0000000000
47255  15.415  -12.002  0.317 0.0000000000
45088  18.059  -13.939  -0.420 0.0000000000
46121  18.823  -13.716  -0.941 0.0000000000
48352  19.483  -11.702  -2.354 0.0000000000
47284  19.735  -12.584  -2.297 0.0000000000
46104  20.189  -13.182  -0.762 0.0000000000
46105  19.741  -13.742  -0.267 0.0000000000
45069  13.476  -13.636  2.073 0.0000000000
45068  14.312  -13.815  1.791 0.0000000000
105147  15.046  -14.345  1.845 0.0000000000
45067  15.078  -13.621  1.568 0.0000000000
45080  15.838  -13.383  1.067 0.0000000000
115181  16.191  0.345  -8.120 0.0000000000
58232  16.707  0.236  -7.534 0.0000000000
58231  17.491  0.516  -7.355 0.0000000000
115594  18.998  0.449  -6.687 0.0000000000
58218  20.687  0.179  -6.777 0.0000000000
59200  20.972  0.581  -7.447 0.0000000000
59211  21.439  0.340  -8.496 0.0000000000
67982  17.900  9.125  -12.934 0.0000000000
67041  18.327  8.786  -12.393 0.0000000000
66085  19.046  8.246  -12.285 0.0000000000
67050  18.983  8.676  -13.769 0.0000000000
50335  19.593  -8.664  -2.340 0.0000000000
105306  20.543  -9.319  -3.086 0.0000000000
48385  21.238  -10.325  -3.888 0.0000000000
61201  14.336  2.561  -9.393 0.0000000000
43077  13.691  -15.605  3.709 0.0000000000
43067  13.024  -15.718  4.466 0.0000000000
42138  13.899  -16.358  4.206 0.0000000000
124187  13.937  -16.935  4.620 0.0000000000
114431  16.428  -17.326  5.625 0.0000000000
42104  17.158  -16.944  5.897 0.0000000000
49329  13.139  -9.237  -0.373 0.0000000000
49346  13.292  -9.162  -1.107 0.0000000000
52351  13.193  -5.967  -2.940 0.0000000000
52338  13.630  -6.895  -3.070 0.0000000000
51323  14.987  -7.879  -4.173 0.0000000000
50357  15.569  -8.096  -4.329 0.0000000000
51331  15.423  -7.617  -4.718 0.0000000000
51337  15.821  -7.209  -5.157 0.0000000000
52359  16.425  -7.141  -4.998 0.0000000000
56257  12.487  -2.385  -5.416 0.0000000000
56256  12.872  -2.740  -5.788 0.0000000000
56265  16.681  -3.009  -7.055 0.0000000000
55337  16.965  -3.793  -6.744 0.0000000000
54355  16.776  -4.711  -6.465 0.0000000000
54340  18.393  -4.570  -4.664 0.0000000000
54339  19.509  -4.445  -4.355 0.0000000000
123021  20.619  -4.877  -4.547 0.0000000000
55315  20.198  -3.910  -4.585 0.0000000000
56281  21.368  -3.223  -9.086 0.0000000000
107983  21.405  -3.381  -8.201 0.0000000000
55360  21.144  -4.462  -9.871 0.0000000000
64139  19.404  5.960  -10.697 0.0000000000
64128  18.957  5.312  -10.146 0.0000000000
63183  18.813  4.645  -9.670 0.0000000000
62222  18.556  3.944  -9.488 0.0000000000
63182  19.677  4.670  -9.786 0.0000000000
62231  20.521  3.766  -10.406 0.0000000000
110822  20.430  2.029  -14.158 0.0000000000
61230  21.260  2.649  -13.065 0.0000000000
60222  21.005  1.979  -13.450 0.0000000000
60217  21.056  1.189  -12.881 0.0000000000
126757  21.272  0.976  -12.287 0.0000000000
59242  21.047  0.317  -12.400 0.0000000000
58259  20.603  -0.515  -12.909 0.0000000000
120338  16.294  -11.249  -0.193 0.0000000000
47267  18.118  -11.692  -0.518 0.0000000000
47283  20.356  -12.482  -2.554 0.0000000000
116651  20.701  -12.701  -2.120 0.0000000000
47266  20.694  -12.602  -1.183 0.0000000000
113657  16.114  -16.902  3.363 0.0000000000
43087  16.418  -16.155  1.790 0.0000000000
43086  16.975  -16.041  1.374 0.0000000000
44075  17.924  -15.128  0.321 0.0000000000
113693  12.667  -5.886  -2.148 0.0000000000
53323  13.548  -5.753  -4.043 0.0000000000
53335  14.026  -5.532  -5.013 0.0000000000
57228  14.074  -1.041  -8.062 0.0000000000
57217  14.342  -1.564  -7.770 0.0000000000
57216  14.898  -1.569  -7.810 0.0000000000
107778  15.486  -1.962  -7.538 0.0000000000
58222  16.239  -0.428  -7.643 0.0000000000
57214  16.713  -1.293  -7.156 0.0000000000
56273  17.122  -2.200  -6.824 0.0000000000
119831  17.919  -2.251  -5.934 0.0000000000
57191  19.723  -1.980  -5.363 0.0000000000
57190  20.516  -1.824  -5.514 0.0000000000
57210  21.517  -1.235  -7.728 0.0000000000
57224  21.511  -1.956  -8.812 0.0000000000
56286  21.213  -2.664  -9.829 0.0000000000
65074  19.444  6.814  -11.162 0.0000000000
64144  20.679  6.449  -11.941 0.0000000000
112620  20.778  5.653  -12.580 0.0000000000
49342  17.449  -9.474  -1.450 0.0000000000
127144  18.025  -10.037  -1.099 0.0000000000
49355  19.910  -9.860  -2.542 0.0000000000
48372  20.161  -11.243  -2.908 0.0000000000
58234  14.768  -0.439  -8.738 0.0000000000
59215  14.994  0.138  -9.107 0.0000000000
59224  14.406  0.858  -9.312 0.0000000000
59214  15.635  0.435  -8.704 0.0000000000
59213  16.338  1.046  -8.550 0.0000000000
51318  21.766  -8.367  -4.771 0.0000000000
47245  13.462  -11.557  0.829 0.0000000000
47257  13.779  -11.859  0.302 0.0000000000
125012  14.447  -11.303  -0.578 0.0000000000
48339  14.835  -10.866  -0.981 0.0000000000
48356  15.246  -10.327  -1.467 0.0000000000
48373  15.637  -9.791  -1.958 0.0000000000
50352  13.995  -7.952  -3.048 0.0000000000
50340  14.237  -8.669  -2.819 0.0000000000
49358  14.499  -9.275  -2.466 0.0000000000
49357  15.239  -9.368  -2.598 0.0000000000
49356  16.819  -8.969  -2.033 0.0000000000
50337  17.183  -8.448  -2.474 0.0000000000
51312  17.451  -7.954  -2.752 0.0000000000
51311  17.978  -7.581  -2.651 0.0000000000
51320  19.528  -6.957  -2.857 0.0000000000
56232  11.429  -2.977  -3.046 0.0000000000
109220  12.201  -3.865  -3.509 0.0000000000
54342  12.706  -4.133  -4.425 0.0000000000
54333  13.211  -4.941  -4.456 0.0000000000
56276  13.634  -2.294  -6.994 0.0000000000
55349  13.787  -2.980  -7.084 0.0000000000
55340  13.806  -3.495  -6.602 0.0000000000
54367  15.419  -4.194  -7.279 0.0000000000
122130  13.977  -3.898  -6.108 0.0000000000
54359  14.275  -4.582  -6.059 0.0000000000
53346  14.590  -5.323  -5.902 0.0000000000
52367  16.175  -6.657  -5.606 0.0000000000
52358  16.917  -6.276  -5.185 0.0000000000
53342  17.008  -5.636  -5.631 0.0000000000
52347  19.836  -6.282  -3.370 0.0000000000
52346  20.771  -6.323  -3.858 0.0000000000
52356  21.224  -6.369  -4.522 0.0000000000
53341  21.683  -6.789  -5.869 0.0000000000
56252  20.869  -2.565  -5.546 0.0000000000
55325  21.103  -3.430  -5.826 0.0000000000
55345  21.383  -4.239  -7.790 0.0000000000
54366  21.514  -5.575  -7.798 0.0000000000
64141  16.903  5.902  -10.446 0.0000000000
122590  15.666  3.234  -9.605 0.0000000000
61186  17.691  2.550  -8.872 0.0000000000
60183  19.409  2.174  -8.049 0.0000000000
66106  19.046  7.840  -16.026 0.0000000000
104553  19.641  7.346  -15.188 0.0000000000
104813  19.828  6.553  -15.292 0.0000000000
104755  20.335  6.166  -14.424 0.0000000000
118217  20.584  5.804  -13.517 0.0000000000
63214  18.939  4.027  -15.430 0.0000000000
63204  20.744  4.837  -13.359 0.0000000000
63198  20.912  4.945  -12.378 0.0000000000
118898  20.958  4.500  -11.814 0.0000000000
62240  20.934  3.853  -11.347 0.0000000000
123116  21.019  3.198  -11.034 0.0000000000
61224  21.377  2.543  -12.277 0.0000000000
61209  20.685  2.321  -9.605 0.0000000000
60194  20.814  1.885  -8.856 0.0000000000
60182  20.312  2.001  -8.268 0.0000000000
60181  21.246  1.060  -8.897 0.0000000000
59221  21.480  0.295  -9.346 0.0000000000
58252  21.310  -0.359  -11.128 0.0000000000
58246  21.383  -0.881  -10.426 0.0000000000
57243  20.893  -2.601  -11.453 0.0000000000
56296  20.630  -3.633  -11.722 0.0000000000
57256  20.259  -2.261  -13.591 0.0000000000
56297  20.642  -3.286  -12.429 0.0000000000
55375  20.838  -4.140  -11.952 0.0000000000
46108  15.075  -12.481  0.736 0.0000000000
108217  16.649  -13.473  0.545 0.0000000000
47254  16.269  -11.846  0.281 0.0000000000
45078  17.371  -14.234  0.037 0.0000000000
44087  17.982  -14.695  -0.320 0.0000000000
45077  18.555  -14.510  -0.162 0.0000000000
48336  18.073  -10.764  -0.849 0.0000000000
119117  18.740  -12.799  -1.100 0.0000000000
46132  19.374  -13.038  -1.518 0.0000000000
45076  19.077  -14.169  -0.656 0.0000000000
45064  19.303  -14.168  0.265 0.0000000000
50347  21.894  -9.229  -4.856 0.0000000000
49363  21.871  -9.840  -4.413 0.0000000000
47282  21.025  -12.175  -2.583 0.0000000000
53344  15.347  -5.847  -6.055 0.0000000000
53353  16.059  -5.852  -6.475 0.0000000000
55311  11.833  -3.257  -3.447 0.0000000000
55327  19.396  -2.895  -5.044 0.0000000000
55339  14.288  -4.238  -6.710 0.0000000000
55347  14.814  -3.554  -7.394 0.0000000000
56275  14.008  -2.265  -7.427 0.0000000000
56305  20.629  -3.150  -13.351 0.0000000000
57203  19.865  -1.090  -5.655 0.0000000000
57212  19.530  -0.522  -6.120 0.0000000000
58206  20.946  -0.436  -6.595 0.0000000000
58219  19.769  0.124  -6.434 0.0000000000
59212  16.966  0.819  -8.064 0.0000000000
61196  20.341  2.627  -8.887 0.0000000000
62246  21.222  3.344  -12.646 0.0000000000
67040  18.943  8.878  -12.870 0.0000000000
67051  17.909  9.496  -13.739 0.0000000000
112640  21.553  -0.377  -8.965 0.0000000000
116753  15.337  -1.245  -7.877 0.0000000000
116970  20.860  1.423  -8.365 0.0000000000
125440  20.946  -8.805  -3.276 0.0000000000
126358  13.852  -7.439  -3.097 0.0000000000
126432  20.895  -9.974  -3.718 0.0000000000
127354  19.921  7.518  -12.758 0.0000000000
