#!ascii label  , from subject sub-v1s8x0051348_ses-1 vox2ras=TkReg
825
51305  13.054  -7.872  -1.346 0.2500000000
51304  13.397  -7.861  -1.919 0.2500000000
50328  13.398  -8.638  -1.672 0.7500000000
53314  12.107  -4.709  -2.067 0.2500000000
53313  12.473  -5.242  -2.360 0.3750000000
53307  12.404  -5.465  -1.886 0.2500000000
113928  12.766  -6.340  -1.763 0.2500000000
51314  13.152  -7.142  -1.777 0.3750000000
49359  13.902  -9.097  -2.227 0.8750000000
113693  12.667  -5.886  -2.148 0.3750000000
52339  13.146  -6.565  -2.293 0.8750000000
50351  14.585  -8.212  -3.473 1.0000000000
50352  13.995  -7.952  -3.048 1.0000000000
51313  13.548  -7.454  -2.509 0.8750000000
49358  14.499  -9.275  -2.466 1.0000000000
50341  13.734  -8.311  -2.402 0.8750000000
49357  15.239  -9.368  -2.598 1.0000000000
54328  11.606  -3.988  -2.315 0.2500000000
52351  13.193  -5.967  -2.940 0.8750000000
123003  14.323  -7.365  -3.694 1.0000000000
52350  13.919  -6.513  -3.796 1.0000000000
50338  15.668  -8.934  -3.212 1.0000000000
50339  14.883  -8.886  -3.136 1.0000000000
54327  12.136  -4.435  -2.684 0.6250000000
53323  13.548  -5.753  -4.043 1.0000000000
53324  12.886  -5.115  -3.265 0.8750000000
50357  15.569  -8.096  -4.329 1.0000000000
51323  14.987  -7.879  -4.173 1.0000000000
52361  14.470  -6.810  -4.350 1.0000000000
50349  16.059  -8.415  -3.857 1.0000000000
50350  15.310  -8.406  -3.704 1.0000000000
50337  17.183  -8.448  -2.474 1.0000000000
108414  16.370  -8.790  -2.987 1.0000000000
58197  11.978  -0.133  -5.100 0.2500000000
55302  11.298  -3.394  -2.460 0.2500000000
56232  11.429  -2.977  -3.046 0.3750000000
54334  11.639  -3.614  -2.760 0.5000000000
54342  12.706  -4.133  -4.425 1.0000000000
109220  12.201  -3.865  -3.509 0.6250000000
121385  12.626  -4.506  -3.615 1.0000000000
53334  14.630  -5.947  -5.379 1.0000000000
53335  14.026  -5.532  -5.013 1.0000000000
51330  16.074  -7.887  -4.659 1.0000000000
51331  15.423  -7.617  -4.718 1.0000000000
120718  15.058  -6.215  -5.513 1.0000000000
105070  16.727  -7.352  -4.224 1.0000000000
51312  17.451  -7.954  -2.752 1.0000000000
51322  17.257  -7.464  -3.278 1.0000000000
57193  12.591  -1.893  -5.592 0.5000000000
57179  11.380  -0.488  -4.525 0.3750000000
57180  10.751  -1.055  -3.727 0.3750000000
113184  11.463  -2.531  -3.623 0.5000000000
108304  12.111  -2.588  -4.766 0.5000000000
54350  12.820  -3.737  -5.210 0.8750000000
126949  13.103  -4.427  -5.112 1.0000000000
55330  13.321  -3.352  -5.831 1.0000000000
53345  14.987  -5.696  -5.913 1.0000000000
54349  13.788  -4.882  -5.406 1.0000000000
52367  16.175  -6.657  -5.606 1.0000000000
52357  17.744  -5.896  -4.135 1.0000000000
124241  17.027  -6.683  -4.464 1.0000000000
51321  18.206  -6.967  -2.894 0.8750000000
58196  12.501  -0.073  -5.622 0.5000000000
56258  12.159  -2.159  -5.026 0.5000000000
56267  12.899  -2.135  -5.960 0.6250000000
56266  13.338  -2.724  -6.399 0.6250000000
56256  12.872  -2.740  -5.788 1.0000000000
55331  12.515  -3.037  -5.348 0.7500000000
122130  13.977  -3.898  -6.108 1.0000000000
54341  17.413  -4.821  -5.587 1.0000000000
115651  16.037  -5.393  -6.792 1.0000000000
53354  15.535  -5.687  -6.569 1.0000000000
53355  15.094  -5.484  -6.485 1.0000000000
53342  17.008  -5.636  -5.631 1.0000000000
53343  16.426  -6.071  -5.968 1.0000000000
52373  15.823  -6.152  -6.133 1.0000000000
53333  17.617  -5.384  -4.932 0.8750000000
52358  16.917  -6.276  -5.185 1.0000000000
52348  18.569  -6.319  -3.391 0.8750000000
57205  12.937  -1.389  -6.230 0.5000000000
57204  13.287  -1.810  -6.590 0.8750000000
55346  15.668  -3.022  -7.298 1.0000000000
55348  14.209  -3.683  -7.130 1.0000000000
54355  16.776  -4.711  -6.465 1.0000000000
55338  16.200  -3.746  -7.098 1.0000000000
54358  14.755  -4.968  -6.633 1.0000000000
56255  17.663  -3.271  -6.255 1.0000000000
121883  18.960  -4.759  -4.260 1.0000000000
55329  17.526  -3.951  -5.955 1.0000000000
54340  18.393  -4.570  -4.664 1.0000000000
58211  13.239  -0.914  -6.883 0.5000000000
57218  13.746  -1.489  -7.373 0.8750000000
57215  15.939  -1.302  -7.625 1.0000000000
56274  14.919  -2.558  -7.511 1.0000000000
119008  14.523  -2.152  -7.553 1.0000000000
57213  18.282  -1.178  -6.062 1.0000000000
56273  17.122  -2.200  -6.824 1.0000000000
57191  19.723  -1.980  -5.363 1.0000000000
119831  17.919  -2.251  -5.934 1.0000000000
56264  17.349  -2.970  -6.676 1.0000000000
123712  20.061  -3.213  -4.695 1.0000000000
56254  18.974  -2.403  -5.412 1.0000000000
55316  19.189  -3.686  -4.690 0.8750000000
61200  15.324  2.505  -9.538 1.0000000000
61201  14.336  2.561  -9.393 0.3750000000
60195  15.688  1.728  -9.340 0.8750000000
115933  15.714  -0.178  -8.283 1.0000000000
121394  17.857  -0.526  -6.328 1.0000000000
58221  17.152  -0.340  -6.951 1.0000000000
62224  16.202  3.469  -9.663 0.8750000000
61199  16.228  2.558  -9.473 1.0000000000
60186  16.392  1.734  -9.044 1.0000000000
61187  16.889  2.320  -9.185 1.0000000000
115181  16.191  0.345  -8.120 1.0000000000
58220  18.035  0.208  -6.660 1.0000000000
59202  18.545  0.745  -7.283 1.0000000000
107718  18.757  -0.282  -6.222 1.0000000000
62223  16.434  4.209  -9.746 0.7500000000
61186  17.691  2.550  -8.872 1.0000000000
60184  18.306  2.059  -8.131 1.0000000000
60167  18.988  1.488  -7.616 1.0000000000
61197  18.118  3.222  -9.338 1.0000000000
67042  17.399  9.118  -12.340 0.1250000000
67976  16.961  9.778  -11.655 0.1250000000
67041  18.327  8.786  -12.393 0.2500000000
67982  17.900  9.125  -12.934 0.1250000000
67050  18.983  8.676  -13.769 0.3750000000
67051  17.909  9.496  -13.739 0.2500000000
67056  19.058  8.166  -14.811 0.5000000000
67057  18.423  8.906  -14.481 0.2500000000
105049  16.108  9.523  -14.037 0.2500000000
68002  17.574  9.658  -14.701 0.2500000000
125537  17.197  10.090  -15.367 0.2500000000
67061  18.321  8.668  -15.405 0.2500000000
106529  18.341  8.500  -16.849 0.2500000000
67062  17.538  9.328  -15.981 0.2500000000
104566  18.550  7.544  -17.602 0.3750000000
67069  17.898  8.166  -18.700 0.2500000000
105292  12.881  -7.247  -1.379 0.1250000000
49356  16.819  -8.969  -2.033 1.0000000000
56276  13.634  -2.294  -6.994 0.8750000000
56265  16.681  -3.009  -7.055 1.0000000000
51297  12.830  -8.106  -0.669 0.1250000000
49346  13.292  -9.162  -1.107 0.6250000000
48358  13.867  -10.254  -1.360 0.7500000000
53308  11.477  -4.958  -0.557 0.1250000000
48357  14.473  -10.321  -1.470 1.0000000000
126922  12.265  -6.117  -0.527 0.1250000000
48374  14.831  -9.793  -1.989 1.0000000000
49343  16.518  -9.618  -1.695 1.0000000000
50327  17.838  -8.880  -1.761 1.0000000000
56233  9.940  -2.472  -2.373 0.3750000000
58177  10.727  0.319  -4.156 0.2500000000
57155  9.888  -1.690  -2.935 0.2500000000
51310  18.982  -7.675  -2.520 0.8750000000
53322  19.006  -5.657  -3.728 0.8750000000
53331  19.621  -5.071  -4.011 0.8750000000
62215  12.957  3.508  -8.395 0.1250000000
61202  13.312  2.502  -8.944 0.1250000000
58212  13.074  -0.691  -6.644 0.3750000000
58235  14.068  -0.390  -8.561 0.6250000000
125888  19.594  -2.462  -5.214 1.0000000000
54339  19.509  -4.445  -4.355 0.8750000000
122590  15.666  3.234  -9.605 0.8750000000
60197  14.037  1.760  -9.391 0.3750000000
59224  14.406  0.858  -9.312 0.8750000000
108013  19.049  -0.956  -5.956 1.0000000000
57211  20.267  -0.403  -6.278 1.0000000000
58218  20.687  0.179  -6.777 1.0000000000
61198  16.985  3.158  -9.556 1.0000000000
59201  19.883  0.794  -7.239 1.0000000000
123874  17.910  4.561  -9.738 0.8750000000
62221  19.544  4.033  -9.429 1.0000000000
61185  18.790  2.710  -8.674 1.0000000000
119214  19.864  1.546  -7.781 1.0000000000
66078  18.190  7.936  -11.078 0.1250000000
65074  19.444  6.814  -11.162 0.6250000000
66096  19.530  8.027  -13.035 0.6250000000
66101  20.168  6.991  -14.356 0.5000000000
115414  16.694  9.563  -13.384 0.2500000000
104553  19.641  7.346  -15.188 0.5000000000
68004  15.063  10.046  -14.155 0.2500000000
68003  16.076  10.049  -14.522 0.2500000000
66106  19.046  7.840  -16.026 0.5000000000
104886  19.271  6.974  -16.564 0.5000000000
69005  16.842  10.706  -15.687 0.1250000000
68014  17.336  9.258  -17.771 0.2500000000
67076  16.668  8.608  -19.747 0.2500000000
108734  18.325  6.774  -18.519 0.3750000000
67075  17.516  7.749  -20.407 0.2500000000
68015  16.285  10.222  -18.043 0.1250000000
50319  13.024  -8.573  -0.845 0.5000000000
49345  13.657  -9.507  -1.593 0.7500000000
49344  14.177  -9.734  -1.894 1.0000000000
52338  13.630  -6.895  -3.070 1.0000000000
50340  14.237  -8.669  -2.819 1.0000000000
116693  16.028  -9.354  -2.529 1.0000000000
105323  14.261  -6.203  -4.614 1.0000000000
50348  16.542  -7.911  -3.906 1.0000000000
51332  14.850  -7.262  -4.563 1.0000000000
123023  14.757  -6.579  -4.951 1.0000000000
105191  16.777  -8.186  -3.241 1.0000000000
56246  11.798  -2.678  -3.842 0.5000000000
55320  12.293  -3.292  -4.383 0.8750000000
54333  13.211  -4.941  -4.456 1.0000000000
51337  15.821  -7.209  -5.157 1.0000000000
52360  15.221  -6.907  -5.097 1.0000000000
52368  15.568  -6.478  -5.584 1.0000000000
52359  16.425  -7.141  -4.998 1.0000000000
52349  17.501  -6.705  -3.674 1.0000000000
56257  12.487  -2.385  -5.416 0.6250000000
112099  13.614  -4.109  -5.591 1.0000000000
55340  13.806  -3.495  -6.602 1.0000000000
53346  14.590  -5.323  -5.902 1.0000000000
54359  14.275  -4.582  -6.059 1.0000000000
51320  19.528  -6.957  -2.857 0.8750000000
55349  13.787  -2.980  -7.084 1.0000000000
54368  14.729  -4.409  -7.098 1.0000000000
54348  18.104  -3.983  -5.138 1.0000000000
53352  16.601  -5.475  -6.237 1.0000000000
54357  15.308  -5.128  -6.944 1.0000000000
54356  16.112  -4.609  -7.023 1.0000000000
53332  18.470  -5.139  -4.221 0.8750000000
111566  16.303  -2.140  -7.308 1.0000000000
119274  14.341  -2.907  -7.377 1.0000000000
54367  15.419  -4.194  -7.279 1.0000000000
55337  16.965  -3.793  -6.744 1.0000000000
55328  18.398  -3.215  -5.497 1.0000000000
58223  13.552  -0.567  -7.726 0.6250000000
57228  14.074  -1.041  -8.062 0.7500000000
57217  14.342  -1.564  -7.770 1.0000000000
57216  14.898  -1.569  -7.810 1.0000000000
57226  15.072  -0.899  -8.339 1.0000000000
107778  15.486  -1.962  -7.538 1.0000000000
57225  15.525  -0.741  -8.111 1.0000000000
58222  16.239  -0.428  -7.643 1.0000000000
57214  16.713  -1.293  -7.156 1.0000000000
57192  18.918  -1.606  -5.579 1.0000000000
112008  17.494  -1.273  -6.502 1.0000000000
59223  15.259  0.939  -9.258 1.0000000000
60196  14.866  1.665  -9.522 0.7500000000
58233  15.272  -0.351  -8.643 1.0000000000
58232  16.707  0.236  -7.534 1.0000000000
59215  14.994  0.138  -9.107 1.0000000000
59214  15.635  0.435  -8.704 1.0000000000
112995  17.463  4.009  -9.666 0.8750000000
59222  15.846  1.186  -8.925 1.0000000000
60185  17.200  1.704  -8.510 1.0000000000
59203  17.886  1.290  -7.738 1.0000000000
58231  17.491  0.516  -7.355 1.0000000000
59213  16.338  1.046  -8.550 1.0000000000
115594  18.998  0.449  -6.687 1.0000000000
62213  19.239  3.319  -9.131 1.0000000000
62222  18.556  3.944  -9.488 1.0000000000
67027  17.287  9.116  -10.873 0.1250000000
67033  18.218  8.428  -11.776 0.1250000000
67034  17.527  8.773  -11.326 0.1250000000
67983  16.582  9.802  -12.936 0.2500000000
67981  18.548  9.108  -13.310 0.2500000000
66085  19.046  8.246  -12.285 0.5000000000
104552  19.609  7.741  -14.094 0.5000000000
104567  17.521  6.962  -19.730 0.2500000000
111702  12.852  -8.520  0.082 0.1250000000
50309  12.884  -8.681  0.003 0.1250000000
49328  13.449  -9.871  -0.929 0.7500000000
60187  12.844  1.977  -8.644 0.5000000000
57227  14.584  -0.957  -8.249 0.8750000000
58234  14.768  -0.439  -8.738 0.8750000000
59225  13.470  1.439  -9.047 0.7500000000
106948  13.755  0.532  -8.871 0.8750000000
108290  14.426  0.074  -9.006 1.0000000000
62220  20.096  4.029  -9.600 1.0000000000
61184  19.826  2.717  -8.640 1.0000000000
65073  20.119  7.081  -11.714 0.7500000000
66084  19.864  7.731  -12.215 0.7500000000
66077  19.106  7.601  -11.623 0.5000000000
66095  20.017  7.329  -13.371 0.7500000000
45080  15.838  -13.383  1.067 0.7500000000
44088  17.326  -15.057  0.146 0.7500000000
46090  14.832  -12.939  1.233 0.7500000000
46109  14.074  -12.516  0.754 0.7500000000
45078  17.371  -14.234  0.037 0.7500000000
46107  16.092  -12.551  0.663 0.7500000000
46108  15.075  -12.481  0.736 0.7500000000
46106  17.158  -12.849  0.250 0.7500000000
48340  14.189  -10.829  -0.930 0.7500000000
47269  15.268  -11.417  -0.310 0.7500000000
125012  14.447  -11.303  -0.578 0.8750000000
46122  18.064  -12.821  -0.448 0.7500000000
47268  17.204  -11.714  0.033 0.7500000000
48338  15.743  -10.783  -0.801 0.8750000000
48356  15.246  -10.327  -1.467 0.8750000000
47267  18.118  -11.692  -0.518 0.7500000000
48337  16.996  -10.789  -0.500 0.7500000000
48336  18.073  -10.764  -0.849 0.7500000000
48354  17.207  -10.090  -1.069 0.8750000000
117137  19.327  -10.447  -2.086 0.8750000000
49341  18.444  -9.725  -1.488 0.8750000000
49354  20.627  -10.398  -3.366 0.3750000000
50335  19.593  -8.664  -2.340 0.7500000000
50336  18.277  -8.231  -2.183 0.7500000000
48385  21.238  -10.325  -3.888 0.5000000000
105306  20.543  -9.319  -3.086 0.5000000000
50334  20.357  -8.087  -2.838 0.7500000000
49367  22.144  -9.047  -4.962 0.1250000000
50347  21.894  -9.229  -4.856 0.3750000000
123104  21.271  -8.495  -3.782 0.6250000000
50345  22.701  -8.879  -4.340 0.1250000000
50346  22.166  -9.019  -5.241 0.1250000000
51318  21.766  -8.367  -4.771 0.1250000000
51329  22.163  -8.348  -5.813 0.1250000000
52346  20.771  -6.323  -3.858 0.6250000000
53330  20.677  -5.627  -4.205 0.6250000000
51328  22.159  -8.641  -5.865 0.1250000000
51336  22.032  -7.869  -6.419 0.1250000000
108744  21.696  -7.132  -5.355 0.1250000000
53329  21.278  -5.944  -4.957 0.5000000000
123021  20.619  -4.877  -4.547 0.7500000000
51327  22.480  -7.564  -4.965 0.1250000000
53341  21.683  -6.789  -5.869 0.5000000000
54346  21.305  -5.382  -5.645 0.5000000000
125452  20.783  -4.243  -4.911 0.6250000000
55315  20.198  -3.910  -4.585 0.7500000000
63184  16.803  5.034  -9.904 0.6250000000
64141  16.903  5.902  -10.446 0.5000000000
54354  21.290  -4.444  -6.239 0.6250000000
56252  20.869  -2.565  -5.546 0.6250000000
56253  20.242  -2.578  -5.083 0.8750000000
119716  21.419  -4.662  -7.055 0.5000000000
55325  21.103  -3.430  -5.826 0.6250000000
56263  21.246  -2.725  -6.385 0.6250000000
57189  21.116  -1.824  -6.102 0.7500000000
64129  17.872  5.253  -10.052 0.7500000000
57190  20.516  -1.824  -5.514 0.8750000000
59200  20.972  0.581  -7.447 0.8750000000
60166  20.551  1.195  -7.869 0.8750000000
58217  21.344  -0.181  -7.208 0.8750000000
60165  21.164  0.847  -8.110 0.8750000000
55345  21.383  -4.239  -7.790 0.3750000000
55336  21.377  -3.696  -6.743 0.5000000000
56272  21.431  -3.040  -7.325 0.5000000000
106578  21.382  -2.015  -6.992 0.6250000000
54375  21.392  -5.435  -8.745 0.2500000000
117165  21.489  -2.445  -8.011 0.5000000000
64140  18.138  6.083  -10.448 0.6250000000
64139  19.404  5.960  -10.697 0.7500000000
63183  18.813  4.645  -9.670 0.8750000000
64128  18.957  5.312  -10.146 0.7500000000
63182  19.677  4.670  -9.786 0.8750000000
60183  19.409  2.174  -8.049 0.8750000000
60194  20.814  1.885  -8.856 0.7500000000
60181  21.246  1.060  -8.897 0.8750000000
57210  21.517  -1.235  -7.728 0.6250000000
112243  21.550  -0.298  -8.084 0.7500000000
107983  21.405  -3.381  -8.201 0.3750000000
56281  21.368  -3.223  -9.086 0.5000000000
58241  21.487  -0.405  -9.725 0.7500000000
55355  21.360  -4.249  -8.849 0.2500000000
121504  18.783  6.627  -10.700 0.6250000000
63190  19.800  5.219  -10.235 0.8750000000
106197  20.336  3.202  -9.542 0.8750000000
63195  20.627  4.623  -10.983 0.7500000000
61209  20.685  2.321  -9.605 0.8750000000
120963  21.397  0.843  -9.708 0.7500000000
58230  21.562  -1.007  -8.618 0.5000000000
56290  21.009  -3.560  -10.863 0.2500000000
56286  21.213  -2.664  -9.829 0.5000000000
57224  21.511  -1.956  -8.812 0.5000000000
55360  21.144  -4.462  -9.871 0.2500000000
109116  20.703  5.426  -11.638 0.7500000000
118898  20.958  4.500  -11.814 0.7500000000
62239  21.276  3.212  -11.776 0.7500000000
62240  20.934  3.853  -11.347 0.7500000000
63198  20.912  4.945  -12.378 0.7500000000
123116  21.019  3.198  -11.034 0.7500000000
60211  21.404  1.380  -11.183 0.7500000000
61217  21.278  2.372  -11.311 0.7500000000
58252  21.310  -0.359  -11.128 0.5000000000
125554  21.264  0.111  -11.685 0.3750000000
59236  21.396  0.534  -11.068 0.6250000000
116239  21.188  -1.409  -11.281 0.3750000000
65078  20.329  7.089  -12.505 0.6250000000
64144  20.679  6.449  -11.941 0.7500000000
112620  20.778  5.653  -12.580 0.7500000000
62247  20.993  4.208  -12.608 0.7500000000
126189  21.114  3.144  -13.264 0.7500000000
60216  21.307  1.992  -12.773 0.6250000000
126757  21.272  0.976  -12.287 0.3750000000
56296  20.630  -3.633  -11.722 0.1250000000
57250  20.548  -2.502  -12.735 0.1250000000
57249  20.707  -1.914  -12.053 0.2500000000
64148  20.566  6.329  -12.782 0.6250000000
118217  20.584  5.804  -13.517 0.7500000000
63204  20.744  4.837  -13.359 0.6250000000
62255  20.816  3.724  -13.488 0.7500000000
60217  21.056  1.189  -12.881 0.3750000000
61230  21.260  2.649  -13.065 0.3750000000
61224  21.377  2.543  -12.277 0.7500000000
58259  20.603  -0.515  -12.909 0.2500000000
59242  21.047  0.317  -12.400 0.3750000000
118810  21.386  1.606  -12.076 0.6250000000
56305  20.629  -3.150  -13.351 0.1250000000
57256  20.259  -2.261  -13.591 0.1250000000
56297  20.642  -3.286  -12.429 0.1250000000
65085  20.374  6.617  -13.488 0.6250000000
104755  20.335  6.166  -14.424 0.6250000000
63213  20.035  4.212  -14.395 0.3750000000
113595  20.283  5.245  -14.392 0.3750000000
62264  20.319  3.385  -14.209 0.3750000000
118081  19.190  0.738  -15.170 0.2500000000
60222  21.005  1.979  -13.450 0.3750000000
61231  20.819  2.815  -13.777 0.3750000000
115438  19.949  -1.529  -14.144 0.1250000000
59250  20.580  0.348  -13.324 0.3750000000
55399  21.671  -3.976  -14.342 0.1250000000
118059  20.373  -1.239  -13.434 0.1250000000
104729  19.243  6.235  -16.240 0.3750000000
63214  18.939  4.027  -15.430 0.3750000000
104547  19.429  4.883  -15.200 0.3750000000
61241  19.157  2.568  -15.077 0.3750000000
62265  19.451  3.380  -14.787 0.3750000000
60229  19.014  1.660  -15.189 0.3750000000
60228  19.909  1.345  -14.593 0.3750000000
61240  20.027  2.725  -14.432 0.3750000000
117313  20.310  -2.364  -15.616 0.1250000000
58273  19.715  -0.755  -14.595 0.1250000000
59256  19.351  -0.067  -15.002 0.2500000000
56318  20.333  -2.914  -14.953 0.1250000000
123145  16.978  4.807  -16.680 0.2500000000
62274  16.863  3.017  -16.759 0.2500000000
104548  17.523  4.027  -16.284 0.3750000000
104549  18.425  4.690  -16.143 0.3750000000
60238  17.165  0.769  -16.814 0.1250000000
62273  18.352  3.223  -15.672 0.3750000000
60237  17.877  0.983  -15.827 0.1250000000
57281  19.732  -1.137  -16.709 0.1250000000
104561  18.337  6.011  -17.358 0.3750000000
104562  18.943  5.499  -16.140 0.3750000000
63221  16.431  4.167  -17.183 0.2500000000
120799  16.744  1.476  -17.272 0.1250000000
61263  16.401  2.485  -18.010 0.1250000000
60248  17.120  0.783  -17.279 0.1250000000
60257  17.206  1.017  -17.365 0.1250000000
58288  21.140  -1.862  -16.854 0.1250000000
59270  19.481  -0.602  -17.036 0.1250000000
109326  18.119  2.874  -17.976 0.1250000000
60247  19.332  0.527  -17.062 0.1250000000
61261  19.076  1.891  -17.316 0.1250000000
122082  21.314  -0.413  -16.716 0.1250000000
58297  21.171  -1.046  -16.778 0.1250000000
48355  16.177  -10.262  -1.306 0.8750000000
54347  21.043  -4.096  -5.408 0.6250000000
57201  21.250  -1.053  -6.711 0.8750000000
63189  20.211  4.675  -10.179 0.8750000000
64138  20.248  5.393  -10.768 0.7500000000
62231  20.521  3.766  -10.406 0.8750000000
61218  20.726  2.756  -10.414 0.7500000000
60204  21.102  1.887  -10.452 0.7500000000
57233  21.476  -1.319  -9.562 0.5000000000
58246  21.383  -0.881  -10.426 0.5000000000
59221  21.480  0.295  -9.346 0.7500000000
57237  21.286  -2.058  -10.576 0.5000000000
57274  19.845  -1.374  -15.892 0.1250000000
60256  18.121  0.761  -17.345 0.1250000000
51319  20.971  -7.249  -3.434 0.5000000000
52347  19.836  -6.282  -3.370 0.6250000000
110329  21.587  -5.679  -6.874 0.3750000000
53367  21.678  -6.438  -8.648 0.2500000000
59211  21.439  0.340  -8.496 0.7500000000
59262  18.800  0.176  -15.784 0.1250000000
54382  21.476  -6.340  -9.654 0.1250000000
44077  15.574  -15.229  1.734 0.7500000000
105147  15.046  -14.345  1.845 0.7500000000
46091  14.042  -13.165  1.449 0.7500000000
44076  17.121  -15.583  0.611 0.7500000000
45079  16.696  -14.527  0.483 0.7500000000
47270  13.950  -11.386  -0.403 0.6250000000
47256  14.422  -11.898  0.003 0.7500000000
45088  18.059  -13.939  -0.420 0.6250000000
119117  18.740  -12.799  -1.100 0.6250000000
47285  18.962  -11.989  -1.508 0.6250000000
48352  19.483  -11.702  -2.354 0.5000000000
47299  20.664  -11.921  -3.067 0.3750000000
48372  20.161  -11.243  -2.908 0.5000000000
48384  21.507  -10.564  -3.795 0.1250000000
123399  22.414  -9.925  -4.110 0.1250000000
49362  22.310  -9.428  -4.611 0.1250000000
105240  22.987  -7.837  -3.535 0.1250000000
52344  23.091  -6.998  -3.992 0.1250000000
116286  22.825  -6.701  -4.773 0.1250000000
52355  22.263  -7.820  -5.960 0.1250000000
52365  22.290  -7.124  -6.333 0.1250000000
52366  21.990  -7.850  -6.396 0.1250000000
107736  21.830  -7.083  -6.849 0.1250000000
54366  21.514  -5.575  -7.798 0.2500000000
124497  18.077  6.824  -10.604 0.5000000000
109969  21.186  -5.529  -10.325 0.1250000000
112871  21.249  -5.237  -9.523 0.2500000000
54394  21.274  -5.195  -11.506 0.1250000000
55375  20.838  -4.140  -11.952 0.1250000000
55384  21.331  -3.578  -12.942 0.1250000000
65065  18.589  7.238  -10.918 0.3750000000
55390  21.795  -4.154  -13.906 0.1250000000
118956  21.698  -3.458  -14.725 0.1250000000
56310  22.180  -3.591  -14.216 0.1250000000
57273  21.284  -2.454  -16.434 0.1250000000
104688  22.163  -2.113  -16.732 0.1250000000
67984  16.165  10.255  -13.381 0.1250000000
104568  17.149  5.056  -18.581 0.2500000000
63233  17.039  4.359  -18.428 0.1250000000
104790  18.780  4.380  -18.670 0.1250000000
114917  20.388  1.367  -16.646 0.1250000000
60246  20.366  0.377  -16.617 0.1250000000
57288  21.817  -1.421  -17.523 0.1250000000
59269  20.791  -0.272  -16.600 0.1250000000
51311  17.978  -7.581  -2.651 0.7500000000
119707  15.479  4.187  -9.570 0.3750000000
49342  17.449  -9.474  -1.450 0.8750000000
48339  14.835  -10.866  -0.981 0.8750000000
48373  15.637  -9.791  -1.958 0.8750000000
53321  20.013  -5.699  -3.714 0.6250000000
57202  20.733  -1.052  -6.068 0.8750000000
62212  20.032  3.390  -9.086 0.8750000000
60182  20.312  2.001  -8.268 0.8750000000
104813  19.828  6.553  -15.292 0.3750000000
104565  18.605  6.532  -17.423 0.3750000000
116754  17.800  6.418  -20.084 0.1250000000
104560  17.719  5.940  -18.963 0.2500000000
45067  15.078  -13.621  1.568 0.7500000000
45066  15.971  -14.766  1.057 0.7500000000
44089  16.741  -15.309  0.537 0.7500000000
108217  16.649  -13.473  0.545 0.7500000000
47255  15.415  -12.002  0.317 0.7500000000
47254  16.269  -11.846  0.281 0.7500000000
48341  13.717  -10.631  -0.639 0.6250000000
120338  16.294  -11.249  -0.193 0.8750000000
48353  18.731  -10.755  -1.527 0.7500000000
127144  18.025  -10.037  -1.099 0.8750000000
49340  19.006  -9.211  -1.843 0.7500000000
48371  20.939  -11.089  -3.480 0.2500000000
49355  19.910  -9.860  -2.542 0.6250000000
49353  21.262  -9.542  -4.007 0.5000000000
49363  21.871  -9.840  -4.413 0.2500000000
50356  22.148  -8.810  -5.352 0.2500000000
51317  22.501  -8.096  -4.637 0.1250000000
52345  21.513  -7.266  -4.569 0.5000000000
125285  22.085  -8.126  -6.217 0.1250000000
52356  21.224  -6.369  -4.522 0.5000000000
55326  20.715  -3.332  -4.932 0.6250000000
59199  21.370  0.293  -7.807 0.7500000000
64145  20.173  6.192  -11.328 0.6250000000
60193  21.107  1.521  -9.642 0.7500000000
122659  21.076  -3.811  -10.133 0.3750000000
59232  21.441  0.166  -10.262 0.6250000000
112760  21.396  1.068  -10.388 0.7500000000
55374  20.893  -4.536  -11.216 0.1250000000
55365  20.988  -4.700  -10.717 0.2500000000
112662  21.164  -5.530  -10.836 0.1250000000
121445  21.180  3.844  -12.033 0.7500000000
59241  21.367  0.814  -11.788 0.6250000000
58258  20.969  -0.730  -12.020 0.3750000000
57243  20.893  -2.601  -11.453 0.1250000000
57244  20.508  -2.865  -12.106 0.1250000000
116544  20.572  -1.492  -12.772 0.1250000000
116040  20.538  1.203  -13.799 0.3750000000
110822  20.430  2.029  -14.158 0.3750000000
58265  20.281  -0.542  -13.793 0.2500000000
56311  20.404  -3.158  -14.215 0.1250000000
55400  21.121  -3.471  -14.652 0.1250000000
104563  19.773  5.728  -15.247 0.3750000000
59255  20.063  0.322  -14.380 0.2500000000
57263  19.926  -2.396  -14.496 0.1250000000
57264  19.629  -1.756  -14.988 0.1250000000
61251  18.054  2.217  -15.865 0.3750000000
125201  19.747  2.081  -14.680 0.3750000000
122945  19.869  -2.406  -14.994 0.1250000000
57280  20.464  -1.838  -16.419 0.1250000000
58274  19.440  -0.679  -15.452 0.1250000000
56317  21.175  -3.066  -15.466 0.1250000000
104550  16.686  4.929  -17.588 0.2500000000
104792  17.250  5.461  -18.149 0.2500000000
104559  16.242  3.315  -17.737 0.2500000000
59263  17.754  -0.012  -16.497 0.1250000000
58290  18.791  -0.525  -17.169 0.1250000000
58281  18.874  -0.547  -16.482 0.1250000000
58289  20.137  -1.285  -16.743 0.1250000000
104804  16.506  4.239  -18.030 0.1250000000
118225  16.870  2.690  -18.237 0.1250000000
61269  17.420  1.821  -17.906 0.1250000000
58298  17.748  -0.336  -17.361 0.1250000000
58291  17.736  -0.462  -17.220 0.1250000000
62293  18.743  3.691  -17.980 0.1250000000
62294  17.559  3.839  -18.435 0.1250000000
43098  16.414  -15.769  1.114 0.7500000000
45068  14.312  -13.815  1.791 0.7500000000
119993  14.841  -14.815  2.144 0.7500000000
48324  13.487  -11.003  0.230 0.5000000000
47257  13.779  -11.859  0.302 0.6250000000
47300  20.069  -12.187  -2.831 0.5000000000
52372  22.023  -7.351  -6.862 0.1250000000
53351  22.155  -7.174  -7.095 0.1250000000
119710  21.722  -1.939  -17.149 0.1250000000
44078  14.159  -14.325  2.111 0.7500000000
124265  13.734  -12.706  1.246 0.5000000000
43087  16.418  -16.155  1.790 0.6250000000
44062  17.626  -15.452  1.276 0.3750000000
45065  18.731  -14.469  0.926 0.2500000000
44075  17.924  -15.128  0.321 0.3750000000
122199  18.515  -14.308  -0.582 0.5000000000
46121  18.823  -13.716  -0.941 0.5000000000
46132  19.374  -13.038  -1.518 0.3750000000
44061  18.220  -15.000  2.302 0.5000000000
43085  17.512  -15.662  2.254 0.6250000000
47284  19.735  -12.584  -2.297 0.5000000000
113657  16.114  -16.902  3.363 0.6250000000
109442  13.406  -12.871  1.733 0.3750000000
45069  13.476  -13.636  2.073 0.3750000000
42135  16.128  -16.591  2.543 0.6250000000
43099  15.891  -16.064  1.940 0.6250000000
44063  14.183  -14.939  2.477 0.6250000000
43074  18.096  -15.265  3.333 0.3750000000
43075  17.387  -15.869  3.066 0.5000000000
115304  13.555  -12.242  1.178 0.2500000000
44045  18.678  -14.493  3.143 0.3750000000
45064  19.303  -14.168  0.265 0.2500000000
45041  18.857  -14.282  2.222 0.2500000000
46120  19.501  -13.583  -1.103 0.3750000000
47283  20.356  -12.482  -2.554 0.2500000000
59129  8.735  0.029  -2.458 0.1250000000
47298  21.503  -11.248  -3.174 0.2500000000
59216  13.075  1.254  -8.455 0.3750000000
58224  13.120  -0.041  -7.369 0.2500000000
62225  14.826  3.421  -9.384 0.2500000000
59154  10.862  1.301  -4.113 0.1250000000
56234  9.362  -1.147  -2.418 0.2500000000
49329  13.139  -9.237  -0.373 0.2500000000
59204  13.376  0.346  -8.097 0.3750000000
43086  16.975  -16.041  1.374 0.6250000000
44087  17.982  -14.695  -0.320 0.5000000000
48342  13.351  -10.039  -0.033 0.2500000000
43088  15.100  -15.448  2.383 0.6250000000
47245  13.462  -11.557  0.829 0.3750000000
43076  16.796  -16.189  2.318 0.6250000000
110160  18.291  -14.857  1.419 0.2500000000
45052  19.388  -13.835  1.543 0.2500000000
45077  18.555  -14.510  -0.162 0.3750000000
45076  19.077  -14.169  -0.656 0.3750000000
42141  15.363  -16.237  2.732 0.6250000000
43066  17.647  -15.873  3.949 0.3750000000
42123  16.792  -16.420  3.378 0.5000000000
46105  19.741  -13.742  -0.267 0.2500000000
46119  20.051  -12.949  -1.780 0.2500000000
57114  9.584  -0.770  -1.630 0.1250000000
42126  14.674  -17.037  4.165 0.5000000000
113530  17.206  -16.447  4.459 0.2500000000
42114  16.818  -16.934  5.031 0.3750000000
42124  16.436  -16.897  4.135 0.5000000000
42137  14.703  -16.428  3.496 0.5000000000
124187  13.937  -16.935  4.620 0.3750000000
43077  13.691  -15.605  3.709 0.5000000000
43089  14.446  -15.576  3.000 0.5000000000
43090  13.483  -14.925  3.112 0.3750000000
42116  12.794  -16.289  5.928 0.1250000000
42127  13.337  -16.465  4.832 0.3750000000
44064  12.862  -14.320  3.141 0.2500000000
41195  13.053  -17.561  7.277 0.1250000000
41218  13.123  -17.043  5.837 0.2500000000
115573  14.849  -17.600  5.390 0.3750000000
41217  15.602  -17.551  5.451 0.3750000000
41224  15.183  -17.389  4.744 0.5000000000
41209  12.770  -16.972  6.934 0.1250000000
41226  13.608  -17.047  5.218 0.3750000000
43059  12.532  -15.474  5.689 0.1250000000
44031  12.138  -14.022  3.977 0.1250000000
44079  13.437  -14.318  2.574 0.3750000000
42136  15.558  -16.795  3.242 0.5000000000
45053  12.788  -13.774  2.752 0.2500000000
45070  12.767  -13.077  2.485 0.2500000000
43058  17.819  -15.803  4.957 0.2500000000
125363  15.156  -16.928  3.666 0.5000000000
42138  13.899  -16.358  4.206 0.5000000000
42125  15.619  -17.143  3.948 0.3750000000
41216  16.044  -17.297  4.781 0.3750000000
41225  14.348  -17.348  4.951 0.3750000000
43067  13.024  -15.718  4.466 0.2500000000
123493  12.557  -14.803  3.889 0.1250000000
41219  12.794  -16.826  6.376 0.1250000000
42105  12.612  -16.236  6.846 0.1250000000
42115  13.084  -16.585  5.385 0.2500000000
124309  12.666  -15.851  6.235 0.1250000000
42128  12.727  -15.979  5.180 0.1250000000
44046  12.391  -13.936  3.372 0.1250000000
41208  13.188  -17.342  6.510 0.1250000000
41207  14.076  -17.584  5.926 0.3750000000
114431  16.428  -17.326  5.625 0.2500000000
43068  12.255  -15.244  4.810 0.1250000000
122710  12.197  -14.574  4.516 0.1250000000
40246  14.679  -18.208  6.734 0.2500000000
106414  15.128  -17.920  6.015 0.2500000000
42104  17.158  -16.944  5.897 0.2500000000
41194  13.814  -17.895  6.873 0.1250000000
48325  13.221  -10.155  0.928 0.1250000000
116104  15.720  5.108  -9.922 0.1250000000
63191  15.865  5.860  -10.326 0.1250000000
65066  17.166  6.672  -10.538 0.1250000000
64130  15.289  6.607  -10.175 0.1250000000
65067  16.127  6.595  -10.477 0.1250000000
65075  17.712  7.371  -10.555 0.1250000000
63185  15.020  5.144  -9.488 0.1250000000
66069  16.616  7.172  -10.283 0.1250000000
126701  16.450  7.507  -9.684 0.1250000000
48317  13.316  -10.653  1.613 0.1250000000
60172  12.621  2.000  -8.251 0.1250000000
63186  14.382  4.401  -8.911 0.1250000000
64131  15.131  5.882  -9.950 0.1250000000
64115  15.031  6.403  -9.595 0.1250000000
65045  16.070  7.354  -9.564 0.1250000000
109155  16.883  8.276  -9.227 0.1250000000
66068  17.331  7.766  -9.834 0.1250000000
62226  13.822  3.501  -8.828 0.1250000000
49319  13.084  -9.328  0.519 0.1250000000
47246  13.324  -11.518  1.655 0.1250000000
59205  12.909  0.997  -7.954 0.1250000000
48316  13.333  -11.006  1.034 0.1250000000
49300  13.325  -9.798  1.658 0.1250000000
65056  15.797  7.127  -10.015 0.1250000000
65046  15.385  7.021  -9.705 0.1250000000
65037  15.889  6.566  -7.764 0.1250000000
43065  18.272  -15.251  4.458 0.1250000000
44044  19.098  -13.967  3.660 0.1250000000
118718  18.994  -13.977  3.031 0.1250000000
46089  19.916  -13.499  0.900 0.1250000000
46088  20.335  -12.932  0.431 0.1250000000
46104  20.189  -13.182  -0.762 0.1250000000
115647  21.267  -11.538  0.680 0.1250000000
47253  20.728  -12.292  0.012 0.1250000000
47252  21.301  -11.828  -0.456 0.1250000000
116651  20.701  -12.701  -2.120 0.1250000000
48335  21.810  -11.287  -0.964 0.1250000000
48351  21.777  -11.562  -2.119 0.1250000000
41206  16.815  -17.381  6.430 0.1250000000
107115  16.008  -17.675  6.213 0.1250000000
42103  17.796  -16.515  6.215 0.1250000000
43057  18.540  -15.402  5.345 0.1250000000
44029  19.338  -14.170  4.520 0.1250000000
44010  18.924  -14.785  4.935 0.1250000000
45040  20.264  -12.923  3.677 0.1250000000
109938  20.390  -12.466  2.371 0.1250000000
46074  20.319  -12.600  1.531 0.1250000000
47243  21.310  -11.486  1.685 0.1250000000
48323  21.895  -10.932  0.236 0.1250000000
48350  22.238  -10.961  -2.507 0.1250000000
48334  22.407  -10.678  -1.463 0.1250000000
115195  22.243  -10.591  -0.465 0.1250000000
44030  18.666  -14.573  4.056 0.1250000000
47265  21.268  -12.158  -1.614 0.1250000000
114017  19.466  -13.433  2.928 0.1250000000
47266  20.694  -12.602  -1.183 0.1250000000
42113  17.484  -16.418  5.413 0.1250000000
42112  18.121  -15.951  5.796 0.1250000000
46075  19.821  -12.952  2.059 0.1250000000
47244  20.731  -12.050  1.108 0.1250000000
48322  22.547  -10.198  0.269 0.1250000000
41191  17.279  -17.523  7.199 0.1250000000
41204  18.144  -16.769  6.804 0.1250000000
45025  19.732  -13.530  4.084 0.1250000000
49327  22.648  -9.949  -0.529 0.1250000000
47282  21.025  -12.175  -2.583 0.2500000000
53344  15.347  -5.847  -6.055 1.0000000000
53353  16.059  -5.852  -6.475 1.0000000000
55311  11.833  -3.257  -3.447 0.6250000000
55327  19.396  -2.895  -5.044 1.0000000000
55339  14.288  -4.238  -6.710 1.0000000000
55347  14.814  -3.554  -7.394 1.0000000000
55391  21.189  -3.771  -14.010 0.1250000000
55398  21.846  -4.033  -14.220 0.1250000000
56212  9.200  -1.427  -1.987 0.2500000000
56247  11.756  -2.350  -4.300 0.3750000000
56275  14.008  -2.265  -7.427 1.0000000000
57115  8.756  -0.811  -1.974 0.1250000000
57116  8.531  -0.570  -2.005 0.1250000000
57203  19.865  -1.090  -5.655 0.8750000000
57212  19.530  -0.522  -6.120 1.0000000000
58124  8.863  0.173  -1.586 0.1250000000
58125  8.551  -0.337  -2.080 0.1250000000
58139  8.648  -0.658  -2.077 0.1250000000
58153  9.913  -0.440  -3.325 0.1250000000
58154  9.190  -0.353  -2.640 0.1250000000
58176  11.499  0.707  -4.456 0.1250000000
58206  20.946  -0.436  -6.595 1.0000000000
58219  19.769  0.124  -6.434 1.0000000000
58292  17.517  -0.299  -17.343 0.1250000000
59118  8.646  0.370  -2.348 0.1250000000
59119  8.579  -0.098  -2.257 0.1250000000
59140  9.409  0.385  -3.134 0.1250000000
59212  16.966  0.819  -8.064 1.0000000000
59264  17.290  -0.146  -17.186 0.1250000000
59277  18.367  -0.320  -17.442 0.1250000000
59278  17.662  -0.091  -17.549 0.1250000000
59279  17.414  -0.106  -17.347 0.1250000000
60084  8.961  1.095  -2.662 0.1250000000
60258  16.610  1.671  -17.727 0.1250000000
61196  20.341  2.627  -8.887 1.0000000000
61252  16.919  1.754  -16.665 0.1250000000
61262  16.398  2.267  -17.493 0.1250000000
61270  16.607  1.869  -18.068 0.1250000000
62246  21.222  3.344  -12.646 0.7500000000
62295  16.621  3.528  -18.117 0.1250000000
67040  18.943  8.878  -12.870 0.2500000000
67993  15.549  9.648  -13.982 0.2500000000
69006  16.430  10.976  -17.075 0.1250000000
104551  17.485  5.347  -16.938 0.2500000000
108660  21.417  -6.443  -10.472 0.1250000000
112640  21.553  -0.377  -8.965 0.7500000000
116753  15.337  -1.245  -7.877 1.0000000000
116970  20.860  1.423  -8.365 0.8750000000
119570  22.198  -1.072  -18.362 0.1250000000
120921  9.486  -1.928  -2.205 0.2500000000
121969  15.482  9.722  -14.153 0.2500000000
122128  9.094  0.700  -2.950 0.1250000000
124210  16.828  10.133  -16.567 0.2500000000
125440  20.946  -8.805  -3.276 0.7500000000
126358  13.852  -7.439  -3.097 1.0000000000
126432  20.895  -9.974  -3.718 0.5000000000
127354  19.921  7.518  -12.758 0.7500000000
