#!ascii label  , from subject sub-v1s8x0051348_ses-1 vox2ras=TkReg
1171
2012  21.272  -77.646  16.654 0.5000000000
7217  23.287  -65.059  18.094 0.6000000238
122569  22.473  -65.069  18.142 0.6000000238
7218  22.014  -64.795  18.698 0.6000000238
6701  22.490  -65.348  17.101 0.6999999881
7219  21.251  -64.926  18.426 0.6000000238
6711  23.598  -65.119  15.679 0.6999999881
126493  22.171  -65.362  16.348 0.6000000238
4256  21.661  -69.996  20.690 0.5000000000
4291  22.381  -70.852  16.969 0.6000000238
4284  22.312  -70.698  18.176 0.6000000238
4272  21.633  -70.583  19.781 0.5000000000
107297  22.094  -71.344  15.980 0.5000000000
4303  21.715  -71.281  16.416 0.4000000060
3827  21.518  -71.011  18.566 0.5000000000
122853  21.761  -63.022  23.323 0.5000000000
2708  22.539  -74.790  17.272 0.4000000060
8242  21.990  -62.819  22.734 0.5000000000
108008  21.319  -62.643  23.089 0.5000000000
7721  22.810  -63.258  21.530 0.6000000238
7730  23.295  -63.703  20.743 0.6000000238
7216  24.248  -64.803  18.623 0.6000000238
110569  24.832  -64.878  17.850 0.6999999881
118389  22.805  -64.743  18.964 0.6000000238
7233  24.016  -65.122  17.574 0.6999999881
7242  26.106  -64.709  15.627 0.6000000238
6700  24.401  -65.133  16.431 0.6999999881
7255  26.414  -64.376  14.836 0.6000000238
7256  25.360  -64.435  14.849 0.6000000238
7243  24.440  -64.807  15.197 0.6999999881
7778  25.902  -63.992  14.569 0.6999999881
6690  21.066  -65.482  17.411 0.6000000238
4671  22.150  -68.922  21.477 0.5000000000
4271  22.444  -70.013  19.969 0.6000000238
4687  22.267  -69.424  20.890 0.5000000000
4290  23.007  -70.691  16.426 0.6000000238
4283  23.133  -70.473  17.744 0.6999999881
110903  22.161  -70.532  19.123 0.6000000238
3443  22.013  -71.452  15.954 0.4000000060
118711  23.585  -64.067  22.412 0.5000000000
7151  23.059  -63.749  22.786 0.5000000000
2003  22.165  -76.691  16.759 0.5000000000
7702  23.377  -63.538  22.096 0.5000000000
124622  25.119  -64.501  20.264 0.6999999881
7720  23.557  -63.636  21.458 0.6000000238
7193  25.465  -64.574  19.597 0.6999999881
105706  24.622  -64.440  19.710 0.6000000238
7719  24.071  -63.892  21.026 0.6000000238
113393  25.031  -64.622  18.937 0.6999999881
7194  23.682  -64.595  19.279 0.6000000238
7232  25.440  -64.848  16.805 0.6000000238
7241  26.971  -64.595  15.331 0.6000000238
7777  27.050  -64.260  14.889 0.6000000238
7766  27.438  -63.892  15.198 0.6999999881
7258  22.803  -64.530  15.322 0.6999999881
6703  20.693  -65.671  16.401 0.5000000000
109174  24.513  -64.255  14.757 0.6999999881
7257  23.688  -64.467  15.075 0.6999999881
115005  21.964  -65.237  15.834 0.6000000238
4685  23.912  -69.124  20.115 0.5000000000
4686  23.100  -69.345  20.455 0.5000000000
5174  22.873  -68.883  21.199 0.5000000000
4717  23.699  -69.972  18.704 0.6999999881
4703  23.379  -69.700  19.616 0.6000000238
111525  23.620  -70.610  15.989 0.5000000000
123946  23.607  -70.508  16.950 0.6999999881
4282  24.001  -70.188  17.780 0.6999999881
4270  22.879  -70.289  18.948 0.6000000238
3442  22.703  -71.354  15.681 0.4000000060
3855  23.279  -71.014  15.448 0.4000000060
4301  23.075  -70.882  15.647 0.5000000000
7150  23.887  -64.755  22.361 0.5000000000
7164  25.060  -64.686  20.809 0.5000000000
6653  24.843  -65.243  21.450 0.5000000000
7165  24.506  -64.427  21.272 0.5000000000
120495  26.370  -64.712  19.430 0.6000000238
7180  24.592  -64.287  20.584 0.5000000000
7214  26.789  -64.505  18.444 0.6999999881
117479  27.971  -64.393  17.495 0.6000000238
109388  27.199  -64.453  17.427 0.6999999881
7215  25.799  -64.569  18.436 0.6999999881
7229  28.290  -64.356  16.517 0.6000000238
7231  26.385  -64.611  17.225 0.6999999881
7774  29.477  -63.738  15.436 0.6999999881
7230  27.505  -64.460  16.295 0.6000000238
123848  26.849  -64.608  16.275 0.6000000238
8351  29.105  -63.181  15.844 0.6000000238
7775  28.710  -63.843  15.623 0.6999999881
7776  27.619  -64.078  15.271 0.6999999881
8334  29.300  -62.205  16.349 0.6000000238
124292  28.659  -63.474  15.792 0.6999999881
120983  21.500  -64.321  15.470 0.6000000238
8335  28.610  -62.896  16.186 0.6999999881
7780  24.084  -63.888  14.710 0.6999999881
6726  21.880  -64.794  15.541 0.6000000238
8903  28.943  -61.524  17.038 0.6999999881
125402  28.792  -62.226  16.687 0.6000000238
8336  27.860  -63.216  16.110 0.8000000119
8337  27.013  -63.384  15.776 0.6999999881
8338  25.960  -63.347  15.372 0.6999999881
7779  24.921  -63.943  14.555 0.6999999881
5173  23.627  -68.702  20.804 0.6000000238
4724  24.775  -70.018  17.661 0.6999999881
4716  24.513  -69.696  18.525 0.6999999881
4702  24.211  -69.417  19.344 0.6000000238
4300  24.294  -70.583  15.807 0.5000000000
4288  24.957  -70.323  16.735 0.6999999881
3854  24.068  -71.060  15.141 0.4000000060
4315  23.741  -70.856  15.406 0.5000000000
6159  24.645  -66.312  21.620 0.5000000000
6160  24.079  -66.671  22.001 0.5000000000
6158  25.231  -65.971  21.250 0.5000000000
6667  26.435  -65.217  20.074 0.6000000238
6673  27.973  -64.957  18.919 0.6000000238
7192  26.927  -65.051  19.670 0.6999999881
7179  25.719  -64.841  20.243 0.6999999881
7212  28.382  -64.658  18.233 0.6999999881
7191  27.204  -64.744  19.114 0.6999999881
7228  29.199  -64.494  16.926 0.6000000238
123355  28.643  -64.506  17.522 0.6000000238
7213  27.607  -64.551  18.376 0.6999999881
7262  30.070  -64.041  14.956 0.6999999881
7252  29.694  -64.253  15.442 0.6999999881
7238  29.431  -64.417  15.951 0.6999999881
8342  21.367  -62.831  15.828 0.6000000238
8907  30.356  -62.220  15.230 0.6000000238
8349  30.186  -63.232  15.094 0.6999999881
7239  28.602  -64.225  15.888 0.6999999881
10010  29.513  -59.688  15.421 0.6000000238
9454  29.836  -60.670  15.673 0.6000000238
9453  30.342  -61.197  15.146 0.6000000238
8350  29.738  -62.711  15.645 0.6000000238
120299  21.988  -63.224  15.499 0.6000000238
9449  29.494  -61.141  16.404 0.6000000238
8908  29.926  -61.683  15.845 0.6000000238
8339  24.826  -62.982  15.659 0.6999999881
8340  23.891  -62.897  15.559 0.6000000238
8354  23.569  -63.431  15.135 0.6999999881
7781  22.235  -63.951  15.262 0.6000000238
10004  29.419  -60.298  16.150 0.6000000238
8893  28.338  -61.498  17.672 0.8000000119
8320  27.406  -62.601  16.824 0.8000000119
8353  24.388  -63.493  14.900 0.6999999881
8319  28.240  -62.306  16.946 0.8000000119
4701  25.027  -69.158  19.110 0.6999999881
5188  24.651  -68.802  19.789 0.6999999881
5172  24.346  -68.471  20.463 0.6999999881
5153  23.430  -68.150  21.529 0.6000000238
4287  25.765  -70.258  16.728 0.6999999881
5152  24.089  -68.133  21.040 0.6000000238
4298  25.998  -70.548  15.832 0.6000000238
5637  24.231  -67.361  21.468 0.5000000000
6176  25.002  -66.853  21.084 0.5000000000
9400  20.896  -60.071  21.095 0.6000000238
6175  25.690  -66.278  20.718 0.5000000000
9410  20.414  -60.221  20.407 0.5000000000
6174  26.398  -66.062  20.312 0.5000000000
8851  21.565  -61.530  19.581 0.6000000238
6186  28.120  -65.839  19.117 0.6999999881
6675  26.953  -65.772  19.886 0.6000000238
6688  28.753  -65.385  18.495 0.6999999881
6674  27.463  -65.391  19.438 0.6999999881
8879  22.055  -62.131  18.814 0.6000000238
118885  29.887  -64.697  16.736 0.6999999881
7211  29.106  -64.834  17.915 0.6000000238
7773  30.534  -63.682  14.425 0.6999999881
7251  30.204  -64.424  15.136 0.6999999881
8325  22.513  -62.593  16.889 0.6000000238
120594  22.540  -62.411  18.108 0.6000000238
8358  30.702  -62.774  14.574 0.6000000238
8309  23.413  -62.474  17.841 0.6000000238
8326  21.441  -62.565  16.590 0.6000000238
9458  30.625  -60.786  14.328 0.6000000238
8307  25.217  -62.424  17.874 0.6999999881
8324  23.488  -62.640  16.584 0.6000000238
106483  22.119  -62.801  15.801 0.6000000238
9459  30.094  -60.234  14.838 0.6000000238
127494  27.903  -61.466  18.191 0.6000000238
8876  27.343  -61.761  18.384 0.6000000238
8306  26.109  -62.360  17.765 0.6999999881
8323  24.689  -62.581  16.981 0.6000000238
8341  23.018  -62.837  15.713 0.6000000238
9988  28.227  -60.735  18.142 0.6000000238
8305  26.968  -62.282  17.755 0.8000000119
9443  28.694  -60.629  17.470 0.6000000238
8894  27.698  -62.055  17.711 0.6999999881
8321  26.536  -62.726  16.647 0.8000000119
111037  25.317  -69.486  18.340 0.6999999881
5187  25.399  -68.491  19.536 0.6999999881
4731  26.600  -70.159  16.728 0.6999999881
4723  25.543  -69.870  17.540 0.6999999881
5171  25.051  -68.147  20.187 0.6000000238
5657  24.680  -67.736  20.785 0.6000000238
108933  21.780  -59.657  22.127 0.6000000238
107011  20.921  -59.502  22.130 0.6000000238
9952  21.163  -59.771  21.665 0.6000000238
9953  20.458  -59.536  21.456 0.6000000238
5656  25.390  -67.329  20.498 0.6000000238
123587  21.578  -60.459  20.886 0.5000000000
6201  27.907  -66.918  18.908 0.6999999881
6188  26.748  -66.681  19.806 0.6999999881
9408  22.480  -60.704  20.803 0.4000000060
111708  21.639  -60.932  20.382 0.5000000000
6687  29.415  -65.426  17.991 0.6999999881
6200  28.660  -66.462  18.595 0.8000000119
8849  23.119  -61.198  20.408 0.5000000000
8865  23.128  -61.607  19.805 0.6000000238
6723  30.188  -64.691  15.882 0.6999999881
6710  30.352  -65.237  16.924 0.6999999881
8293  23.984  -62.200  18.808 0.6999999881
8294  23.041  -62.148  18.958 0.6000000238
115296  31.241  -63.275  13.498 0.6999999881
7268  30.915  -63.941  13.654 0.6999999881
8863  25.411  -61.739  19.488 0.5000000000
8915  31.615  -61.911  13.150 0.6000000238
8361  31.255  -62.450  13.870 0.6000000238
108111  30.928  -63.266  14.007 0.6999999881
8292  24.872  -62.205  18.788 0.6999999881
8916  31.192  -61.341  13.807 0.6000000238
8912  30.820  -61.775  14.561 0.6000000238
8877  26.595  -61.912  18.676 0.5000000000
8878  25.728  -62.138  18.717 0.6000000238
9996  28.349  -59.781  17.712 0.6000000238
9433  27.705  -61.037  18.670 0.5000000000
4714  26.809  -69.255  17.986 0.6999999881
118696  26.531  -68.849  18.471 0.6999999881
5186  26.026  -68.180  19.370 0.6000000238
5671  25.735  -67.800  19.900 0.6000000238
9925  21.558  -59.448  22.805 0.4000000060
10502  20.604  -59.292  22.877 0.5000000000
5670  26.400  -67.535  19.574 0.6000000238
9951  22.729  -59.798  22.085 0.5000000000
10511  19.260  -59.103  21.806 0.6000000238
5683  27.552  -67.837  18.623 0.6999999881
5655  26.077  -66.965  20.162 0.6000000238
9398  23.092  -60.303  21.502 0.5000000000
6199  29.355  -66.101  18.198 0.6999999881
9407  23.571  -60.805  20.903 0.4000000060
6732  31.280  -64.862  14.530 0.6999999881
6721  31.356  -65.408  15.541 0.6999999881
6708  31.305  -65.943  16.235 0.6999999881
8848  23.965  -61.389  20.238 0.6000000238
7267  31.461  -64.125  13.262 0.6999999881
6722  30.704  -64.820  15.226 0.6999999881
109534  30.859  -65.329  16.199 0.6999999881
8847  25.045  -61.315  20.224 0.5000000000
114890  23.728  -61.820  19.497 0.5000000000
8360  31.575  -62.852  13.048 0.6000000238
7787  31.495  -63.614  13.049 0.6999999881
125955  31.069  -64.396  13.828 0.6999999881
7261  30.612  -64.363  14.464 0.6999999881
8846  26.056  -61.145  20.010 0.5000000000
9463  31.432  -60.959  13.066 0.5000000000
4713  27.521  -69.105  17.805 0.6999999881
5197  27.187  -68.631  18.344 0.6999999881
9924  22.246  -59.305  23.496 0.4000000060
5196  27.976  -68.424  18.085 0.6999999881
5198  26.674  -68.174  18.932 0.6999999881
116898  21.403  -59.268  23.611 0.4000000060
10503  19.788  -59.153  22.550 0.6000000238
5691  29.297  -67.559  17.756 0.8000000119
5682  28.486  -67.514  18.293 0.6999999881
6218  31.460  -66.718  16.413 0.6000000238
6210  30.320  -66.709  17.314 0.6000000238
9903  17.719  -59.364  23.996 0.6000000238
6709  30.788  -66.139  16.852 0.6000000238
120531  31.678  -64.533  13.728 0.6000000238
8364  32.381  -62.776  12.112 0.6000000238
9898  15.931  -59.822  24.577 0.5000000000
8365  31.940  -62.442  12.488 0.6000000238
7794  31.921  -63.198  12.518 0.6999999881
8921  31.863  -61.544  12.479 0.5000000000
109954  28.775  -68.315  17.699 0.6999999881
10474  21.395  -58.976  24.481 0.4000000060
5690  30.055  -67.465  17.335 0.8000000119
10497  19.885  -59.148  23.417 0.5000000000
5698  30.864  -67.303  16.889 0.8000000119
10476  19.332  -58.973  24.931 0.4000000060
117414  19.965  -59.091  24.385 0.4000000060
118970  18.384  -59.117  24.656 0.4000000060
10498  19.214  -59.163  24.007 0.5000000000
7273  32.609  -63.753  12.612 0.6000000238
6731  32.204  -65.101  14.355 0.6000000238
6720  32.024  -65.568  15.141 0.6999999881
123350  17.793  -58.825  25.325 0.4000000060
7793  32.447  -63.288  12.297 0.6000000238
7786  31.940  -63.752  12.717 0.6000000238
9905  16.222  -59.336  24.833 0.4000000060
9904  16.698  -59.375  24.243 0.6000000238
8920  32.333  -62.067  12.042 0.5000000000
8927  32.158  -61.219  11.937 0.5000000000
10453  21.451  -58.594  25.445 0.4000000060
5204  29.660  -68.342  17.251 0.8000000119
120947  20.021  -58.863  25.133 0.4000000060
112419  30.422  -68.070  17.000 0.6999999881
10455  19.656  -58.689  25.680 0.4000000060
6223  32.475  -66.502  15.448 0.6000000238
6737  32.573  -64.677  13.698 0.6000000238
6227  32.746  -65.914  14.832 0.6000000238
10445  17.603  -58.488  26.063 0.4000000060
10457  17.051  -58.676  25.423 0.4000000060
122215  32.765  -62.406  11.769 0.6000000238
109350  16.341  -58.948  25.672 0.4000000060
8926  32.777  -61.727  11.570 0.4000000060
127241  21.802  -58.328  25.993 0.4000000060
5697  31.620  -67.632  16.355 0.6999999881
124898  19.954  -58.512  26.157 0.4000000060
5706  33.040  -66.760  15.064 0.6999999881
5703  32.126  -67.087  15.981 0.6000000238
10443  19.427  -58.456  26.367 0.4000000060
7266  33.025  -64.274  13.114 0.6000000238
6736  33.530  -65.045  13.580 0.6000000238
10446  16.663  -58.552  26.035 0.4000000060
8370  32.923  -62.857  11.850 0.6000000238
9892  16.308  -58.464  26.720 0.3000000119
8925  33.402  -62.253  11.383 0.4000000060
121274  33.449  -61.336  10.968 0.4000000060
112536  34.237  -61.259  10.487 0.4000000060
10433  19.362  -58.086  27.149 0.4000000060
11000  17.744  -58.122  26.943 0.4000000060
7272  33.542  -63.874  12.563 0.6000000238
7799  33.689  -62.852  11.653 0.6000000238
7798  34.747  -62.996  11.448 0.6000000238
8375  34.149  -61.830  10.822 0.4000000060
8374  34.879  -62.030  10.693 0.5000000000
9476  34.797  -60.774  9.941 0.4000000060
10977  14.193  -57.066  28.619 0.3000000119
8931  34.899  -61.443  10.290 0.4000000060
117856  20.862  -55.799  27.822 0.4000000060
117120  15.527  -55.557  28.204 0.3000000119
11514  11.717  -56.914  28.006 0.4000000060
117965  22.092  -54.900  27.414 0.4000000060
121728  19.858  -55.365  28.071 0.4000000060
12076  16.862  -54.839  28.158 0.3000000119
111312  17.894  -55.137  28.278 0.3000000119
11512  13.637  -56.520  28.509 0.3000000119
117723  14.735  -55.619  28.229 0.3000000119
11513  12.712  -56.863  28.468 0.3000000119
12613  20.773  -54.443  27.575 0.4000000060
12614  19.952  -54.665  27.728 0.4000000060
117480  19.087  -55.052  28.099 0.4000000060
12078  15.073  -54.850  28.019 0.3000000119
12079  14.211  -54.970  28.011 0.3000000119
11033  10.403  -57.961  23.091 0.4000000060
11570  10.343  -57.259  23.037 0.3000000119
117068  10.190  -56.314  23.537 0.3000000119
12080  13.364  -55.197  27.890 0.3000000119
11528  12.265  -56.147  27.847 0.3000000119
13160  19.346  -54.087  27.436 0.4000000060
12615  18.433  -54.259  27.640 0.4000000060
12616  17.474  -54.219  27.674 0.3000000119
12617  16.447  -54.013  27.548 0.3000000119
12618  15.444  -54.124  27.623 0.3000000119
11541  10.727  -57.325  25.251 0.3000000119
119337  13.649  -54.413  27.403 0.3000000119
11569  10.740  -57.187  22.945 0.3000000119
12620  12.760  -54.843  27.194 0.3000000119
12119  11.509  -56.133  22.667 0.4000000060
11568  11.150  -56.329  22.761 0.3000000119
115793  11.774  -55.791  22.479 0.3000000119
123719  10.903  -55.743  22.860 0.3000000119
13161  18.004  -53.689  27.112 0.4000000060
13162  17.247  -53.564  26.964 0.4000000060
13163  15.744  -53.518  27.083 0.3000000119
11556  10.796  -57.409  24.019 0.4000000060
13164  14.907  -53.647  27.174 0.3000000119
12103  11.526  -55.931  24.792 0.3000000119
12109  11.529  -56.310  23.307 0.4000000060
12108  12.047  -55.483  24.298 0.4000000060
12131  12.354  -55.402  21.863 0.3000000119
13177  16.072  -53.264  26.290 0.4000000060
13178  15.207  -53.318  26.450 0.4000000060
13180  13.550  -53.876  26.574 0.3000000119
12637  13.293  -53.935  25.518 0.3000000119
12638  12.643  -54.656  25.042 0.3000000119
12647  12.639  -55.105  23.799 0.3000000119
12661  13.408  -55.107  22.249 0.5000000000
122977  12.049  -55.920  22.810 0.4000000060
12118  12.091  -55.758  22.208 0.4000000060
12676  11.920  -54.270  22.086 0.3000000119
108321  16.990  -53.292  26.138 0.4000000060
13194  16.540  -53.305  25.332 0.4000000060
13195  15.566  -53.258  25.535 0.3000000119
106588  14.641  -53.758  23.876 0.3000000119
118644  15.301  -53.804  23.009 0.3000000119
13240  15.949  -53.833  22.035 0.3000000119
13197  13.921  -53.495  25.820 0.3000000119
13215  14.004  -53.559  24.812 0.3000000119
13230  13.805  -54.227  23.657 0.3000000119
105738  14.910  -54.191  22.041 0.3000000119
13241  14.849  -54.459  20.990 0.3000000119
114379  13.261  -54.298  24.432 0.3000000119
12675  13.340  -55.251  21.081 0.3000000119
12137  12.919  -55.290  21.227 0.3000000119
13243  11.796  -53.188  22.585 0.3000000119
13813  19.520  -52.650  25.884 0.3000000119
13814  18.787  -53.001  25.344 0.3000000119
13211  17.900  -53.595  24.022 0.3000000119
13238  17.849  -53.494  22.629 0.3000000119
13250  16.366  -53.478  21.455 0.3000000119
13193  17.540  -53.353  25.080 0.3000000119
13227  17.543  -53.708  23.180 0.3000000119
13228  16.425  -53.602  23.319 0.3000000119
13239  17.050  -53.506  22.370 0.3000000119
13251  15.496  -54.048  20.730 0.3000000119
13252  14.719  -54.675  20.012 0.3000000119
12674  14.086  -55.009  20.436 0.3000000119
13265  14.236  -54.399  19.687 0.3000000119
12685  12.592  -54.952  21.227 0.3000000119
13254  12.882  -54.309  20.906 0.3000000119
15055  20.501  -51.264  26.106 0.3000000119
14414  19.114  -52.294  24.955 0.3000000119
13825  18.539  -52.906  24.501 0.3000000119
13226  18.100  -53.555  23.375 0.3000000119
13843  17.885  -52.548  22.294 0.3000000119
13854  15.929  -53.298  20.493 0.3000000119
13862  14.625  -53.710  19.573 0.3000000119
13863  13.890  -53.555  19.945 0.3000000119
13845  12.114  -52.523  22.553 0.3000000119
13852  17.342  -52.289  21.582 0.3000000119
13853  16.659  -52.495  20.936 0.3000000119
14463  14.784  -52.504  19.695 0.3000000119
14453  13.494  -52.052  20.932 0.3000000119
13855  13.159  -53.301  20.875 0.3000000119
112193  12.698  -52.139  21.863 0.3000000119
14452  17.025  -51.455  21.208 0.3000000119
14461  16.316  -51.459  20.505 0.3000000119
13860  15.920  -52.382  20.114 0.3000000119
15097  17.769  -50.731  22.270 0.3000000119
15776  17.153  -49.592  21.401 0.3000000119
14462  15.571  -51.428  20.016 0.3000000119
14464  14.250  -51.578  20.392 0.3000000119
15110  13.531  -50.491  21.285 0.3000000119
14454  12.830  -50.887  21.958 0.3000000119
2011  22.091  -77.609  16.487 0.5000000000
2336  21.391  -75.703  17.019 0.5000000000
116031  21.562  -74.727  16.913 0.4000000060
110765  23.405  -65.301  16.794 0.6999999881
6724  23.035  -64.924  15.416 0.6999999881
3433  21.908  -72.126  15.979 0.4000000060
116855  22.251  -75.756  17.142 0.5000000000
7240  27.666  -64.244  15.531 0.6000000238
6652  25.451  -65.321  20.849 0.5000000000
7254  28.208  -64.049  15.604 0.6000000238
5681  29.139  -66.883  18.173 0.8000000119
5669  27.154  -67.288  19.274 0.6999999881
6699  30.007  -65.889  17.579 0.6000000238
9467  31.563  -60.671  12.348 0.5000000000
10477  17.267  -58.997  24.785 0.4000000060
9474  31.814  -60.376  11.742 0.5000000000
7792  33.140  -63.310  12.140 0.6000000238
9473  32.604  -60.839  11.412 0.4000000060
6730  33.128  -65.428  14.235 0.6000000238
7265  34.039  -64.640  13.000 0.6000000238
11001  17.019  -57.715  27.202 0.3000000119
8369  34.240  -62.394  11.173 0.4000000060
117620  20.509  -55.219  27.851 0.4000000060
13176  18.101  -53.313  26.071 0.3000000119
14413  19.809  -51.599  25.528 0.3000000119
120740  33.803  -67.753  13.999 0.5000000000
5216  32.639  -68.292  15.364 0.5000000000
5210  31.738  -68.364  16.129 0.6999999881
4726  31.502  -68.920  16.089 0.6999999881
4721  29.018  -69.058  17.210 0.6000000238
5705  33.415  -67.440  14.675 0.5000000000
5702  32.754  -67.476  15.397 0.6000000238
106008  31.094  -68.363  16.557 0.6000000238
4730  27.427  -70.018  16.728 0.6000000238
4722  26.320  -69.754  17.448 0.6000000238
4734  31.390  -69.541  15.531 0.6999999881
4728  29.268  -69.630  16.556 0.6000000238
4729  28.337  -69.735  16.795 0.6000000238
109263  30.084  -69.480  16.390 0.6999999881
5212  29.692  -69.089  16.887 0.6000000238
126446  27.733  -69.523  17.283 0.6000000238
5708  33.954  -66.979  14.040 0.5000000000
4307  30.822  -70.163  14.945 0.6999999881
4736  29.641  -70.056  15.869 0.6999999881
4296  27.828  -70.379  15.984 0.6000000238
125149  31.436  -69.872  14.732 0.6000000238
4735  30.510  -69.861  15.736 0.6999999881
4295  28.757  -70.233  15.984 0.6000000238
110608  32.406  -69.468  13.856 0.6000000238
6229  34.455  -66.616  13.368 0.5000000000
6230  33.900  -65.977  13.916 0.5000000000
4318  31.053  -70.208  14.097 0.6999999881
4309  29.103  -70.466  15.214 0.6000000238
4297  26.903  -70.470  15.905 0.6000000238
6739  35.548  -65.811  11.950 0.5000000000
6735  34.399  -65.601  13.280 0.5000000000
7276  36.058  -64.536  11.403 0.5000000000
6740  34.916  -65.210  12.641 0.5000000000
7802  36.221  -63.037  10.669 0.4000000060
7197  20.735  -64.479  19.053 0.4000000060
7196  21.524  -64.368  19.281 0.4000000060
7195  22.323  -64.311  19.526 0.5000000000
7743  22.643  -63.853  20.187 0.5000000000
115115  21.235  -63.326  20.393 0.5000000000
7277  35.210  -63.873  11.848 0.5000000000
110651  22.524  -63.461  20.745 0.5000000000
121675  19.208  -62.479  22.846 0.6000000238
7797  35.933  -63.594  11.207 0.4000000060
8274  21.290  -62.560  21.726 0.5000000000
8258  19.867  -62.437  22.753 0.5000000000
112212  20.220  -63.828  19.470 0.5000000000
7731  20.510  -63.236  20.164 0.5000000000
7732  19.601  -63.168  19.953 0.5000000000
8284  20.051  -62.644  20.686 0.5000000000
8285  19.198  -62.652  20.604 0.5000000000
8283  20.910  -62.768  20.897 0.5000000000
8276  19.599  -62.427  21.373 0.5000000000
111067  19.304  -62.416  22.153 0.5000000000
8275  20.436  -62.459  21.508 0.5000000000
7801  37.178  -63.249  10.167 0.4000000060
124712  35.440  -62.851  11.029 0.4000000060
109695  36.492  -62.396  10.290 0.4000000060
6714  20.400  -65.587  15.954 0.5000000000
7733  18.361  -62.974  20.402 0.5000000000
7271  34.595  -64.258  12.426 0.5000000000
8368  34.917  -62.478  11.026 0.4000000060
7769  20.844  -64.201  15.641 0.5000000000
7770  20.123  -64.043  16.003 0.5000000000
7771  18.979  -64.625  16.494 0.5000000000
7245  20.175  -65.121  15.830 0.5000000000
8373  35.573  -62.389  10.655 0.4000000060
8343  20.616  -63.128  16.018 0.5000000000
118002  19.523  -63.968  16.393 0.5000000000
8327  19.946  -62.336  16.821 0.5000000000
8345  19.025  -63.407  16.892 0.5000000000
7248  18.022  -66.032  16.376 0.4000000060
8895  19.912  -61.884  17.480 0.5000000000
7761  18.412  -63.836  17.117 0.6000000238
7234  18.032  -64.876  16.850 0.6000000238
8311  20.681  -62.267  17.494 0.5000000000
8881  20.169  -61.674  18.338 0.5000000000
8896  19.249  -61.714  17.460 0.5000000000
8329  18.233  -62.678  17.358 0.6000000238
7762  17.669  -63.617  17.447 0.6000000238
7236  16.535  -65.174  17.474 0.6000000238
6706  16.734  -66.308  16.909 0.5000000000
6206  15.264  -66.897  17.460 0.5000000000
6207  14.477  -67.192  17.897 0.5000000000
8880  21.066  -62.032  18.645 0.5000000000
8867  20.521  -61.375  19.283 0.5000000000
8868  19.669  -61.036  18.948 0.5000000000
8883  18.656  -61.007  17.855 0.5000000000
9434  18.930  -60.615  18.567 0.6000000238
8330  17.311  -62.569  17.679 0.6000000238
7223  16.268  -64.054  18.097 0.6000000238
125459  16.077  -65.766  17.433 0.6000000238
6694  15.426  -65.801  17.777 0.5000000000
126329  12.545  -63.289  21.125 0.5000000000
6192  13.103  -66.362  19.151 0.5000000000
9421  20.843  -60.888  20.050 0.5000000000
9423  19.302  -60.266  19.359 0.6000000238
9424  18.530  -60.011  19.080 0.6000000238
125910  17.044  -59.785  18.770 0.6000000238
8899  16.843  -61.774  18.015 0.6000000238
8885  16.645  -60.910  18.336 0.6000000238
7756  16.347  -63.127  18.271 0.6000000238
8312  16.112  -62.361  18.471 0.6000000238
7224  15.751  -64.907  17.974 0.6000000238
7225  14.870  -64.751  18.527 0.5000000000
6695  14.651  -65.939  18.253 0.5000000000
7226  13.947  -65.069  18.901 0.5000000000
7203  13.262  -64.430  19.481 0.5000000000
6680  13.157  -65.357  19.318 0.5000000000
7204  12.458  -64.707  19.769 0.5000000000
9411  19.703  -59.863  20.086 0.6000000238
9977  18.261  -59.605  19.546 0.6000000238
9979  16.896  -59.586  19.326 0.6000000238
9425  16.238  -59.952  19.544 0.6000000238
9437  16.508  -60.156  18.880 0.6000000238
8886  15.618  -61.760  18.849 0.6000000238
8852  15.097  -60.936  19.952 0.6000000238
8314  14.755  -62.769  19.198 0.5000000000
8297  14.345  -62.361  19.671 0.5000000000
7202  14.054  -64.090  19.208 0.5000000000
8298  13.766  -62.595  20.014 0.5000000000
8854  13.930  -61.904  20.801 0.6000000238
7750  13.195  -63.120  20.146 0.5000000000
8280  12.866  -62.816  20.840 0.5000000000
7725  12.939  -62.892  21.531 0.5000000000
7698  13.529  -63.571  22.982 0.5000000000
9964  17.673  -59.343  20.566 0.6000000238
9966  16.232  -59.979  20.899 0.6000000238
9412  15.723  -60.287  20.192 0.6000000238
8853  14.539  -61.502  20.416 0.6000000238
8844  13.996  -61.840  21.336 0.6000000238
8262  13.512  -62.572  22.075 0.5000000000
9956  17.458  -59.384  21.489 0.6000000238
8843  14.456  -61.463  21.055 0.6000000238
113262  14.445  -61.698  22.511 0.6000000238
8247  14.311  -62.557  23.337 0.5000000000
9926  18.116  -59.375  23.107 0.6000000238
9944  17.595  -59.404  22.389 0.6000000238
9945  16.388  -59.842  22.518 0.6000000238
9392  15.476  -60.644  22.036 0.6000000238
9402  15.005  -61.075  21.495 0.6000000238
123060  14.471  -61.948  23.121 0.5000000000
9928  16.496  -59.658  23.384 0.6000000238
9946  15.825  -60.252  22.524 0.6000000238
9929  15.867  -60.049  23.310 0.6000000238
9393  14.941  -61.151  22.329 0.6000000238
9369  15.677  -60.541  24.396 0.6000000238
8810  15.794  -61.303  24.972 0.5000000000
9364  15.972  -60.335  25.129 0.4000000060
111096  28.242  -69.038  17.528 0.6000000238
5211  30.325  -68.787  16.755 0.6999999881
6743  36.114  -65.469  11.321 0.5000000000
7270  35.480  -64.832  12.032 0.5000000000
8277  18.634  -62.571  21.455 0.6000000238
8898  17.640  -61.684  17.597 0.6000000238
125818  17.245  -61.054  17.885 0.6000000238
7757  15.621  -63.233  18.579 0.6000000238
7749  14.006  -63.144  19.522 0.5000000000
9957  16.667  -59.728  21.589 0.6000000238
9401  15.594  -60.524  21.163 0.6000000238
9378  15.459  -60.614  23.651 0.6000000238
8814  15.304  -61.303  24.136 0.6000000238
126470  22.319  -78.557  16.598 0.4000000060
1281  24.152  -78.137  17.564 0.5000000000
1644  24.803  -77.727  17.800 0.5000000000
1289  23.786  -78.402  17.075 0.4000000060
1659  23.455  -78.126  16.495 0.4000000060
2009  24.003  -77.641  16.548 0.4000000060
1660  22.662  -78.213  16.424 0.4000000060
1643  25.557  -77.398  18.451 0.5000000000
1657  24.627  -77.628  16.878 0.5000000000
2001  24.544  -77.057  16.831 0.5000000000
2010  23.058  -77.496  16.453 0.4000000060
1652  25.967  -77.291  18.327 0.5000000000
2000  25.234  -77.198  17.274 0.5000000000
2334  24.169  -76.074  17.278 0.5000000000
123772  22.887  -76.590  16.817 0.4000000060
2335  23.164  -75.852  17.276 0.4000000060
2322  26.674  -76.700  18.334 0.5000000000
2332  25.968  -76.605  17.736 0.5000000000
2323  26.598  -76.058  18.021 0.5000000000
2333  25.129  -76.334  17.376 0.5000000000
115484  24.752  -75.054  17.683 0.5000000000
4313  25.389  -70.816  14.992 0.5000000000
4314  24.495  -70.822  15.162 0.4000000060
3853  25.023  -71.251  14.841 0.4000000060
3440  24.557  -71.726  15.075 0.4000000060
3432  22.903  -72.126  15.826 0.4000000060
2706  25.826  -75.469  17.838 0.5000000000
123543  24.395  -72.405  15.996 0.4000000060
3105  23.356  -72.979  16.662 0.4000000060
3097  22.973  -73.802  17.170 0.4000000060
2705  26.611  -74.782  18.024 0.4000000060
110161  25.461  -74.194  17.859 0.5000000000
118369  24.201  -73.781  17.516 0.4000000060
2707  23.613  -74.853  17.518 0.4000000060
123253  25.293  -71.932  14.842 0.4000000060
2704  27.613  -74.929  18.061 0.4000000060
3425  25.153  -73.178  17.255 0.4000000060
3095  26.887  -73.868  17.708 0.4000000060
3096  26.066  -73.737  17.756 0.4000000060
4312  26.288  -70.804  14.967 0.4000000060
4323  26.687  -71.139  14.392 0.4000000060
3860  26.459  -71.701  14.294 0.4000000060
3439  26.064  -72.509  14.976 0.4000000060
3430  26.322  -72.857  16.271 0.4000000060
3431  25.394  -72.558  15.950 0.4000000060
2719  27.865  -74.058  17.271 0.4000000060
3102  26.975  -73.334  16.878 0.4000000060
3103  26.159  -73.215  17.157 0.4000000060
4311  27.203  -70.738  15.032 0.5000000000
4310  28.206  -70.646  15.075 0.6000000238
4322  27.486  -70.957  14.209 0.5000000000
3446  27.060  -72.429  14.084 0.4000000060
3119  27.466  -73.154  14.248 0.4000000060
110027  27.656  -73.483  14.929 0.4000000060
2734  28.604  -73.842  14.751 0.4000000060
4328  28.724  -71.194  13.461 0.4000000060
4320  29.201  -70.674  14.250 0.5000000000
3865  28.535  -72.102  13.370 0.4000000060
3126  27.824  -73.037  13.838 0.4000000060
3864  29.392  -71.984  12.857 0.4000000060
3452  28.359  -72.837  13.515 0.4000000060
3124  29.891  -73.169  13.051 0.4000000060
4319  30.202  -70.539  14.001 0.6000000238
3863  30.043  -71.448  12.576 0.5000000000
3869  30.224  -72.247  12.451 0.4000000060
5217  32.106  -68.828  15.573 0.5000000000
9962  19.370  -59.384  20.508 0.5000000000
9955  18.377  -59.138  21.265 0.5000000000
10504  19.058  -59.130  22.943 0.5000000000
9954  19.742  -59.232  21.189 0.5000000000
9943  18.418  -59.190  22.196 0.5000000000
9963  18.511  -59.339  20.315 0.5000000000
1653  25.314  -77.430  17.685 0.5000000000
1658  24.190  -78.031  16.719 0.5000000000
3852  25.915  -71.244  14.631 0.4000000060
3448  25.807  -71.783  14.533 0.4000000060
3859  27.156  -71.574  13.984 0.4000000060
3453  27.753  -72.212  13.715 0.4000000060
3113  26.909  -73.051  15.549 0.4000000060
4321  28.305  -70.826  14.108 0.5000000000
108707  28.161  -73.517  14.165 0.4000000060
4327  29.466  -70.914  13.185 0.5000000000
123663  30.102  -70.787  12.983 0.6000000238
3458  29.941  -72.713  12.757 0.5000000000
107449  31.182  -70.540  12.460 0.5000000000
6231  37.855  -66.231  12.107 0.3000000119
6235  37.522  -66.529  11.225 0.3000000119
6237  37.684  -65.910  11.052 0.3000000119
6741  38.017  -65.432  11.157 0.3000000119
114573  38.134  -65.122  12.186 0.3000000119
7264  37.001  -64.420  13.374 0.3000000119
7784  37.488  -63.955  12.762 0.3000000119
5711  37.324  -67.253  11.463 0.3000000119
5231  36.104  -68.334  10.781 0.4000000060
5716  35.872  -67.880  10.598 0.4000000060
106729  37.647  -66.734  11.849 0.3000000119
6240  36.258  -67.029  10.617 0.4000000060
6239  36.834  -66.579  10.611 0.4000000060
113204  34.811  -67.221  12.532 0.4000000060
122550  34.256  -67.560  13.352 0.4000000060
6733  37.797  -65.903  12.692 0.3000000119
6744  37.686  -65.387  10.658 0.3000000119
6236  35.973  -66.478  10.964 0.4000000060
7788  38.447  -63.703  11.303 0.3000000119
126691  37.423  -65.136  10.391 0.3000000119
5233  34.415  -69.518  10.749 0.4000000060
4746  33.332  -69.651  11.020 0.4000000060
4742  33.024  -69.399  12.027 0.4000000060
5227  36.427  -68.432  11.398 0.4000000060
5232  35.496  -68.573  10.731 0.4000000060
5228  34.606  -69.003  10.610 0.4000000060
120035  33.628  -68.743  12.582 0.4000000060
4739  33.162  -68.992  13.470 0.4000000060
5226  36.958  -67.918  11.805 0.3000000119
5713  35.197  -68.416  10.702 0.4000000060
116807  34.333  -68.208  12.309 0.4000000060
116829  32.783  -68.868  14.694 0.4000000060
116835  37.646  -66.780  12.529 0.3000000119
6232  35.418  -66.825  11.730 0.4000000060
5221  33.812  -68.291  13.407 0.4000000060
6228  37.559  -66.761  13.089 0.3000000119
6742  36.646  -65.202  10.730 0.4000000060
110872  33.321  -70.832  11.209 0.4000000060
4332  31.854  -70.627  11.687 0.4000000060
4339  34.226  -70.281  11.109 0.4000000060
4752  34.230  -70.059  10.880 0.4000000060
4750  33.175  -70.227  10.999 0.4000000060
4743  31.850  -69.936  12.876 0.4000000060
106176  36.213  -69.061  12.608 0.3000000119
4748  35.356  -69.519  11.316 0.4000000060
6225  37.131  -67.125  13.652 0.3000000119
5707  37.286  -67.515  13.052 0.3000000119
4333  31.187  -71.266  11.834 0.4000000060
4337  31.821  -71.535  11.802 0.4000000060
7796  36.772  -63.889  10.500 0.3000000119
106763  37.827  -63.707  10.070 0.3000000119
7280  37.093  -64.782  10.331 0.3000000119
106306  32.042  -69.473  14.806 0.4000000060
4740  31.700  -69.855  14.008 0.4000000060
4325  31.300  -70.201  13.363 0.4000000060
3873  31.369  -71.915  11.941 0.4000000060
5714  37.157  -66.988  10.854 0.3000000119
7274  38.299  -64.763  11.406 0.3000000119
7269  38.186  -64.331  12.144 0.3000000119
4747  35.455  -69.057  10.833 0.4000000060
6746  36.562  -66.121  10.697 0.4000000060
5710  34.999  -67.771  11.349 0.4000000060
6745  37.108  -65.672  10.440 0.4000000060
4751  34.761  -69.706  10.902 0.4000000060
125649  32.291  -69.875  11.977 0.4000000060
5225  33.701  -68.917  11.448 0.4000000060
5223  36.578  -68.530  12.155 0.3000000119
5224  34.429  -68.595  10.968 0.4000000060
5222  36.980  -68.057  12.588 0.3000000119
4338  34.678  -70.041  11.265 0.4000000060
4744  36.047  -69.014  11.745 0.3000000119
5220  36.755  -68.308  13.352 0.3000000119
1983  20.973  -76.668  19.616 0.3000000119
108325  20.567  -77.285  19.827 0.3000000119
2315  21.750  -76.031  19.551 0.3000000119
1972  20.539  -76.634  20.365 0.3000000119
110548  20.507  -78.101  19.608 0.3000000119
2303  22.121  -75.304  19.986 0.3000000119
2305  21.044  -75.847  20.178 0.3000000119
2314  22.849  -75.696  19.475 0.3000000119
1639  20.918  -77.620  19.144 0.3000000119
1282  23.454  -78.384  17.460 0.3000000119
3074  23.756  -73.758  20.708 0.3000000119
2683  22.118  -74.700  20.547 0.3000000119
2691  23.945  -74.974  19.884 0.3000000119
2692  22.967  -74.870  20.076 0.3000000119
127477  20.978  -75.374  20.778 0.3000000119
1992  23.232  -77.390  18.601 0.3000000119
118833  24.437  -77.768  18.190 0.3000000119
1645  23.812  -77.988  18.112 0.3000000119
122127  24.759  -74.880  19.987 0.3000000119
1981  22.514  -76.631  18.992 0.3000000119
2313  23.841  -75.762  19.438 0.3000000119
1979  24.497  -76.667  19.181 0.3000000119
1991  24.140  -77.357  18.661 0.3000000119
1990  25.021  -77.399  18.710 0.3000000119
1988  27.510  -76.591  18.917 0.4000000060
1638  26.254  -77.233  18.900 0.4000000060
1618  21.620  -77.405  24.308 0.3000000119
1251  22.907  -78.626  24.345 0.3000000119
106699  20.606  -75.926  20.911 0.3000000119
1630  20.281  -77.660  21.468 0.3000000119
3068  21.534  -74.066  21.726 0.3000000119
2672  20.850  -74.665  21.895 0.3000000119
1963  20.609  -76.380  23.475 0.3000000119
1624  20.910  -77.229  23.763 0.3000000119
1252  22.064  -78.237  24.076 0.3000000119
3066  23.227  -73.315  21.248 0.3000000119
2295  20.452  -75.807  22.758 0.3000000119
1260  20.938  -77.891  23.178 0.3000000119
123604  21.421  -77.865  23.766 0.3000000119
2676  21.321  -74.748  21.102 0.3000000119
2298  20.734  -75.313  21.371 0.3000000119
1627  20.240  -77.012  22.179 0.3000000119
1266  20.498  -77.782  22.350 0.3000000119
109103  20.470  -75.905  21.548 0.3000000119
1982  21.616  -77.043  19.017 0.3000000119
1647  21.811  -78.265  18.355 0.3000000119
3075  22.854  -74.097  20.772 0.3000000119
1980  23.526  -76.572  19.048 0.3000000119
1954  21.254  -76.516  24.315 0.3000000119
117784  20.629  -78.506  21.615 0.3000000119
3067  22.339  -73.613  21.481 0.3000000119
2668  20.672  -74.888  22.852 0.3000000119
113297  20.513  -75.428  22.059 0.3000000119
1625  20.442  -77.159  23.000 0.3000000119
1265  21.187  -78.624  22.505 0.3000000119
123287  25.803  -77.277  19.029 0.3000000119
114797  32.431  -74.400  16.728 0.3000000119
2715  32.242  -75.156  17.199 0.3000000119
2342  31.524  -75.475  17.069 0.3000000119
2344  30.078  -75.734  17.286 0.4000000060
2345  29.323  -75.548  17.502 0.4000000060
2703  28.494  -75.226  17.809 0.3000000119
2725  31.586  -74.481  16.308 0.3000000119
123620  30.866  -74.929  16.314 0.4000000060
2716  30.229  -75.071  16.367 0.4000000060
2728  29.760  -74.472  15.467 0.4000000060
2718  28.874  -74.629  16.864 0.3000000119
2733  29.333  -74.034  14.589 0.4000000060
2729  29.151  -74.291  15.637 0.4000000060
2730  28.371  -73.861  16.010 0.3000000119
3118  28.937  -73.767  13.990 0.3000000119
2695  34.031  -74.209  18.910 0.3000000119
2702  33.219  -74.689  18.292 0.3000000119
2326  31.898  -75.573  17.668 0.4000000060
2328  30.517  -76.145  17.874 0.4000000060
2329  29.767  -76.166  18.067 0.3000000119
2330  28.937  -76.006  18.320 0.3000000119
2320  28.347  -76.341  18.738 0.3000000119
3100  33.635  -74.120  17.622 0.3000000119
3101  32.941  -73.750  16.798 0.3000000119
3110  31.994  -73.405  15.967 0.3000000119
3111  31.276  -73.715  15.338 0.3000000119
2727  30.281  -74.434  15.432 0.4000000060
3438  32.115  -72.519  15.191 0.3000000119
3114  31.528  -73.015  14.675 0.3000000119
2726  30.797  -74.180  15.378 0.4000000060
2732  29.883  -74.100  14.514 0.4000000060
3121  31.423  -72.824  13.411 0.3000000119
3116  30.176  -73.613  13.724 0.4000000060
3455  31.705  -72.020  12.131 0.3000000119
3450  31.367  -72.413  12.505 0.4000000060
3122  30.881  -73.031  13.222 0.4000000060
122170  29.866  -73.439  13.396 0.4000000060
3454  32.355  -71.700  12.033 0.3000000119
3456  31.262  -72.298  12.258 0.4000000060
3459  31.598  -72.065  12.059 0.3000000119
115136  32.626  -71.042  18.525 0.3000000119
3833  32.555  -72.196  18.606 0.3000000119
3417  31.530  -73.160  18.446 0.3000000119
110536  31.307  -74.263  18.525 0.3000000119
3088  34.664  -73.905  19.322 0.3000000119
3089  33.971  -73.990  19.308 0.3000000119
109702  32.276  -74.193  18.657 0.3000000119
114222  30.986  -75.106  18.594 0.3000000119
3087  35.079  -73.733  19.167 0.3000000119
120200  34.629  -74.058  18.979 0.3000000119
2696  33.055  -74.566  18.688 0.3000000119
2697  31.907  -75.113  18.500 0.3000000119
2698  31.174  -75.600  18.412 0.3000000119
2319  30.615  -75.940  18.431 0.3000000119
1987  29.259  -76.181  18.769 0.3000000119
1975  28.469  -76.347  19.218 0.3000000119
1977  26.991  -76.819  19.220 0.3000000119
3093  34.765  -73.625  18.527 0.3000000119
110416  32.077  -72.344  12.851 0.3000000119
3862  33.365  -71.427  12.934 0.3000000119
3866  33.840  -70.980  11.973 0.3000000119
3871  33.032  -71.255  11.581 0.3000000119
3872  32.171  -71.673  11.856 0.3000000119
122867  32.959  -70.188  18.696 0.3000000119
3832  33.510  -72.157  19.056 0.3000000119
3416  33.346  -73.229  19.111 0.3000000119
106673  32.418  -73.181  18.659 0.3000000119
3080  34.647  -73.613  19.610 0.3000000119
113339  33.127  -74.013  19.019 0.3000000119
114750  33.574  -69.809  19.023 0.3000000119
4279  33.771  -70.999  19.039 0.3000000119
120710  34.636  -71.392  19.779 0.3000000119
3823  34.402  -72.228  19.705 0.3000000119
3408  34.178  -73.136  19.539 0.3000000119
3079  35.123  -73.553  19.696 0.3000000119
4265  34.447  -70.382  19.468 0.3000000119
1989  26.552  -76.990  18.624 0.3000000119
2321  27.449  -76.132  18.353 0.3000000119
2331  28.189  -75.892  18.327 0.3000000119
4335  34.273  -70.453  11.487 0.3000000119
2714  32.915  -74.721  17.463 0.3000000119
2341  32.456  -75.294  17.888 0.3000000119
2343  30.782  -75.679  17.156 0.4000000060
2717  29.604  -74.984  16.531 0.4000000060
2731  30.317  -73.980  14.598 0.4000000060
3094  34.157  -74.151  18.469 0.3000000119
118358  32.344  -75.204  18.303 0.3000000119
2318  31.242  -75.807  18.216 0.3000000119
1998  30.169  -76.178  18.400 0.4000000060
3424  34.265  -73.384  17.731 0.3000000119
3428  33.576  -72.987  16.893 0.3000000119
3429  32.671  -72.544  16.103 0.3000000119
3115  30.835  -73.534  14.222 0.4000000060
3449  32.574  -71.824  12.489 0.3000000119
2699  30.361  -75.588  18.719 0.3000000119
3861  33.916  -70.935  12.487 0.3000000119
8256  21.519  -62.572  22.421 0.4000000060
1288  24.291  -78.171  17.060 0.4000000060
1290  23.138  -78.597  16.899 0.3000000119
1294  23.639  -78.330  16.760 0.4000000060
1654  24.716  -77.781  17.112 0.5000000000
1967  20.368  -76.521  22.703 0.3000000119
1969  20.306  -76.704  21.306 0.3000000119
1985  30.784  -76.089  18.196 0.3000000119
1993  22.363  -77.474  18.610 0.3000000119
1999  26.003  -77.134  17.937 0.5000000000
2002  23.707  -76.874  16.700 0.5000000000
2304  21.517  -75.242  20.444 0.3000000119
2317  31.886  -75.631  18.021 0.3000000119
2327  31.275  -75.915  17.815 0.4000000060
2675  22.014  -74.211  21.101 0.3000000119
3104  24.153  -72.940  16.822 0.4000000060
3112  27.604  -73.458  16.215 0.4000000060
3117  29.584  -73.781  13.869 0.4000000060
3120  26.887  -72.858  14.584 0.4000000060
3123  30.270  -73.062  13.065 0.4000000060
3125  28.646  -73.393  13.669 0.4000000060
3127  30.778  -72.619  12.617 0.4000000060
3128  30.350  -72.813  12.763 0.4000000060
3441  23.614  -71.562  15.439 0.4000000060
3447  26.396  -72.282  14.390 0.4000000060
3451  29.184  -72.983  13.152 0.4000000060
3457  30.765  -72.527  12.400 0.4000000060
3460  31.022  -72.298  12.136 0.3000000119
3848  22.607  -71.125  15.749 0.4000000060
3858  27.952  -71.415  13.771 0.4000000060
3867  33.173  -71.422  12.101 0.3000000119
3868  30.755  -71.875  12.084 0.4000000060
3870  33.722  -70.706  11.339 0.4000000060
4289  24.219  -70.400  16.815 0.6999999881
4299  25.099  -70.585  15.772 0.5000000000
4302  22.602  -70.885  16.049 0.5000000000
4308  29.961  -70.373  15.077 0.6999999881
4326  30.706  -70.496  13.210 0.5000000000
4331  32.634  -70.152  11.264 0.4000000060
4336  32.612  -71.007  11.397 0.4000000060
4340  33.793  -70.451  11.005 0.4000000060
4715  25.876  -68.818  18.858 0.6999999881
4727  30.890  -69.239  16.277 0.6999999881
4745  35.612  -69.556  12.169 0.3000000119
4749  33.838  -69.925  10.808 0.4000000060
5209  32.214  -67.963  15.873 0.6000000238
5215  33.100  -68.139  14.976 0.5000000000
5219  33.412  -68.305  14.276 0.5000000000
5229  34.005  -69.249  10.774 0.4000000060
5230  36.754  -67.719  11.125 0.3000000119
5709  37.402  -67.412  12.221 0.3000000119
5712  35.685  -67.461  10.760 0.4000000060
5715  36.481  -67.399  10.722 0.4000000060
6142  24.207  -65.676  22.155 0.5000000000
6143  23.552  -66.505  22.478 0.5000000000
6187  27.436  -66.344  19.479 0.6999999881
6211  29.705  -66.767  17.740 0.6000000238
6224  31.827  -66.200  15.842 0.6999999881
6226  33.420  -66.408  14.510 0.5000000000
6233  35.011  -66.216  12.671 0.5000000000
6234  37.790  -66.067  11.536 0.3000000119
6238  37.346  -66.181  10.765 0.3000000119
6689  21.820  -65.251  17.744 0.6999999881
6696  13.821  -66.139  18.667 0.5000000000
6702  21.616  -65.452  16.604 0.6000000238
6707  16.047  -66.742  17.113 0.5000000000
6712  22.715  -65.323  15.983 0.6999999881
6713  21.183  -65.343  15.850 0.6000000238
6725  22.474  -64.979  15.531 0.6999999881
6738  38.045  -65.595  11.843 0.3000000119
7149  24.349  -64.779  21.846 0.5000000000
7166  23.989  -64.042  21.808 0.5000000000
7169  12.150  -63.948  21.061 0.5000000000
7181  23.936  -64.172  20.245 0.6000000238
7182  23.128  -64.222  19.834 0.6000000238
7244  20.984  -64.992  15.663 0.6000000238
7247  18.684  -65.827  16.261 0.5000000000
7253  28.998  -64.066  15.670 0.6999999881
7275  36.557  -64.408  10.800 0.5000000000
7279  37.730  -64.591  10.300 0.3000000119
7692  22.368  -63.351  23.121 0.5000000000
7703  22.667  -63.153  22.383 0.5000000000
7722  21.853  -63.036  21.063 0.5000000000
7744  21.877  -63.719  20.116 0.5000000000
7745  21.014  -63.799  19.706 0.5000000000
7751  12.760  -63.906  19.956 0.5000000000
7758  14.799  -63.551  18.879 0.5000000000
7763  16.893  -63.377  17.837 0.6000000238
7765  28.165  -63.771  15.607 0.6999999881
7767  26.680  -63.903  14.817 0.6999999881
7768  21.466  -63.536  15.534 0.6000000238
7789  37.942  -63.422  12.130 0.3000000119
7791  34.131  -63.425  12.067 0.6000000238
7800  37.801  -63.007  9.898 0.3000000119
8245  18.792  -62.638  23.308 0.6000000238
8248  13.781  -62.911  22.799 0.5000000000
8257  20.725  -62.433  22.453 0.5000000000
8261  14.081  -62.290  22.623 0.6000000238
8273  22.097  -62.728  21.988 0.6000000238
8279  13.446  -62.314  21.271 0.5000000000
8286  14.101  -62.076  20.234 0.5000000000
8295  18.983  -62.961  20.115 0.5000000000
8296  14.981  -62.042  19.286 0.5000000000
8308  24.360  -62.442  17.977 0.6999999881
8310  21.684  -62.419  17.798 0.6000000238
8313  15.336  -62.517  18.867 0.5000000000
8322  25.569  -62.687  16.660 0.6999999881
8328  19.153  -62.412  17.158 0.5000000000
8331  16.716  -62.611  18.054 0.6000000238
8344  19.776  -63.157  16.564 0.5000000000
8352  25.175  -63.600  14.817 0.6999999881
8355  22.703  -63.354  15.362 0.6000000238
8372  37.374  -62.388  9.943 0.4000000060
8818  14.927  -61.306  23.225 0.5000000000
8832  14.444  -61.540  21.769 0.6000000238
8833  13.963  -62.034  21.918 0.6000000238
8850  22.410  -61.321  20.115 0.5000000000
8861  27.155  -61.367  18.919 0.5000000000
8864  24.506  -61.797  19.552 0.6999999881
8866  22.451  -61.752  19.466 0.6000000238
8869  15.331  -61.281  19.374 0.6000000238
8870  14.667  -61.643  19.820 0.5000000000
8882  19.391  -61.286  18.062 0.5000000000
8884  17.902  -60.884  17.738 0.6000000238
8897  18.458  -61.630  17.463 0.5000000000
8935  35.714  -60.915  9.620 0.4000000060
9399  21.923  -60.117  21.477 0.5000000000
9409  21.042  -60.538  20.609 0.5000000000
9413  15.055  -60.965  20.665 0.6000000238
9422  20.071  -60.566  19.698 0.6000000238
9426  15.794  -60.534  19.469 0.6000000238
9435  18.163  -60.369  18.362 0.6000000238
9436  17.299  -60.329  18.334 0.6000000238
9450  29.126  -60.500  16.809 0.6000000238
9906  15.755  -60.065  23.995 0.6000000238
9927  17.225  -59.477  23.309 0.6000000238
9940  23.440  -59.585  22.741 0.5000000000
9942  20.118  -59.269  21.951 0.6000000238
9958  16.043  -60.166  21.789 0.6000000238
9965  16.914  -59.552  20.742 0.6000000238
9976  18.968  -59.651  19.779 0.6000000238
9978  17.667  -59.470  19.743 0.6000000238
9989  17.673  -59.729  18.932 0.6000000238
10444  18.579  -58.350  26.644 0.4000000060
10454  20.469  -58.593  25.786 0.4000000060
10456  18.692  -58.717  25.674 0.4000000060
10475  20.660  -58.900  24.862 0.4000000060
10478  16.564  -58.914  25.159 0.4000000060
10496  20.649  -59.179  23.926 0.4000000060
11002  16.500  -58.083  26.933 0.3000000119
11034  9.966  -57.925  23.016 0.3000000119
11511  14.444  -56.361  28.400 0.3000000119
11527  13.075  -55.951  28.242 0.3000000119
11540  11.120  -56.607  25.312 0.3000000119
11555  11.169  -56.834  23.689 0.4000000060
11562  11.023  -56.815  22.791 0.3000000119
11563  10.606  -57.426  22.929 0.4000000060
12064  13.908  -55.746  28.303 0.3000000119
12077  15.945  -54.778  28.052 0.3000000119
12120  10.643  -56.242  22.999 0.3000000119
12619  14.580  -54.275  27.603 0.3000000119
12628  14.187  -53.842  27.149 0.3000000119
12646  13.164  -54.830  23.389 0.3000000119
12660  14.141  -54.837  21.497 0.3000000119
12662  12.586  -55.526  22.481 0.5000000000
12678  11.077  -54.900  23.068 0.3000000119
12683  14.166  -54.891  19.902 0.3000000119
12684  13.458  -55.077  20.618 0.3000000119
13179  14.380  -53.498  26.533 0.3000000119
13192  18.193  -53.243  24.805 0.3000000119
13196  14.653  -53.313  25.674 0.3000000119
13210  18.196  -53.349  24.027 0.3000000119
13214  15.024  -53.384  24.749 0.3000000119
13229  14.366  -54.290  22.764 0.3000000119
13242  12.196  -53.742  21.797 0.3000000119
13253  13.679  -54.461  20.140 0.3000000119
13263  15.156  -54.097  19.826 0.3000000119
13264  14.550  -54.500  19.712 0.3000000119
13844  17.215  -53.145  21.757 0.3000000119
13856  12.512  -53.170  21.614 0.3000000119
13861  15.325  -53.140  19.771 0.3000000119
14451  17.590  -51.506  21.916 0.3000000119
15109  16.613  -50.376  20.875 0.3000000119
104899  26.076  -69.338  18.134 0.6999999881
105134  20.095  -59.599  20.766 0.6000000238
106266  17.119  -64.446  17.473 0.6000000238
106267  25.136  -64.890  15.600 0.6999999881
107290  19.100  -59.081  20.958 0.5000000000
107639  15.457  -64.084  18.447 0.6000000238
107697  32.094  -64.212  13.073 0.6000000238
108243  29.381  -73.497  13.490 0.4000000060
108399  20.324  -76.219  22.088 0.3000000119
109698  15.395  -60.639  22.858 0.6000000238
109712  19.989  -62.364  22.039 0.5000000000
111282  30.533  -70.973  12.344 0.4000000060
111588  13.405  -63.695  19.653 0.5000000000
111614  36.600  -68.599  12.870 0.3000000119
112346  16.999  -58.180  26.542 0.4000000060
112795  24.015  -62.543  17.197 0.6000000238
112917  14.233  -52.753  19.948 0.3000000119
113578  23.209  -63.914  15.035 0.6999999881
113668  20.680  -62.571  16.550 0.5000000000
113938  14.875  -51.414  19.913 0.3000000119
113975  16.922  -59.566  22.754 0.6000000238
114262  24.171  -62.658  16.386 0.6000000238
114751  25.974  -65.480  20.481 0.5000000000
115413  34.978  -69.082  10.587 0.4000000060
115485  37.362  -64.088  10.211 0.3000000119
116475  17.090  -59.465  20.031 0.6000000238
116714  12.661  -55.442  21.670 0.3000000119
117303  12.696  -55.510  27.710 0.3000000119
117629  16.113  -59.703  24.072 0.5000000000
117683  21.355  -55.201  27.634 0.4000000060
117797  29.751  -65.061  17.470 0.6000000238
119671  15.987  -60.977  18.870 0.6000000238
119888  16.468  -59.700  20.053 0.6000000238
120205  32.555  -69.512  12.863 0.4000000060
120340  16.871  -53.605  22.708 0.3000000119
120640  21.920  -78.346  16.473 0.4000000060
120856  13.481  -62.437  20.549 0.6000000238
120890  20.252  -62.245  17.023 0.5000000000
121312  31.708  -75.508  18.285 0.3000000119
122020  26.526  -64.165  14.658 0.6000000238
122272  27.083  -69.648  17.372 0.6000000238
122283  16.993  -59.553  22.147 0.6000000238
122288  19.676  -64.736  16.049 0.5000000000
122744  16.487  -53.448  26.858 0.3000000119
123747  35.897  -68.896  11.162 0.4000000060
124279  15.325  -52.210  19.790 0.3000000119
124370  15.111  -63.008  18.893 0.5000000000
124523  16.234  -61.542  18.499 0.6000000238
125196  13.118  -54.323  26.911 0.3000000119
125252  32.201  -71.967  12.320 0.3000000119
125393  28.701  -70.653  14.674 0.6000000238
125544  24.957  -77.546  17.177 0.5000000000
125742  16.558  -53.114  21.169 0.3000000119
126211  23.664  -72.397  16.081 0.4000000060
126283  23.392  -75.280  19.710 0.3000000119
126423  18.532  -59.273  23.751 0.5000000000
127003  31.798  -72.351  18.426 0.3000000119
127029  17.979  -59.238  21.813 0.6000000238
127062  21.593  -75.573  20.027 0.3000000119
