#!ascii label  , from subject sub-v1s8x0051340_ses-1 vox2ras=TkReg
1587
51689  -34.938  -23.312  74.372 0.0000000000
44979  -24.969  -31.139  84.708 0.0000000000
60716  -40.628  -14.608  59.234 0.0000000000
51847  -29.342  -23.595  64.213 0.0000000000
51841  -39.932  -23.666  66.328 0.0000000000
47978  -31.684  -27.103  80.480 0.0000000000
43044  -22.186  -32.356  72.742 0.0000000000
45174  -27.290  -31.294  66.831 0.0000000000
49742  -17.856  -24.572  85.408 0.0000000000
67117  -48.880  -6.948  63.382 0.0000000000
45060  -18.283  -29.856  74.702 0.0000000000
128010  -32.561  -24.068  70.031 0.0000000000
50814  -35.128  -24.202  64.893 0.0000000000
51766  -37.936  -23.144  70.430 0.0000000000
50696  -32.915  -24.868  78.987 0.0000000000
46152  -30.445  -30.092  74.122 0.0000000000
49005  -30.122  -25.940  71.920 0.0000000000
49923  -26.799  -25.491  67.265 0.0000000000
131406  -52.682  -7.388  59.930 0.0000000000
47921  -20.726  -27.776  85.899 0.0000000000
47987  -18.686  -27.035  80.057 0.0000000000
46112  -22.863  -29.083  79.425 0.0000000000
55770  -40.525  -19.337  62.726 0.0000000000
46087  -28.561  -29.772  82.850 0.0000000000
42055  -24.417  -33.005  79.323 0.0000000000
111411  -28.830  -31.639  77.235 0.0000000000
46176  -25.855  -29.902  70.185 0.0000000000
50596  -14.325  -24.094  86.767 0.0000000000
54751  -45.269  -20.364  68.179 0.0000000000
59759  -46.099  -15.949  64.276 0.0000000000
123075  -48.462  -11.707  67.285 0.0000000000
63392  -45.702  -11.499  61.534 0.0000000000
65343  -47.231  -9.493  57.468 0.0000000000
49816  -14.745  -25.796  80.689 0.0000000000
43969  -20.078  -32.264  73.866 0.0000000000
50757  -34.235  -23.999  72.611 0.0000000000
51764  -35.438  -23.365  70.915 0.0000000000
51724  -36.642  -23.485  73.607 0.0000000000
114462  -33.535  -22.573  76.691 0.0000000000
49862  -31.747  -25.546  75.113 0.0000000000
50744  -32.946  -24.566  73.714 0.0000000000
49903  -31.475  -25.107  71.187 0.0000000000
60728  -38.659  -14.389  56.427 0.0000000000
62510  -40.795  -12.732  56.820 0.0000000000
46049  -22.506  -29.352  85.976 0.0000000000
47021  -21.915  -28.467  83.655 0.0000000000
46086  -23.720  -30.035  82.711 0.0000000000
131946  -30.561  -23.412  61.698 0.0000000000
111889  -37.769  -24.979  65.161 0.0000000000
133817  -36.178  -24.778  63.203 0.0000000000
52834  -38.295  -22.331  64.324 0.0000000000
54780  -38.803  -20.055  62.741 0.0000000000
53804  -40.642  -21.080  65.168 0.0000000000
47050  -30.070  -27.886  81.489 0.0000000000
43909  -28.688  -31.689  79.771 0.0000000000
45035  -30.358  -30.536  78.599 0.0000000000
129036  -29.239  -30.693  70.373 0.0000000000
44006  -29.176  -32.000  71.623 0.0000000000
44051  -26.981  -32.109  67.497 0.0000000000
50805  -28.122  -24.041  66.134 0.0000000000
56876  -45.557  -18.204  65.712 0.0000000000
63371  -47.381  -11.758  63.733 0.0000000000
128814  -47.106  -9.729  62.461 0.0000000000
65331  -45.935  -9.302  59.120 0.0000000000
66215  -47.983  -8.067  59.651 0.0000000000
66245  -50.617  -9.008  56.165 0.0000000000
51563  -16.294  -23.084  86.066 0.0000000000
49779  -14.382  -25.360  83.302 0.0000000000
120093  -16.568  -25.241  83.367 0.0000000000
48017  -19.060  -27.454  76.314 0.0000000000
48953  -16.912  -27.016  76.903 0.0000000000
45051  -17.539  -30.279  76.493 0.0000000000
43003  -23.244  -33.332  75.512 0.0000000000
42993  -22.253  -32.991  76.851 0.0000000000
42156  -20.814  -33.200  73.253 0.0000000000
51806  -31.473  -23.734  67.309 0.0000000000
51834  -32.805  -23.814  64.750 0.0000000000
51808  -34.092  -23.155  67.685 0.0000000000
51797  -36.485  -22.998  68.006 0.0000000000
50787  -39.342  -24.036  67.978 0.0000000000
49828  -32.910  -25.888  79.585 0.0000000000
47087  -32.133  -29.353  77.258 0.0000000000
48019  -31.906  -27.740  76.803 0.0000000000
48047  -29.094  -27.752  73.421 0.0000000000
133072  -27.582  -27.934  70.040 0.0000000000
48075  -26.306  -27.999  67.484 0.0000000000
49900  -28.819  -25.606  70.012 0.0000000000
121509  -29.678  -24.458  68.718 0.0000000000
67128  -50.915  -7.240  61.360 0.0000000000
69873  -51.835  -4.354  62.200 0.0000000000
48816  -19.693  -26.596  85.879 0.0000000000
48857  -18.262  -26.492  82.900 0.0000000000
47942  -20.013  -27.368  82.528 0.0000000000
47055  -20.992  -27.853  79.885 0.0000000000
47092  -20.824  -28.239  76.037 0.0000000000
50839  -34.199  -25.005  62.793 0.0000000000
56937  -38.672  -18.313  60.677 0.0000000000
57901  -40.853  -16.765  61.262 0.0000000000
43864  -26.702  -31.267  83.972 0.0000000000
42927  -25.693  -32.261  82.135 0.0000000000
42940  -27.118  -32.617  81.435 0.0000000000
42985  -26.597  -32.272  78.488 0.0000000000
43960  -25.147  -30.904  74.997 0.0000000000
43949  -30.239  -32.016  74.938 0.0000000000
45086  -27.138  -30.225  73.330 0.0000000000
45103  -23.573  -30.399  71.408 0.0000000000
52713  -37.492  -22.367  76.257 0.0000000000
46050  -25.577  -29.891  86.360 0.0000000000
47936  -29.693  -27.240  83.992 0.0000000000
48849  -31.172  -25.682  83.357 0.0000000000
112620  -39.000  -23.471  74.308 0.0000000000
51755  -40.455  -23.647  71.867 0.0000000000
119391  -41.541  -23.578  69.127 0.0000000000
52796  -44.058  -22.027  70.150 0.0000000000
53790  -42.463  -21.557  67.356 0.0000000000
55747  -42.936  -19.661  65.199 0.0000000000
57877  -43.186  -17.955  63.556 0.0000000000
59781  -43.172  -15.637  62.133 0.0000000000
61567  -48.084  -14.034  65.508 0.0000000000
61598  -46.030  -13.756  63.112 0.0000000000
61635  -43.066  -13.031  59.973 0.0000000000
63429  -43.372  -11.227  58.455 0.0000000000
65335  -50.081  -9.446  58.449 0.0000000000
49777  -12.847  -25.751  84.026 0.0000000000
47064  -12.959  -28.151  79.066 0.0000000000
48888  -16.336  -26.209  80.338 0.0000000000
48939  -14.976  -26.898  77.969 0.0000000000
45040  -23.701  -30.954  79.141 0.0000000000
46143  -22.489  -29.863  75.856 0.0000000000
46155  -19.322  -30.368  73.561 0.0000000000
113302  -16.160  -34.425  72.836 0.0000000000
51722  -35.190  -23.734  73.311 0.0000000000
51723  -35.665  -23.718  73.069 0.0000000000
51709  -36.340  -23.324  74.031 0.0000000000
52733  -34.208  -22.903  75.063 0.0000000000
50720  -33.089  -23.852  74.842 0.0000000000
50732  -33.982  -23.849  73.540 0.0000000000
50756  -33.659  -24.345  72.739 0.0000000000
59809  -39.609  -15.657  59.214 0.0000000000
60719  -39.576  -14.578  58.157 0.0000000000
112941  -39.715  -13.667  57.043 0.0000000000
61637  -40.645  -13.590  58.141 0.0000000000
44977  -23.342  -29.971  85.490 0.0000000000
121474  -23.096  -29.550  84.199 0.0000000000
44994  -24.118  -30.756  84.025 0.0000000000
51879  -29.046  -23.113  62.328 0.0000000000
51864  -30.717  -23.417  63.424 0.0000000000
50818  -38.983  -24.350  66.012 0.0000000000
51851  -38.439  -24.343  64.931 0.0000000000
51852  -39.110  -23.738  65.457 0.0000000000
53802  -39.149  -21.905  64.642 0.0000000000
52817  -40.202  -22.696  65.943 0.0000000000
47977  -30.959  -27.443  80.935 0.0000000000
46105  -30.102  -29.325  79.681 0.0000000000
111739  -30.920  -28.635  79.417 0.0000000000
45156  -28.391  -31.357  68.382 0.0000000000
45157  -28.695  -31.964  68.724 0.0000000000
44065  -27.061  -32.007  66.742 0.0000000000
44063  -25.540  -31.559  66.306 0.0000000000
111695  -29.053  -23.868  65.007 0.0000000000
51844  -26.843  -23.750  64.631 0.0000000000
51861  -28.047  -23.468  63.488 0.0000000000
65269  -48.315  -8.997  64.424 0.0000000000
66175  -47.807  -8.407  62.895 0.0000000000
66189  -47.360  -8.346  61.424 0.0000000000
67116  -48.160  -7.628  62.314 0.0000000000
51577  -17.308  -23.817  85.613 0.0000000000
50634  -16.517  -24.599  84.166 0.0000000000
49761  -17.404  -24.707  84.500 0.0000000000
133996  -18.650  -28.594  74.979 0.0000000000
48026  -18.044  -27.668  75.861 0.0000000000
45059  -17.835  -30.026  75.637 0.0000000000
42991  -16.349  -32.137  76.534 0.0000000000
43001  -16.317  -32.036  75.621 0.0000000000
43035  -22.790  -32.615  73.935 0.0000000000
43017  -22.341  -33.321  74.420 0.0000000000
127776  -21.435  -32.790  72.827 0.0000000000
51793  -32.266  -23.559  68.366 0.0000000000
51807  -32.320  -23.536  67.442 0.0000000000
119311  -33.634  -23.304  68.692 0.0000000000
51765  -36.894  -23.072  70.388 0.0000000000
118455  -36.008  -22.847  68.997 0.0000000000
51780  -37.695  -23.197  69.391 0.0000000000
51813  -38.502  -23.874  67.653 0.0000000000
51781  -38.754  -23.509  69.622 0.0000000000
49836  -33.040  -25.343  79.480 0.0000000000
48010  -32.627  -27.227  78.156 0.0000000000
125946  -32.639  -25.697  77.936 0.0000000000
48983  -31.064  -26.030  73.856 0.0000000000
48040  -30.401  -26.959  74.575 0.0000000000
48993  -29.153  -27.019  72.864 0.0000000000
48060  -28.212  -27.900  71.624 0.0000000000
120763  -28.460  -26.772  71.227 0.0000000000
48067  -27.702  -27.040  69.842 0.0000000000
49016  -29.065  -25.944  70.814 0.0000000000
50766  -32.577  -24.440  70.718 0.0000000000
121722  -30.897  -24.453  69.704 0.0000000000
50786  -30.996  -24.124  68.992 0.0000000000
51791  -30.750  -23.917  68.203 0.0000000000
47904  -20.283  -27.222  86.421 0.0000000000
47934  -19.853  -27.122  84.459 0.0000000000
47927  -20.550  -27.597  84.899 0.0000000000
47057  -22.459  -28.491  80.807 0.0000000000
47047  -21.755  -28.020  81.281 0.0000000000
47066  -21.691  -28.158  79.522 0.0000000000
47074  -21.151  -28.062  77.976 0.0000000000
126772  -21.987  -28.472  78.022 0.0000000000
51836  -34.399  -24.064  64.997 0.0000000000
51867  -33.332  -24.417  63.319 0.0000000000
50840  -34.762  -25.071  63.453 0.0000000000
52841  -35.694  -23.204  62.708 0.0000000000
51883  -35.123  -23.824  62.176 0.0000000000
119359  -35.076  -22.499  62.103 0.0000000000
55769  -39.649  -19.588  62.524 0.0000000000
116957  -38.851  -19.563  61.936 0.0000000000
55781  -40.047  -18.861  62.105 0.0000000000
57900  -40.103  -17.358  61.030 0.0000000000
116289  -40.955  -17.779  62.043 0.0000000000
44996  -27.445  -31.061  83.688 0.0000000000
42929  -26.800  -32.288  82.541 0.0000000000
124040  -27.779  -31.973  82.106 0.0000000000
116507  -29.256  -31.816  78.137 0.0000000000
42974  -27.927  -32.271  79.759 0.0000000000
43924  -27.775  -31.780  78.120 0.0000000000
43934  -25.373  -31.670  76.475 0.0000000000
45063  -26.897  -30.636  75.712 0.0000000000
46145  -31.545  -29.896  76.231 0.0000000000
45057  -31.416  -30.756  76.265 0.0000000000
45078  -31.000  -31.284  74.877 0.0000000000
45106  -27.484  -31.110  70.800 0.0000000000
45097  -28.684  -31.564  72.466 0.0000000000
46162  -26.562  -30.031  71.499 0.0000000000
45094  -25.690  -29.778  72.453 0.0000000000
49034  -26.224  -26.967  67.242 0.0000000000
47937  -30.325  -26.751  83.633 0.0000000000
133551  -33.017  -24.284  81.627 0.0000000000
51693  -38.327  -23.194  75.314 0.0000000000
51728  -40.914  -23.283  73.643 0.0000000000
51746  -41.645  -23.400  72.389 0.0000000000
51770  -41.364  -23.659  70.505 0.0000000000
51772  -42.571  -23.016  71.093 0.0000000000
54744  -45.006  -20.978  68.965 0.0000000000
53785  -43.205  -21.774  68.655 0.0000000000
53791  -43.443  -21.134  67.977 0.0000000000
54754  -42.748  -20.516  66.336 0.0000000000
54756  -44.209  -19.897  66.691 0.0000000000
57864  -45.838  -17.186  65.038 0.0000000000
56890  -44.482  -18.031  64.698 0.0000000000
58817  -45.076  -16.832  64.253 0.0000000000
58846  -43.435  -16.402  62.780 0.0000000000
59769  -44.852  -15.799  63.316 0.0000000000
62417  -48.404  -12.538  66.550 0.0000000000
62477  -46.200  -11.832  62.242 0.0000000000
62447  -46.989  -12.592  63.511 0.0000000000
62476  -45.570  -12.336  61.836 0.0000000000
133751  -44.683  -13.084  61.569 0.0000000000
62494  -44.445  -12.306  60.747 0.0000000000
62502  -43.388  -12.310  59.650 0.0000000000
63420  -44.391  -11.186  59.616 0.0000000000
65342  -45.962  -9.382  58.296 0.0000000000
64384  -45.316  -9.919  57.783 0.0000000000
111979  -45.958  -10.080  56.911 0.0000000000
67146  -52.026  -7.867  60.629 0.0000000000
66207  -50.854  -8.104  60.199 0.0000000000
66219  -51.876  -8.680  59.566 0.0000000000
49795  -14.531  -25.454  82.396 0.0000000000
49794  -13.699  -25.609  82.878 0.0000000000
48867  -13.328  -26.226  81.425 0.0000000000
47973  -12.755  -27.085  80.059 0.0000000000
113183  -13.511  -26.719  79.702 0.0000000000
48872  -18.174  -26.738  81.459 0.0000000000
48871  -17.492  -26.405  81.642 0.0000000000
119093  -17.746  -26.743  79.861 0.0000000000
48940  -15.719  -26.814  77.656 0.0000000000
43912  -17.360  -31.293  78.711 0.0000000000
42950  -25.218  -32.713  80.722 0.0000000000
43901  -24.351  -31.693  80.586 0.0000000000
42958  -23.931  -32.716  79.096 0.0000000000
43957  -21.120  -32.213  75.168 0.0000000000
43944  -22.423  -31.172  76.301 0.0000000000
119233  -20.888  -31.248  74.446 0.0000000000
46157  -20.699  -29.794  73.881 0.0000000000
45082  -19.873  -31.100  73.630 0.0000000000
41178  -15.783  -34.540  73.562 0.0000000000
119732  -33.174  -24.365  71.275 0.0000000000
51777  -34.056  -23.346  69.580 0.0000000000
51750  -34.758  -23.727  71.567 0.0000000000
51751  -35.511  -23.561  71.808 0.0000000000
51753  -37.318  -23.330  72.247 0.0000000000
51669  -33.044  -23.355  77.234 0.0000000000
49844  -32.524  -25.089  77.277 0.0000000000
50719  -32.576  -24.371  75.568 0.0000000000
49871  -32.284  -24.986  74.367 0.0000000000
49879  -31.734  -25.494  73.158 0.0000000000
49892  -30.852  -25.492  71.505 0.0000000000
134901  -32.182  -25.206  72.052 0.0000000000
49895  -32.765  -24.873  71.968 0.0000000000
62516  -41.224  -12.098  55.420 0.0000000000
47006  -21.789  -28.869  85.712 0.0000000000
47013  -21.759  -28.674  84.794 0.0000000000
46071  -22.414  -29.072  84.501 0.0000000000
46085  -23.238  -29.187  82.243 0.0000000000
46093  -23.216  -29.065  81.229 0.0000000000
50816  -37.036  -25.102  64.942 0.0000000000
50825  -35.623  -25.023  63.594 0.0000000000
112551  -37.129  -24.944  64.621 0.0000000000
51868  -37.305  -23.958  64.129 0.0000000000
53809  -36.931  -22.228  63.620 0.0000000000
54779  -37.384  -20.649  63.063 0.0000000000
53811  -38.645  -21.258  63.947 0.0000000000
53812  -39.579  -20.869  64.106 0.0000000000
54769  -40.385  -20.227  63.902 0.0000000000
125079  -28.879  -29.372  82.104 0.0000000000
45013  -28.242  -31.350  81.551 0.0000000000
46104  -29.331  -29.934  80.267 0.0000000000
45034  -29.624  -31.346  79.061 0.0000000000
43926  -29.981  -31.646  77.424 0.0000000000
46164  -30.037  -30.446  72.519 0.0000000000
45089  -30.339  -31.259  73.067 0.0000000000
44008  -29.401  -32.015  70.646 0.0000000000
44022  -28.354  -32.072  70.056 0.0000000000
45138  -26.130  -31.042  68.727 0.0000000000
46194  -24.495  -29.862  68.383 0.0000000000
45172  -24.764  -30.717  67.024 0.0000000000
50804  -27.029  -24.751  66.799 0.0000000000
114367  -26.286  -24.142  64.819 0.0000000000
55729  -46.863  -19.415  68.056 0.0000000000
55743  -45.444  -19.271  66.784 0.0000000000
56838  -47.044  -18.672  67.450 0.0000000000
57842  -47.029  -17.547  66.404 0.0000000000
128480  -47.025  -16.519  65.587 0.0000000000
64301  -48.641  -10.293  66.187 0.0000000000
115104  -48.331  -11.719  65.347 0.0000000000
123578  -48.297  -10.823  65.095 0.0000000000
64322  -47.465  -10.080  63.354 0.0000000000
64344  -46.536  -10.285  61.941 0.0000000000
64358  -45.686  -10.299  60.415 0.0000000000
64359  -46.392  -9.702  60.896 0.0000000000
65323  -46.701  -8.768  59.474 0.0000000000
66225  -47.567  -8.540  58.896 0.0000000000
68110  -53.060  -7.069  58.532 0.0000000000
66235  -51.916  -8.855  58.500 0.0000000000
67172  -51.780  -7.958  57.059 0.0000000000
51562  -15.469  -23.114  86.411 0.0000000000
129014  -14.550  -24.510  85.212 0.0000000000
50606  -15.274  -24.203  84.947 0.0000000000
50633  -15.715  -24.997  83.681 0.0000000000
49796  -15.475  -25.438  82.400 0.0000000000
47996  -18.603  -27.072  78.341 0.0000000000
115706  -17.788  -26.806  78.435 0.0000000000
48006  -17.658  -27.019  76.894 0.0000000000
47090  -17.043  -28.199  76.392 0.0000000000
45046  -17.397  -30.465  77.354 0.0000000000
42980  -17.101  -31.791  78.139 0.0000000000
43918  -16.911  -31.579  77.190 0.0000000000
42078  -23.948  -33.404  77.683 0.0000000000
42065  -23.172  -33.343  77.780 0.0000000000
42105  -22.706  -33.544  76.012 0.0000000000
133101  -21.645  -33.487  75.162 0.0000000000
43015  -20.606  -33.067  74.163 0.0000000000
126549  -30.412  -23.906  65.528 0.0000000000
111879  -30.629  -23.573  64.206 0.0000000000
111884  -31.724  -23.846  65.772 0.0000000000
111694  -33.741  -23.576  65.822 0.0000000000
111371  -34.819  -23.504  65.776 0.0000000000
51795  -34.501  -23.082  68.578 0.0000000000
112703  -34.955  -23.002  67.744 0.0000000000
112219  -36.497  -23.634  66.448 0.0000000000
51812  -37.858  -23.948  66.902 0.0000000000
50798  -39.227  -24.234  67.197 0.0000000000
50800  -40.067  -24.193  67.228 0.0000000000
48895  -32.533  -26.471  80.029 0.0000000000
116267  -32.025  -28.426  78.585 0.0000000000
47999  -32.546  -27.310  78.769 0.0000000000
47095  -32.243  -28.693  77.060 0.0000000000
47103  -31.015  -28.608  75.525 0.0000000000
48954  -31.879  -26.651  76.635 0.0000000000
48030  -30.741  -27.664  75.352 0.0000000000
47110  -29.779  -28.943  74.396 0.0000000000
47117  -28.707  -28.677  72.276 0.0000000000
47127  -28.360  -29.535  69.894 0.0000000000
47133  -27.401  -28.941  68.742 0.0000000000
47139  -26.626  -29.207  67.353 0.0000000000
47132  -26.783  -28.397  68.119 0.0000000000
48066  -27.504  -26.722  69.124 0.0000000000
49918  -27.811  -25.385  68.203 0.0000000000
49901  -29.751  -25.380  70.378 0.0000000000
49912  -29.475  -24.961  69.510 0.0000000000
50794  -28.055  -24.759  67.713 0.0000000000
50795  -29.336  -24.120  67.316 0.0000000000
51820  -29.522  -24.016  66.488 0.0000000000
67118  -49.318  -6.617  62.382 0.0000000000
68055  -50.138  -5.768  63.342 0.0000000000
68067  -51.421  -6.193  62.039 0.0000000000
68976  -52.220  -5.735  61.111 0.0000000000
69903  -52.673  -5.773  59.943 0.0000000000
68995  -53.359  -5.656  58.475 0.0000000000
132376  -18.939  -25.334  86.339 0.0000000000
49762  -18.486  -25.599  84.701 0.0000000000
48830  -18.879  -26.144  84.374 0.0000000000
48858  -18.918  -26.750  83.177 0.0000000000
47957  -19.551  -27.284  81.682 0.0000000000
113667  -21.237  -27.873  83.173 0.0000000000
47958  -20.262  -27.555  81.147 0.0000000000
47988  -19.538  -27.303  79.741 0.0000000000
47998  -20.271  -27.651  78.417 0.0000000000
48018  -20.032  -27.767  76.429 0.0000000000
47100  -19.912  -28.201  74.970 0.0000000000
51865  -31.720  -23.706  63.102 0.0000000000
51866  -32.497  -24.157  62.373 0.0000000000
124882  -35.055  -25.238  62.856 0.0000000000
57906  -39.598  -16.821  60.292 0.0000000000
59805  -40.696  -15.684  60.239 0.0000000000
43862  -25.704  -31.411  84.176 0.0000000000
43871  -25.224  -31.614  83.399 0.0000000000
42922  -26.281  -32.108  82.920 0.0000000000
42938  -26.181  -32.556  81.639 0.0000000000
42057  -26.228  -32.883  80.389 0.0000000000
42962  -27.650  -32.437  80.466 0.0000000000
42960  -26.745  -32.782  80.157 0.0000000000
42971  -25.679  -32.849  78.819 0.0000000000
42996  -25.038  -32.394  76.972 0.0000000000
43945  -24.473  -31.816  75.445 0.0000000000
43971  -23.303  -31.677  73.343 0.0000000000
46124  -31.216  -30.017  78.036 0.0000000000
45048  -31.018  -31.298  77.128 0.0000000000
112982  -29.636  -31.757  75.540 0.0000000000
43973  -29.639  -31.848  73.260 0.0000000000
45077  -29.213  -31.498  74.040 0.0000000000
45064  -27.866  -30.744  75.498 0.0000000000
45074  -26.218  -30.323  74.361 0.0000000000
45083  -23.960  -30.757  72.938 0.0000000000
47158  -25.546  -29.343  65.278 0.0000000000
52711  -35.363  -22.202  75.744 0.0000000000
52735  -36.177  -22.614  75.126 0.0000000000
52576  -16.116  -22.621  86.826 0.0000000000
49719  -18.967  -24.649  87.489 0.0000000000
49720  -19.578  -25.413  87.737 0.0000000000
116701  -20.149  -26.548  87.485 0.0000000000
46041  -22.212  -28.920  86.840 0.0000000000
126145  -22.829  -29.316  86.571 0.0000000000
44952  -24.178  -30.146  86.240 0.0000000000
44964  -25.328  -30.472  85.880 0.0000000000
44981  -26.356  -30.870  84.856 0.0000000000
44982  -27.127  -30.549  84.495 0.0000000000
46060  -28.207  -29.309  84.358 0.0000000000
47015  -29.045  -27.810  84.355 0.0000000000
131951  -28.837  -28.933  83.453 0.0000000000
47035  -29.617  -27.905  82.955 0.0000000000
47945  -30.608  -26.931  82.886 0.0000000000
47961  -31.446  -26.751  81.392 0.0000000000
48878  -32.385  -25.684  81.324 0.0000000000
49820  -32.790  -25.308  80.985 0.0000000000
50677  -33.272  -24.564  80.465 0.0000000000
53700  -33.925  -21.891  76.990 0.0000000000
51692  -37.623  -23.079  75.019 0.0000000000
51725  -37.597  -23.536  73.970 0.0000000000
51743  -38.621  -23.364  73.046 0.0000000000
51713  -40.382  -23.104  74.908 0.0000000000
111888  -40.278  -23.429  73.525 0.0000000000
111483  -39.754  -23.613  71.280 0.0000000000
50775  -40.128  -23.873  69.543 0.0000000000
50789  -40.408  -23.994  68.345 0.0000000000
51814  -41.132  -23.592  67.798 0.0000000000
52795  -43.219  -22.429  69.781 0.0000000000
51815  -41.728  -23.046  68.154 0.0000000000
52812  -41.156  -22.540  66.825 0.0000000000
53793  -41.553  -21.644  66.456 0.0000000000
54759  -41.895  -20.502  65.454 0.0000000000
55752  -41.908  -19.749  64.428 0.0000000000
55749  -44.344  -19.052  65.705 0.0000000000
55761  -43.033  -18.933  64.301 0.0000000000
56901  -41.962  -18.859  63.421 0.0000000000
57892  -42.124  -17.244  62.431 0.0000000000
58860  -42.312  -16.005  61.721 0.0000000000
60713  -42.117  -14.882  60.771 0.0000000000
59750  -47.763  -15.435  65.716 0.0000000000
60663  -47.135  -14.886  64.505 0.0000000000
132220  -47.679  -13.045  64.601 0.0000000000
61587  -46.881  -13.581  63.769 0.0000000000
60671  -45.867  -14.627  63.387 0.0000000000
60684  -44.751  -14.463  62.404 0.0000000000
60699  -42.900  -14.291  60.944 0.0000000000
60712  -42.015  -13.982  59.859 0.0000000000
61639  -42.053  -12.992  58.850 0.0000000000
62508  -42.157  -12.067  57.641 0.0000000000
63437  -42.505  -11.476  56.360 0.0000000000
64365  -44.666  -10.337  59.222 0.0000000000
64382  -43.810  -10.786  57.103 0.0000000000
130193  -43.063  -11.420  55.291 0.0000000000
67143  -49.290  -7.353  60.912 0.0000000000
66216  -49.208  -8.158  59.610 0.0000000000
123523  -48.221  -9.459  57.572 0.0000000000
65345  -50.966  -9.858  57.748 0.0000000000
64393  -49.565  -10.220  56.649 0.0000000000
64392  -48.636  -10.318  56.398 0.0000000000
49778  -13.587  -25.506  83.653 0.0000000000
49798  -17.101  -25.748  82.876 0.0000000000
48855  -16.851  -25.986  82.129 0.0000000000
48887  -15.471  -26.033  80.085 0.0000000000
48907  -16.539  -26.406  78.820 0.0000000000
123092  -15.752  -26.375  78.734 0.0000000000
48905  -14.317  -26.493  79.249 0.0000000000
47995  -13.888  -27.748  78.170 0.0000000000
43880  -24.609  -31.427  82.466 0.0000000000
45024  -24.111  -30.723  81.105 0.0000000000
46113  -23.517  -29.849  79.739 0.0000000000
43920  -23.028  -32.172  77.721 0.0000000000
128274  -23.420  -31.157  77.758 0.0000000000
46122  -23.155  -29.593  77.965 0.0000000000
46136  -21.962  -29.142  75.879 0.0000000000
47108  -20.444  -28.705  74.515 0.0000000000
46148  -18.737  -29.950  73.912 0.0000000000
42154  -19.277  -32.900  72.573 0.0000000000
42133  -18.792  -32.823  72.751 0.0000000000
116763  -18.279  -32.539  73.030 0.0000000000
43030  -17.186  -32.578  73.492 0.0000000000
43014  -16.914  -32.140  74.131 0.0000000000
43941  -16.686  -31.647  74.977 0.0000000000
51707  -34.682  -23.669  73.678 0.0000000000
51708  -35.515  -23.482  73.868 0.0000000000
130900  -34.745  -22.563  75.423 0.0000000000
51706  -33.926  -23.500  74.269 0.0000000000
59815  -39.934  -14.944  58.883 0.0000000000
60720  -40.279  -14.263  58.520 0.0000000000
60725  -39.935  -13.930  57.764 0.0000000000
60721  -40.998  -13.936  58.871 0.0000000000
44978  -24.079  -30.712  84.987 0.0000000000
51862  -29.052  -23.304  63.369 0.0000000000
51880  -29.898  -23.166  62.859 0.0000000000
51863  -29.947  -23.431  63.794 0.0000000000
50809  -39.622  -24.167  66.619 0.0000000000
51840  -39.353  -24.065  65.990 0.0000000000
52816  -39.646  -23.420  65.833 0.0000000000
52823  -39.588  -22.626  65.344 0.0000000000
47059  -30.487  -28.280  80.354 0.0000000000
47060  -31.309  -27.818  80.007 0.0000000000
45175  -27.789  -31.529  67.541 0.0000000000
51846  -28.585  -23.617  64.215 0.0000000000
113847  -28.391  -23.284  62.757 0.0000000000
67106  -48.771  -7.482  64.211 0.0000000000
66164  -48.288  -8.338  63.875 0.0000000000
66176  -48.392  -7.673  63.183 0.0000000000
128672  -48.632  -7.164  62.608 0.0000000000
50597  -17.934  -24.163  86.062 0.0000000000
50607  -16.990  -24.061  84.862 0.0000000000
46141  -18.242  -29.169  75.269 0.0000000000
43942  -17.424  -30.675  75.940 0.0000000000
130418  -17.186  -31.064  75.260 0.0000000000
43970  -22.626  -32.317  73.232 0.0000000000
43034  -22.068  -32.988  73.559 0.0000000000
51776  -32.451  -23.747  69.294 0.0000000000
51794  -32.946  -23.529  68.760 0.0000000000
129826  -33.180  -23.680  69.645 0.0000000000
115205  -37.089  -23.128  71.303 0.0000000000
49835  -32.827  -25.731  78.800 0.0000000000
50695  -32.719  -24.996  78.171 0.0000000000
48995  -31.040  -25.908  72.955 0.0000000000
119050  -30.432  -26.362  73.581 0.0000000000
48994  -30.084  -26.293  72.804 0.0000000000
48992  -28.717  -26.991  72.086 0.0000000000
49004  -29.272  -26.236  71.589 0.0000000000
50774  -32.033  -24.411  70.240 0.0000000000
134548  -32.065  -24.050  69.685 0.0000000000
51775  -31.749  -23.798  69.096 0.0000000000
47067  -22.343  -28.523  79.937 0.0000000000
47075  -21.789  -28.286  78.713 0.0000000000
47076  -22.584  -28.906  78.540 0.0000000000
50823  -34.194  -24.423  64.223 0.0000000000
50824  -35.006  -24.743  64.207 0.0000000000
53822  -35.775  -21.787  62.572 0.0000000000
56926  -40.370  -18.057  61.737 0.0000000000
56916  -40.899  -18.545  62.429 0.0000000000
44997  -28.107  -30.622  83.374 0.0000000000
43875  -27.723  -31.614  82.933 0.0000000000
45004  -28.212  -31.047  82.525 0.0000000000
130580  -28.843  -31.855  77.943 0.0000000000
43936  -27.701  -31.322  77.146 0.0000000000
43935  -26.703  -31.240  76.908 0.0000000000
45054  -27.332  -30.872  76.332 0.0000000000
46153  -30.865  -30.588  74.659 0.0000000000
46144  -31.232  -30.513  75.456 0.0000000000
124999  -26.447  -30.558  70.079 0.0000000000
46177  -26.553  -30.364  70.585 0.0000000000
46167  -25.936  -29.668  70.940 0.0000000000
46166  -25.098  -29.532  70.851 0.0000000000
46175  -24.899  -29.467  70.015 0.0000000000
114305  -26.285  -26.085  66.886 0.0000000000
51758  -42.161  -23.346  71.792 0.0000000000
54736  -45.551  -21.167  69.667 0.0000000000
116705  -44.353  -20.844  68.238 0.0000000000
54750  -44.102  -20.463  67.384 0.0000000000
55727  -44.879  -19.814  67.171 0.0000000000
58818  -45.684  -16.675  64.523 0.0000000000
57863  -45.146  -17.312  64.655 0.0000000000
58830  -45.398  -16.270  63.928 0.0000000000
58829  -44.664  -16.620  63.721 0.0000000000
63331  -48.443  -10.940  68.285 0.0000000000
124910  -48.177  -11.800  68.267 0.0000000000
62407  -48.262  -12.516  67.481 0.0000000000
62495  -45.058  -11.884  61.154 0.0000000000
62475  -44.832  -12.607  61.409 0.0000000000
62503  -44.064  -11.943  60.027 0.0000000000
63409  -44.725  -11.556  60.390 0.0000000000
133206  -46.668  -9.188  57.970 0.0000000000
115345  -46.298  -9.598  57.520 0.0000000000
64385  -46.927  -9.978  56.851 0.0000000000
67147  -52.420  -7.691  60.296 0.0000000000
129429  -52.230  -8.510  59.482 0.0000000000
50605  -13.856  -24.860  85.692 0.0000000000
49807  -14.221  -25.702  81.499 0.0000000000
48868  -13.946  -25.986  80.837 0.0000000000
48885  -13.367  -26.508  80.520 0.0000000000
48886  -14.110  -26.215  80.135 0.0000000000
47974  -18.787  -27.053  81.086 0.0000000000
48890  -18.082  -26.773  80.686 0.0000000000
46121  -16.651  -30.046  78.347 0.0000000000
42045  -24.992  -32.971  80.151 0.0000000000
42959  -24.520  -32.601  80.082 0.0000000000
43956  -20.592  -32.352  74.454 0.0000000000
129642  -20.398  -31.482  73.980 0.0000000000
43968  -19.426  -32.106  73.456 0.0000000000
50761  -34.351  -23.937  72.182 0.0000000000
50767  -33.977  -23.945  71.446 0.0000000000
51740  -35.609  -23.695  72.556 0.0000000000
51741  -36.586  -23.614  72.963 0.0000000000
51752  -36.359  -23.412  72.056 0.0000000000
51668  -32.872  -23.745  76.562 0.0000000000
50731  -33.385  -24.076  73.978 0.0000000000
50730  -32.703  -24.422  74.629 0.0000000000
121826  -32.508  -25.040  73.320 0.0000000000
49888  -32.365  -25.171  72.536 0.0000000000
129548  -33.587  -24.360  72.156 0.0000000000
59818  -38.373  -14.993  57.200 0.0000000000
61641  -40.363  -13.344  57.315 0.0000000000
62511  -41.306  -12.160  56.363 0.0000000000
114442  -22.221  -29.165  85.255 0.0000000000
113217  -22.867  -29.560  85.073 0.0000000000
46073  -23.645  -30.176  83.715 0.0000000000
46072  -23.223  -29.396  83.269 0.0000000000
46094  -23.710  -29.895  81.668 0.0000000000
50807  -37.412  -24.748  65.487 0.0000000000
52821  -38.045  -23.573  64.448 0.0000000000
51850  -37.756  -24.474  64.532 0.0000000000
52832  -36.847  -23.330  63.633 0.0000000000
52833  -37.500  -22.815  64.009 0.0000000000
53810  -37.618  -21.529  63.701 0.0000000000
53803  -39.910  -21.471  64.936 0.0000000000
54763  -40.280  -20.773  64.555 0.0000000000
54770  -40.793  -20.455  64.550 0.0000000000
47049  -29.370  -28.716  81.787 0.0000000000
46096  -28.987  -29.580  81.235 0.0000000000
47058  -29.639  -28.862  80.748 0.0000000000
132285  -30.238  -29.966  79.116 0.0000000000
46114  -29.780  -30.369  79.406 0.0000000000
43916  -29.644  -31.630  78.329 0.0000000000
45041  -30.130  -31.225  78.187 0.0000000000
46168  -29.319  -30.247  71.028 0.0000000000
46169  -29.792  -30.907  71.575 0.0000000000
45125  -29.526  -31.290  70.795 0.0000000000
121692  -28.342  -32.158  68.527 0.0000000000
44038  -28.583  -32.220  69.265 0.0000000000
44037  -27.861  -32.159  69.114 0.0000000000
45139  -26.934  -31.675  68.942 0.0000000000
45155  -26.714  -31.831  68.224 0.0000000000
45153  -25.091  -30.617  67.749 0.0000000000
45173  -25.543  -31.395  67.137 0.0000000000
50813  -27.297  -24.215  66.158 0.0000000000
50803  -26.571  -24.594  66.072 0.0000000000
51832  -26.749  -24.086  65.434 0.0000000000
55730  -47.873  -19.061  68.437 0.0000000000
57844  -48.487  -17.201  67.626 0.0000000000
57843  -47.837  -17.344  66.924 0.0000000000
57855  -47.373  -16.900  66.165 0.0000000000
58810  -47.596  -16.211  65.988 0.0000000000
114837  -49.048  -8.334  67.007 0.0000000000
66142  -49.030  -8.086  67.914 0.0000000000
65239  -48.863  -8.812  67.522 0.0000000000
65248  -48.756  -9.287  66.379 0.0000000000
64312  -48.492  -9.933  65.420 0.0000000000
65282  -47.453  -9.252  62.926 0.0000000000
64333  -46.957  -10.453  62.718 0.0000000000
65297  -46.970  -9.319  61.606 0.0000000000
66204  -47.633  -7.973  60.558 0.0000000000
66214  -47.116  -8.335  60.012 0.0000000000
128938  -47.327  -8.389  59.505 0.0000000000
123354  -52.784  -7.534  58.355 0.0000000000
51575  -15.621  -23.615  85.568 0.0000000000
111413  -15.825  -25.320  83.013 0.0000000000
49797  -16.292  -25.590  82.588 0.0000000000
48007  -18.594  -27.170  77.162 0.0000000000
46140  -17.719  -29.555  76.023 0.0000000000
47091  -17.666  -28.093  75.890 0.0000000000
46135  -17.436  -28.925  76.227 0.0000000000
46134  -16.889  -29.105  76.774 0.0000000000
122485  -17.393  -29.749  76.767 0.0000000000
43930  -17.379  -30.932  76.870 0.0000000000
42091  -15.951  -32.959  76.856 0.0000000000
42994  -23.370  -33.461  76.380 0.0000000000
120782  -23.451  -33.499  77.122 0.0000000000
42136  -21.661  -33.412  74.222 0.0000000000
42115  -21.900  -33.571  74.901 0.0000000000
42135  -21.009  -33.361  73.950 0.0000000000
42114  -21.311  -33.382  74.719 0.0000000000
42134  -20.344  -33.153  73.505 0.0000000000
111885  -30.961  -23.909  65.962 0.0000000000
51822  -31.433  -23.836  66.468 0.0000000000
127303  -33.568  -23.279  67.265 0.0000000000
51823  -33.071  -23.427  66.770 0.0000000000
51824  -34.019  -23.271  66.706 0.0000000000
51763  -34.590  -23.503  70.519 0.0000000000
118749  -34.993  -23.085  69.339 0.0000000000
51796  -35.447  -22.938  68.313 0.0000000000
51810  -35.871  -23.117  67.221 0.0000000000
51811  -36.907  -23.558  67.130 0.0000000000
50799  -39.603  -24.264  67.017 0.0000000000
129299  -39.676  -24.166  67.554 0.0000000000
116794  -32.821  -26.087  79.977 0.0000000000
47991  -32.416  -27.090  79.501 0.0000000000
48913  -32.674  -26.552  79.438 0.0000000000
115536  -32.329  -27.010  77.448 0.0000000000
48020  -32.384  -27.889  77.590 0.0000000000
47104  -31.656  -28.833  76.293 0.0000000000
49854  -32.306  -25.070  76.356 0.0000000000
48955  -32.326  -25.979  77.161 0.0000000000
49853  -31.953  -25.730  76.099 0.0000000000
48965  -31.053  -26.976  75.487 0.0000000000
48039  -29.629  -27.828  74.210 0.0000000000
125859  -30.247  -28.225  74.955 0.0000000000
123890  -29.325  -28.474  73.757 0.0000000000
47118  -29.279  -29.352  72.685 0.0000000000
47114  -28.910  -28.547  73.120 0.0000000000
47122  -27.997  -28.640  70.573 0.0000000000
47126  -27.760  -28.817  69.623 0.0000000000
115134  -27.372  -27.831  69.348 0.0000000000
49022  -28.133  -26.142  69.546 0.0000000000
124528  -27.203  -26.330  68.415 0.0000000000
49026  -27.935  -25.854  68.856 0.0000000000
49902  -30.662  -25.203  70.777 0.0000000000
122363  -30.304  -24.539  69.253 0.0000000000
49913  -30.409  -24.859  70.022 0.0000000000
50784  -28.921  -24.841  68.749 0.0000000000
114238  -29.158  -24.427  68.070 0.0000000000
118900  -28.623  -24.452  67.507 0.0000000000
51805  -30.695  -23.841  67.507 0.0000000000
51804  -30.093  -23.925  67.047 0.0000000000
112010  -30.832  -23.892  66.744 0.0000000000
51821  -30.269  -23.984  66.232 0.0000000000
68948  -51.085  -4.866  63.095 0.0000000000
68961  -51.519  -5.260  62.324 0.0000000000
68975  -51.893  -6.045  61.630 0.0000000000
69884  -51.942  -5.163  61.659 0.0000000000
69893  -52.479  -5.114  60.506 0.0000000000
133130  -52.724  -4.999  59.646 0.0000000000
68988  -52.923  -5.761  59.240 0.0000000000
123481  -52.802  -4.234  59.327 0.0000000000
114804  -19.336  -25.874  86.326 0.0000000000
48815  -19.148  -25.974  85.287 0.0000000000
117860  -19.726  -27.113  83.425 0.0000000000
48844  -19.229  -26.664  83.989 0.0000000000
47941  -19.250  -27.057  82.549 0.0000000000
47033  -21.697  -28.075  82.385 0.0000000000
47046  -20.981  -27.813  80.763 0.0000000000
113615  -20.965  -27.745  81.634 0.0000000000
47976  -20.268  -27.563  80.270 0.0000000000
47997  -19.512  -27.324  78.835 0.0000000000
47989  -20.276  -27.587  79.365 0.0000000000
47084  -20.952  -28.094  76.939 0.0000000000
48009  -20.221  -27.711  77.448 0.0000000000
48028  -19.472  -27.814  75.613 0.0000000000
48029  -20.179  -28.042  75.643 0.0000000000
111880  -32.007  -23.802  64.883 0.0000000000
51848  -31.409  -23.629  64.103 0.0000000000
51849  -32.442  -23.857  63.933 0.0000000000
134330  -32.640  -24.155  63.061 0.0000000000
50838  -33.334  -24.651  62.490 0.0000000000
129324  -36.346  -24.759  63.828 0.0000000000
50841  -35.735  -25.147  62.988 0.0000000000
51903  -34.595  -24.280  61.794 0.0000000000
132637  -38.001  -20.234  62.681 0.0000000000
54792  -38.156  -19.886  62.021 0.0000000000
56924  -38.795  -18.981  61.336 0.0000000000
134106  -38.756  -17.752  60.299 0.0000000000
58866  -40.393  -16.457  60.594 0.0000000000
58870  -39.943  -16.030  59.949 0.0000000000
43863  -26.109  -31.327  84.328 0.0000000000
43872  -25.811  -31.746  83.454 0.0000000000
43873  -26.362  -31.752  83.478 0.0000000000
42930  -27.066  -32.509  81.939 0.0000000000
42939  -26.798  -32.566  81.734 0.0000000000
42032  -26.449  -32.695  81.184 0.0000000000
130542  -26.540  -32.755  80.864 0.0000000000
45025  -28.365  -31.565  80.599 0.0000000000
114132  -27.834  -32.186  81.268 0.0000000000
43903  -28.022  -32.202  80.484 0.0000000000
132510  -27.343  -32.239  78.950 0.0000000000
42973  -27.384  -32.462  79.684 0.0000000000
42972  -26.617  -32.646  79.359 0.0000000000
42068  -25.910  -32.972  79.690 0.0000000000
42983  -24.619  -32.970  77.520 0.0000000000
42984  -25.572  -32.479  77.814 0.0000000000
43946  -25.276  -31.315  75.811 0.0000000000
43958  -23.524  -32.094  74.253 0.0000000000
43959  -24.300  -31.478  74.618 0.0000000000
46116  -31.427  -28.957  78.642 0.0000000000
47077  -32.073  -29.132  77.970 0.0000000000
45066  -31.163  -31.373  75.715 0.0000000000
45056  -31.158  -31.398  76.479 0.0000000000
120371  -30.822  -31.739  76.092 0.0000000000
133212  -30.511  -31.791  76.377 0.0000000000
43938  -30.301  -31.888  75.914 0.0000000000
43990  -29.666  -31.822  71.816 0.0000000000
43974  -29.966  -31.840  72.855 0.0000000000
43989  -29.417  -31.841  72.484 0.0000000000
115264  -27.812  -30.820  72.506 0.0000000000
45088  -28.942  -31.582  73.182 0.0000000000
130800  -28.427  -30.973  73.792 0.0000000000
45076  -28.184  -30.814  74.579 0.0000000000
123215  -27.542  -30.504  74.036 0.0000000000
45075  -27.115  -30.492  74.947 0.0000000000
45085  -25.933  -30.027  73.374 0.0000000000
45093  -24.631  -30.145  72.324 0.0000000000
45084  -24.839  -30.358  73.194 0.0000000000
45092  -23.801  -30.533  72.151 0.0000000000
131199  -23.368  -31.089  72.626 0.0000000000
43988  -23.065  -30.900  72.032 0.0000000000
111647  -26.270  -29.358  66.629 0.0000000000
47147  -26.085  -28.577  66.962 0.0000000000
51551  -15.377  -22.783  87.333 0.0000000000
50588  -19.532  -24.821  88.229 0.0000000000
46999  -21.584  -28.467  86.932 0.0000000000
44965  -26.010  -30.417  85.649 0.0000000000
44983  -27.842  -30.144  84.116 0.0000000000
47929  -29.364  -26.919  84.610 0.0000000000
47022  -28.716  -28.678  84.084 0.0000000000
46075  -29.331  -28.080  83.625 0.0000000000
47944  -29.965  -27.369  83.325 0.0000000000
48862  -30.937  -26.303  83.179 0.0000000000
47946  -31.243  -26.525  82.357 0.0000000000
48863  -31.562  -25.927  82.645 0.0000000000
48864  -32.098  -25.504  82.112 0.0000000000
49813  -32.564  -25.083  81.683 0.0000000000
49814  -32.903  -24.767  81.362 0.0000000000
50665  -33.154  -24.437  81.126 0.0000000000
51640  -33.326  -23.873  80.901 0.0000000000
53701  -34.842  -21.613  76.610 0.0000000000
52736  -37.157  -22.675  75.438 0.0000000000
51691  -36.774  -22.983  74.658 0.0000000000
115618  -38.684  -23.425  74.891 0.0000000000
51711  -37.967  -23.375  74.680 0.0000000000
128586  -38.305  -23.493  74.392 0.0000000000
51726  -38.397  -23.523  73.795 0.0000000000
51745  -40.884  -23.486  72.733 0.0000000000
129955  -40.158  -23.466  72.785 0.0000000000
51754  -39.408  -23.321  72.335 0.0000000000
51768  -39.974  -23.797  70.383 0.0000000000
111455  -40.430  -23.751  70.946 0.0000000000
116995  -41.486  -23.677  69.698 0.0000000000
51783  -41.042  -23.828  69.709 0.0000000000
50777  -41.035  -23.854  68.951 0.0000000000
51798  -40.790  -23.938  68.122 0.0000000000
51799  -41.344  -23.617  68.504 0.0000000000
53771  -44.954  -21.691  70.515 0.0000000000
52790  -43.375  -22.532  70.644 0.0000000000
53784  -42.703  -21.692  67.994 0.0000000000
52802  -42.445  -22.455  68.566 0.0000000000
52808  -42.101  -22.281  67.742 0.0000000000
52807  -41.453  -22.838  67.454 0.0000000000
52813  -41.828  -22.019  67.089 0.0000000000
54761  -43.185  -19.878  65.866 0.0000000000
54760  -42.508  -20.218  65.624 0.0000000000
54765  -42.247  -20.010  64.996 0.0000000000
55753  -42.655  -19.470  64.612 0.0000000000
56860  -46.027  -18.601  66.517 0.0000000000
55750  -45.119  -18.828  66.047 0.0000000000
56903  -43.912  -17.999  64.000 0.0000000000
56889  -43.701  -18.559  64.488 0.0000000000
132941  -43.343  -18.459  64.019 0.0000000000
56902  -42.709  -18.619  63.755 0.0000000000
56918  -42.302  -18.078  63.047 0.0000000000
57893  -42.915  -17.229  62.937 0.0000000000
58845  -42.644  -16.515  62.338 0.0000000000
59807  -41.818  -15.599  61.164 0.0000000000
59795  -42.612  -15.187  61.404 0.0000000000
60634  -48.371  -14.344  66.391 0.0000000000
60650  -48.058  -14.758  65.778 0.0000000000
59761  -47.399  -15.350  65.001 0.0000000000
60649  -47.718  -14.651  65.057 0.0000000000
63361  -47.885  -11.688  64.546 0.0000000000
62436  -48.029  -12.436  64.887 0.0000000000
62435  -47.547  -12.425  64.225 0.0000000000
119739  -46.455  -13.063  63.110 0.0000000000
60672  -46.445  -14.272  63.647 0.0000000000
60685  -45.459  -14.309  62.830 0.0000000000
59784  -45.209  -15.014  63.020 0.0000000000
61631  -44.188  -13.075  61.157 0.0000000000
61614  -43.774  -13.918  61.345 0.0000000000
61630  -43.414  -13.451  60.672 0.0000000000
61629  -42.675  -13.711  60.262 0.0000000000
61634  -42.374  -13.344  59.564 0.0000000000
62506  -42.988  -11.904  58.918 0.0000000000
62505  -42.389  -12.336  58.474 0.0000000000
63428  -42.729  -11.647  58.063 0.0000000000
63433  -42.569  -11.487  57.203 0.0000000000
64366  -45.375  -9.932  59.592 0.0000000000
64376  -45.187  -9.731  58.764 0.0000000000
63439  -44.666  -10.665  56.434 0.0000000000
64383  -44.535  -10.457  57.489 0.0000000000
111559  -43.770  -10.992  56.186 0.0000000000
68082  -50.382  -6.581  61.895 0.0000000000
67127  -49.850  -6.876  61.384 0.0000000000
65324  -50.646  -9.051  59.004 0.0000000000
112995  -50.277  -8.457  59.617 0.0000000000
66217  -49.721  -8.776  59.015 0.0000000000
132458  -49.259  -9.037  58.497 0.0000000000
65334  -49.314  -9.575  57.832 0.0000000000
66241  -51.316  -8.918  57.054 0.0000000000
65346  -51.407  -9.342  57.783 0.0000000000
65349  -50.772  -9.776  56.954 0.0000000000
65352  -50.049  -10.163  56.264 0.0000000000
50618  -14.855  -24.775  84.444 0.0000000000
50617  -14.035  -25.013  84.842 0.0000000000
49759  -14.232  -25.230  84.074 0.0000000000
112655  -13.010  -26.152  82.109 0.0000000000
48854  -13.107  -25.865  82.588 0.0000000000
47972  -11.982  -27.550  80.491 0.0000000000
47986  -13.106  -27.385  79.357 0.0000000000
47985  -12.474  -27.868  79.702 0.0000000000
130503  -13.039  -28.870  78.984 0.0000000000
49782  -18.217  -25.801  83.917 0.0000000000
131658  -17.461  -25.526  83.559 0.0000000000
48842  -17.858  -26.045  83.243 0.0000000000
48889  -17.281  -26.476  80.642 0.0000000000
48870  -16.614  -26.125  81.272 0.0000000000
48869  -15.706  -25.862  80.964 0.0000000000
124635  -17.154  -26.760  77.347 0.0000000000
48908  -17.366  -26.637  78.997 0.0000000000
48926  -17.043  -26.537  78.063 0.0000000000
48004  -15.258  -27.381  77.514 0.0000000000
129794  -15.510  -26.600  78.189 0.0000000000
48906  -15.238  -26.262  79.317 0.0000000000
48924  -14.972  -26.566  78.601 0.0000000000
48923  -14.162  -26.983  78.390 0.0000000000
48003  -14.497  -27.513  77.836 0.0000000000
43881  -25.140  -31.835  82.688 0.0000000000
43870  -24.636  -31.295  83.312 0.0000000000
43893  -24.993  -32.081  81.911 0.0000000000
43907  -24.064  -31.904  79.647 0.0000000000
45033  -23.906  -30.828  80.154 0.0000000000
42077  -22.587  -33.311  77.133 0.0000000000
42981  -22.678  -32.930  77.530 0.0000000000
43932  -22.470  -32.248  77.061 0.0000000000
45052  -23.128  -31.177  77.082 0.0000000000
46137  -23.062  -30.151  76.629 0.0000000000
45053  -23.326  -30.296  77.449 0.0000000000
46130  -22.984  -29.577  77.248 0.0000000000
47094  -22.398  -29.191  76.685 0.0000000000
46156  -20.076  -29.998  73.584 0.0000000000
46151  -20.977  -29.336  74.339 0.0000000000
46150  -20.240  -29.232  73.907 0.0000000000
46149  -19.458  -29.455  73.822 0.0000000000
45080  -18.653  -30.844  73.653 0.0000000000
42169  -17.564  -33.395  71.539 0.0000000000
42153  -18.226  -32.872  72.112 0.0000000000
42151  -16.764  -33.821  72.547 0.0000000000
42132  -17.111  -33.111  72.971 0.0000000000
130489  -17.638  -32.659  73.102 0.0000000000
41167  -15.760  -34.042  74.202 0.0000000000
43029  -16.594  -32.876  73.793 0.0000000000
42113  -16.092  -33.329  74.226 0.0000000000
43954  -17.455  -31.330  74.370 0.0000000000
43013  -16.240  -32.569  74.767 0.0000000000
50758  -34.917  -23.864  72.637 0.0000000000
50747  -34.888  -23.896  72.912 0.0000000000
112920  -35.884  -23.528  73.539 0.0000000000
51677  -33.361  -23.059  75.992 0.0000000000
119850  -33.455  -23.381  75.137 0.0000000000
50745  -33.601  -24.288  73.263 0.0000000000
49880  -33.204  -24.646  73.075 0.0000000000
50746  -34.344  -23.992  73.065 0.0000000000
58875  -38.967  -15.973  58.769 0.0000000000
59814  -39.294  -15.275  58.484 0.0000000000
59819  -38.972  -14.901  57.840 0.0000000000
60724  -39.164  -14.283  57.274 0.0000000000
60729  -39.254  -13.796  56.382 0.0000000000
61642  -41.082  -12.988  57.700 0.0000000000
46058  -23.517  -30.198  84.649 0.0000000000
45003  -24.162  -30.779  83.102 0.0000000000
51881  -30.794  -23.433  62.392 0.0000000000
127734  -38.443  -24.482  65.678 0.0000000000
50817  -38.331  -24.625  65.335 0.0000000000
51839  -38.823  -24.267  65.582 0.0000000000
52822  -38.791  -23.122  64.886 0.0000000000
52824  -40.217  -21.930  65.458 0.0000000000
46115  -30.687  -29.554  78.866 0.0000000000
123547  -28.852  -30.522  69.799 0.0000000000
45124  -29.251  -31.623  69.924 0.0000000000
123502  -28.806  -31.382  69.166 0.0000000000
127269  -28.294  -31.950  68.102 0.0000000000
44064  -26.237  -31.822  67.079 0.0000000000
112532  -25.656  -31.550  65.537 0.0000000000
111615  -28.403  -23.901  65.467 0.0000000000
51833  -27.601  -23.851  65.326 0.0000000000
51845  -27.711  -23.653  64.374 0.0000000000
51860  -26.994  -23.610  63.604 0.0000000000
124473  -48.870  -8.587  65.984 0.0000000000
65258  -48.582  -9.206  65.234 0.0000000000
65298  -47.400  -8.892  62.204 0.0000000000
128394  -47.654  -8.089  62.044 0.0000000000
67142  -48.148  -7.615  61.320 0.0000000000
111708  -16.946  -23.271  85.937 0.0000000000
51576  -16.530  -23.590  85.427 0.0000000000
49760  -17.163  -24.971  83.868 0.0000000000
48027  -18.682  -27.696  75.685 0.0000000000
48016  -18.223  -27.332  76.305 0.0000000000
47098  -18.343  -28.231  75.433 0.0000000000
126708  -17.885  -28.785  75.721 0.0000000000
43929  -16.858  -31.385  76.077 0.0000000000
42104  -15.936  -32.774  75.834 0.0000000000
43018  -23.074  -33.062  74.686 0.0000000000
127884  -21.398  -33.249  73.591 0.0000000000
133290  -31.869  -23.610  67.823 0.0000000000
112750  -33.124  -23.357  67.858 0.0000000000
130399  -36.084  -23.080  70.427 0.0000000000
51778  -35.575  -23.101  69.981 0.0000000000
51779  -36.540  -23.007  69.643 0.0000000000
118454  -37.032  -23.043  68.706 0.0000000000
112475  -37.460  -23.435  67.807 0.0000000000
130137  -37.878  -23.438  68.440 0.0000000000
124536  -38.659  -23.706  68.653 0.0000000000
51782  -39.555  -23.886  68.919 0.0000000000
48930  -32.732  -26.552  78.845 0.0000000000
48944  -32.671  -26.432  78.094 0.0000000000
124397  -31.181  -26.168  74.857 0.0000000000
48982  -29.703  -26.998  73.642 0.0000000000
48054  -28.629  -27.800  72.636 0.0000000000
48063  -27.881  -27.425  70.646 0.0000000000
49015  -28.315  -26.434  70.351 0.0000000000
50765  -32.045  -24.775  70.921 0.0000000000
50764  -31.295  -24.694  70.402 0.0000000000
50785  -30.344  -24.215  68.624 0.0000000000
50796  -29.934  -23.925  68.001 0.0000000000
51792  -31.436  -23.745  68.247 0.0000000000
48831  -19.476  -26.623  84.900 0.0000000000
47926  -20.056  -27.193  85.432 0.0000000000
134034  -20.351  -27.423  84.043 0.0000000000
47048  -22.512  -28.533  81.782 0.0000000000
47056  -21.723  -28.072  80.363 0.0000000000
47065  -21.030  -27.924  78.988 0.0000000000
47085  -21.786  -28.496  77.281 0.0000000000
51835  -33.545  -23.873  64.962 0.0000000000
126556  -33.371  -24.100  64.152 0.0000000000
134712  -33.993  -24.639  63.571 0.0000000000
124583  -36.295  -23.972  63.145 0.0000000000
51884  -35.732  -24.546  62.748 0.0000000000
55780  -39.380  -19.126  61.833 0.0000000000
56925  -39.493  -18.325  61.347 0.0000000000
56938  -39.239  -17.629  60.585 0.0000000000
131152  -40.717  -17.402  61.587 0.0000000000
43874  -27.077  -31.850  83.180 0.0000000000
43883  -27.276  -32.230  82.389 0.0000000000
43894  -27.357  -32.446  81.697 0.0000000000
43915  -28.813  -31.988  79.020 0.0000000000
43908  -28.313  -32.043  79.758 0.0000000000
43914  -28.240  -32.043  78.854 0.0000000000
43923  -26.664  -31.702  77.644 0.0000000000
43922  -25.883  -31.675  77.034 0.0000000000
43947  -26.163  -30.994  76.292 0.0000000000
45062  -26.076  -30.609  75.400 0.0000000000
122410  -31.965  -29.423  76.753 0.0000000000
46138  -31.729  -30.079  76.798 0.0000000000
43962  -30.532  -31.715  74.454 0.0000000000
45107  -28.439  -31.800  71.121 0.0000000000
45096  -28.393  -31.506  71.877 0.0000000000
45095  -27.610  -30.888  71.711 0.0000000000
112293  -26.874  -30.055  72.462 0.0000000000
45104  -24.390  -29.996  71.533 0.0000000000
46051  -26.438  -29.671  85.958 0.0000000000
46045  -26.972  -28.877  86.108 0.0000000000
47930  -30.007  -26.634  84.192 0.0000000000
48837  -30.548  -26.067  83.958 0.0000000000
52714  -38.186  -22.504  76.377 0.0000000000
52737  -37.954  -22.822  75.738 0.0000000000
52738  -38.600  -22.960  75.901 0.0000000000
51694  -39.037  -23.274  75.442 0.0000000000
111887  -41.364  -23.176  73.113 0.0000000000
134955  -41.142  -23.678  71.917 0.0000000000
51756  -40.972  -23.708  71.134 0.0000000000
51757  -41.525  -23.555  71.468 0.0000000000
117009  -41.869  -23.361  71.050 0.0000000000
51771  -42.009  -23.448  70.332 0.0000000000
54737  -46.226  -21.051  70.297 0.0000000000
53778  -44.719  -21.555  69.612 0.0000000000
53777  -43.755  -21.937  69.335 0.0000000000
53786  -44.114  -21.413  68.769 0.0000000000
134758  -42.886  -21.278  67.597 0.0000000000
53794  -42.278  -21.241  66.740 0.0000000000
53795  -43.044  -20.882  67.135 0.0000000000
54755  -43.532  -20.206  66.560 0.0000000000
57853  -45.886  -17.649  65.463 0.0000000000
56891  -45.268  -17.784  65.162 0.0000000000
56904  -44.542  -17.354  64.126 0.0000000000
57878  -43.834  -17.123  63.449 0.0000000000
58847  -44.157  -16.212  63.178 0.0000000000
59782  -43.926  -15.703  62.688 0.0000000000
61545  -48.371  -13.439  67.034 0.0000000000
61557  -48.357  -13.356  65.992 0.0000000000
63370  -46.796  -11.803  62.997 0.0000000000
62460  -46.402  -12.447  62.760 0.0000000000
62459  -45.853  -12.955  62.491 0.0000000000
61597  -45.318  -13.692  62.407 0.0000000000
61616  -45.153  -13.050  61.906 0.0000000000
62493  -43.761  -12.686  60.386 0.0000000000
63419  -43.690  -11.550  59.278 0.0000000000
127594  -45.227  -10.382  57.002 0.0000000000
67129  -51.710  -7.370  61.201 0.0000000000
67145  -51.349  -7.748  60.731 0.0000000000
66218  -51.191  -8.648  59.602 0.0000000000
66227  -51.412  -9.083  58.985 0.0000000000
131780  -50.384  -9.788  56.260 0.0000000000
49741  -13.326  -25.377  85.314 0.0000000000
49806  -13.644  -25.797  82.139 0.0000000000
48884  -12.540  -26.790  80.901 0.0000000000
126763  -18.146  -26.621  82.191 0.0000000000
48856  -17.607  -26.239  82.515 0.0000000000
135041  -17.765  -26.599  81.122 0.0000000000
48014  -16.739  -27.579  76.673 0.0000000000
48941  -16.506  -26.723  77.477 0.0000000000
122889  -15.523  -27.919  77.168 0.0000000000
47081  -14.883  -28.126  77.514 0.0000000000
46127  -15.711  -29.672  78.293 0.0000000000
45038  -16.899  -30.453  79.028 0.0000000000
45032  -17.229  -30.836  79.300 0.0000000000
43906  -17.389  -31.461  79.622 0.0000000000
42937  -25.468  -32.471  81.409 0.0000000000
43902  -24.819  -32.292  81.045 0.0000000000
43913  -23.766  -32.141  78.894 0.0000000000
119660  -21.593  -32.603  75.798 0.0000000000
43931  -22.009  -32.368  76.358 0.0000000000
43943  -21.736  -31.634  75.692 0.0000000000
45061  -22.023  -30.498  75.383 0.0000000000
134525  -21.711  -30.218  74.833 0.0000000000
45072  -21.294  -30.180  74.323 0.0000000000
45071  -20.582  -30.570  73.864 0.0000000000
45081  -19.170  -31.227  73.491 0.0000000000
40271  -15.681  -35.084  73.093 0.0000000000
132013  -33.023  -24.082  70.473 0.0000000000
51762  -33.645  -23.812  70.530 0.0000000000
50762  -34.970  -23.800  72.234 0.0000000000
124890  -36.187  -23.203  71.169 0.0000000000
50703  -32.838  -24.153  78.250 0.0000000000
50702  -32.722  -24.301  77.353 0.0000000000
50711  -32.600  -24.382  76.498 0.0000000000
49863  -32.216  -24.972  75.359 0.0000000000
50712  -32.920  -23.755  75.738 0.0000000000
49870  -31.710  -25.502  74.128 0.0000000000
49886  -30.959  -25.731  72.212 0.0000000000
49887  -31.693  -25.476  72.403 0.0000000000
49893  -31.621  -25.366  71.817 0.0000000000
49894  -32.138  -25.030  71.593 0.0000000000
49889  -33.044  -24.759  72.598 0.0000000000
50760  -32.554  -24.715  71.338 0.0000000000
61647  -39.402  -13.493  55.380 0.0000000000
47005  -21.349  -28.406  86.245 0.0000000000
47012  -21.209  -28.246  85.314 0.0000000000
133252  -22.669  -28.985  83.715 0.0000000000
47034  -22.579  -28.707  82.839 0.0000000000
46102  -23.078  -29.076  80.293 0.0000000000
51838  -36.399  -24.622  64.810 0.0000000000
50815  -35.766  -24.602  64.425 0.0000000000
111564  -36.454  -24.745  64.309 0.0000000000
50827  -37.779  -24.920  64.819 0.0000000000
50826  -37.139  -24.738  64.324 0.0000000000
50842  -36.656  -24.354  63.718 0.0000000000
52842  -36.331  -22.591  63.216 0.0000000000
53823  -36.647  -21.368  63.163 0.0000000000
54778  -36.238  -20.937  62.438 0.0000000000
54768  -38.206  -20.623  63.340 0.0000000000
111323  -38.987  -20.567  63.479 0.0000000000
54781  -39.640  -20.189  63.285 0.0000000000
54782  -40.239  -19.827  63.133 0.0000000000
55758  -40.861  -19.647  63.444 0.0000000000
46095  -28.549  -30.272  81.849 0.0000000000
45014  -28.657  -30.600  80.851 0.0000000000
45026  -29.042  -30.973  79.939 0.0000000000
130351  -29.080  -31.828  79.174 0.0000000000
43925  -29.558  -31.729  77.305 0.0000000000
46158  -30.363  -30.540  73.393 0.0000000000
45108  -29.687  -31.758  71.360 0.0000000000
44007  -29.516  -32.009  71.169 0.0000000000
44023  -29.087  -32.215  69.771 0.0000000000
117192  -29.165  -32.165  70.700 0.0000000000
45123  -27.131  -31.356  69.876 0.0000000000
45122  -26.329  -30.765  69.528 0.0000000000
46185  -25.534  -30.122  69.354 0.0000000000
46184  -24.689  -29.676  69.173 0.0000000000
46195  -25.315  -30.393  68.529 0.0000000000
46208  -24.380  -30.032  67.716 0.0000000000
46221  -23.441  -29.888  66.667 0.0000000000
45191  -24.722  -31.018  66.317 0.0000000000
49927  -26.408  -25.276  66.541 0.0000000000
49932  -26.035  -25.059  65.940 0.0000000000
50812  -26.124  -24.595  65.385 0.0000000000
50821  -25.694  -24.583  64.631 0.0000000000
114232  -25.353  -24.578  63.758 0.0000000000
55710  -46.495  -19.997  68.620 0.0000000000
55728  -45.863  -19.701  67.643 0.0000000000
55744  -46.233  -19.161  67.261 0.0000000000
56861  -47.537  -17.972  67.145 0.0000000000
125450  -46.744  -18.122  66.683 0.0000000000
56877  -46.267  -17.881  66.014 0.0000000000
57854  -46.546  -17.168  65.621 0.0000000000
58819  -46.448  -16.434  64.991 0.0000000000
63342  -48.676  -10.771  67.096 0.0000000000
121356  -48.517  -11.717  66.253 0.0000000000
63352  -48.572  -11.083  65.943 0.0000000000
118467  -47.706  -10.898  64.064 0.0000000000
64311  -48.095  -9.904  64.453 0.0000000000
63380  -47.181  -11.034  63.216 0.0000000000
131955  -46.203  -11.105  61.883 0.0000000000
64343  -45.928  -10.667  61.271 0.0000000000
63410  -45.315  -11.109  60.821 0.0000000000
65316  -46.029  -9.424  59.982 0.0000000000
66188  -46.917  -8.691  60.803 0.0000000000
65317  -46.569  -8.919  60.236 0.0000000000
65332  -46.681  -8.979  58.626 0.0000000000
65333  -47.432  -8.996  58.093 0.0000000000
68103  -52.818  -7.273  59.284 0.0000000000
66229  -52.350  -8.473  59.056 0.0000000000
67159  -52.680  -7.794  58.921 0.0000000000
67166  -51.876  -8.532  57.831 0.0000000000
119989  -14.388  -24.318  85.980 0.0000000000
135035  -14.936  -24.032  85.537 0.0000000000
51587  -16.084  -24.049  84.835 0.0000000000
134724  -15.293  -24.862  84.053 0.0000000000
50632  -14.952  -25.076  83.762 0.0000000000
49780  -15.150  -25.255  83.075 0.0000000000
49808  -15.102  -25.539  81.604 0.0000000000
125609  -18.907  -27.133  79.234 0.0000000000
48909  -18.179  -26.936  79.161 0.0000000000
48927  -17.778  -26.862  77.669 0.0000000000
48015  -17.480  -27.481  76.397 0.0000000000
43919  -17.377  -31.117  77.800 0.0000000000
42979  -16.502  -32.349  77.510 0.0000000000
42066  -24.015  -33.292  78.474 0.0000000000
42970  -23.672  -33.092  78.581 0.0000000000
42093  -22.361  -33.375  76.468 0.0000000000
42116  -22.545  -33.523  75.193 0.0000000000
42092  -22.038  -33.461  75.612 0.0000000000
42992  -21.916  -33.103  76.121 0.0000000000
43002  -21.461  -33.176  75.387 0.0000000000
43016  -20.958  -33.011  74.840 0.0000000000
43033  -19.892  -32.870  73.498 0.0000000000
111882  -30.030  -23.744  64.761 0.0000000000
111881  -31.030  -23.780  65.021 0.0000000000
111886  -32.126  -23.701  66.573 0.0000000000
111883  -32.712  -23.730  65.680 0.0000000000
51809  -34.926  -23.044  66.847 0.0000000000
51825  -35.759  -23.442  66.151 0.0000000000
51837  -35.772  -23.976  65.209 0.0000000000
51826  -36.631  -24.294  65.563 0.0000000000
51827  -37.254  -24.166  66.245 0.0000000000
50808  -38.038  -24.461  66.041 0.0000000000
50797  -38.648  -24.213  66.775 0.0000000000
112335  -38.972  -24.331  66.428 0.0000000000
132559  -39.312  -24.265  66.543 0.0000000000
47979  -32.193  -26.900  80.086 0.0000000000
47990  -31.977  -27.478  79.720 0.0000000000
47069  -32.233  -27.778  79.020 0.0000000000
47078  -32.363  -28.167  78.321 0.0000000000
123669  -32.516  -27.850  78.109 0.0000000000
47088  -32.337  -28.532  77.717 0.0000000000
117160  -31.294  -29.515  75.666 0.0000000000
47111  -30.606  -29.543  75.042 0.0000000000
48966  -31.517  -26.339  75.764 0.0000000000
126328  -31.487  -27.089  76.175 0.0000000000
48031  -31.301  -27.800  75.950 0.0000000000
47115  -29.672  -29.470  73.470 0.0000000000
47120  -28.674  -29.120  71.315 0.0000000000
46178  -28.772  -29.765  70.481 0.0000000000
46186  -28.228  -30.112  69.087 0.0000000000
46196  -27.761  -30.329  68.160 0.0000000000
46210  -27.285  -30.404  67.381 0.0000000000
46209  -26.764  -30.406  66.608 0.0000000000
47140  -27.181  -29.444  67.969 0.0000000000
48071  -27.041  -27.556  68.692 0.0000000000
48070  -26.681  -27.229  67.979 0.0000000000
49029  -26.706  -26.272  67.651 0.0000000000
49030  -27.145  -25.664  67.879 0.0000000000
49891  -29.989  -25.699  71.150 0.0000000000
49911  -28.587  -25.411  69.219 0.0000000000
133828  -28.363  -25.276  68.627 0.0000000000
49924  -27.411  -24.996  67.546 0.0000000000
115399  -27.840  -24.354  67.034 0.0000000000
50806  -28.726  -24.122  66.763 0.0000000000
51819  -28.935  -23.984  65.926 0.0000000000
112009  -29.717  -23.966  65.652 0.0000000000
68064  -49.467  -6.347  63.427 0.0000000000
68065  -49.949  -6.249  62.628 0.0000000000
68066  -50.709  -6.198  62.347 0.0000000000
68960  -50.881  -5.534  62.741 0.0000000000
68083  -51.276  -6.820  61.752 0.0000000000
68084  -51.897  -6.827  61.508 0.0000000000
68085  -52.270  -6.610  61.081 0.0000000000
68096  -52.555  -7.040  60.477 0.0000000000
69874  -52.145  -4.397  61.612 0.0000000000
69885  -52.234  -4.892  61.180 0.0000000000
68983  -52.499  -6.209  60.511 0.0000000000
68104  -52.782  -6.615  59.770 0.0000000000
68111  -53.102  -6.484  58.863 0.0000000000
68121  -53.558  -6.247  57.987 0.0000000000
122855  -53.663  -5.467  57.854 0.0000000000
68125  -53.604  -6.057  57.330 0.0000000000
50598  -18.561  -24.809  86.392 0.0000000000
129350  -18.069  -25.097  84.874 0.0000000000
49743  -18.629  -25.328  85.638 0.0000000000
48843  -18.555  -26.317  83.600 0.0000000000
130386  -18.646  -26.794  82.560 0.0000000000
47940  -18.737  -26.976  81.934 0.0000000000
47020  -21.136  -27.889  84.178 0.0000000000
47935  -20.528  -27.536  83.288 0.0000000000
47032  -20.787  -27.666  82.454 0.0000000000
131381  -20.305  -27.538  81.873 0.0000000000
47975  -19.523  -27.303  80.669 0.0000000000
48008  -19.448  -27.357  77.876 0.0000000000
122778  -19.463  -27.467  77.036 0.0000000000
47099  -19.055  -28.203  74.960 0.0000000000
47106  -18.852  -29.038  74.446 0.0000000000
43053  -21.050  -32.351  71.969 0.0000000000
51882  -31.727  -23.766  62.212 0.0000000000
51900  -32.318  -24.179  61.596 0.0000000000
50857  -34.466  -24.942  62.400 0.0000000000
50858  -34.977  -24.827  62.408 0.0000000000
50856  -33.876  -24.933  62.008 0.0000000000
58869  -39.257  -16.402  59.533 0.0000000000
59810  -40.299  -15.319  59.576 0.0000000000
59811  -41.033  -14.981  59.873 0.0000000000
44995  -24.687  -31.198  84.094 0.0000000000
43861  -25.290  -31.431  83.972 0.0000000000
43882  -25.790  -32.040  82.829 0.0000000000
42928  -26.353  -32.348  82.302 0.0000000000
42951  -25.854  -32.703  81.100 0.0000000000
42046  -25.811  -32.845  80.623 0.0000000000
42056  -25.323  -33.060  79.921 0.0000000000
42953  -27.200  -32.664  80.974 0.0000000000
42961  -27.290  -32.606  80.422 0.0000000000
42952  -26.859  -32.744  80.763 0.0000000000
42067  -24.928  -33.157  79.109 0.0000000000
42079  -24.699  -33.132  78.261 0.0000000000
42995  -24.136  -33.120  76.828 0.0000000000
43933  -24.660  -32.148  76.246 0.0000000000
43004  -23.933  -32.784  75.900 0.0000000000
43019  -23.760  -32.483  75.055 0.0000000000
47068  -31.696  -28.176  79.236 0.0000000000
45049  -31.441  -30.814  76.898 0.0000000000
45043  -31.249  -30.687  77.407 0.0000000000
45042  -30.708  -30.914  77.740 0.0000000000
43927  -30.344  -31.405  77.530 0.0000000000
115839  -30.175  -31.792  76.701 0.0000000000
43937  -29.629  -31.725  76.481 0.0000000000
46159  -30.755  -31.124  73.974 0.0000000000
43975  -30.357  -31.677  73.660 0.0000000000
43961  -30.077  -32.041  73.945 0.0000000000
43948  -29.698  -31.858  74.674 0.0000000000
45065  -28.930  -31.270  75.088 0.0000000000
45055  -28.655  -31.174  76.233 0.0000000000
45073  -25.024  -30.589  74.098 0.0000000000
43972  -24.100  -31.112  73.779 0.0000000000
132423  -22.287  -31.865  72.325 0.0000000000
115443  -25.340  -26.096  65.712 0.0000000000
52734  -35.232  -22.801  74.985 0.0000000000
52712  -36.532  -22.186  75.958 0.0000000000
53703  -36.962  -21.837  76.830 0.0000000000
128268  -16.598  -22.370  87.374 0.0000000000
51564  -17.551  -23.554  86.295 0.0000000000
51565  -18.263  -24.048  86.777 0.0000000000
49730  -19.201  -25.347  86.948 0.0000000000
49731  -19.688  -26.013  87.248 0.0000000000
48799  -19.924  -26.597  86.816 0.0000000000
47905  -20.961  -27.847  86.910 0.0000000000
116357  -21.883  -28.857  86.396 0.0000000000
44961  -23.188  -29.720  86.091 0.0000000000
44962  -23.773  -30.226  85.868 0.0000000000
44963  -24.632  -30.611  85.623 0.0000000000
44953  -24.813  -30.173  86.317 0.0000000000
44980  -25.579  -31.009  85.108 0.0000000000
44966  -26.786  -30.127  85.287 0.0000000000
46074  -28.383  -29.579  83.737 0.0000000000
46088  -29.205  -28.702  82.783 0.0000000000
125685  -29.635  -28.095  82.334 0.0000000000
47036  -30.118  -27.505  82.522 0.0000000000
47960  -30.776  -27.151  81.960 0.0000000000
48850  -31.719  -25.319  82.792 0.0000000000
118039  -31.852  -26.115  81.801 0.0000000000
48877  -32.113  -26.375  80.791 0.0000000000
121018  -32.656  -25.892  80.556 0.0000000000
116398  -32.981  -25.582  80.321 0.0000000000
49821  -33.093  -25.015  80.736 0.0000000000
49829  -33.196  -25.244  80.075 0.0000000000
50688  -33.215  -24.696  79.730 0.0000000000
124259  -33.029  -23.985  79.130 0.0000000000
52659  -33.465  -22.619  80.046 0.0000000000
113828  -33.227  -22.974  79.202 0.0000000000
51661  -33.092  -23.248  78.322 0.0000000000
52692  -33.420  -22.505  77.590 0.0000000000
52710  -34.205  -22.316  75.986 0.0000000000
51690  -35.859  -23.094  74.449 0.0000000000
51710  -37.201  -23.303  74.304 0.0000000000
132246  -37.092  -23.527  73.485 0.0000000000
51742  -37.675  -23.514  73.157 0.0000000000
111787  -38.312  -23.288  72.312 0.0000000000
51695  -39.800  -23.111  75.439 0.0000000000
51712  -39.571  -23.395  74.826 0.0000000000
51714  -40.989  -23.041  74.343 0.0000000000
112918  -40.330  -23.342  74.265 0.0000000000
51727  -39.737  -23.474  74.133 0.0000000000
51744  -39.383  -23.397  73.451 0.0000000000
130706  -38.953  -23.227  71.585 0.0000000000
51767  -39.050  -23.380  70.623 0.0000000000
127644  -39.555  -23.731  69.801 0.0000000000
51769  -40.681  -23.822  70.191 0.0000000000
50776  -40.594  -23.884  69.242 0.0000000000
115764  -40.142  -23.946  68.818 0.0000000000
131488  -40.340  -24.086  67.742 0.0000000000
51828  -40.260  -23.896  66.895 0.0000000000
52785  -43.484  -22.575  71.583 0.0000000000
52789  -42.651  -23.009  70.109 0.0000000000
51784  -42.052  -23.392  69.574 0.0000000000
52803  -43.028  -22.283  69.182 0.0000000000
52794  -42.579  -22.848  69.349 0.0000000000
51800  -41.934  -23.202  68.886 0.0000000000
51829  -40.821  -23.382  67.175 0.0000000000
52811  -40.517  -23.100  66.577 0.0000000000
52818  -40.869  -22.159  66.217 0.0000000000
53799  -41.279  -21.178  65.730 0.0000000000
53800  -42.015  -20.835  66.079 0.0000000000
54764  -41.431  -20.401  64.919 0.0000000000
130295  -41.147  -19.941  64.200 0.0000000000
55759  -41.589  -19.453  63.785 0.0000000000
55742  -44.643  -19.412  66.378 0.0000000000
55741  -43.901  -19.593  66.099 0.0000000000
55748  -43.622  -19.331  65.432 0.0000000000
56875  -44.781  -18.424  65.393 0.0000000000
55755  -44.011  -18.715  65.098 0.0000000000
55754  -43.355  -19.137  64.814 0.0000000000
55760  -42.335  -19.227  64.046 0.0000000000
55771  -41.283  -19.147  63.046 0.0000000000
131127  -41.609  -18.546  62.857 0.0000000000
56917  -41.535  -17.880  62.451 0.0000000000
56927  -41.377  -17.135  61.899 0.0000000000
58844  -41.997  -16.644  61.973 0.0000000000
58859  -41.567  -16.357  61.477 0.0000000000
58867  -41.134  -16.042  60.857 0.0000000000
59806  -41.422  -15.301  60.512 0.0000000000
118661  -41.687  -14.604  60.183 0.0000000000
58820  -47.191  -15.926  65.308 0.0000000000
59760  -46.800  -15.619  64.674 0.0000000000
62426  -48.330  -12.495  65.652 0.0000000000
61577  -48.064  -13.187  65.214 0.0000000000
61576  -47.320  -13.026  64.076 0.0000000000
133337  -47.409  -13.498  64.329 0.0000000000
119181  -47.332  -14.126  64.403 0.0000000000
60673  -46.858  -14.372  64.071 0.0000000000
59771  -46.462  -15.064  63.989 0.0000000000
59770  -45.683  -15.494  63.631 0.0000000000
59783  -44.535  -15.299  62.747 0.0000000000
60683  -43.981  -15.006  62.260 0.0000000000
61615  -44.584  -13.660  61.789 0.0000000000
60701  -44.133  -14.367  61.849 0.0000000000
60700  -43.431  -14.746  61.639 0.0000000000
134227  -42.275  -14.297  60.405 0.0000000000
60717  -41.353  -14.293  59.540 0.0000000000
61633  -41.691  -13.627  59.211 0.0000000000
61638  -41.383  -13.297  58.485 0.0000000000
62504  -41.762  -12.672  58.080 0.0000000000
62501  -42.671  -12.634  59.272 0.0000000000
62507  -41.518  -12.402  57.243 0.0000000000
63432  -41.966  -11.834  56.798 0.0000000000
63436  -41.863  -11.743  55.916 0.0000000000
63421  -45.086  -10.805  59.969 0.0000000000
63430  -44.024  -10.806  58.845 0.0000000000
64375  -44.526  -10.269  58.395 0.0000000000
64374  -43.803  -10.644  58.006 0.0000000000
63434  -43.179  -11.097  57.597 0.0000000000
63438  -43.114  -11.136  56.732 0.0000000000
119666  -43.079  -11.260  55.928 0.0000000000
67126  -48.861  -7.131  61.777 0.0000000000
66205  -48.665  -7.737  60.359 0.0000000000
67144  -50.403  -7.488  60.768 0.0000000000
66206  -49.829  -7.846  60.226 0.0000000000
66226  -48.685  -8.470  58.946 0.0000000000
122452  -48.405  -8.943  58.273 0.0000000000
66228  -51.995  -8.979  59.055 0.0000000000
65337  -51.461  -9.316  58.411 0.0000000000
65336  -50.889  -9.583  58.389 0.0000000000
65348  -50.322  -10.079  57.119 0.0000000000
65344  -50.315  -9.888  57.790 0.0000000000
64387  -48.946  -10.027  57.100 0.0000000000
64386  -47.940  -9.972  56.919 0.0000000000
49758  -13.452  -25.423  84.453 0.0000000000
47054  -11.980  -28.448  80.087 0.0000000000
49781  -17.792  -25.326  84.234 0.0000000000
49809  -16.004  -25.778  81.836 0.0000000000
131217  -16.884  -26.458  79.677 0.0000000000
48925  -16.174  -26.490  78.119 0.0000000000
122822  -16.040  -26.237  79.473 0.0000000000
113140  -14.775  -26.086  79.862 0.0000000000
48904  -13.649  -26.945  79.021 0.0000000000
47994  -13.481  -27.596  78.699 0.0000000000
47072  -14.215  -28.371  77.950 0.0000000000
47071  -13.549  -28.515  78.517 0.0000000000
45012  -24.184  -30.733  82.106 0.0000000000
43892  -24.527  -31.539  81.542 0.0000000000
46103  -23.661  -29.839  80.684 0.0000000000
42982  -23.333  -32.765  78.286 0.0000000000
43921  -23.541  -31.691  78.358 0.0000000000
45047  -23.473  -30.499  78.237 0.0000000000
46123  -23.310  -29.753  78.829 0.0000000000
47086  -22.508  -28.985  77.620 0.0000000000
47093  -21.575  -28.587  76.408 0.0000000000
46142  -21.699  -29.565  75.053 0.0000000000
47109  -21.103  -28.877  74.861 0.0000000000
47101  -20.669  -28.414  75.241 0.0000000000
47107  -19.651  -28.715  74.334 0.0000000000
42173  -20.577  -32.849  72.525 0.0000000000
42171  -18.886  -32.736  71.842 0.0000000000
42155  -20.083  -33.137  72.902 0.0000000000
111990  -19.608  -33.065  73.130 0.0000000000
42152  -17.422  -33.328  72.237 0.0000000000
43031  -17.887  -32.843  72.620 0.0000000000
43032  -19.128  -32.694  73.162 0.0000000000
43967  -18.598  -31.855  73.373 0.0000000000
43966  -17.700  -32.052  73.549 0.0000000000
42131  -16.304  -33.719  73.416 0.0000000000
43955  -18.076  -31.324  73.758 0.0000000000
45070  -18.166  -30.624  74.168 0.0000000000
45069  -17.674  -30.536  74.970 0.0000000000
42094  -22.890  -33.532  76.861 0.0000000000
42941  -27.465  -32.536  81.084 0.0000000000
43939  -30.608  -31.631  76.797 0.0000000000
43950  -30.736  -31.763  75.307 0.0000000000
43987  -22.761  -31.672  72.603 0.0000000000
44039  -28.844  -32.165  69.071 0.0000000000
44052  -27.519  -32.131  68.226 0.0000000000
44053  -27.713  -32.069  67.565 0.0000000000
45087  -28.116  -30.876  73.197 0.0000000000
45098  -30.066  -31.491  72.131 0.0000000000
45105  -25.380  -29.662  71.616 0.0000000000
45140  -29.039  -32.013  69.257 0.0000000000
45154  -26.005  -31.454  67.817 0.0000000000
46131  -31.686  -30.031  77.335 0.0000000000
46163  -29.397  -29.783  71.848 0.0000000000
46207  -23.951  -29.901  67.288 0.0000000000
47102  -21.367  -28.739  75.547 0.0000000000
49919  -28.509  -24.867  68.150 0.0000000000
49926  -25.809  -25.725  66.176 0.0000000000
50619  -15.629  -24.560  84.331 0.0000000000
50773  -31.509  -24.236  69.704 0.0000000000
50788  -39.891  -24.073  68.169 0.0000000000
53779  -45.487  -21.404  70.173 0.0000000000
53798  -40.648  -21.811  65.713 0.0000000000
61566  -47.751  -13.753  64.829 0.0000000000
65268  -47.837  -9.166  63.668 0.0000000000
66208  -51.687  -8.301  60.176 0.0000000000
66209  -52.218  -8.284  60.031 0.0000000000
66236  -52.392  -8.200  58.468 0.0000000000
67154  -52.542  -7.985  59.609 0.0000000000
67167  -52.457  -7.722  57.796 0.0000000000
68095  -52.223  -7.296  60.920 0.0000000000
69904  -53.013  -4.906  58.871 0.0000000000
69915  -53.407  -4.820  58.130 0.0000000000
111310  -36.797  -20.636  62.569 0.0000000000
111580  -39.990  -22.817  75.905 0.0000000000
112199  -21.458  -30.922  74.970 0.0000000000
112476  -40.521  -23.931  67.506 0.0000000000
112527  -38.093  -23.157  71.416 0.0000000000
113089  -40.028  -24.165  67.626 0.0000000000
113704  -26.904  -32.694  81.194 0.0000000000
114394  -46.617  -11.094  62.514 0.0000000000
121542  -29.430  -26.446  72.273 0.0000000000
126638  -22.248  -28.544  79.230 0.0000000000
128687  -28.271  -23.771  64.891 0.0000000000
129056  -48.129  -13.078  67.797 0.0000000000
129154  -49.769  -10.093  57.292 0.0000000000
131798  -46.011  -12.400  62.319 0.0000000000
133691  -31.084  -23.802  67.798 0.0000000000
134823  -44.363  -15.746  62.984 0.0000000000
