#!ascii label  , from subject sub-v1s8x0051340_ses-1 vox2ras=TkReg
2205
92907  -43.265  27.197  46.062 0.6000000238
92930  -44.568  27.577  44.643 0.6000000238
92940  -44.585  28.162  42.881 0.5000000000
93530  -45.300  28.334  41.362 0.5000000000
93541  -45.977  28.657  40.721 0.4000000060
93557  -46.231  28.616  39.399 0.4000000060
93549  -46.312  29.040  40.202 0.4000000060
94131  -46.199  28.967  39.157 0.3000000119
93556  -45.049  29.508  38.894 0.4000000060
92977  -43.832  28.104  38.786 0.2000000030
92975  -41.734  27.721  39.563 0.2000000030
92917  -43.818  27.454  45.238 0.6000000238
115508  -44.654  27.840  43.848 0.6000000238
92327  -41.972  26.597  47.414 0.6000000238
92342  -42.671  26.876  46.768 0.6000000238
92328  -42.964  26.398  47.616 0.6000000238
92941  -46.005  28.238  43.380 0.6000000238
93519  -45.601  28.480  42.274 0.6000000238
93531  -46.429  28.881  41.633 0.5000000000
94127  -46.320  29.366  39.796 0.4000000060
93555  -44.453  28.895  38.780 0.3000000119
94130  -45.766  29.263  38.943 0.3000000119
92976  -42.857  27.943  39.209 0.2000000030
92402  -42.479  26.978  39.070 0.2000000030
114929  -45.854  27.695  44.469 0.6000000238
92343  -43.710  26.739  46.856 0.6999999881
92908  -44.435  27.056  46.077 0.6999999881
93542  -46.621  29.349  41.129 0.4000000060
93554  -43.385  29.042  39.234 0.3000000119
94124  -44.239  29.831  39.170 0.4000000060
92974  -40.806  27.187  39.731 0.2000000030
92918  -45.139  27.296  45.292 0.6999999881
92919  -46.478  27.296  45.301 0.6999999881
93520  -46.902  28.802  42.640 0.5000000000
94126  -46.055  29.676  39.453 0.4000000060
93532  -47.084  29.344  42.091 0.5000000000
92931  -46.924  28.027  44.106 0.6000000238
94742  -46.370  30.001  40.045 0.4000000060
93512  -47.226  28.575  43.657 0.6000000238
94120  -46.579  29.669  40.584 0.4000000060
93521  -47.323  29.191  43.202 0.6999999881
94748  -45.873  30.220  39.725 0.5000000000
94731  -46.580  30.132  40.845 0.5000000000
94113  -46.914  29.779  41.496 0.5000000000
130844  -44.855  29.992  39.147 0.4000000060
94125  -45.403  30.018  39.288 0.4000000060
93553  -42.303  28.763  39.639 0.3000000119
117251  -44.680  30.426  39.490 0.5000000000
94746  -43.833  30.629  39.631 0.4000000060
116144  -43.393  30.036  39.463 0.4000000060
94123  -42.648  29.814  39.653 0.4000000060
92968  -40.940  27.948  40.056 0.2000000030
93548  -41.410  28.643  40.045 0.4000000060
94663  -43.414  30.084  47.246 0.8000000119
92329  -44.044  26.236  47.678 0.6000000238
92344  -44.927  26.563  46.850 0.8000000119
92357  -45.762  26.882  46.023 0.6999999881
131569  -47.158  27.685  44.781 0.8000000119
92920  -47.708  27.779  45.143 0.8000000119
92359  -47.971  27.257  45.831 0.8999999762
92347  -48.247  26.982  46.738 0.8999999762
94741  -45.948  30.430  40.255 0.5000000000
94720  -46.889  30.170  41.784 0.5000000000
94105  -47.156  29.707  42.456 0.5000000000
92932  -47.599  28.301  44.807 0.8999999762
94747  -45.271  30.578  39.822 0.5000000000
93514  -47.505  28.797  44.405 0.8000000119
92921  -47.997  27.913  45.485 0.8999999762
112737  -45.249  30.698  40.353 0.6000000238
94097  -47.284  29.520  43.284 0.8000000119
93506  -47.668  28.438  45.111 0.8999999762
116140  -44.392  30.993  40.000 0.6000000238
94719  -46.299  30.415  42.215 0.6999999881
94707  -47.021  30.034  42.707 0.6999999881
93499  -48.100  28.201  45.872 0.8999999762
113317  -48.370  27.975  46.774 0.8999999762
93492  -48.434  27.629  47.678 0.8999999762
94718  -45.226  30.709  41.901 0.6999999881
94070  -47.618  28.671  45.403 0.8000000119
93498  -47.847  28.494  46.250 0.8999999762
94745  -42.947  30.676  39.791 0.5000000000
94729  -44.709  30.756  40.929 0.6999999881
133150  -45.558  30.459  42.713 0.8000000119
94079  -47.143  29.162  44.876 0.8000000119
93491  -47.939  28.260  47.201 0.8999999762
94088  -46.596  29.603  44.312 0.8000000119
94069  -47.084  28.980  45.738 0.8000000119
94122  -41.826  29.574  40.017 0.4000000060
119429  -41.131  29.393  40.369 0.4000000060
94738  -41.588  31.079  40.498 0.6000000238
95368  -41.809  31.332  40.774 0.6999999881
94118  -41.333  30.305  40.381 0.3000000119
121112  -42.161  31.281  42.123 0.6999999881
94716  -42.666  30.736  42.806 0.6999999881
131143  -42.964  30.455  43.703 0.8000000119
113878  -43.417  29.880  44.970 0.8000000119
94076  -44.075  29.748  45.690 0.8000000119
94066  -44.175  29.721  46.709 0.8000000119
94672  -43.260  29.966  46.616 0.8000000119
94057  -43.850  30.007  47.632 0.8000000119
117002  -43.281  30.457  47.777 0.8000000119
92330  -45.234  26.140  47.689 0.6999999881
92345  -46.399  26.475  46.808 0.8999999762
92318  -45.316  25.789  48.502 0.8000000119
92331  -46.430  26.041  47.811 0.8000000119
128418  -47.585  26.777  46.431 0.8999999762
92346  -47.518  26.460  47.244 0.8999999762
127700  -46.293  25.711  49.406 0.8999999762
92332  -47.503  26.083  48.208 0.8999999762
91777  -45.779  25.722  49.964 0.8999999762
91778  -46.861  25.771  49.929 0.8999999762
92333  -48.324  26.715  47.739 0.8999999762
115475  -47.665  26.075  49.761 0.8999999762
92320  -48.139  26.501  48.938 0.8999999762
92909  -48.265  27.611  46.328 0.8999999762
92892  -48.433  26.975  49.305 0.8999999762
92896  -48.584  27.103  48.233 0.8999999762
93482  -48.416  27.308  48.518 0.8999999762
95370  -43.657  31.080  40.646 0.6999999881
94695  -46.068  30.034  43.850 0.8000000119
93489  -47.918  27.873  48.262 0.8999999762
94119  -42.127  30.550  40.037 0.4000000060
94705  -45.369  30.292  43.442 0.8000000119
94078  -46.122  29.462  45.236 0.8000000119
94060  -46.963  28.778  46.663 0.8000000119
93488  -46.573  28.572  47.870 0.8000000119
95360  -42.154  31.409  41.357 0.6999999881
94704  -43.605  30.463  43.311 0.8000000119
94693  -43.631  30.223  44.175 0.8000000119
120115  -45.625  26.429  50.823 0.8000000119
92886  -44.984  27.063  50.916 0.8000000119
91762  -46.497  25.981  50.620 0.8999999762
91763  -47.461  26.034  50.388 0.8999999762
130249  -45.882  26.896  51.321 0.8999999762
92308  -48.063  26.566  50.217 0.8999999762
92887  -48.223  27.105  50.499 0.8999999762
94740  -43.316  31.099  40.067 0.6000000238
94728  -43.978  30.917  41.660 0.8000000119
93481  -47.945  27.469  49.571 0.8999999762
117112  -44.507  30.532  42.773 0.8000000119
94087  -45.614  29.799  44.535 0.8000000119
94068  -46.033  29.220  46.174 0.8000000119
95369  -42.711  31.224  40.643 0.6000000238
94694  -45.228  30.098  44.090 0.8000000119
93480  -46.767  28.265  49.115 0.8999999762
94739  -42.425  31.062  40.286 0.6000000238
95361  -43.080  31.184  41.311 0.6999999881
115135  -44.479  30.273  43.793 0.8000000119
94077  -45.079  29.651  45.179 0.8000000119
94059  -45.719  29.101  47.078 0.8000000119
122005  -45.723  28.866  48.778 0.8000000119
94067  -45.089  29.535  45.916 0.8000000119
124851  -45.846  28.946  49.619 0.8000000119
95283  -43.669  31.357  49.146 0.8000000119
94653  -43.627  30.589  48.453 0.8000000119
92298  -46.658  26.456  51.330 0.8999999762
92299  -47.617  26.376  51.114 0.8999999762
92288  -47.900  26.889  51.642 0.8999999762
92864  -47.940  27.911  52.317 0.8999999762
93451  -47.953  28.495  52.267 1.0000000000
93477  -48.114  27.496  51.518 0.8999999762
94615  -46.919  30.373  53.233 1.0000000000
93476  -47.929  27.761  50.932 0.8999999762
95253  -45.306  32.016  53.468 1.0000000000
94612  -46.728  31.037  53.263 1.0000000000
121541  -47.346  29.945  52.984 1.0000000000
93460  -48.093  28.242  51.827 1.0000000000
95254  -46.057  31.838  53.365 1.0000000000
94027  -47.850  29.280  52.054 1.0000000000
94045  -47.477  28.678  51.266 0.8999999762
95350  -43.317  31.079  41.835 0.8000000119
94684  -44.502  29.881  44.631 0.8000000119
94616  -47.293  30.660  52.942 1.0000000000
94617  -47.577  30.025  52.487 1.0000000000
93475  -46.987  28.333  50.213 0.8999999762
95349  -42.806  31.184  41.972 0.8000000119
129463  -45.096  29.408  46.616 0.8000000119
94044  -46.320  29.191  50.514 0.8999999762
94058  -44.661  29.532  47.364 0.8000000119
94047  -44.917  29.543  49.020 0.8000000119
94642  -45.893  30.094  50.713 0.8000000119
94053  -44.346  29.864  48.251 0.8000000119
94647  -45.302  29.739  49.928 0.8000000119
95279  -45.602  31.019  50.867 0.8000000119
94641  -44.973  30.579  50.189 0.8000000119
94646  -44.574  30.285  49.458 0.8000000119
94645  -44.034  30.671  49.114 0.8000000119
93458  -45.202  28.415  51.645 0.8000000119
93459  -46.245  28.120  52.158 0.8999999762
92873  -46.676  27.243  51.861 0.8999999762
92287  -47.397  26.761  51.663 0.8999999762
92872  -45.558  27.600  51.494 0.8000000119
93449  -46.773  28.755  52.718 0.8999999762
92863  -47.269  27.966  52.457 0.8999999762
94018  -47.080  29.538  53.052 0.8999999762
93450  -47.507  28.647  52.601 0.8999999762
131526  -46.411  30.232  53.139 1.0000000000
94019  -47.568  29.309  52.592 0.8999999762
95867  -44.690  32.750  53.750 0.8999999762
95259  -46.070  31.079  53.294 1.0000000000
96443  -44.939  33.043  54.004 1.0000000000
95868  -45.289  32.582  53.675 1.0000000000
114532  -44.531  33.469  53.952 0.8999999762
97006  -44.890  33.540  53.949 1.0000000000
95879  -45.724  32.519  53.452 1.0000000000
95260  -46.954  31.506  53.037 1.0000000000
134163  -47.510  30.756  52.291 1.0000000000
94625  -47.487  30.490  51.901 0.8999999762
122486  -45.471  33.689  53.407 1.0000000000
95880  -46.450  32.289  53.007 1.0000000000
95261  -47.389  31.377  52.403 1.0000000000
95881  -47.191  32.105  52.449 1.0000000000
94624  -46.659  30.728  51.386 0.8999999762
95278  -44.792  31.556  50.348 0.8000000119
95909  -44.556  32.601  50.083 0.8000000119
119863  -44.148  31.763  49.747 0.8000000119
118890  -44.008  33.281  49.506 0.8000000119
94025  -44.962  29.223  51.857 0.8000000119
94026  -45.830  28.808  52.288 0.8999999762
94017  -45.951  29.580  52.711 0.8999999762
94614  -45.465  30.546  52.875 0.8999999762
95258  -45.020  31.401  53.112 1.0000000000
113804  -44.975  34.115  53.756 1.0000000000
97550  -44.323  35.457  53.589 0.8000000119
97015  -44.710  34.726  53.661 0.8000000119
96459  -46.801  32.870  52.408 1.0000000000
95271  -47.207  31.537  51.496 1.0000000000
97016  -45.435  34.519  52.862 1.0000000000
97017  -46.308  33.780  52.398 1.0000000000
96472  -47.155  33.295  51.557 1.0000000000
95904  -47.309  32.127  51.289 1.0000000000
95270  -46.370  31.649  51.215 1.0000000000
122445  -45.524  31.779  50.887 0.8999999762
95901  -45.235  32.301  50.607 0.8999999762
97551  -44.974  35.192  52.889 0.8000000119
97032  -46.889  34.152  51.314 1.0000000000
97033  -47.240  33.667  50.647 1.0000000000
117347  -47.166  32.738  50.762 1.0000000000
95902  -46.066  32.390  50.916 1.0000000000
96485  -46.806  33.077  50.312 0.8999999762
96484  -45.654  33.019  50.364 0.8999999762
96490  -45.077  33.625  49.811 0.8999999762
97046  -44.548  34.180  49.184 0.8999999762
98072  -44.006  36.069  52.762 0.8000000119
98088  -45.317  36.115  51.332 0.8999999762
97568  -46.516  34.994  51.083 1.0000000000
97567  -45.587  35.295  51.880 0.8999999762
97042  -47.130  34.539  50.408 1.0000000000
97043  -47.261  34.180  49.850 0.8999999762
96486  -47.128  33.485  50.212 0.8999999762
97048  -46.666  34.324  49.075 0.8999999762
96491  -46.292  33.733  49.718 0.8999999762
97047  -45.743  34.304  49.186 0.8999999762
97056  -45.320  34.818  48.548 0.8999999762
98100  -44.973  36.637  50.741 0.8999999762
98101  -45.865  36.608  50.461 1.0000000000
98102  -46.674  36.364  49.993 1.0000000000
98087  -44.425  36.256  51.649 0.8999999762
97582  -46.171  35.848  50.831 1.0000000000
97583  -46.939  35.474  50.237 1.0000000000
97586  -47.191  35.793  49.367 1.0000000000
97050  -47.149  34.568  49.182 1.0000000000
97049  -46.947  34.330  49.118 1.0000000000
97592  -46.850  35.200  47.770 1.0000000000
128476  -47.000  34.793  48.562 0.8999999762
97057  -46.411  34.779  48.443 1.0000000000
97590  -44.957  35.305  48.011 0.8999999762
131628  -45.468  37.110  50.105 0.8999999762
98696  -45.405  37.678  49.466 1.0000000000
98112  -46.258  37.130  49.720 1.0000000000
98697  -46.527  37.630  48.951 1.0000000000
98113  -47.084  36.659  48.997 1.0000000000
98114  -47.346  35.820  48.595 1.0000000000
97593  -47.196  35.392  48.071 1.0000000000
97609  -45.666  35.760  46.565 0.8000000119
121736  -46.168  35.593  46.953 1.0000000000
97597  -45.265  35.569  47.308 0.8999999762
98707  -46.606  37.992  48.181 1.0000000000
98116  -47.179  37.126  48.117 1.0000000000
97600  -47.394  36.136  47.976 1.0000000000
97598  -46.720  35.562  47.056 1.0000000000
98120  -47.312  36.443  47.108 1.0000000000
98124  -46.141  35.880  45.985 0.8999999762
98123  -44.879  36.054  46.098 0.6999999881
98119  -47.015  35.851  46.599 1.0000000000
98125  -46.778  35.983  46.011 1.0000000000
130487  -47.341  27.789  44.372 0.6999999881
93513  -47.474  28.741  44.092 0.6999999881
128290  -47.448  29.123  43.805 0.6000000238
92358  -47.080  26.882  45.877 0.8999999762
121968  -47.443  27.367  45.379 0.6999999881
94730  -45.936  30.522  41.156 0.6999999881
94080  -47.467  29.281  44.875 0.8999999762
94089  -47.337  29.257  44.062 0.8000000119
94706  -46.289  30.216  43.097 0.8000000119
94096  -46.894  29.775  43.500 0.8000000119
94054  -45.219  29.225  48.059 0.8000000119
94643  -47.049  29.666  51.436 0.8999999762
94654  -44.259  30.206  48.855 0.8000000119
95284  -44.324  31.027  49.653 0.8000000119
96444  -45.332  33.047  53.783 1.0000000000
95272  -47.444  31.395  51.806 1.0000000000
96458  -45.973  33.029  53.115 1.0000000000
96460  -47.290  32.631  51.896 1.0000000000
95890  -47.426  32.020  51.736 1.0000000000
97031  -46.144  34.578  51.909 1.0000000000
96473  -47.362  32.772  51.054 1.0000000000
97566  -44.800  35.773  52.377 0.8000000119
96492  -46.913  33.834  49.570 0.8999999762
97584  -47.263  34.944  49.601 1.0000000000
96493  -47.098  34.070  49.510 0.8999999762
97587  -47.265  35.186  48.819 1.0000000000
97591  -46.073  35.297  47.710 1.0000000000
97599  -47.157  35.665  47.323 1.0000000000
97610  -46.517  35.765  46.464 1.0000000000
98126  -47.138  36.342  46.220 1.0000000000
94725  -38.471  31.243  41.494 0.5000000000
94726  -39.442  31.304  41.303 0.5000000000
94727  -40.258  31.475  41.136 0.5000000000
95358  -40.418  31.623  41.390 0.6000000238
95359  -41.205  31.538  41.236 0.6000000238
95367  -40.984  31.437  40.921 0.6000000238
94104  -35.884  29.719  42.351 0.3000000119
95343  -36.703  31.666  42.013 0.3000000119
94723  -36.954  30.884  41.806 0.4000000060
95354  -37.276  31.667  41.809 0.4000000060
95355  -37.907  31.962  41.791 0.5000000000
95346  -39.077  32.209  41.951 0.6000000238
112912  -40.011  31.905  41.872 0.6000000238
95338  -40.845  31.436  42.273 0.6999999881
95348  -41.453  31.469  41.833 0.6000000238
94700  -35.257  31.256  42.841 0.2000000030
94712  -34.855  30.282  42.811 0.1000000015
94713  -35.567  30.556  42.513 0.2000000030
95334  -36.597  31.918  42.402 0.2000000030
95335  -37.221  32.005  42.480 0.4000000060
95344  -37.290  32.099  42.035 0.4000000060
112582  -38.706  32.140  42.240 0.5000000000
95337  -39.433  31.807  42.392 0.6000000238
118846  -40.230  31.406  42.630 0.6999999881
94702  -41.034  30.825  43.376 0.6999999881
94703  -42.143  30.550  43.599 0.6999999881
94699  -34.461  30.830  43.138 0.1000000015
95324  -35.539  31.968  43.714 0.3000000119
92316  -43.199  25.832  48.479 0.6000000238
95342  -36.042  31.506  42.399 0.2000000030
95333  -35.697  31.811  42.979 0.3000000119
115209  -37.841  31.100  45.020 0.5000000000
92317  -44.237  25.798  48.485 0.6000000238
95336  -38.032  31.850  42.804 0.6000000238
95328  -38.905  31.409  43.189 0.6000000238
94690  -39.197  30.811  44.420 0.6000000238
94701  -39.920  30.972  43.567 0.6000000238
114522  -41.189  30.412  45.345 0.6999999881
94682  -41.948  30.255  45.795 0.6999999881
123759  -42.958  29.961  45.823 0.6999999881
92307  -39.320  25.937  50.021 0.2000000030
91756  -40.324  25.841  50.078 0.3000000119
91757  -41.155  25.715  50.130 0.3000000119
91788  -45.412  25.651  49.293 0.6999999881
91783  -40.789  25.789  49.204 0.5000000000
92315  -42.202  25.990  48.393 0.5000000000
91785  -42.438  25.529  49.256 0.5000000000
91786  -43.384  25.540  49.253 0.6000000238
95961  -34.820  32.072  43.673 0.2000000030
95325  -36.197  31.781  44.116 0.3000000119
95326  -37.150  31.525  43.997 0.6000000238
95327  -38.253  31.145  44.136 0.6000000238
95317  -38.633  30.927  45.393 0.6000000238
94680  -39.595  30.761  45.573 0.6000000238
94681  -40.455  30.589  45.457 0.6000000238
94671  -42.423  30.351  46.620 0.6000000238
122282  -42.750  30.560  47.390 0.6000000238
93471  -39.452  27.764  50.555 0.1000000015
119481  -40.365  27.812  50.526 0.2000000030
117724  -38.295  26.792  50.557 0.1000000015
93470  -38.591  27.656  50.591 0.1000000015
118228  -37.060  26.554  50.681 0.1000000015
131102  -37.130  27.312  50.719 0.1000000015
131981  -37.632  26.814  50.641 0.1000000015
92881  -39.132  26.805  50.516 0.1000000015
92882  -39.991  26.827  50.506 0.2000000030
127710  -36.475  26.304  50.816 0.1000000015
92291  -37.726  26.312  50.372 0.1000000015
91780  -34.453  25.365  48.994 0.1000000015
91754  -36.569  25.872  50.306 0.1000000015
113621  -35.722  25.630  50.348 0.2000000030
91760  -44.004  25.919  50.118 0.5000000000
92297  -44.504  26.449  50.458 0.6000000238
91761  -45.160  25.985  50.317 0.6999999881
92306  -38.263  26.013  50.105 0.2000000030
91759  -42.923  25.795  50.091 0.5000000000
116672  -37.744  26.051  49.684 0.2000000030
120325  -38.562  26.105  49.513 0.3000000119
91771  -40.179  25.827  49.657 0.3000000119
91773  -41.772  25.482  49.853 0.4000000060
91775  -43.611  25.595  49.819 0.5000000000
91776  -44.666  25.651  49.878 0.6999999881
92312  -39.380  26.156  49.176 0.3000000119
92313  -40.161  26.213  48.672 0.3000000119
91772  -40.967  25.598  49.812 0.4000000060
91787  -44.386  25.598  49.242 0.6000000238
91784  -41.538  25.629  49.207 0.4000000060
95956  -35.005  32.410  44.483 0.2000000030
95957  -35.772  32.083  44.805 0.3000000119
95315  -36.547  31.701  45.127 0.5000000000
95316  -37.347  31.416  45.470 0.5000000000
126149  -38.041  31.261  45.765 0.6000000238
95304  -37.816  31.745  46.188 0.6000000238
134334  -39.105  31.044  46.026 0.6000000238
111490  -41.042  30.697  46.194 0.6000000238
94661  -42.009  30.989  47.195 0.6000000238
94652  -42.948  30.997  48.070 0.6999999881
118391  -41.360  27.803  50.524 0.3000000119
93472  -42.362  28.174  50.571 0.4000000060
112530  -37.821  27.532  50.635 0.1000000015
117565  -37.967  28.507  50.562 0.1000000015
92880  -36.482  26.955  50.929 0.1000000015
92290  -36.845  26.138  50.506 0.1000000015
116861  -38.749  26.270  50.252 0.3000000119
91755  -37.379  25.990  50.201 0.2000000030
92294  -41.361  26.093  50.380 0.4000000060
91758  -41.978  25.683  50.149 0.4000000060
92305  -36.975  25.989  49.784 0.2000000030
91774  -42.644  25.501  49.840 0.5000000000
95948  -36.277  32.375  45.655 0.4000000060
95949  -37.007  31.985  46.022 0.6000000238
95931  -38.431  32.295  46.541 0.6000000238
95305  -38.677  31.478  46.244 0.6000000238
95306  -39.628  31.336  46.404 0.6000000238
96508  -39.585  33.705  46.837 0.6000000238
115814  -39.034  32.969  46.823 0.6000000238
95932  -39.280  32.109  46.745 0.6000000238
95307  -40.527  31.306  46.671 0.6000000238
94670  -41.297  31.196  46.950 0.6000000238
94662  -42.324  31.332  47.797 0.6999999881
96499  -39.939  32.841  47.068 0.6000000238
95919  -40.578  32.395  47.311 0.6000000238
95920  -41.295  32.438  47.691 0.6000000238
95285  -42.032  32.078  48.083 0.6000000238
95286  -42.684  31.696  48.343 0.6000000238
95287  -43.191  31.325  48.580 0.6999999881
114660  -40.876  35.360  46.401 0.4000000060
97067  -40.951  34.668  47.059 0.5000000000
116016  -40.748  33.103  47.458 0.6000000238
97626  -41.864  35.617  46.117 0.5000000000
97606  -41.650  35.235  46.878 0.5000000000
98160  -42.893  36.425  44.541 0.6000000238
97627  -42.858  35.839  45.898 0.6000000238
98161  -44.119  36.425  44.688 0.6000000238
98141  -44.547  36.282  45.387 0.6000000238
97628  -43.828  36.019  45.796 0.6000000238
97608  -43.585  35.777  46.410 0.6000000238
98178  -44.949  36.645  44.150 0.6999999881
98162  -45.347  36.430  44.867 0.6999999881
98179  -46.115  36.489  44.377 0.6999999881
98163  -46.424  36.340  45.019 0.6999999881
98142  -45.732  36.162  45.486 0.8000000119
98743  -46.788  36.664  44.104 0.6999999881
129670  -46.658  36.504  44.579 0.6999999881
98724  -46.922  36.604  44.791 0.6999999881
116938  -47.228  36.976  44.393 0.6999999881
99323  -47.140  37.671  44.763 0.6999999881
99327  -47.311  37.712  43.894 0.6999999881
98744  -47.243  37.018  43.680 0.6999999881
120219  -39.796  28.910  50.500 0.1000000015
121713  -40.771  28.783  50.498 0.1000000015
118426  -38.812  28.689  50.541 0.1000000015
92883  -40.845  26.838  50.495 0.2000000030
121764  -36.452  27.936  50.707 0.1000000015
131647  -37.188  28.274  50.610 0.1000000015
125176  -41.562  26.806  50.477 0.3000000119
92292  -39.684  26.207  50.273 0.3000000119
120276  -42.067  27.258  50.503 0.3000000119
92295  -42.268  26.318  50.373 0.4000000060
92296  -43.378  26.384  50.327 0.5000000000
92885  -43.915  27.186  50.568 0.8000000119
93474  -44.521  27.875  51.052 0.8000000119
95913  -42.576  32.483  48.537 0.6000000238
97060  -41.713  34.623  47.441 0.5000000000
97059  -41.153  33.909  47.502 0.5000000000
96500  -41.391  33.244  47.795 0.6000000238
95912  -41.913  32.911  48.204 0.6000000238
96489  -43.176  32.880  49.052 0.6999999881
95908  -43.719  32.314  49.438 0.6999999881
96501  -41.979  33.889  48.009 0.6000000238
97054  -42.927  34.268  48.338 0.6000000238
96497  -43.479  33.818  48.923 0.6999999881
97595  -42.258  35.162  47.266 0.5000000000
117035  -45.840  36.756  43.564 0.6000000238
114787  -46.746  36.874  43.323 0.6000000238
98144  -46.937  36.393  45.497 0.6999999881
121306  -41.654  28.904  50.525 0.4000000060
93469  -36.476  28.902  50.570 0.1000000015
117951  -37.274  29.223  50.536 0.1000000015
94038  -38.116  29.452  50.519 0.1000000015
92884  -42.871  27.219  50.503 0.5000000000
94623  -44.741  30.067  52.113 0.8000000119
95878  -44.629  32.113  53.321 0.8000000119
97061  -42.517  34.720  47.753 0.5000000000
97055  -44.046  34.698  48.427 0.8000000119
112153  -43.185  35.399  47.301 0.5000000000
97596  -44.164  35.280  47.648 0.6000000238
97062  -43.309  34.892  47.938 0.6999999881
98176  -42.553  36.785  43.753 0.4000000060
114292  -44.448  35.697  46.887 0.6000000238
98742  -44.480  36.937  43.368 0.6000000238
98761  -43.983  37.228  42.572 0.4000000060
98762  -45.167  37.062  42.754 0.6000000238
131943  -46.139  36.944  42.851 0.5000000000
98143  -46.485  36.122  45.595 0.8000000119
122242  -47.135  37.111  43.082 0.6999999881
94039  -38.975  29.681  50.507 0.1000000015
94041  -41.094  29.643  50.501 0.3000000119
93468  -35.761  28.550  50.641 0.1000000015
94036  -36.471  29.860  50.506 0.1000000015
94037  -37.433  30.100  50.510 0.1000000015
134141  -35.839  29.315  50.536 0.1000000015
93473  -43.410  28.154  50.689 0.8000000119
93457  -44.216  28.753  51.189 0.8000000119
97003  -43.015  34.880  54.579 0.5000000000
96457  -43.567  33.318  53.398 0.6000000238
95877  -43.959  32.594  53.227 0.8999999762
96999  -43.152  35.493  54.887 0.6000000238
96442  -44.089  33.360  53.811 0.6999999881
97004  -43.642  34.711  54.409 0.6999999881
97536  -43.243  36.058  54.920 0.5000000000
97542  -43.667  35.450  54.495 0.6000000238
97005  -44.369  34.136  54.136 0.8000000119
98070  -43.166  36.462  53.018 0.5000000000
98071  -43.682  36.056  54.047 0.6000000238
119307  -44.683  37.266  42.068 0.5000000000
98775  -45.792  37.147  42.072 0.5000000000
98712  -47.220  37.029  46.600 0.8999999762
98709  -47.036  37.448  47.414 0.8999999762
99306  -46.595  38.171  47.591 0.8999999762
98763  -46.738  37.084  42.522 0.5000000000
94040  -39.790  29.993  50.502 0.2000000030
129377  -40.396  29.536  50.491 0.2000000030
94634  -38.276  30.322  50.506 0.1000000015
134426  -42.870  28.647  50.636 0.6000000238
95269  -44.449  30.926  52.392 0.8000000119
98056  -42.246  37.289  55.226 0.4000000060
97534  -42.486  36.374  55.153 0.4000000060
97541  -42.705  35.665  54.952 0.5000000000
96441  -43.489  34.064  53.967 0.6999999881
95257  -44.181  31.753  52.726 0.8000000119
98057  -42.776  36.589  55.076 0.4000000060
97535  -42.938  36.048  55.145 0.5000000000
98666  -42.176  37.925  54.418 0.3000000119
98658  -42.583  37.316  54.951 0.4000000060
98063  -43.053  36.581  54.529 0.4000000060
119315  -41.909  37.534  53.123 0.4000000060
98667  -42.600  37.068  53.853 0.4000000060
98069  -42.297  36.814  52.439 0.5000000000
98086  -43.490  36.342  51.788 0.5000000000
98085  -42.730  36.513  51.797 0.5000000000
98098  -42.885  36.474  50.826 0.6000000238
98099  -44.005  36.515  50.827 0.6999999881
98111  -44.633  37.054  50.073 0.6999999881
99305  -46.071  38.634  47.992 0.8999999762
115164  -47.180  36.930  45.132 0.6999999881
98715  -47.172  36.897  45.860 0.8000000119
99317  -46.846  37.839  46.934 0.8999999762
128916  -45.953  37.289  41.326 0.5000000000
98776  -46.568  37.269  41.676 0.5000000000
118383  -37.125  31.461  50.508 0.1000000015
94635  -39.111  30.586  50.496 0.2000000030
94637  -40.539  30.280  50.501 0.2000000030
118382  -38.422  31.132  50.495 0.2000000030
94633  -36.815  30.731  50.509 0.1000000015
116382  -42.508  29.115  50.609 0.6999999881
94043  -43.332  29.076  50.825 0.8000000119
94622  -43.813  30.500  51.580 0.8999999762
95267  -42.917  31.759  51.490 0.6999999881
98055  -41.413  37.372  55.218 0.4000000060
98062  -41.768  36.641  55.153 0.4000000060
97549  -41.443  35.428  53.714 0.4000000060
96455  -42.301  33.971  52.734 0.5000000000
95876  -43.191  32.916  52.654 0.5000000000
95889  -43.446  32.149  52.273 0.8000000119
95268  -43.650  31.352  51.892 0.8000000119
98648  -41.677  38.080  55.240 0.3000000119
97540  -41.976  35.865  54.797 0.4000000060
97014  -42.655  34.405  53.643 0.5000000000
96456  -42.960  33.656  53.117 0.6000000238
98657  -42.113  38.090  55.058 0.3000000119
98665  -41.749  38.422  53.569 0.3000000119
98675  -41.265  37.952  52.434 0.4000000060
98676  -41.490  37.164  51.926 0.5000000000
98084  -42.059  36.690  51.315 0.5000000000
99917  -46.643  38.610  45.202 0.8000000119
99926  -46.879  38.628  44.357 0.8000000119
99321  -46.966  37.733  45.651 0.8000000119
99320  -46.641  38.270  46.453 0.8000000119
99316  -46.303  38.598  47.223 0.8999999762
122144  -46.984  37.354  41.991 0.5000000000
98764  -47.225  37.364  42.524 0.5000000000
131530  -37.830  31.518  50.501 0.1000000015
94042  -41.953  29.807  50.582 0.5000000000
94640  -43.015  29.997  50.829 0.8000000119
94024  -43.998  29.621  51.357 0.6999999881
98681  -41.232  36.940  50.924 0.5000000000
98097  -41.999  36.703  50.387 0.6000000238
118498  -47.235  39.376  42.716 0.6000000238
98765  -47.480  37.904  42.370 0.6999999881
98778  -47.314  37.623  41.819 0.5000000000
95897  -38.464  32.047  50.501 0.1000000015
118556  -39.242  31.428  50.501 0.2000000030
94636  -39.915  30.855  50.503 0.3000000119
94638  -41.345  30.472  50.558 0.4000000060
92293  -40.544  26.119  50.344 0.3000000119
94737  -40.792  31.041  40.683 0.5000000000
94692  -42.759  30.244  44.389 0.6999999881
127424  -44.045  33.939  54.179 0.6999999881
97543  -44.155  34.875  54.266 0.6999999881
94724  -37.658  31.042  41.587 0.5000000000
95356  -38.793  32.032  41.764 0.6000000238
95357  -39.664  31.844  41.665 0.6000000238
95347  -40.731  31.621  41.639 0.6999999881
94714  -36.269  30.772  42.134 0.2000000030
95345  -38.166  32.246  42.051 0.5000000000
94715  -41.707  31.039  42.653 0.6999999881
94691  -40.715  30.536  44.519 0.6999999881
113783  -41.764  30.323  44.603 0.6999999881
94683  -42.572  30.051  45.124 0.6999999881
95332  -34.728  31.653  43.325 0.2000000030
131051  -36.349  31.977  43.075 0.3000000119
120088  -39.974  30.629  44.717 0.6000000238
128591  -41.751  30.687  46.591 0.6000000238
95331  -33.908  31.210  43.462 0.1000000015
94669  -40.237  30.872  46.122 0.6000000238
128005  -36.038  25.873  50.783 0.1000000015
91770  -36.194  25.843  49.727 0.2000000030
95947  -35.493  32.686  45.371 0.2000000030
95930  -37.614  32.535  46.403 0.6000000238
127835  -36.527  26.224  49.098 0.2000000030
95933  -40.100  31.919  46.999 0.6000000238
96507  -38.248  33.180  46.583 0.6000000238
95294  -40.885  31.808  47.236 0.6000000238
95295  -41.621  31.639  47.540 0.6000000238
96509  -40.332  33.878  47.093 0.5000000000
98140  -43.369  36.199  45.274 0.6000000238
97607  -42.523  35.543  46.661 0.5000000000
95914  -43.140  31.999  48.864 0.6999999881
96496  -42.621  33.385  48.569 0.6999999881
98177  -43.683  36.689  43.936 0.4000000060
98741  -43.272  37.125  43.196 0.4000000060
127874  -37.647  30.881  50.501 0.1000000015
97002  -42.285  35.160  54.195 0.5000000000
126589  -47.011  37.503  46.289 0.8000000119
98745  -47.369  37.558  43.148 0.6999999881
90727  -38.763  23.784  44.527 0.1000000015
91259  -39.071  24.668  44.464 0.1000000015
90728  -39.671  23.738  44.137 0.2000000030
126259  -40.426  24.042  43.661 0.2000000030
123351  -41.194  24.166  43.326 0.2000000030
90721  -37.351  23.723  45.346 0.1000000015
90722  -38.012  23.734  44.878 0.1000000015
90729  -40.393  23.266  43.835 0.2000000030
90734  -41.075  23.329  43.567 0.2000000030
90735  -41.790  23.403  43.196 0.2000000030
89592  -35.144  21.663  46.479 0.1000000015
90155  -36.196  22.406  45.848 0.1000000015
124140  -37.667  22.951  45.040 0.1000000015
124115  -38.413  23.015  44.662 0.1000000015
90179  -41.694  22.561  43.472 0.2000000030
89593  -35.899  21.570  45.991 0.1000000015
90161  -36.605  21.897  45.557 0.1000000015
119234  -35.122  20.144  46.891 0.1000000015
88981  -36.063  20.598  45.997 0.1000000015
88409  -34.660  19.125  48.029 0.1000000015
87715  -35.333  19.305  47.338 0.1000000015
91812  -39.352  25.656  44.536 0.1000000015
91260  -39.837  24.845  43.993 0.1000000015
91265  -40.609  24.999  43.540 0.2000000030
91266  -41.304  25.057  43.144 0.2000000030
91274  -41.782  25.168  42.696 0.2000000030
91805  -37.883  25.176  45.410 0.1000000015
91267  -41.889  24.296  42.796 0.2000000030
124190  -42.563  24.079  42.436 0.2000000030
91251  -36.657  23.864  45.821 0.1000000015
91252  -37.218  24.561  45.653 0.1000000015
90154  -35.628  22.453  46.263 0.1000000015
90714  -36.127  23.166  46.066 0.1000000015
90172  -41.286  21.947  43.794 0.2000000030
89608  -40.930  21.335  44.018 0.2000000030
91813  -40.205  26.008  44.083 0.1000000015
91818  -40.984  25.882  43.538 0.2000000030
91819  -41.546  25.859  43.037 0.3000000119
91245  -36.594  24.755  46.233 0.1000000015
91799  -37.227  25.446  46.110 0.1000000015
131012  -38.595  25.383  44.889 0.1000000015
92364  -39.671  26.580  44.828 0.1000000015
92372  -40.855  26.613  43.949 0.4000000060
92373  -41.472  26.685  43.471 0.4000000060
92379  -41.883  26.472  42.900 0.3000000119
91825  -42.088  25.809  42.548 0.2000000030
91275  -42.410  24.897  42.288 0.2000000030
91244  -36.006  24.048  46.397 0.1000000015
91276  -42.994  24.257  42.104 0.2000000030
120805  -42.324  22.754  43.016 0.2000000030
90736  -42.452  23.433  42.713 0.2000000030
119722  -41.931  21.877  43.446 0.2000000030
92928  -42.655  27.533  44.402 0.4000000060
92374  -42.130  27.093  43.086 0.3000000119
92927  -41.888  27.481  44.609 0.4000000060
92937  -41.960  27.351  43.832 0.4000000060
92339  -38.240  26.535  46.704 0.2000000030
92354  -38.609  26.451  45.879 0.3000000119
92356  -40.123  27.146  45.413 0.3000000119
92365  -40.529  27.035  44.597 0.2000000030
92366  -41.272  27.176  44.167 0.4000000060
92380  -42.446  26.608  42.525 0.3000000119
91798  -35.936  24.950  46.799 0.2000000030
92353  -37.889  26.039  45.991 0.2000000030
91806  -38.928  26.179  45.116 0.2000000030
91826  -42.720  25.813  42.004 0.2000000030
91243  -35.238  24.278  46.950 0.1000000015
91827  -43.169  24.886  41.733 0.2000000030
125434  -34.457  24.199  47.472 0.1000000015
91835  -43.485  25.770  41.424 0.2000000030
91284  -44.513  24.008  41.236 0.2000000030
90751  -44.382  23.385  41.604 0.2000000030
90752  -44.979  23.325  41.091 0.2000000030
90760  -45.539  23.601  40.303 0.1000000015
90195  -45.403  22.986  40.615 0.2000000030
92915  -41.709  27.448  45.344 0.4000000060
92926  -41.210  27.442  44.781 0.4000000060
92340  -39.172  26.792  46.771 0.3000000119
112440  -40.051  27.046  46.367 0.3000000119
92905  -41.397  27.280  46.046 0.5000000000
92904  -40.892  27.421  45.353 0.4000000060
92938  -42.756  27.534  43.591 0.4000000060
92948  -42.885  27.362  42.751 0.3000000119
117289  -36.585  25.629  46.750 0.2000000030
128987  -38.663  26.612  47.470 0.3000000119
92929  -43.584  27.658  44.301 0.5000000000
92381  -43.215  26.827  41.939 0.3000000119
91791  -35.987  25.726  47.566 0.2000000030
92338  -36.691  26.144  47.365 0.2000000030
92324  -37.976  26.514  47.620 0.3000000119
92939  -43.643  27.826  43.324 0.4000000060
92949  -43.682  27.726  42.390 0.4000000060
92958  -43.869  27.439  41.688 0.3000000119
90139  -32.208  23.042  48.962 0.1000000015
129481  -33.298  24.272  48.694 0.1000000015
91234  -34.384  24.894  48.110 0.1000000015
91782  -35.878  26.035  48.689 0.2000000030
92322  -36.557  26.261  48.240 0.2000000030
92959  -44.531  27.527  41.165 0.3000000119
92388  -43.983  26.628  41.221 0.3000000119
91233  -33.786  24.274  48.027 0.1000000015
91230  -33.831  24.830  48.743 0.1000000015
91836  -44.255  25.592  40.785 0.2000000030
123768  -43.918  24.782  41.222 0.2000000030
124602  -46.356  27.767  39.065 0.2000000030
126506  -45.625  27.125  39.849 0.2000000030
92398  -45.772  26.114  39.571 0.2000000030
91843  -45.120  25.196  40.184 0.3000000119
126316  -44.551  24.706  40.757 0.2000000030
92987  -46.212  27.506  38.646 0.2000000030
92978  -46.221  27.083  39.265 0.2000000030
91291  -45.643  24.383  39.895 0.2000000030
91290  -45.100  24.146  40.603 0.2000000030
92403  -46.309  26.286  39.096 0.2000000030
124315  -46.364  25.505  39.029 0.2000000030
130297  -46.276  26.685  38.407 0.2000000030
92404  -46.427  26.140  38.565 0.2000000030
91852  -46.671  25.411  38.333 0.2000000030
92341  -41.029  27.012  46.910 0.3000000119
92906  -42.262  27.259  46.026 0.5000000000
133832  -43.171  27.521  44.808 0.5000000000
92325  -39.351  26.547  48.002 0.3000000119
92326  -40.139  26.746  47.506 0.3000000119
92323  -37.232  26.416  47.891 0.2000000030
113963  -38.634  26.421  48.427 0.2000000030
91229  -32.880  24.351  49.377 0.1000000015
92310  -37.143  26.345  48.929 0.2000000030
92311  -37.888  26.357  48.702 0.2000000030
92960  -45.324  27.746  40.531 0.3000000119
92950  -44.459  28.112  41.935 0.3000000119
92969  -46.031  28.054  39.781 0.2000000030
93564  -46.291  28.273  38.958 0.2000000030
93563  -46.032  28.424  38.730 0.2000000030
116987  -45.654  27.630  38.352 0.2000000030
92410  -46.035  26.839  38.109 0.2000000030
121440  -41.863  27.011  46.623 0.5000000000
92314  -41.121  26.312  48.213 0.4000000060
93562  -45.352  28.663  38.640 0.2000000030
93561  -44.775  28.020  38.458 0.2000000030
94117  -40.510  29.974  40.707 0.4000000060
95899  -40.198  32.395  50.593 0.2000000030
95275  -40.745  31.116  50.525 0.2000000030
95276  -41.619  31.296  50.715 0.3000000119
94639  -42.235  30.659  50.754 0.5000000000
95277  -42.387  31.356  51.012 0.5000000000
94621  -43.040  30.967  51.169 0.6000000238
95929  -36.805  32.830  46.269 0.4000000060
115660  -40.081  31.684  50.527 0.2000000030
96506  -37.455  33.432  46.450 0.4000000060
125938  -38.099  34.006  46.480 0.4000000060
97621  -36.525  34.739  46.131 0.3000000119
132245  -37.987  34.645  46.294 0.4000000060
97065  -38.642  34.604  46.382 0.4000000060
117354  -38.848  33.835  46.644 0.4000000060
97623  -38.706  35.628  45.487 0.3000000119
97604  -39.100  35.212  46.100 0.3000000119
132176  -39.906  34.199  46.779 0.3000000119
98758  -40.861  37.277  42.382 0.3000000119
98773  -42.285  37.401  41.503 0.3000000119
98760  -42.841  37.319  42.375 0.3000000119
98787  -42.881  37.537  40.968 0.3000000119
98774  -43.592  37.425  41.650 0.3000000119
126891  -43.789  37.582  40.777 0.3000000119
126854  -44.889  37.387  41.299 0.3000000119
123424  -36.992  35.544  45.678 0.3000000119
97622  -37.845  35.596  45.582 0.3000000119
97605  -39.939  35.264  46.216 0.3000000119
127907  -40.235  34.690  46.705 0.3000000119
98135  -38.208  36.173  44.884 0.3000000119
97066  -39.469  34.539  46.551 0.3000000119
98156  -38.898  36.693  44.329 0.3000000119
98136  -39.224  36.060  44.877 0.3000000119
98137  -40.135  36.020  44.944 0.3000000119
98138  -41.061  36.000  45.004 0.3000000119
98737  -39.162  37.269  42.865 0.3000000119
98173  -39.491  37.030  43.742 0.3000000119
98174  -40.338  36.897  43.827 0.3000000119
98157  -39.800  36.573  44.377 0.3000000119
98139  -42.126  36.047  45.263 0.5000000000
98757  -39.882  37.368  42.194 0.3000000119
98738  -40.105  37.192  43.071 0.3000000119
130403  -41.045  36.729  43.868 0.3000000119
98159  -41.701  36.465  44.336 0.3000000119
135007  -41.487  37.175  42.894 0.3000000119
98740  -42.253  37.185  43.024 0.3000000119
112144  -42.996  37.746  39.380 0.2000000030
98799  -43.953  37.649  39.924 0.3000000119
98798  -42.914  37.627  40.257 0.3000000119
131967  -44.709  37.518  40.502 0.3000000119
98134  -37.402  36.006  45.201 0.3000000119
97625  -40.459  35.678  45.644 0.3000000119
130402  -44.268  37.656  38.842 0.3000000119
98800  -45.312  37.480  39.784 0.3000000119
98809  -42.949  37.764  38.422 0.2000000030
98788  -45.641  37.398  40.666 0.3000000119
114326  -46.507  37.354  40.863 0.3000000119
98797  -42.056  37.775  38.996 0.2000000030
98777  -47.069  37.463  41.153 0.4000000060
98789  -46.254  37.392  40.186 0.3000000119
134491  -47.424  38.044  43.374 0.5000000000
99938  -47.532  38.812  42.131 0.5000000000
122793  -47.467  37.803  41.156 0.4000000060
99349  -47.608  38.216  41.579 0.4000000060
98791  -47.466  37.743  40.428 0.3000000119
99363  -47.738  38.322  40.769 0.4000000060
98801  -46.506  37.231  39.491 0.3000000119
98790  -47.028  37.383  40.100 0.3000000119
99375  -47.856  38.189  39.949 0.3000000119
99893  -45.878  39.125  46.604 0.6999999881
114576  -46.075  39.552  44.757 0.6999999881
99933  -46.706  39.840  43.214 0.6999999881
100468  -46.832  40.204  42.512 0.6000000238
99937  -47.305  39.833  41.949 0.6999999881
100484  -47.289  40.171  41.207 0.6000000238
98818  -43.870  37.569  37.782 0.2000000030
125259  -47.680  39.212  41.229 0.6000000238
98819  -45.133  37.381  37.952 0.2000000030
98810  -45.762  37.273  38.836 0.3000000119
98811  -46.770  36.877  38.807 0.3000000119
98802  -47.254  37.054  39.088 0.3000000119
99908  -44.918  39.744  46.183 0.6999999881
99892  -45.021  39.441  46.950 0.6999999881
100428  -45.160  39.980  45.298 0.6999999881
100440  -45.315  40.230  44.405 0.6999999881
134403  -45.943  39.934  44.181 0.6999999881
100453  -45.984  40.229  43.628 0.6999999881
98828  -44.598  37.151  37.284 0.2000000030
98222  -45.810  36.465  37.254 0.2000000030
99956  -47.906  38.822  39.535 0.4000000060
99945  -47.889  39.015  40.324 0.4000000060
98820  -46.391  36.768  38.152 0.2000000030
98812  -47.710  37.037  38.444 0.3000000119
98803  -47.551  37.561  39.500 0.3000000119
98110  -43.621  36.754  50.005 0.6000000238
98695  -44.224  37.455  49.404 0.6000000238
98706  -45.834  38.317  48.702 0.8000000119
99304  -45.187  38.723  48.160 0.8000000119
99315  -45.513  39.040  47.464 0.8000000119
100427  -44.354  40.148  45.631 0.6999999881
100439  -44.406  40.315  44.968 0.6999999881
132134  -44.483  40.438  44.292 0.6999999881
100452  -45.043  40.511  43.580 0.6999999881
100467  -46.222  40.550  42.385 0.6999999881
100483  -46.872  40.467  41.817 0.6999999881
98827  -43.681  37.274  36.870 0.2000000030
100498  -47.576  39.774  40.609 0.6000000238
100511  -47.566  39.690  39.875 0.5000000000
98216  -47.338  36.579  38.285 0.3000000119
99955  -47.539  39.530  39.047 0.4000000060
99385  -47.908  37.929  39.125 0.3000000119
98705  -44.764  38.140  48.798 0.6000000238
112029  -41.973  40.549  44.202 0.6999999881
112972  -42.911  40.506  43.997 0.6999999881
100437  -42.649  40.526  44.819 0.6999999881
100438  -43.634  40.469  44.584 0.6999999881
111821  -43.166  40.416  43.093 0.6999999881
100451  -43.912  40.498  43.774 0.6999999881
100465  -43.493  40.317  42.195 0.6999999881
112367  -44.238  40.485  42.936 0.6999999881
100466  -45.290  40.561  42.715 0.6999999881
114021  -45.849  40.481  43.071 0.6999999881
98826  -43.189  37.166  36.204 0.2000000030
133205  -44.770  40.453  41.466 0.6999999881
114372  -45.493  40.596  41.932 0.6999999881
127393  -43.908  36.726  36.239 0.2000000030
100481  -45.470  40.519  41.105 0.6999999881
100496  -46.293  40.553  40.711 0.6999999881
114020  -46.831  40.514  41.169 0.6999999881
98840  -43.655  36.614  35.697 0.2000000030
114371  -46.225  40.450  39.743 0.6999999881
100510  -46.981  40.214  39.374 0.6000000238
100497  -47.039  40.338  40.391 0.5000000000
98230  -44.689  36.613  36.599 0.2000000030
98231  -47.091  35.495  36.676 0.2000000030
98224  -47.786  36.207  37.693 0.2000000030
99967  -47.832  38.627  38.774 0.4000000060
99398  -47.928  37.689  38.293 0.4000000060
98704  -43.689  37.812  48.739 0.6000000238
99303  -44.118  38.510  48.164 0.6000000238
99314  -44.465  39.153  47.500 0.6999999881
99891  -44.209  39.629  46.763 0.6999999881
99907  -43.847  40.089  46.166 0.6999999881
100426  -43.429  40.378  45.439 0.6999999881
100450  -42.174  40.411  43.308 0.6999999881
100480  -43.912  40.353  41.398 0.6999999881
100494  -44.502  40.420  40.756 0.6999999881
100495  -45.316  40.486  40.196 0.6999999881
98239  -44.656  36.086  35.785 0.2000000030
115308  -45.767  35.807  36.281 0.2000000030
116168  -47.757  35.683  37.129 0.4000000060
98821  -48.023  36.693  37.674 0.4000000060
99313  -43.418  38.872  47.592 0.6000000238
99311  -41.213  38.399  47.620 0.5000000000
99312  -42.369  38.607  47.557 0.6000000238
99890  -42.785  39.310  47.084 0.6000000238
126654  -43.639  39.394  47.130 0.6999999881
99888  -40.794  39.135  46.942 0.5000000000
99889  -41.792  39.173  47.006 0.6000000238
99906  -42.299  39.782  46.525 0.6999999881
99904  -40.402  39.741  46.401 0.5000000000
99905  -41.337  39.744  46.447 0.6000000238
100415  -42.826  40.258  46.109 0.6999999881
113699  -43.274  39.798  46.633 0.6999999881
100413  -40.913  40.208  45.975 0.5000000000
100414  -41.825  40.237  46.038 0.6999999881
100425  -42.287  40.454  45.512 0.6999999881
99903  -39.480  39.776  46.384 0.5000000000
100412  -40.019  40.184  45.913 0.5000000000
100436  -41.705  40.569  44.941 0.6000000238
100464  -42.312  40.230  42.212 0.6999999881
100509  -46.170  40.360  38.790 0.5000000000
98839  -42.869  37.084  35.537 0.2000000030
99978  -47.720  38.507  38.078 0.3000000119
99966  -47.390  39.323  38.279 0.3000000119
116350  -44.116  36.129  35.256 0.2000000030
99977  -47.195  39.093  37.472 0.3000000119
98241  -46.746  35.217  35.837 0.2000000030
98829  -48.135  36.449  36.860 0.3000000119
100404  -35.674  40.583  47.586 0.4000000060
99884  -36.626  39.765  47.709 0.4000000060
100405  -36.220  40.154  47.299 0.4000000060
99901  -37.071  39.808  47.016 0.4000000060
99902  -37.995  39.813  46.593 0.4000000060
100410  -38.304  40.344  46.022 0.5000000000
122920  -38.737  39.915  46.352 0.5000000000
100411  -39.149  40.269  45.914 0.5000000000
132056  -40.177  40.552  45.027 0.6000000238
100435  -40.314  40.562  44.471 0.6000000238
100449  -41.301  40.492  43.526 0.6000000238
100423  -40.504  40.429  45.474 0.6999999881
114166  -40.874  40.574  44.996 0.6999999881
100479  -42.889  40.281  41.314 0.6999999881
100507  -44.224  40.480  39.886 0.6000000238
100508  -45.091  40.469  39.060 0.6000000238
100516  -45.606  40.417  38.396 0.6999999881
100517  -46.837  40.005  38.509 0.5000000000
98240  -45.817  35.300  35.446 0.3000000119
99413  -47.834  37.745  37.395 0.3000000119
98233  -48.066  35.503  36.338 0.4000000060
99427  -47.719  37.362  36.373 0.4000000060
98232  -47.876  35.311  36.482 0.3000000119
100419  -36.741  40.696  45.730 0.4000000060
100408  -36.456  40.394  46.540 0.4000000060
100409  -37.394  40.323  46.235 0.5000000000
100421  -38.658  40.548  45.380 0.5000000000
100433  -38.671  40.687  44.681 0.5000000000
100422  -39.602  40.470  45.383 0.5000000000
100463  -41.436  40.341  42.647 0.6000000238
114639  -43.486  40.402  40.566 0.6999999881
112217  -45.946  40.253  37.841 0.4000000060
130007  -46.589  39.308  36.846 0.4000000060
100523  -46.742  39.754  37.862 0.3000000119
99985  -47.126  38.546  36.679 0.4000000060
98243  -48.068  36.175  35.988 0.4000000060
97679  -47.558  34.817  35.956 0.3000000119
98242  -47.937  35.026  35.896 0.3000000119
92916  -42.676  27.459  45.231 0.5000000000
94736  -40.138  30.950  40.884 0.4000000060
91769  -35.319  25.644  49.401 0.1000000015
126196  -41.270  35.757  45.686 0.3000000119
99934  -47.175  38.796  43.502 0.6000000238
99925  -46.471  39.531  43.945 0.6999999881
99909  -46.464  38.660  45.942 0.6999999881
99328  -47.459  38.366  42.891 0.5000000000
91258  -38.303  24.533  44.834 0.1000000015
90720  -36.822  22.881  45.510 0.1000000015
91253  -37.742  24.346  45.207 0.1000000015
90162  -37.354  22.101  45.207 0.1000000015
90163  -38.115  22.229  44.804 0.1000000015
88980  -35.411  20.788  46.432 0.1000000015
89598  -36.456  21.146  45.656 0.1000000015
88423  -35.723  19.921  46.573 0.1000000015
132635  -38.351  25.867  45.412 0.2000000030
91283  -43.769  23.946  41.798 0.2000000030
92355  -39.374  26.775  45.671 0.3000000119
134091  -40.677  27.251  46.013 0.3000000119
91790  -35.413  25.089  47.348 0.2000000030
131215  -37.327  26.251  46.814 0.2000000030
91235  -34.879  24.852  47.543 0.1000000015
90706  -33.885  23.369  47.535 0.1000000015
91781  -35.114  25.508  48.184 0.2000000030
90701  -32.251  23.817  49.487 0.1000000015
90703  -32.740  23.701  48.793 0.1000000015
90704  -33.300  23.590  48.183 0.1000000015
92397  -44.875  26.555  40.413 0.2000000030
92979  -46.390  26.919  38.809 0.2000000030
91844  -45.826  25.132  39.564 0.2000000030
91299  -46.249  24.630  39.285 0.2000000030
134001  -33.427  24.712  49.292 0.1000000015
97602  -37.489  35.044  46.111 0.3000000119
97603  -38.293  35.176  46.062 0.3000000119
97624  -39.583  35.636  45.534 0.3000000119
98759  -41.831  37.293  42.278 0.3000000119
98772  -41.367  37.386  41.579 0.3000000119
133567  -41.681  37.426  41.124 0.3000000119
98172  -38.626  37.127  43.661 0.3000000119
98155  -38.013  36.880  44.237 0.3000000119
98158  -40.681  36.441  44.395 0.3000000119
98739  -40.905  37.037  43.262 0.3000000119
98175  -41.641  36.896  43.521 0.3000000119
99916  -45.898  39.385  45.703 0.6999999881
130788  -46.359  40.336  42.954 0.6999999881
98223  -47.188  36.056  37.606 0.2000000030
112028  -44.533  40.456  42.127 0.6999999881
100482  -46.299  40.613  41.553 0.6999999881
98225  -48.033  35.826  37.082 0.4000000060
100424  -41.352  40.448  45.506 0.6999999881
112030  -41.115  40.580  44.354 0.6000000238
98852  -42.620  36.974  34.777 0.2000000030
100434  -39.501  40.596  44.666 0.5000000000
92387  -37.141  26.712  41.113 0.1000000015
92964  -37.945  27.123  40.993 0.1000000015
92394  -37.806  26.148  40.450 0.1000000015
120444  -38.612  26.725  40.459 0.1000000015
127932  -39.270  26.412  40.053 0.1000000015
92396  -40.004  26.805  39.940 0.1000000015
92401  -40.608  26.305  39.490 0.1000000015
92967  -40.195  27.667  40.277 0.1000000015
127435  -36.449  26.381  41.178 0.1000000015
92966  -39.372  27.242  40.407 0.1000000015
92386  -35.648  26.505  41.412 0.1000000015
92406  -42.213  26.074  38.799 0.1000000015
92407  -43.159  26.397  38.614 0.1000000015
123088  -41.505  26.645  39.280 0.1000000015
90185  -34.566  22.330  42.714 0.1000000015
90741  -34.788  23.489  42.110 0.1000000015
90748  -34.939  24.116  41.661 0.1000000015
91281  -35.078  24.847  41.388 0.1000000015
91833  -35.307  25.625  41.306 0.1000000015
90749  -35.462  23.438  41.705 0.1000000015
91858  -44.200  25.189  37.805 0.1000000015
90761  -46.109  23.871  39.580 0.1000000015
93546  -39.498  28.296  40.761 0.1000000015
126401  -46.694  24.185  38.861 0.1000000015
122231  -34.554  23.002  42.501 0.1000000015
128570  -34.443  24.075  42.053 0.1000000015
91280  -34.448  24.715  41.806 0.1000000015
92385  -34.769  26.262  41.569 0.1000000015
92984  -43.412  27.251  38.769 0.1000000015
91866  -46.069  25.531  37.544 0.1000000015
123200  -46.575  24.984  37.463 0.1000000015
90770  -47.070  23.690  38.208 0.1000000015
90184  -34.062  22.875  42.909 0.1000000015
91273  -33.951  24.464  42.248 0.1000000015
91859  -44.801  26.216  37.873 0.1000000015
91865  -45.317  25.402  37.541 0.1000000015
91314  -46.976  24.513  37.442 0.1000000015
90778  -47.261  23.424  37.291 0.1000000015
91307  -47.037  24.616  38.105 0.1000000015
92986  -44.902  27.164  38.161 0.1000000015
92965  -38.697  27.617  40.872 0.1000000015
92985  -44.190  27.465  38.488 0.1000000015
92411  -46.383  25.995  38.062 0.1000000015
91300  -46.636  24.858  38.715 0.1000000015
92947  -35.576  27.439  41.699 0.1000000015
93537  -36.302  28.041  41.774 0.2000000030
92956  -37.262  27.770  41.487 0.2000000030
93539  -37.885  28.866  41.536 0.2000000030
93540  -38.673  28.511  41.222 0.2000000030
93547  -40.512  28.697  40.473 0.1000000015
92409  -45.599  26.709  37.939 0.1000000015
92416  -46.098  26.146  37.815 0.1000000015
91860  -46.743  25.189  37.825 0.1000000015
92954  -34.982  26.956  41.688 0.1000000015
93538  -36.948  28.843  41.812 0.2000000030
127715  -39.223  29.255  41.166 0.2000000030
92415  -45.606  26.043  37.700 0.1000000015
91867  -46.408  25.547  37.758 0.1000000015
90779  -47.190  24.037  37.563 0.1000000015
90740  -34.093  23.636  42.492 0.1000000015
94116  -39.698  30.156  41.075 0.3000000119
122570  -38.576  29.345  41.377 0.3000000119
130650  -39.887  29.244  40.861 0.1000000015
92946  -34.736  27.683  42.026 0.1000000015
93528  -35.503  28.265  42.091 0.1000000015
93529  -36.156  28.890  42.164 0.2000000030
121408  -33.439  26.012  42.101 0.1000000015
91831  -34.012  26.115  41.768 0.1000000015
92378  -34.278  26.884  41.824 0.1000000015
133049  -35.507  28.977  42.396 0.1000000015
94109  -36.620  29.792  42.079 0.2000000030
94112  -38.933  30.231  41.330 0.3000000119
94110  -37.382  29.900  41.728 0.3000000119
94111  -38.150  30.094  41.490 0.3000000119
92377  -33.548  26.716  42.089 0.1000000015
92945  -33.878  27.555  42.245 0.1000000015
93527  -34.719  28.654  42.466 0.1000000015
94103  -35.182  29.580  42.578 0.1000000015
99302  -43.046  38.165  48.112 0.4000000060
99301  -41.970  37.903  48.166 0.4000000060
98703  -42.610  37.503  48.747 0.4000000060
123413  -41.081  37.751  48.335 0.4000000060
98702  -41.462  37.316  48.953 0.4000000060
98694  -43.191  37.137  49.346 0.5000000000
98693  -42.180  36.962  49.503 0.5000000000
98109  -42.746  36.697  49.974 0.5000000000
99300  -40.322  37.946  48.163 0.4000000060
128349  -40.171  38.567  47.492 0.4000000060
99887  -39.831  39.204  46.927 0.4000000060
98692  -41.163  36.975  49.912 0.4000000060
98691  -40.371  37.284  49.759 0.4000000060
98701  -40.465  37.447  48.949 0.4000000060
134103  -40.847  37.226  49.384 0.4000000060
99299  -39.593  37.726  48.810 0.4000000060
99310  -39.476  38.192  48.044 0.4000000060
134954  -39.377  38.714  47.455 0.4000000060
125281  -40.486  37.346  50.576 0.4000000060
98700  -39.800  37.539  49.498 0.4000000060
98690  -39.797  37.684  50.215 0.4000000060
99886  -38.720  39.232  47.027 0.4000000060
115081  -40.750  37.588  51.470 0.4000000060
98680  -40.077  37.964  51.036 0.4000000060
123912  -38.811  38.109  48.696 0.4000000060
100506  -43.170  40.567  39.669 0.5000000000
99278  -39.486  38.365  50.516 0.4000000060
99288  -39.084  37.950  49.681 0.4000000060
99287  -38.370  38.529  49.366 0.4000000060
99309  -38.718  38.538  47.882 0.4000000060
99298  -38.152  38.576  48.514 0.4000000060
100448  -40.479  40.543  43.688 0.4000000060
100493  -42.501  40.432  40.459 0.6000000238
99274  -40.649  38.371  51.856 0.3000000119
99273  -40.063  38.833  51.323 0.3000000119
99277  -38.750  38.762  50.163 0.4000000060
99863  -38.076  39.191  49.833 0.4000000060
99286  -37.752  38.981  49.088 0.4000000060
99297  -37.624  38.975  48.386 0.4000000060
99308  -37.992  38.898  47.759 0.4000000060
114654  -37.785  39.369  47.211 0.4000000060
100461  -39.783  40.600  42.975 0.4000000060
100447  -39.656  40.600  43.844 0.4000000060
100462  -40.605  40.441  42.724 0.4000000060
133655  -40.930  40.309  42.205 0.5000000000
115381  -41.878  40.229  41.135 0.4000000060
99257  -41.819  38.703  54.522 0.2000000030
99832  -41.571  39.268  54.323 0.2000000030
99845  -41.608  39.277  53.693 0.2000000030
99855  -40.829  39.342  52.187 0.2000000030
99264  -41.394  38.890  52.779 0.2000000030
99854  -40.292  39.932  51.618 0.2000000030
99858  -39.443  39.291  50.805 0.3000000119
100477  -40.461  40.432  41.676 0.4000000060
100478  -41.299  40.245  41.777 0.4000000060
100492  -41.621  40.610  40.379 0.3000000119
100505  -42.217  40.776  39.754 0.5000000000
134576  -40.405  38.649  54.511 0.2000000030
99247  -41.109  38.637  55.079 0.2000000030
98647  -40.995  37.932  55.216 0.2000000030
99819  -41.345  39.103  54.689 0.2000000030
99248  -41.706  38.713  54.957 0.2000000030
99844  -41.522  39.859  52.949 0.2000000030
100366  -41.395  39.917  53.511 0.2000000030
119213  -41.124  40.238  52.435 0.2000000030
125371  -39.529  40.131  51.009 0.3000000119
99857  -38.721  39.823  50.435 0.3000000119
99874  -37.191  39.412  48.782 0.3000000119
99885  -37.226  39.325  47.853 0.3000000119
100993  -39.153  40.814  42.211 0.4000000060
100476  -39.853  40.511  42.148 0.4000000060
100446  -38.822  40.744  43.951 0.4000000060
100460  -38.981  40.767  43.107 0.4000000060
101004  -40.851  41.087  40.289 0.3000000119
98646  -40.412  38.058  54.621 0.3000000119
130270  -41.023  36.778  54.715 0.3000000119
97539  -41.178  36.149  54.284 0.3000000119
97013  -41.751  34.632  52.961 0.4000000060
100364  -40.602  40.409  53.605 0.2000000030
99830  -40.359  39.722  53.913 0.2000000030
98656  -40.498  37.312  54.504 0.3000000119
99831  -41.150  39.775  54.047 0.2000000030
100365  -41.177  40.580  53.335 0.2000000030
100380  -41.291  40.690  52.799 0.2000000030
100391  -40.974  40.933  52.120 0.2000000030
100395  -39.277  40.776  50.806 0.2000000030
100398  -37.939  39.921  50.104 0.4000000060
99862  -37.503  39.646  49.525 0.4000000060
99873  -36.647  39.764  48.409 0.3000000119
100984  -37.902  41.039  43.992 0.4000000060
100432  -37.874  40.766  44.810 0.4000000060
100420  -37.689  40.601  45.543 0.4000000060
100491  -40.988  40.392  40.945 0.3000000119
98655  -39.813  37.619  53.829 0.3000000119
130463  -40.325  36.536  53.714 0.3000000119
97548  -40.617  35.735  53.213 0.3000000119
99256  -39.784  38.257  53.932 0.2000000030
100939  -41.156  42.014  52.165 0.2000000030
100924  -40.683  41.108  53.159 0.2000000030
100938  -41.089  41.235  52.666 0.2000000030
100952  -41.124  41.548  52.259 0.2000000030
100951  -40.791  41.759  51.581 0.2000000030
100390  -40.139  40.833  51.386 0.2000000030
100394  -38.232  40.841  50.380 0.3000000119
100397  -37.535  40.313  49.907 0.3000000119
99861  -36.860  40.291  49.300 0.3000000119
100431  -36.993  40.832  44.926 0.3000000119
97030  -40.908  34.451  51.853 0.3000000119
115955  -41.047  33.633  51.352 0.3000000119
114365  -39.827  36.022  52.662 0.3000000119
96470  -41.705  33.862  51.968 0.3000000119
96471  -42.420  33.265  52.089 0.4000000060
101424  -41.289  42.686  51.764 0.2000000030
101431  -41.227  42.306  51.763 0.2000000030
101441  -41.084  42.634  51.203 0.2000000030
101440  -40.177  42.270  50.859 0.2000000030
100960  -39.912  41.463  51.079 0.2000000030
101439  -39.099  42.366  50.576 0.2000000030
100959  -39.195  41.588  50.716 0.2000000030
100958  -38.445  41.803  50.503 0.2000000030
100964  -37.659  41.671  50.252 0.2000000030
120840  -37.366  40.918  49.960 0.3000000119
100967  -35.576  41.276  48.540 0.3000000119
100968  -36.159  40.884  48.985 0.3000000119
100975  -35.113  41.093  47.211 0.3000000119
100407  -35.660  40.630  46.871 0.3000000119
100979  -36.021  41.220  45.128 0.3000000119
100983  -36.522  41.402  44.335 0.3000000119
131008  -36.297  40.296  48.597 0.3000000119
100988  -36.918  41.529  43.602 0.3000000119
133603  -37.498  41.413  43.186 0.3000000119
100989  -38.188  41.063  43.190 0.4000000060
114432  -37.243  41.068  44.316 0.4000000060
97547  -39.058  36.274  52.164 0.3000000119
97564  -39.378  35.550  51.789 0.3000000119
97565  -40.233  35.238  52.103 0.3000000119
95887  -41.620  32.971  51.298 0.2000000030
133705  -42.226  32.725  51.531 0.4000000060
131545  -40.683  43.456  52.254 0.2000000030
101887  -41.451  43.299  51.298 0.2000000030
120521  -41.253  43.194  51.806 0.2000000030
101899  -41.412  43.245  50.979 0.2000000030
101898  -40.813  43.089  50.733 0.2000000030
131351  -38.882  43.019  50.455 0.2000000030
101905  -37.381  43.155  50.207 0.2000000030
101438  -38.111  42.537  50.392 0.2000000030
101445  -37.228  42.300  50.098 0.2000000030
100966  -35.012  41.594  48.185 0.2000000030
100970  -34.656  41.577  47.605 0.2000000030
101451  -34.002  42.150  47.395 0.2000000030
100963  -36.813  41.472  49.652 0.3000000119
100962  -36.021  41.731  49.186 0.3000000119
101453  -33.919  42.258  46.689 0.2000000030
111677  -34.577  41.929  46.018 0.3000000119
100982  -35.149  41.926  45.085 0.3000000119
101457  -35.081  42.677  44.503 0.2000000030
100400  -35.806  40.637  48.258 0.3000000119
100971  -35.271  41.088  47.861 0.3000000119
115236  -35.131  41.215  46.497 0.3000000119
100978  -35.340  41.408  45.757 0.3000000119
101458  -35.732  42.061  44.329 0.3000000119
101462  -37.047  41.965  42.795 0.3000000119
100418  -35.860  40.886  46.085 0.3000000119
95900  -41.026  32.104  50.679 0.2000000030
102345  -41.243  44.349  50.773 0.2000000030
102333  -41.518  44.560  51.037 0.2000000030
101886  -41.544  43.808  51.232 0.2000000030
122783  -41.239  43.672  50.738 0.2000000030
101897  -40.514  43.776  50.536 0.2000000030
121181  -39.233  43.777  50.429 0.2000000030
123957  -36.604  43.320  49.906 0.2000000030
101444  -36.535  42.496  49.692 0.3000000119
101447  -34.507  42.300  48.204 0.2000000030
134767  -33.691  42.769  46.633 0.2000000030
116801  -35.889  43.077  49.513 0.2000000030
101443  -35.785  42.407  49.255 0.2000000030
101452  -33.941  42.820  46.042 0.2000000030
101455  -34.521  42.675  45.220 0.2000000030
101460  -35.839  42.747  43.662 0.3000000119
100987  -36.245  41.974  43.792 0.3000000119
102344  -40.193  44.733  50.504 0.2000000030
102885  -40.340  45.627  50.595 0.2000000030
123460  -38.977  46.000  50.467 0.2000000030
102884  -39.478  45.447  50.462 0.2000000030
127805  -38.899  44.604  50.389 0.2000000030
101908  -34.374  43.447  48.511 0.2000000030
101912  -33.814  42.942  47.795 0.2000000030
101450  -33.580  42.775  47.103 0.2000000030
101914  -33.565  43.378  46.619 0.2000000030
102368  -34.602  44.153  45.084 0.2000000030
102369  -35.307  44.387  44.625 0.2000000030
101903  -35.203  43.668  49.253 0.2000000030
101917  -34.249  43.515  45.418 0.2000000030
101919  -34.736  43.471  44.718 0.2000000030
101923  -35.903  43.593  43.625 0.2000000030
101924  -36.326  43.295  43.157 0.2000000030
101463  -36.818  42.858  42.592 0.3000000119
118901  -38.441  45.283  50.397 0.2000000030
102365  -34.895  44.878  45.307 0.2000000030
101902  -34.586  44.351  49.019 0.2000000030
125026  -33.967  44.332  48.389 0.2000000030
102359  -33.448  44.206  46.893 0.2000000030
102363  -33.672  44.093  46.272 0.2000000030
102364  -34.127  44.349  45.668 0.2000000030
102370  -36.177  44.810  44.363 0.2000000030
102374  -35.773  44.130  43.977 0.2000000030
103452  -35.419  46.360  45.555 0.2000000030
128162  -35.869  45.513  45.121 0.2000000030
102895  -33.651  45.953  48.244 0.2000000030
102901  -33.550  45.401  47.615 0.2000000030
103442  -34.048  46.431  46.447 0.2000000030
102907  -34.194  45.713  46.023 0.2000000030
102911  -34.919  45.667  45.565 0.2000000030
123229  -33.762  45.108  48.309 0.2000000030
102906  -33.704  45.648  46.747 0.2000000030
102360  -33.774  44.887  46.287 0.2000000030
103976  -33.981  47.290  46.820 0.2000000030
103424  -33.652  46.728  48.186 0.2000000030
103441  -33.638  46.435  47.364 0.2000000030
103451  -34.649  46.391  45.881 0.2000000030
103985  -34.979  47.156  45.807 0.2000000030
94102  -34.572  29.487  42.735 0.1000000015
95888  -42.743  32.512  51.794 0.4000000060
95266  -42.088  32.111  51.144 0.3000000119
91832  -34.546  25.480  41.607 0.1000000015
92408  -44.054  26.740  38.355 0.1000000015
91824  -33.831  25.305  42.012 0.1000000015
134976  -34.309  28.043  42.322 0.1000000015
131151  -39.947  38.994  54.004 0.2000000030
99818  -40.795  39.242  54.547 0.2000000030
98061  -39.847  37.074  53.628 0.3000000119
98664  -39.315  37.290  53.057 0.3000000119
97012  -40.989  35.117  52.729 0.3000000119
123706  -39.817  43.032  50.524 0.2000000030
100974  -34.461  41.614  46.901 0.3000000119
101909  -35.142  42.816  48.936 0.2000000030
128279  -33.734  43.724  47.987 0.2000000030
120558  -34.367  45.119  45.725 0.2000000030
102356  -33.572  44.439  47.698 0.2000000030
124310  -33.512  44.916  47.062 0.2000000030
91752  -33.751  25.229  50.795 0.1000000015
91753  -34.538  25.298  50.861 0.1000000015
123443  -35.229  25.502  50.849 0.1000000015
95320  -30.844  30.890  44.687 0.1000000015
95321  -31.621  31.375  44.581 0.1000000015
117170  -32.496  31.433  44.281 0.1000000015
94688  -31.432  30.492  44.392 0.1000000015
95322  -33.238  31.370  43.871 0.1000000015
95323  -33.956  32.082  43.777 0.1000000015
95953  -32.221  32.248  44.654 0.1000000015
113922  -33.104  32.146  44.236 0.1000000015
134518  -30.914  31.572  44.885 0.1000000015
95954  -33.626  32.696  44.427 0.1000000015
95955  -34.306  32.583  44.346 0.1000000015
97041  -38.874  34.001  50.651 0.2000000030
128009  -39.574  34.318  50.967 0.2000000030
95314  -31.345  32.137  44.929 0.1000000015
120718  -30.510  32.124  45.235 0.1000000015
133267  -31.713  32.688  45.071 0.1000000015
95944  -32.915  32.829  44.667 0.1000000015
95945  -33.389  33.313  44.970 0.1000000015
96530  -34.020  33.179  44.873 0.1000000015
95942  -31.059  32.756  45.253 0.1000000015
95943  -31.565  33.279  45.311 0.1000000015
126127  -32.787  33.404  45.097 0.1000000015
95946  -34.688  33.020  45.198 0.1000000015
118025  -30.824  33.404  45.414 0.1000000015
96521  -32.208  33.848  45.356 0.1000000015
96523  -33.912  33.863  45.390 0.1000000015
115921  -34.749  33.817  45.676 0.1000000015
123770  -35.328  33.329  45.702 0.1000000015
96525  -36.031  33.155  45.974 0.3000000119
96505  -36.626  33.743  46.310 0.3000000119
97064  -37.357  34.283  46.353 0.3000000119
97029  -38.883  34.844  51.120 0.2000000030
135103  -39.659  34.921  51.440 0.2000000030
126420  -40.150  34.567  51.426 0.2000000030
97563  -38.514  35.668  51.547 0.2000000030
96517  -28.963  33.703  45.642 0.1000000015
96519  -30.469  34.055  45.484 0.1000000015
96520  -31.300  33.979  45.439 0.1000000015
97080  -32.687  34.650  45.423 0.1000000015
97081  -33.539  34.640  45.512 0.1000000015
97082  -34.353  34.568  45.658 0.1000000015
127477  -35.049  34.507  45.834 0.2000000030
96524  -35.674  34.027  46.074 0.2000000030
97083  -35.590  34.925  45.894 0.2000000030
97581  -37.205  35.034  50.990 0.1000000015
114120  -37.648  35.755  51.346 0.1000000015
97028  -38.003  35.013  51.066 0.1000000015
98083  -38.255  36.420  51.807 0.1000000015
124776  -28.169  33.783  45.709 0.1000000015
97076  -28.841  34.505  45.508 0.1000000015
124183  -29.654  33.958  45.541 0.1000000015
96516  -27.214  33.837  45.715 0.1000000015
97078  -30.927  34.715  45.459 0.1000000015
97617  -32.310  35.417  45.400 0.1000000015
97619  -34.053  35.366  45.580 0.2000000030
98132  -34.708  36.071  45.465 0.2000000030
97620  -34.853  35.186  45.719 0.2000000030
126212  -36.588  36.223  45.190 0.2000000030
119378  -36.113  35.544  45.687 0.2000000030
97580  -36.574  34.950  50.845 0.2000000030
98067  -38.828  36.921  52.385 0.2000000030
98068  -39.509  36.700  52.938 0.2000000030
97614  -29.192  35.303  45.230 0.1000000015
97615  -29.911  35.460  45.169 0.1000000015
125822  -30.598  35.410  45.312 0.1000000015
98147  -28.991  36.381  44.414 0.2000000030
97638  -30.272  35.965  44.916 0.2000000030
98128  -31.070  36.089  45.141 0.2000000030
97616  -31.441  35.417  45.381 0.1000000015
98130  -32.804  36.168  45.276 0.1000000015
98131  -33.709  36.157  45.356 0.1000000015
98148  -30.653  36.643  44.637 0.2000000030
98149  -31.514  36.750  44.769 0.2000000030
98150  -32.397  36.822  44.857 0.2000000030
98151  -33.296  36.835  44.941 0.2000000030
98153  -35.114  36.799  45.042 0.2000000030
98133  -35.639  36.210  45.364 0.2000000030
134773  -36.663  36.762  44.550 0.2000000030
118875  -37.263  37.316  51.697 0.1000000015
98066  -38.091  37.108  51.977 0.1000000015
98663  -38.683  37.524  52.542 0.1000000015
99255  -39.226  37.885  53.197 0.1000000015
98717  -31.044  37.299  44.221 0.2000000030
98718  -31.956  37.335  44.249 0.2000000030
98719  -32.889  37.386  44.219 0.2000000030
98720  -33.809  37.261  44.293 0.2000000030
98152  -34.222  36.833  45.045 0.2000000030
98721  -34.698  37.183  44.313 0.2000000030
130197  -35.465  37.110  44.369 0.2000000030
98722  -36.236  37.207  43.982 0.2000000030
98723  -37.165  37.052  44.045 0.2000000030
99263  -38.595  38.204  52.670 0.1000000015
121061  -39.244  38.609  53.313 0.1000000015
99829  -39.430  39.463  53.452 0.1000000015
98729  -31.492  37.783  43.570 0.2000000030
98730  -32.374  37.738  43.606 0.2000000030
98731  -33.467  37.659  43.612 0.2000000030
133581  -32.926  37.721  43.630 0.2000000030
98733  -35.317  37.459  43.546 0.2000000030
98752  -34.758  37.840  42.815 0.2000000030
126633  -36.096  37.491  43.174 0.2000000030
98735  -37.805  37.247  43.483 0.2000000030
98754  -36.377  37.561  42.499 0.2000000030
98734  -36.915  37.350  43.154 0.2000000030
99337  -35.948  37.781  41.920 0.2000000030
98769  -37.422  37.671  41.886 0.2000000030
98736  -38.371  37.325  42.997 0.2000000030
114846  -38.074  37.657  41.953 0.2000000030
98770  -38.688  37.621  41.629 0.2000000030
130552  -39.159  37.435  42.057 0.2000000030
118306  -40.492  37.453  41.486 0.2000000030
100949  -34.859  40.926  51.755 0.1000000015
100389  -36.349  40.379  51.831 0.1000000015
100935  -36.160  41.703  52.284 0.1000000015
132364  -34.231  42.390  53.263 0.1000000015
101848  -34.988  43.256  54.236 0.1000000015
119179  -35.019  43.537  55.093 0.1000000015
112778  -35.169  43.781  55.922 0.1000000015
101835  -35.321  44.120  56.769 0.1000000015
99262  -37.890  38.615  52.181 0.1000000015
100377  -38.036  40.584  52.494 0.1000000015
129792  -36.936  41.755  52.457 0.1000000015
121321  -36.630  42.332  52.647 0.1000000015
101861  -35.840  43.347  53.888 0.1000000015
101841  -36.174  44.167  55.250 0.1000000015
102286  -35.904  44.344  56.158 0.1000000015
102275  -35.898  44.714  57.142 0.1000000015
99842  -37.808  39.663  52.260 0.1000000015
124209  -38.760  41.242  52.718 0.1000000015
100936  -37.618  41.317  52.473 0.1000000015
100379  -39.818  40.834  53.257 0.1000000015
100363  -39.826  40.165  53.523 0.1000000015
99347  -37.099  37.923  41.308 0.2000000030
99348  -37.967  37.907  41.264 0.2000000030
98784  -39.491  37.764  40.586 0.2000000030
112454  -41.128  37.505  40.817 0.2000000030
101410  -36.197  42.916  53.096 0.1000000015
101409  -35.095  42.758  53.356 0.1000000015
119428  -37.608  42.246  52.630 0.1000000015
101862  -36.714  43.496  53.590 0.1000000015
101850  -36.405  43.861  54.411 0.1000000015
102296  -36.803  44.461  54.902 0.1000000015
102287  -36.615  44.734  55.804 0.1000000015
127565  -38.177  41.757  52.590 0.1000000015
101421  -37.137  42.987  52.922 0.1000000015
100937  -39.812  41.626  52.855 0.1000000015
99369  -36.750  38.481  40.210 0.1000000015
99370  -37.555  38.500  39.882 0.1000000015
129650  -36.753  38.207  40.856 0.1000000015
99359  -37.386  38.179  40.652 0.1000000015
99361  -39.012  38.046  40.144 0.1000000015
98783  -38.820  37.813  40.887 0.1000000015
98771  -39.534  37.564  41.344 0.2000000030
122929  -40.209  37.627  40.693 0.2000000030
101875  -39.095  43.607  52.780 0.1000000015
131919  -39.061  42.932  52.660 0.1000000015
101874  -38.164  43.115  52.787 0.1000000015
122205  -40.705  41.934  52.561 0.1000000015
120453  -39.806  42.438  52.640 0.1000000015
99944  -35.907  38.956  39.916 0.1000000015
99371  -38.411  38.446  39.634 0.1000000015
99362  -39.884  37.919  39.918 0.1000000015
98785  -40.755  37.697  40.079 0.1000000015
112681  -42.029  37.485  40.658 0.2000000030
101876  -40.238  44.083  52.463 0.1000000015
119085  -39.874  43.214  52.578 0.1000000015
102322  -40.190  44.977  52.481 0.1000000015
131249  -41.132  42.503  52.166 0.1000000015
102323  -40.996  44.828  51.722 0.1000000015
102861  -41.164  45.458  51.102 0.1000000015
103393  -40.839  46.130  51.222 0.1000000015
103934  -40.041  47.251  51.954 0.1000000015
103414  -40.465  46.563  50.828 0.1000000015
103948  -39.935  47.249  50.790 0.1000000015
103942  -39.930  47.703  51.349 0.1000000015
104436  -39.411  48.401  51.700 0.1000000015
130946  -39.178  48.681  52.344 0.1000000015
103413  -38.938  46.868  50.586 0.1000000015
103947  -38.302  47.622  50.907 0.1000000015
130321  -39.207  47.661  50.870 0.1000000015
129122  -41.450  37.595  40.183 0.1000000015
98786  -42.095  37.641  39.835 0.1000000015
104403  -37.553  48.881  54.541 0.1000000015
130617  -37.701  49.530  53.789 0.1000000015
105401  -38.150  50.696  53.081 0.1000000015
105417  -38.280  50.861  52.518 0.1000000015
104927  -38.492  50.013  52.482 0.1000000015
104416  -38.659  49.219  52.833 0.1000000015
120857  -41.178  44.006  51.725 0.1000000015
102873  -41.038  45.334  50.821 0.1000000015
105434  -38.375  50.578  52.025 0.1000000015
104447  -38.810  48.252  51.205 0.1000000015
104434  -38.380  49.094  51.502 0.1000000015
121891  -38.043  45.988  50.505 0.1000000015
103412  -37.612  46.786  50.700 0.1000000015
103946  -37.040  47.610  50.954 0.1000000015
121694  -35.639  48.621  50.608 0.1000000015
102343  -37.982  44.565  50.321 0.1000000015
102883  -37.328  45.098  50.323 0.1000000015
103411  -36.401  46.752  50.665 0.1000000015
132507  -35.798  47.641  50.677 0.1000000015
104444  -35.105  48.799  50.128 0.1000000015
127815  -40.578  37.968  39.337 0.1000000015
98796  -41.342  37.752  39.538 0.1000000015
113928  -37.019  50.582  53.635 0.1000000015
118210  -35.074  51.985  53.697 0.1000000015
105836  -35.684  52.708  53.702 0.1000000015
125214  -36.490  52.306  53.445 0.1000000015
105400  -37.618  51.307  53.326 0.1000000015
105837  -37.202  52.283  53.270 0.1000000015
105838  -37.699  52.096  52.969 0.1000000015
105839  -38.042  51.485  52.805 0.1000000015
105416  -38.246  51.428  52.236 0.1000000015
104942  -38.629  49.604  51.878 0.1000000015
106208  -37.402  52.952  52.889 0.1000000015
105851  -37.937  52.322  52.440 0.1000000015
119631  -38.138  51.969  51.900 0.1000000015
105433  -38.018  51.175  51.758 0.1000000015
104941  -38.089  50.139  51.680 0.1000000015
104952  -35.614  49.584  50.309 0.1000000015
104965  -35.446  50.213  49.467 0.1000000015
104953  -36.507  50.242  50.783 0.1000000015
104978  -35.386  50.616  48.481 0.1000000015
115861  -36.942  45.960  50.508 0.1000000015
102882  -35.917  45.977  50.368 0.1000000015
104459  -35.066  49.279  49.746 0.1000000015
104977  -34.856  49.503  49.059 0.1000000015
102349  -36.309  44.632  50.089 0.1000000015
102890  -35.589  45.273  49.936 0.1000000015
103419  -35.077  46.033  49.918 0.1000000015
103410  -34.733  46.824  49.844 0.1000000015
104443  -35.039  48.079  50.219 0.1000000015
104991  -34.847  49.678  48.137 0.1000000015
104992  -35.446  50.852  47.480 0.1000000015
102353  -34.176  44.932  48.830 0.1000000015
99382  -39.445  38.523  38.597 0.1000000015
99373  -39.909  38.220  39.168 0.1000000015
99383  -40.353  38.325  38.473 0.1000000015
99374  -41.223  37.981  38.753 0.1000000015
98817  -42.854  37.665  37.491 0.1000000015
113767  -36.477  53.261  53.363 0.1000000015
106216  -36.804  53.816  52.770 0.1000000015
106217  -37.607  53.279  52.254 0.1000000015
105865  -37.957  52.635  51.880 0.1000000015
105446  -37.631  51.998  51.322 0.1000000015
105445  -36.833  51.463  50.607 0.1000000015
105444  -36.054  50.867  50.013 0.1000000015
105458  -35.716  51.521  48.982 0.1000000015
102896  -34.045  45.642  48.880 0.1000000015
130564  -33.899  46.470  48.809 0.1000000015
103961  -33.868  47.261  48.635 0.1000000015
104471  -34.399  48.679  48.695 0.1000000015
105003  -35.480  50.413  46.605 0.1000000015
103970  -34.352  48.636  47.708 0.1000000015
105002  -35.001  49.718  47.339 0.1000000015
99394  -38.839  38.859  37.922 0.1000000015
99395  -39.664  38.662  37.748 0.1000000015
99396  -40.498  38.463  37.534 0.1000000015
99411  -40.688  38.450  36.692 0.1000000015
99397  -41.324  38.217  37.331 0.1000000015
99384  -41.086  38.218  38.041 0.1000000015
99412  -41.482  38.114  36.514 0.1000000015
98816  -42.112  37.842  37.069 0.1000000015
98808  -41.936  37.930  38.029 0.1000000015
100515  -44.999  40.466  38.065 0.3000000119
98825  -42.271  37.580  36.168 0.1000000015
126303  -42.807  37.522  36.752 0.1000000015
100527  -44.721  40.075  36.531 0.3000000119
100522  -44.920  40.338  37.257 0.3000000119
100532  -44.512  39.810  35.840 0.3000000119
99983  -45.229  39.699  36.253 0.3000000119
100528  -45.543  40.022  36.939 0.3000000119
99976  -46.343  39.766  37.244 0.3000000119
99989  -45.058  39.372  35.428 0.3000000119
134460  -45.662  39.375  36.027 0.3000000119
99425  -45.908  38.947  35.490 0.3000000119
99990  -46.329  39.081  36.228 0.3000000119
99426  -46.834  38.174  35.709 0.3000000119
97686  -46.899  35.024  35.157 0.2000000030
97694  -47.532  35.046  35.138 0.2000000030
125878  -47.961  35.298  35.565 0.3000000119
126120  -35.446  53.755  54.003 0.1000000015
106207  -35.966  54.001  53.462 0.1000000015
106228  -37.146  53.823  51.912 0.1000000015
105875  -37.470  53.079  51.461 0.1000000015
105874  -36.926  52.555  50.635 0.1000000015
105459  -36.334  52.059  49.806 0.1000000015
105476  -35.311  51.614  47.344 0.1000000015
105480  -35.382  51.426  46.717 0.1000000015
103969  -33.817  47.512  47.703 0.1000000015
117776  -34.157  48.078  47.030 0.1000000015
104491  -34.772  48.954  46.854 0.1000000015
131414  -35.664  51.259  46.072 0.1000000015
115864  -37.726  41.647  42.545 0.2000000030
101936  -39.880  43.618  40.647 0.1000000015
111794  -38.988  38.889  37.047 0.1000000015
99410  -39.816  38.658  36.839 0.1000000015
129846  -40.590  42.749  39.903 0.1000000015
101008  -41.227  41.674  39.589 0.2000000030
101009  -41.911  41.311  39.127 0.2000000030
101010  -42.634  40.861  39.148 0.4000000060
101477  -41.030  42.473  39.338 0.1000000015
101478  -41.444  41.948  38.813 0.1000000015
101481  -41.402  42.121  37.942 0.1000000015
101013  -41.877  41.539  38.311 0.2000000030
101014  -42.565  41.064  38.528 0.4000000060
125696  -43.979  40.573  39.156 0.4000000060
100514  -44.135  40.561  38.450 0.4000000060
101017  -41.812  41.568  37.657 0.1000000015
101022  -42.208  41.197  37.163 0.2000000030
101018  -42.483  41.190  37.849 0.3000000119
100520  -43.302  40.782  38.096 0.4000000060
130758  -40.887  38.374  36.029 0.1000000015
99424  -41.431  37.977  35.717 0.1000000015
100525  -43.132  40.739  37.362 0.3000000119
100521  -44.089  40.520  37.643 0.4000000060
116060  -42.775  40.718  36.592 0.2000000030
100526  -43.888  40.402  36.775 0.3000000119
111562  -43.296  40.395  35.994 0.3000000119
111574  -44.061  40.157  36.126 0.3000000119
99988  -44.176  39.641  35.032 0.3000000119
97685  -45.947  34.911  34.703 0.2000000030
126877  -46.187  38.229  34.801 0.3000000119
97702  -47.105  35.220  34.134 0.2000000030
98854  -47.353  36.487  34.646 0.3000000119
98841  -47.549  36.967  35.467 0.3000000119
98254  -47.811  36.195  35.145 0.3000000119
114112  -35.503  51.436  46.003 0.1000000015
103977  -34.610  47.967  46.365 0.1000000015
104492  -35.325  49.167  46.114 0.1000000015
105011  -35.822  50.514  45.782 0.1000000015
105483  -35.900  51.332  45.421 0.1000000015
120518  -34.444  47.032  46.257 0.1000000015
103978  -35.324  48.111  45.683 0.1000000015
104504  -35.831  49.302  45.419 0.1000000015
105012  -36.291  50.603  45.163 0.1000000015
105484  -36.336  51.154  44.684 0.1000000015
102376  -37.290  44.642  43.325 0.1000000015
101925  -36.911  43.803  42.799 0.1000000015
102380  -37.691  44.241  42.604 0.1000000015
101928  -37.446  43.382  42.243 0.1000000015
101464  -37.469  42.450  42.235 0.2000000030
100997  -38.785  41.552  41.587 0.2000000030
100998  -39.614  40.992  41.355 0.3000000119
102399  -40.679  44.315  40.716 0.1000000015
101474  -40.618  42.039  40.043 0.2000000030
101003  -40.057  41.566  40.603 0.2000000030
101937  -40.489  43.430  40.149 0.1000000015
101473  -39.969  42.630  40.392 0.2000000030
101005  -41.544  41.100  39.807 0.2000000030
101939  -40.884  43.264  39.547 0.1000000015
101480  -41.240  42.537  38.586 0.1000000015
101943  -41.145  43.140  38.858 0.1000000015
101483  -41.115  43.030  37.970 0.1000000015
98838  -42.008  37.456  35.255 0.1000000015
101021  -41.431  41.844  37.016 0.1000000015
101026  -41.829  41.212  36.387 0.2000000030
100530  -42.305  40.710  35.778 0.3000000119
100531  -43.736  40.067  35.488 0.3000000119
98853  -43.415  36.540  35.061 0.1000000015
123455  -42.848  40.382  35.184 0.3000000119
100536  -43.333  39.996  34.655 0.3000000119
111294  -44.890  35.496  35.044 0.2000000030
99433  -45.378  38.807  34.715 0.3000000119
98252  -45.056  35.324  34.320 0.2000000030
116159  -46.899  37.461  34.922 0.3000000119
97693  -46.808  34.946  34.435 0.2000000030
105900  -35.140  51.589  46.586 0.1000000015
111772  -35.555  51.333  45.419 0.1000000015
105489  -35.966  51.376  44.799 0.1000000015
104505  -36.463  49.296  44.857 0.1000000015
105019  -36.847  50.396  44.524 0.1000000015
113681  -36.451  51.180  44.197 0.1000000015
103987  -36.681  47.157  45.134 0.1000000015
116017  -36.022  48.146  45.153 0.1000000015
105490  -37.034  51.026  44.177 0.1000000015
105498  -37.129  51.086  43.684 0.1000000015
102371  -36.934  45.097  44.039 0.1000000015
118586  -37.351  45.777  44.501 0.1000000015
102377  -38.127  44.998  43.176 0.1000000015
102928  -38.983  45.269  43.065 0.1000000015
102381  -38.526  44.573  42.498 0.1000000015
101929  -38.132  43.822  41.966 0.1000000015
101467  -37.935  42.920  41.682 0.2000000030
102382  -39.368  44.856  42.391 0.1000000015
102385  -38.884  44.230  41.784 0.1000000015
101932  -38.599  43.427  41.361 0.1000000015
101468  -38.572  42.498  41.276 0.2000000030
101469  -39.271  42.038  40.887 0.2000000030
102945  -41.308  45.404  42.101 0.1000000015
102387  -40.544  44.757  41.532 0.1000000015
102398  -39.977  44.256  41.106 0.1000000015
101933  -39.291  43.884  41.141 0.1000000015
100999  -40.333  40.780  40.919 0.3000000119
102388  -41.393  44.996  41.287 0.1000000015
124834  -41.527  44.764  40.610 0.1000000015
102400  -42.261  45.318  41.024 0.1000000015
102414  -41.175  44.158  39.902 0.1000000015
102416  -42.183  45.078  40.059 0.1000000015
102415  -41.730  44.406  39.109 0.1000000015
102430  -41.768  44.314  38.187 0.1000000015
101944  -41.355  43.745  38.479 0.1000000015
128208  -41.122  42.543  37.299 0.1000000015
101947  -41.363  43.743  37.605 0.1000000015
101486  -40.913  42.548  36.550 0.1000000015
101952  -40.993  43.187  37.030 0.1000000015
101491  -40.710  42.549  35.711 0.1000000015
101487  -41.122  41.869  36.110 0.1000000015
98837  -41.182  37.865  34.898 0.1000000015
101024  -40.884  41.912  35.418 0.1000000015
101025  -41.478  41.287  35.569 0.1000000015
98851  -41.731  37.358  34.304 0.1000000015
98861  -42.446  36.874  34.057 0.1000000015
100534  -41.842  40.723  34.856 0.3000000119
98250  -43.254  36.498  34.290 0.1000000015
100535  -42.478  40.359  34.355 0.3000000119
98251  -44.126  35.963  34.648 0.2000000030
99992  -43.824  39.536  34.124 0.3000000119
99993  -44.616  39.200  34.480 0.3000000119
98262  -44.135  35.932  33.770 0.2000000030
132441  -45.755  38.295  34.133 0.3000000119
97692  -45.986  34.845  33.991 0.1000000015
97701  -46.666  35.031  33.691 0.2000000030
117365  -47.265  36.186  33.710 0.3000000119
97710  -47.015  35.459  33.168 0.1000000015
98264  -47.236  35.617  33.472 0.3000000119
98862  -47.358  36.228  32.831 0.3000000119
105488  -35.400  51.160  44.793 0.1000000015
105032  -36.233  50.793  43.363 0.1000000015
103463  -36.879  46.226  44.992 0.1000000015
125862  -37.554  46.960  44.873 0.1000000015
131377  -37.593  48.315  44.738 0.1000000015
104516  -37.209  49.237  44.583 0.1000000015
105020  -37.722  50.371  44.298 0.1000000015
103465  -38.281  46.817  44.636 0.1000000015
118356  -38.324  47.856  44.721 0.1000000015
102917  -38.123  46.071  44.356 0.1000000015
103477  -39.030  46.507  44.239 0.1000000015
118012  -38.577  45.690  43.745 0.1000000015
102929  -39.861  45.536  42.913 0.1000000015
102383  -40.246  45.152  42.233 0.1000000015
116589  -41.649  45.990  42.711 0.1000000015
102946  -42.100  45.491  41.701 0.1000000015
102431  -42.471  45.115  39.253 0.1000000015
126082  -42.296  44.799  38.637 0.1000000015
101953  -41.377  43.845  36.643 0.1000000015
101957  -40.805  43.198  36.122 0.1000000015
101030  -41.090  41.564  34.800 0.2000000030
98860  -41.871  37.043  33.470 0.1000000015
100539  -41.426  41.153  34.014 0.2000000030
133755  -41.904  40.611  34.217 0.2000000030
98261  -42.856  36.608  33.355 0.1000000015
100540  -42.043  40.560  33.683 0.2000000030
100541  -42.924  40.047  33.625 0.3000000119
117896  -43.812  36.283  32.762 0.1000000015
98263  -44.774  35.674  33.205 0.1000000015
126768  -45.184  35.325  33.717 0.1000000015
99995  -43.687  39.555  33.150 0.3000000119
99996  -44.374  39.169  33.586 0.3000000119
99436  -45.072  38.717  33.875 0.3000000119
97700  -45.829  35.240  33.259 0.1000000015
99437  -45.867  38.132  33.295 0.3000000119
125786  -46.598  35.284  33.096 0.1000000015
98273  -47.308  35.915  32.631 0.3000000119
105497  -35.617  50.911  44.060 0.1000000015
125074  -36.441  50.220  42.722 0.1000000015
104517  -38.127  49.149  44.604 0.1000000015
105021  -38.672  50.020  44.307 0.1000000015
115745  -37.618  50.975  43.953 0.1000000015
130720  -36.880  50.806  43.104 0.1000000015
103996  -39.431  48.079  44.555 0.1000000015
104518  -39.071  49.022  44.537 0.1000000015
105491  -38.275  50.706  43.990 0.1000000015
105499  -37.862  50.867  43.550 0.1000000015
105504  -37.486  50.823  43.127 0.1000000015
103478  -40.032  46.675  43.952 0.1000000015
103466  -39.744  47.307  44.369 0.1000000015
102920  -39.478  45.947  43.598 0.1000000015
103492  -41.343  46.392  43.232 0.1000000015
102931  -42.350  45.929  42.301 0.1000000015
102947  -43.056  45.883  41.624 0.1000000015
103513  -43.571  46.554  41.569 0.1000000015
102401  -43.227  45.699  40.724 0.1000000015
102948  -43.723  46.165  41.094 0.1000000015
102974  -43.292  45.598  39.773 0.1000000015
102984  -43.136  45.435  38.722 0.1000000015
102443  -42.483  44.841  37.976 0.1000000015
130033  -42.004  44.501  36.722 0.1000000015
101958  -41.220  43.730  35.637 0.1000000015
101963  -40.678  43.120  35.219 0.1000000015
101029  -40.668  42.422  34.904 0.1000000015
101496  -40.794  42.102  34.085 0.1000000015
100545  -41.584  41.152  33.129 0.2000000030
100546  -42.267  40.559  32.854 0.2000000030
100547  -43.057  40.051  32.574 0.2000000030
132343  -44.088  36.341  32.228 0.1000000015
122528  -44.288  39.245  32.837 0.3000000119
98272  -44.944  35.926  32.520 0.1000000015
97709  -46.139  35.549  32.538 0.1000000015
99440  -44.908  38.802  33.047 0.3000000119
99441  -45.547  38.555  32.417 0.3000000119
97714  -46.814  35.525  32.640 0.1000000015
98281  -47.162  35.827  32.369 0.1000000015
99438  -46.922  37.078  33.136 0.3000000119
98866  -47.472  36.509  32.150 0.2000000030
128125  -47.377  36.920  32.429 0.3000000119
117615  -35.450  50.285  43.306 0.1000000015
105045  -38.549  50.175  42.746 0.1000000015
104548  -37.001  49.526  42.469 0.1000000015
104519  -39.991  48.927  44.343 0.1000000015
105022  -39.493  49.800  44.100 0.1000000015
105492  -38.919  50.438  43.959 0.1000000015
103997  -40.350  48.119  44.341 0.1000000015
104520  -40.706  48.674  44.066 0.1000000015
103467  -40.626  47.398  44.131 0.1000000015
103480  -41.770  47.115  43.479 0.1000000015
104009  -41.918  48.017  43.491 0.1000000015
103481  -42.376  47.443  43.138 0.1000000015
103512  -43.046  46.535  42.241 0.1000000015
104040  -43.691  46.972  41.387 0.1000000015
125080  -44.113  46.146  40.332 0.1000000015
103524  -43.938  46.640  40.915 0.1000000015
123746  -44.208  45.955  39.343 0.1000000015
102985  -44.038  45.840  38.375 0.1000000015
102999  -43.255  45.426  37.762 0.1000000015
122289  -42.570  44.915  37.182 0.1000000015
102454  -42.610  44.936  36.390 0.1000000015
102453  -41.888  44.402  36.015 0.1000000015
101964  -41.171  43.688  34.707 0.1000000015
101502  -40.972  42.674  33.289 0.1000000015
101033  -41.122  41.775  33.408 0.1000000015
101045  -41.778  41.238  32.267 0.2000000030
100563  -42.516  40.651  31.960 0.2000000030
99999  -43.885  39.653  32.175 0.2000000030
100000  -44.718  39.105  32.270 0.2000000030
100001  -45.331  38.949  31.779 0.2000000030
99442  -46.640  37.741  32.322 0.3000000119
105041  -34.963  49.542  42.940 0.1000000015
105042  -35.672  49.926  42.777 0.1000000015
104547  -36.040  49.268  42.394 0.1000000015
131197  -39.231  50.048  42.843 0.1000000015
105023  -40.237  49.328  43.858 0.1000000015
105500  -38.594  50.641  43.497 0.1000000015
104551  -40.292  49.394  43.269 0.1000000015
103998  -41.164  48.120  44.025 0.1000000015
103999  -41.317  48.562  43.553 0.1000000015
119129  -40.651  48.995  42.845 0.1000000015
104552  -41.877  48.393  43.051 0.1000000015
104533  -42.484  47.906  42.857 0.1000000015
104024  -42.881  47.596  42.240 0.1000000015
126291  -42.701  47.668  41.864 0.1000000015
104039  -43.324  47.413  41.487 0.1000000015
103533  -44.497  46.631  39.226 0.1000000015
103532  -44.265  46.799  40.112 0.1000000015
104045  -43.861  47.099  40.830 0.1000000015
102975  -44.402  46.181  38.723 0.1000000015
100585  -44.448  40.107  30.797 0.2000000030
100029  -45.328  39.782  30.659 0.2000000030
133464  -43.213  40.221  31.799 0.2000000030
100009  -44.720  39.548  31.438 0.2000000030
100010  -45.833  39.179  31.173 0.2000000030
99445  -46.232  38.521  31.699 0.2000000030
99446  -47.230  38.024  31.343 0.2000000030
98868  -47.447  37.219  31.758 0.1000000015
124971  -37.976  49.426  42.460 0.1000000015
105046  -39.579  50.031  43.121 0.1000000015
104549  -38.907  49.428  42.562 0.1000000015
100586  -45.917  40.166  30.024 0.2000000030
100011  -46.959  38.810  30.928 0.2000000030
99447  -47.627  37.742  31.015 0.1000000015
98877  -47.536  37.580  30.822 0.1000000015
100587  -47.075  39.926  29.931 0.1000000015
100054  -47.846  39.709  29.728 0.1000000015
100031  -47.533  39.255  30.319 0.1000000015
99456  -47.769  38.471  30.291 0.1000000015
99455  -47.638  38.517  30.550 0.1000000015
99457  -48.074  39.126  29.589 0.1000000015
100618  -47.081  40.932  28.610 0.1000000015
101123  -47.711  41.852  27.584 0.1000000015
100055  -48.251  39.580  29.355 0.1000000015
100032  -48.042  39.112  30.013 0.1000000015
119648  -37.340  36.505  44.675 0.2000000030
100992  -38.427  41.254  42.371 0.3000000119
130749  -38.321  43.303  50.380 0.1000000015
127437  -38.141  43.910  50.326 0.1000000015
101896  -37.112  44.059  50.171 0.1000000015
101904  -36.077  43.844  49.817 0.1000000015
118078  -39.921  46.325  50.566 0.1000000015
103405  -40.865  46.094  50.936 0.1000000015
102889  -34.696  45.266  49.417 0.1000000015
102348  -35.373  44.501  49.583 0.1000000015
102915  -36.668  45.495  44.646 0.1000000015
102375  -36.427  44.234  43.552 0.1000000015
103453  -36.159  46.444  45.290 0.1000000015
103986  -35.764  47.163  45.443 0.1000000015
131122  -32.046  30.804  44.288 0.1000000015
94689  -32.607  30.666  43.966 0.1000000015
129685  -30.249  31.289  45.046 0.1000000015
96469  -40.273  33.825  51.018 0.2000000030
118996  -30.343  32.894  45.429 0.1000000015
95313  -29.698  31.779  45.403 0.1000000015
131587  -32.262  33.032  45.080 0.1000000015
134481  -34.333  33.485  45.310 0.1000000015
96522  -33.083  33.975  45.313 0.1000000015
132234  -30.172  33.493  45.487 0.1000000015
97077  -29.940  34.786  45.425 0.1000000015
97079  -31.813  34.654  45.437 0.1000000015
97618  -33.182  35.417  45.454 0.1000000015
97075  -27.754  34.574  45.481 0.1000000015
134088  -35.377  35.586  45.634 0.2000000030
97637  -29.499  35.871  44.822 0.2000000030
97613  -28.264  35.243  45.200 0.2000000030
98129  -31.925  36.147  45.219 0.1000000015
128465  -29.813  36.511  44.499 0.2000000030
98154  -35.955  36.780  44.834 0.2000000030
98662  -37.968  37.789  52.118 0.1000000015
99843  -38.633  39.094  52.744 0.1000000015
100378  -38.884  40.160  52.915 0.1000000015
98750  -32.943  38.078  43.076 0.2000000030
98732  -34.325  37.557  43.567 0.2000000030
98751  -33.871  38.019  42.953 0.2000000030
98753  -35.604  37.687  42.645 0.2000000030
98755  -37.731  37.468  42.598 0.2000000030
98768  -36.697  37.685  41.870 0.2000000030
124808  -37.018  37.514  42.380 0.2000000030
98756  -38.533  37.462  42.347 0.2000000030
100934  -35.254  41.591  52.213 0.1000000015
100933  -34.312  41.414  52.238 0.1000000015
100950  -35.789  41.019  51.917 0.1000000015
124019  -36.668  41.110  52.173 0.1000000015
100376  -37.221  40.484  52.146 0.1000000015
101420  -35.670  42.272  52.643 0.1000000015
112487  -34.260  42.762  53.906 0.1000000015
101849  -35.682  43.673  54.717 0.1000000015
101840  -35.614  43.898  55.443 0.1000000015
101834  -34.631  43.574  56.452 0.1000000015
99360  -38.200  38.174  40.426 0.1000000015
102833  -37.074  45.470  56.311 0.1000000015
101422  -38.752  42.215  52.629 0.1000000015
102860  -40.706  45.621  51.771 0.1000000015
103404  -40.503  46.857  51.117 0.1000000015
103392  -40.418  46.409  51.846 0.1000000015
103925  -39.274  47.392  52.944 0.1000000015
104417  -39.573  48.041  52.202 0.1000000015
131068  -39.445  47.969  51.215 0.1000000015
104435  -39.021  48.709  51.588 0.1000000015
104425  -39.057  49.186  52.036 0.1000000015
104916  -37.187  49.654  53.895 0.1000000015
125320  -37.682  50.302  53.556 0.1000000015
104446  -37.780  48.445  51.203 0.1000000015
104433  -37.286  49.514  51.279 0.1000000015
122038  -36.580  48.511  51.007 0.1000000015
104445  -36.253  49.271  50.871 0.1000000015
130837  -36.409  45.350  50.283 0.1000000015
126816  -35.440  46.742  50.334 0.1000000015
133938  -35.054  47.365  50.207 0.1000000015
104458  -34.652  48.532  49.568 0.1000000015
120832  -34.947  50.826  53.278 0.1000000015
105432  -37.393  50.783  51.286 0.1000000015
113981  -34.390  46.209  49.388 0.1000000015
103954  -34.584  47.610  49.726 0.1000000015
103425  -34.196  47.037  49.293 0.1000000015
103962  -34.190  47.840  49.108 0.1000000015
104470  -34.032  47.983  48.400 0.1000000015
99984  -45.932  39.593  36.597 0.3000000119
98253  -47.405  35.473  34.620 0.3000000119
106235  -36.779  53.342  51.012 0.1000000015
101465  -38.056  42.014  41.834 0.2000000030
100513  -43.301  40.717  38.815 0.4000000060
128245  -46.587  37.399  34.057 0.3000000119
101472  -39.158  43.039  40.807 0.2000000030
101940  -41.225  43.740  39.192 0.1000000015
103995  -37.419  47.598  44.858 0.1000000015
123313  -36.859  48.194  44.838 0.1000000015
102916  -37.726  45.412  43.853 0.1000000015
103464  -37.633  46.384  44.676 0.1000000015
102386  -39.698  44.525  41.695 0.1000000015
121545  -38.963  47.273  44.579 0.1000000015
103493  -42.290  46.642  42.887 0.1000000015
101044  -41.285  41.889  32.674 0.1000000015
104532  -40.792  48.991  43.578 0.1000000015
104550  -39.849  49.447  42.798 0.1000000015
104022  -41.466  48.436  42.619 0.1000000015
103523  -43.463  47.433  40.649 0.1000000015
100030  -46.479  39.519  30.532 0.2000000030
116864  -46.473  40.551  29.322 0.1000000015
122043  -38.872  33.065  50.520 0.1000000015
97039  -36.873  34.373  50.738 0.1000000015
121639  -37.886  32.860  50.516 0.1000000015
95898  -39.440  32.256  50.524 0.1000000015
96483  -39.828  33.016  50.599 0.1000000015
118120  -35.980  35.095  50.743 0.1000000015
97579  -35.621  35.719  50.775 0.1000000015
129568  -38.284  34.380  50.784 0.1000000015
95886  -40.689  33.005  50.833 0.1000000015
96482  -39.485  33.633  50.666 0.1000000015
97040  -37.602  34.349  50.761 0.1000000015
96481  -38.117  33.697  50.600 0.1000000015
89606  -39.414  21.218  44.566 0.1000000015
89607  -40.146  21.274  44.367 0.1000000015
88996  -38.953  20.729  44.745 0.1000000015
90170  -39.568  22.015  44.445 0.1000000015
118260  -40.043  22.741  44.156 0.1000000015
88435  -39.147  19.969  44.731 0.1000000015
88997  -39.701  20.562  44.521 0.1000000015
90171  -40.507  21.983  44.180 0.1000000015
88442  -39.934  19.737  44.460 0.1000000015
87115  -39.682  17.594  44.400 0.1000000015
121673  -40.106  18.878  44.389 0.1000000015
88998  -40.589  20.495  44.186 0.1000000015
90178  -40.850  22.607  43.831 0.1000000015
87116  -40.133  18.096  44.137 0.1000000015
118525  -40.639  19.535  44.058 0.1000000015
87749  -40.609  18.730  43.818 0.1000000015
88999  -41.250  20.859  43.810 0.1000000015
89614  -41.568  21.385  43.639 0.1000000015
88443  -41.280  20.138  43.662 0.1000000015
89004  -41.757  20.834  43.447 0.1000000015
87126  -40.461  17.997  43.431 0.1000000015
87758  -40.967  18.611  43.124 0.1000000015
89615  -42.123  21.382  43.259 0.1000000015
134847  -42.372  21.810  43.085 0.1000000015
133974  -42.606  22.395  42.846 0.1000000015
87769  -40.671  18.018  42.566 0.1000000015
89622  -43.327  21.681  42.414 0.1000000015
90188  -43.588  22.269  42.332 0.1000000015
90742  -43.139  23.554  42.311 0.1000000015
87770  -41.293  18.685  42.291 0.1000000015
88463  -41.885  19.172  41.765 0.1000000015
88464  -42.482  19.599  41.355 0.1000000015
88465  -43.156  20.012  41.030 0.1000000015
89020  -44.222  21.123  41.269 0.1000000015
89638  -44.829  21.755  40.889 0.1000000015
113665  -43.864  20.460  40.757 0.1000000015
87759  -41.110  19.281  43.489 0.1000000015
88449  -41.637  19.681  43.143 0.1000000015
111516  -41.855  20.308  43.221 0.1000000015
129225  -41.407  19.087  42.948 0.1000000015
89005  -42.342  20.806  42.931 0.1000000015
88450  -42.154  20.032  42.755 0.1000000015
89616  -42.654  21.484  42.787 0.1000000015
88457  -42.369  19.765  42.118 0.1000000015
89011  -43.033  21.069  42.448 0.1000000015
89623  -43.912  21.885  42.090 0.1000000015
90743  -43.897  23.001  42.099 0.1000000015
114475  -43.238  20.695  42.045 0.1000000015
89630  -43.723  21.273  41.963 0.1000000015
90189  -44.238  22.385  41.862 0.1000000015
89019  -42.923  20.189  41.740 0.1000000015
89631  -44.366  21.821  41.617 0.1000000015
90744  -44.524  22.894  41.617 0.1000000015
90180  -42.315  22.212  43.132 0.1000000015
90187  -42.992  22.747  42.576 0.1000000015
90194  -44.885  22.509  41.202 0.1000000015
88456  -41.787  19.395  42.512 0.1000000015
114893  -43.566  20.603  41.502 0.1000000015
89028  -44.516  21.026  40.445 0.1000000015
89646  -45.154  21.640  40.043 0.1000000015
89010  -42.687  20.432  42.356 0.1000000015
99336  -35.121  37.965  41.994 0.1000000015
99346  -36.377  38.046  41.349 0.1000000015
127855  -30.147  37.207  44.158 0.1000000015
99326  -31.990  38.189  42.932 0.1000000015
101068  -41.485  41.986  31.841 0.1000000015
101069  -42.119  41.435  31.318 0.1000000015
115352  -43.744  40.695  30.487 0.1000000015
100584  -42.986  40.759  31.115 0.1000000015
101541  -41.783  42.308  31.123 0.1000000015
101085  -42.699  41.454  30.603 0.1000000015
100602  -44.102  41.226  29.586 0.1000000015
118978  -44.767  40.442  30.136 0.1000000015
100603  -45.277  40.815  29.377 0.1000000015
101557  -42.255  42.825  30.522 0.1000000015
101568  -42.856  43.324  29.966 0.1000000015
101558  -42.757  42.212  30.048 0.1000000015
101569  -43.281  42.815  29.401 0.1000000015
101570  -43.898  42.206  28.996 0.1000000015
101576  -43.871  43.303  28.796 0.1000000015
130916  -43.147  41.053  30.568 0.1000000015
100564  -43.809  40.166  31.297 0.1000000015
101086  -43.256  41.388  30.110 0.1000000015
101100  -43.385  41.933  29.577 0.1000000015
90181  -42.834  22.066  42.725 0.1000000015
91834  -36.124  25.720  41.026 0.1000000015
92300  -48.124  26.903  51.250 0.8999999762
92319  -47.230  25.865  49.138 0.8999999762
92874  -47.680  27.307  52.056 0.8999999762
92875  -48.088  27.361  51.882 0.8999999762
92898  -48.448  27.367  47.275 0.8999999762
93461  -48.160  27.868  52.061 0.8999999762
94717  -43.457  30.815  42.399 0.8000000119
95903  -46.970  32.246  50.912 1.0000000000
100401  -36.129  40.084  48.004 0.3000000119
101423  -40.636  42.775  52.378 0.2000000030
101448  -35.325  41.992  48.740 0.2000000030
101461  -36.467  42.340  43.214 0.3000000119
101911  -33.530  43.549  47.380 0.2000000030
101916  -33.824  43.623  45.968 0.2000000030
101920  -35.379  43.399  44.106 0.2000000030
102334  -41.617  43.870  50.951 0.2000000030
102442  -41.841  44.369  37.381 0.1000000015
102921  -40.409  46.178  43.411 0.1000000015
102930  -40.800  45.749  42.794 0.1000000015
103415  -40.623  46.033  50.743 0.1000000015
103479  -40.942  46.829  43.753 0.1000000015
103494  -42.834  47.249  42.609 0.1000000015
103495  -43.353  47.080  41.992 0.1000000015
104008  -41.329  47.499  43.840 0.1000000015
105033  -39.774  49.818  43.559 0.1000000015
105043  -37.087  50.437  42.778 0.1000000015
105044  -37.725  50.288  42.726 0.1000000015
105493  -39.249  50.290  43.528 0.1000000015
105505  -38.230  50.693  43.059 0.1000000015
105506  -38.968  50.458  43.066 0.1000000015
106544  -35.999  54.237  53.133 0.1000000015
111496  -46.365  25.791  48.681 0.8999999762
116833  -42.227  41.999  30.654 0.1000000015
117050  -39.124  40.589  45.072 0.5000000000
122398  -41.107  48.841  43.173 0.1000000015
131821  -35.466  42.704  44.100 0.3000000119
133710  -41.343  42.856  51.386 0.2000000030
134490  -44.380  46.360  39.790 0.1000000015
