#!ascii label  , from subject sub-v1s8x0051338_ses-1 vox2ras=TkReg
1658
53607  -36.512  -26.932  80.031 0.0000000000
70610  -47.371  -9.737  64.150 0.0000000000
61208  -37.504  -19.158  68.321 0.0000000000
52538  -7.055  -29.422  82.873 0.0000000000
44461  -23.799  -35.166  82.968 0.0000000000
56483  -10.594  -24.418  83.262 0.0000000000
57392  -12.130  -23.485  91.682 0.0000000000
68933  -41.583  -11.457  67.550 0.0000000000
55583  -9.785  -25.022  74.195 0.0000000000
51344  -7.807  -29.749  91.569 0.0000000000
52668  -34.909  -27.149  73.601 0.0000000000
53604  -29.391  -26.770  81.508 0.0000000000
50428  -27.815  -30.067  84.483 0.0000000000
72414  -48.280  -7.106  62.248 0.0000000000
65227  -39.038  -15.502  67.865 0.0000000000
46512  -20.487  -33.333  80.255 0.0000000000
56523  -5.400  -24.210  78.687 0.0000000000
52527  -12.442  -28.304  83.358 0.0000000000
51454  -12.822  -29.209  79.138 0.0000000000
51463  -7.782  -31.435  79.204 0.0000000000
47482  -14.730  -31.620  90.259 0.0000000000
50375  -13.280  -29.972  93.190 0.0000000000
122200  -35.949  -20.526  70.782 0.0000000000
117183  -26.843  -31.798  87.348 0.0000000000
42614  -25.753  -37.238  80.584 0.0000000000
57415  -11.172  -23.486  87.420 0.0000000000
52471  -12.428  -27.985  87.399 0.0000000000
68064  -46.004  -12.328  66.244 0.0000000000
46425  -15.174  -33.076  86.695 0.0000000000
45425  -17.784  -33.740  83.037 0.0000000000
56529  -10.166  -24.523  79.563 0.0000000000
52626  -13.178  -28.518  75.181 0.0000000000
58291  -14.649  -22.890  93.653 0.0000000000
53519  -11.779  -28.215  91.651 0.0000000000
52465  -6.404  -28.871  87.542 0.0000000000
55541  -37.165  -26.470  79.253 0.0000000000
51462  -35.040  -28.140  78.775 0.0000000000
52620  -35.928  -27.493  76.724 0.0000000000
51430  -33.724  -27.879  81.431 0.0000000000
52589  -31.482  -27.418  79.350 0.0000000000
52535  -32.413  -27.719  83.953 0.0000000000
124723  -47.989  -8.299  63.731 0.0000000000
68979  -45.572  -11.485  62.902 0.0000000000
69794  -46.067  -10.059  62.173 0.0000000000
71509  -46.682  -8.157  60.855 0.0000000000
128576  -38.606  -17.040  67.667 0.0000000000
60226  -34.995  -20.141  68.226 0.0000000000
61222  -36.221  -18.936  67.450 0.0000000000
122455  -36.858  -17.293  66.570 0.0000000000
52525  -9.760  -28.613  83.161 0.0000000000
127417  -10.195  -28.921  81.581 0.0000000000
51419  -7.162  -30.353  81.536 0.0000000000
50450  -5.811  -31.961  78.799 0.0000000000
51432  -5.505  -31.148  81.299 0.0000000000
113851  -13.714  -33.497  88.552 0.0000000000
46365  -12.633  -32.809  91.118 0.0000000000
59285  -35.462  -21.331  72.640 0.0000000000
56588  -34.655  -25.065  74.202 0.0000000000
130129  -33.794  -25.855  71.980 0.0000000000
57571  -34.034  -23.139  73.298 0.0000000000
58437  -33.337  -21.555  71.332 0.0000000000
52462  -28.997  -27.445  87.609 0.0000000000
48565  -27.543  -33.019  81.294 0.0000000000
45444  -27.519  -35.026  82.580 0.0000000000
73295  -48.975  -6.629  58.718 0.0000000000
72446  -51.462  -7.575  57.998 0.0000000000
57402  -11.654  -23.681  89.168 0.0000000000
56438  -13.278  -24.866  87.482 0.0000000000
131284  -13.428  -25.378  89.700 0.0000000000
68950  -44.392  -11.622  66.993 0.0000000000
67140  -38.906  -12.880  65.229 0.0000000000
68074  -40.118  -11.881  64.594 0.0000000000
123491  -43.012  -12.947  64.033 0.0000000000
49513  -16.387  -31.366  87.460 0.0000000000
130170  -16.725  -32.102  85.873 0.0000000000
115152  -7.332  -23.543  84.144 0.0000000000
56503  -7.483  -24.321  81.539 0.0000000000
56506  -10.356  -24.563  81.511 0.0000000000
50468  -10.926  -30.589  77.017 0.0000000000
52613  -12.914  -29.003  77.032 0.0000000000
50502  -11.029  -30.565  75.360 0.0000000000
56418  -16.321  -24.729  92.088 0.0000000000
50379  -9.963  -30.195  93.502 0.0000000000
130268  -12.193  -28.414  92.870 0.0000000000
53509  -9.299  -28.928  91.844 0.0000000000
53536  -9.373  -29.075  90.153 0.0000000000
52433  -7.334  -29.174  90.025 0.0000000000
55587  -35.708  -25.867  75.042 0.0000000000
52477  -30.161  -27.147  86.800 0.0000000000
110047  -31.324  -26.923  85.270 0.0000000000
51403  -28.684  -27.897  83.468 0.0000000000
73264  -50.234  -5.649  61.459 0.0000000000
72432  -47.274  -6.816  59.487 0.0000000000
67123  -40.054  -13.223  68.066 0.0000000000
113313  -37.817  -15.370  66.209 0.0000000000
45457  -23.293  -35.014  80.493 0.0000000000
45456  -22.232  -34.593  81.707 0.0000000000
111190  -7.481  -25.218  77.073 0.0000000000
55491  -13.368  -25.945  83.660 0.0000000000
55504  -12.683  -25.459  81.511 0.0000000000
52562  -13.171  -28.193  81.619 0.0000000000
51452  -10.808  -29.961  79.330 0.0000000000
50484  -8.007  -31.795  76.817 0.0000000000
51353  -16.234  -28.769  90.925 0.0000000000
52425  -16.184  -27.662  92.219 0.0000000000
49490  -14.395  -31.505  92.134 0.0000000000
48497  -11.185  -31.693  92.296 0.0000000000
60228  -36.073  -19.937  68.965 0.0000000000
117289  -34.410  -20.362  69.590 0.0000000000
44435  -25.483  -35.296  84.712 0.0000000000
49521  -27.704  -31.102  86.117 0.0000000000
43514  -26.918  -36.179  83.208 0.0000000000
42597  -25.581  -36.974  81.638 0.0000000000
126769  -7.606  -23.270  86.223 0.0000000000
124668  -7.908  -23.074  87.630 0.0000000000
57444  -10.319  -23.685  85.483 0.0000000000
56462  -13.299  -25.232  85.868 0.0000000000
53573  -12.777  -27.950  85.563 0.0000000000
125892  -9.946  -28.650  85.099 0.0000000000
68961  -46.586  -11.609  65.358 0.0000000000
130881  -44.367  -12.694  64.073 0.0000000000
50397  -16.172  -30.523  89.291 0.0000000000
46394  -14.603  -32.295  88.564 0.0000000000
45379  -14.046  -34.048  86.523 0.0000000000
130736  -20.728  -34.649  83.221 0.0000000000
45412  -19.834  -34.578  83.910 0.0000000000
123471  -18.224  -33.202  84.447 0.0000000000
45409  -16.245  -33.518  84.655 0.0000000000
124850  -14.673  -33.833  84.874 0.0000000000
57492  -5.012  -23.227  81.960 0.0000000000
56526  -7.716  -24.309  79.091 0.0000000000
56547  -9.539  -24.707  76.814 0.0000000000
111643  -13.378  -25.899  79.355 0.0000000000
55557  -12.773  -25.265  76.986 0.0000000000
110963  -12.977  -25.473  75.206 0.0000000000
57384  -12.808  -22.617  94.027 0.0000000000
54524  -14.731  -26.331  94.217 0.0000000000
54525  -13.405  -26.265  93.547 0.0000000000
55448  -13.347  -25.454  91.476 0.0000000000
53537  -12.184  -27.748  89.682 0.0000000000
113747  -9.384  -28.984  87.917 0.0000000000
52493  -6.604  -29.059  85.498 0.0000000000
50391  -4.367  -30.750  90.188 0.0000000000
51366  -4.560  -30.117  87.719 0.0000000000
51404  -4.826  -30.702  83.211 0.0000000000
54589  -36.003  -25.894  79.946 0.0000000000
55510  -37.382  -26.173  80.172 0.0000000000
113457  -35.667  -27.485  79.998 0.0000000000
53625  -36.064  -27.169  79.239 0.0000000000
52574  -34.965  -27.787  81.469 0.0000000000
51446  -34.475  -28.277  80.060 0.0000000000
54581  -36.690  -26.837  81.830 0.0000000000
53597  -35.402  -27.581  82.333 0.0000000000
71484  -47.546  -9.115  63.585 0.0000000000
69785  -46.636  -10.834  63.626 0.0000000000
68986  -45.876  -10.846  62.538 0.0000000000
69790  -46.820  -10.033  63.278 0.0000000000
70615  -47.168  -9.214  62.863 0.0000000000
62222  -37.865  -18.667  67.885 0.0000000000
131831  -39.248  -17.851  68.425 0.0000000000
62223  -38.819  -18.514  68.375 0.0000000000
60259  -35.864  -19.549  67.736 0.0000000000
61223  -37.007  -18.777  67.678 0.0000000000
62233  -37.169  -18.098  67.211 0.0000000000
52524  -8.816  -28.693  83.208 0.0000000000
120814  -8.812  -29.087  82.027 0.0000000000
51408  -7.295  -29.811  82.156 0.0000000000
117664  -6.448  -30.603  81.515 0.0000000000
51418  -5.970  -30.293  81.990 0.0000000000
46407  -12.495  -33.661  87.768 0.0000000000
110210  -12.461  -33.654  88.680 0.0000000000
57565  -34.885  -23.249  74.570 0.0000000000
56587  -34.168  -24.343  73.521 0.0000000000
122941  -34.529  -22.426  73.600 0.0000000000
58434  -34.307  -21.952  72.983 0.0000000000
73284  -50.327  -6.319  60.069 0.0000000000
72444  -49.856  -7.125  58.225 0.0000000000
73298  -52.497  -6.940  59.044 0.0000000000
57397  -12.116  -23.772  90.688 0.0000000000
56430  -12.879  -24.284  89.328 0.0000000000
56426  -12.739  -24.434  90.296 0.0000000000
117287  -43.473  -11.202  67.442 0.0000000000
68935  -44.148  -11.050  68.079 0.0000000000
68060  -40.055  -11.752  66.692 0.0000000000
68073  -39.425  -11.988  65.147 0.0000000000
68948  -41.716  -11.336  66.772 0.0000000000
68960  -42.438  -11.466  66.094 0.0000000000
48539  -17.390  -31.423  85.882 0.0000000000
48543  -18.086  -31.858  85.314 0.0000000000
44433  -23.555  -34.550  84.071 0.0000000000
126001  -22.954  -34.810  83.497 0.0000000000
55581  -7.997  -25.662  74.813 0.0000000000
57472  -8.981  -23.987  83.757 0.0000000000
56492  -9.397  -24.443  82.377 0.0000000000
56493  -10.307  -24.541  82.377 0.0000000000
50485  -9.914  -31.156  76.340 0.0000000000
50486  -10.617  -30.755  76.242 0.0000000000
50513  -9.686  -31.315  74.936 0.0000000000
56424  -16.712  -24.212  90.437 0.0000000000
55449  -17.043  -25.628  91.245 0.0000000000
50378  -9.015  -29.608  92.842 0.0000000000
52417  -9.144  -29.023  92.536 0.0000000000
110467  -8.634  -29.269  91.572 0.0000000000
52434  -8.014  -29.313  90.430 0.0000000000
52426  -7.063  -29.241  90.371 0.0000000000
55559  -37.053  -26.057  77.071 0.0000000000
53659  -35.844  -26.773  75.788 0.0000000000
56574  -35.909  -24.914  76.001 0.0000000000
56573  -35.576  -24.315  75.629 0.0000000000
52551  -30.945  -27.238  82.677 0.0000000000
52533  -30.890  -27.080  83.663 0.0000000000
53596  -29.297  -27.192  82.987 0.0000000000
51426  -27.503  -29.423  81.855 0.0000000000
73263  -49.624  -5.756  62.232 0.0000000000
110443  -47.142  -7.904  61.605 0.0000000000
72424  -47.201  -7.376  60.601 0.0000000000
72425  -47.933  -7.165  61.335 0.0000000000
73273  -48.689  -6.446  60.689 0.0000000000
66186  -39.879  -14.287  68.456 0.0000000000
67113  -41.255  -13.296  69.209 0.0000000000
66172  -40.441  -14.830  69.093 0.0000000000
64314  -37.974  -16.188  66.822 0.0000000000
64326  -37.434  -15.981  66.331 0.0000000000
65236  -38.756  -15.059  67.329 0.0000000000
123608  -38.785  -14.310  67.027 0.0000000000
56546  -5.245  -24.651  77.757 0.0000000000
114152  -5.916  -25.316  76.705 0.0000000000
55530  -6.356  -25.081  77.983 0.0000000000
53585  -13.438  -27.249  83.593 0.0000000000
53591  -13.466  -27.358  82.785 0.0000000000
130842  -12.735  -28.252  82.776 0.0000000000
126109  -9.267  -29.667  80.719 0.0000000000
51437  -9.952  -29.552  80.441 0.0000000000
110530  -9.244  -30.635  79.341 0.0000000000
50455  -9.775  -30.607  78.549 0.0000000000
50453  -8.145  -31.542  78.527 0.0000000000
50452  -7.223  -31.763  78.438 0.0000000000
49495  -15.361  -30.681  90.840 0.0000000000
50388  -15.715  -30.032  91.870 0.0000000000
48509  -14.442  -31.508  91.573 0.0000000000
47477  -11.375  -32.811  90.940 0.0000000000
47470  -12.161  -32.498  91.393 0.0000000000
47468  -10.824  -32.417  91.277 0.0000000000
48495  -9.854  -31.570  92.154 0.0000000000
60216  -35.923  -19.978  69.434 0.0000000000
59288  -34.450  -21.030  71.460 0.0000000000
113182  -34.104  -20.758  70.606 0.0000000000
59303  -35.162  -20.263  69.823 0.0000000000
59304  -35.512  -20.085  69.200 0.0000000000
48527  -26.342  -32.282  88.113 0.0000000000
45365  -25.643  -34.079  87.148 0.0000000000
44418  -26.370  -34.763  86.317 0.0000000000
52502  -28.895  -28.166  85.945 0.0000000000
51373  -28.633  -28.371  86.687 0.0000000000
110301  -27.711  -31.537  84.985 0.0000000000
42600  -26.802  -36.936  81.285 0.0000000000
44462  -27.242  -36.098  82.595 0.0000000000
42580  -26.655  -37.145  81.872 0.0000000000
128320  -25.843  -37.176  82.218 0.0000000000
42613  -25.563  -37.051  80.906 0.0000000000
43567  -25.134  -36.863  80.312 0.0000000000
57405  -9.209  -23.208  89.245 0.0000000000
131449  -9.498  -22.980  87.925 0.0000000000
57426  -8.982  -23.270  86.637 0.0000000000
112239  -10.548  -23.380  86.839 0.0000000000
56461  -12.667  -24.726  85.487 0.0000000000
56449  -12.114  -24.122  86.087 0.0000000000
53559  -13.478  -27.020  87.396 0.0000000000
53567  -13.502  -27.200  86.606 0.0000000000
129253  -12.580  -28.020  86.758 0.0000000000
52486  -11.420  -28.785  86.069 0.0000000000
125357  -11.929  -28.495  86.868 0.0000000000
68080  -46.440  -11.985  65.747 0.0000000000
68951  -47.321  -11.318  66.375 0.0000000000
68051  -47.125  -11.664  66.929 0.0000000000
68077  -44.157  -12.429  65.380 0.0000000000
67146  -43.529  -13.017  63.848 0.0000000000
68085  -44.735  -12.502  64.740 0.0000000000
68086  -45.380  -12.301  64.775 0.0000000000
117962  -16.804  -29.488  88.575 0.0000000000
47525  -15.476  -32.314  87.501 0.0000000000
47515  -15.518  -31.798  88.121 0.0000000000
46410  -15.064  -32.725  87.359 0.0000000000
46408  -14.230  -33.404  87.917 0.0000000000
45381  -14.771  -33.431  86.676 0.0000000000
45468  -21.026  -33.600  81.343 0.0000000000
45442  -21.689  -34.539  82.484 0.0000000000
45454  -20.358  -33.805  82.054 0.0000000000
128295  -18.552  -33.459  82.061 0.0000000000
45439  -19.314  -34.240  82.633 0.0000000000
45426  -18.605  -34.130  83.034 0.0000000000
130904  -18.799  -33.778  84.314 0.0000000000
113853  -17.535  -33.747  84.048 0.0000000000
45395  -16.724  -33.502  84.582 0.0000000000
120067  -16.483  -33.531  84.051 0.0000000000
46467  -15.364  -32.906  83.522 0.0000000000
57482  -5.043  -23.245  82.691 0.0000000000
56515  -8.665  -24.426  80.355 0.0000000000
56514  -7.913  -24.379  79.997 0.0000000000
55521  -8.873  -24.853  79.219 0.0000000000
125808  -8.495  -25.150  77.858 0.0000000000
56538  -9.917  -24.593  78.664 0.0000000000
54590  -13.617  -26.667  80.433 0.0000000000
128273  -13.418  -26.109  80.006 0.0000000000
53619  -13.637  -26.551  79.563 0.0000000000
52625  -12.793  -28.993  76.021 0.0000000000
112314  -13.873  -27.065  77.159 0.0000000000
54609  -13.611  -26.611  76.471 0.0000000000
55570  -12.853  -25.360  76.094 0.0000000000
130319  -13.507  -27.081  75.026 0.0000000000
54621  -13.382  -26.377  73.957 0.0000000000
58289  -13.431  -22.835  94.152 0.0000000000
51338  -14.778  -28.680  92.937 0.0000000000
53507  -15.367  -27.580  93.087 0.0000000000
52415  -14.082  -28.288  94.387 0.0000000000
112011  -12.040  -28.485  92.561 0.0000000000
53506  -13.096  -27.159  93.604 0.0000000000
53513  -12.942  -26.831  93.049 0.0000000000
54528  -13.264  -26.033  92.904 0.0000000000
53521  -13.164  -26.785  92.059 0.0000000000
53530  -13.283  -27.144  90.937 0.0000000000
117389  -12.047  -27.870  91.093 0.0000000000
53543  -7.635  -29.154  88.717 0.0000000000
52451  -9.467  -28.955  88.706 0.0000000000
116368  -8.075  -29.003  87.555 0.0000000000
52483  -8.410  -28.735  86.676 0.0000000000
52481  -6.675  -28.908  86.823 0.0000000000
49506  -3.747  -31.928  88.592 0.0000000000
51360  -4.484  -30.237  88.715 0.0000000000
56554  -37.780  -24.999  77.633 0.0000000000
50458  -34.383  -28.951  77.548 0.0000000000
51487  -35.033  -29.075  77.121 0.0000000000
52598  -35.665  -28.028  78.155 0.0000000000
54604  -36.727  -26.738  77.922 0.0000000000
119842  -31.672  -27.454  81.523 0.0000000000
51443  -32.757  -27.545  80.527 0.0000000000
51459  -33.915  -28.498  78.821 0.0000000000
52554  -33.579  -27.884  82.904 0.0000000000
72404  -48.013  -7.615  63.010 0.0000000000
68988  -45.020  -10.964  61.203 0.0000000000
69798  -45.204  -10.059  60.714 0.0000000000
70620  -45.561  -9.172  60.390 0.0000000000
71503  -46.656  -8.743  61.909 0.0000000000
71504  -47.209  -8.405  62.350 0.0000000000
64301  -39.061  -16.165  68.060 0.0000000000
122741  -40.340  -15.627  69.215 0.0000000000
64284  -39.706  -16.673  68.747 0.0000000000
63285  -39.996  -16.762  69.246 0.0000000000
60225  -33.870  -20.018  68.236 0.0000000000
60241  -34.213  -19.870  67.396 0.0000000000
61220  -34.553  -19.518  66.708 0.0000000000
61236  -34.929  -18.978  66.375 0.0000000000
130947  -36.067  -18.153  66.049 0.0000000000
62247  -36.474  -18.036  66.650 0.0000000000
63297  -38.087  -17.003  67.283 0.0000000000
52526  -11.657  -28.520  83.317 0.0000000000
52542  -11.303  -28.645  82.553 0.0000000000
110531  -10.241  -28.728  82.365 0.0000000000
51421  -8.833  -29.444  81.374 0.0000000000
51435  -7.711  -30.530  80.743 0.0000000000
50443  -7.132  -31.515  79.515 0.0000000000
111584  -6.384  -31.135  80.858 0.0000000000
51447  -5.829  -31.457  80.541 0.0000000000
46371  -13.851  -32.665  89.799 0.0000000000
47480  -13.754  -32.299  90.885 0.0000000000
110684  -13.047  -33.216  89.875 0.0000000000
59289  -35.597  -20.892  71.381 0.0000000000
55600  -34.989  -25.799  74.107 0.0000000000
54638  -34.575  -26.385  72.857 0.0000000000
55613  -34.437  -25.462  73.248 0.0000000000
56595  -33.917  -24.812  72.596 0.0000000000
56600  -33.701  -24.184  72.082 0.0000000000
58438  -33.553  -21.942  72.175 0.0000000000
59284  -34.870  -21.264  72.142 0.0000000000
51365  -27.963  -28.754  87.598 0.0000000000
49541  -27.600  -32.349  82.694 0.0000000000
48556  -27.524  -32.762  83.475 0.0000000000
46499  -27.595  -34.261  81.391 0.0000000000
44499  -27.105  -36.353  80.658 0.0000000000
72460  -48.774  -7.253  57.034 0.0000000000
71529  -50.548  -8.052  56.849 0.0000000000
71539  -50.929  -8.515  56.292 0.0000000000
71540  -51.592  -8.940  56.424 0.0000000000
57407  -10.869  -23.358  88.410 0.0000000000
56437  -12.638  -24.197  87.727 0.0000000000
124231  -12.499  -24.036  88.527 0.0000000000
55455  -13.438  -25.424  88.080 0.0000000000
53547  -13.247  -26.775  88.272 0.0000000000
68063  -44.727  -12.417  66.113 0.0000000000
68936  -45.050  -11.490  67.784 0.0000000000
67154  -39.306  -13.063  63.180 0.0000000000
67155  -40.414  -13.112  63.139 0.0000000000
67156  -41.472  -13.223  63.256 0.0000000000
68075  -41.587  -12.037  64.695 0.0000000000
115709  -43.412  -12.246  65.082 0.0000000000
50409  -17.350  -30.053  87.143 0.0000000000
49514  -17.512  -30.714  86.393 0.0000000000
48538  -16.666  -31.756  86.396 0.0000000000
47526  -16.246  -32.357  86.471 0.0000000000
46495  -17.942  -33.173  81.600 0.0000000000
46482  -16.541  -33.181  82.536 0.0000000000
57455  -5.819  -23.645  84.373 0.0000000000
57484  -6.243  -23.926  82.855 0.0000000000
129136  -7.113  -24.381  82.859 0.0000000000
56505  -9.175  -24.411  81.586 0.0000000000
113343  -10.642  -24.560  80.312 0.0000000000
51467  -12.276  -29.540  78.326 0.0000000000
52593  -13.361  -28.523  78.435 0.0000000000
50469  -11.706  -29.998  77.048 0.0000000000
51491  -12.014  -29.733  76.176 0.0000000000
51503  -12.180  -29.542  75.379 0.0000000000
58313  -15.756  -22.362  89.130 0.0000000000
58304  -15.827  -22.760  91.097 0.0000000000
56417  -15.837  -24.189  92.724 0.0000000000
50373  -11.223  -30.378  93.284 0.0000000000
110040  -13.164  -28.877  93.848 0.0000000000
52412  -10.735  -29.196  93.160 0.0000000000
53503  -10.075  -28.625  92.574 0.0000000000
53510  -10.381  -28.619  92.155 0.0000000000
53527  -10.453  -28.373  91.107 0.0000000000
53516  -9.113  -29.064  91.193 0.0000000000
123021  -8.270  -29.265  90.094 0.0000000000
53532  -6.636  -28.957  88.759 0.0000000000
51533  -34.917  -27.987  74.744 0.0000000000
130632  -35.569  -28.273  76.245 0.0000000000
53658  -35.572  -27.308  75.563 0.0000000000
54622  -35.509  -26.351  74.798 0.0000000000
55586  -35.598  -25.594  74.894 0.0000000000
114164  -35.266  -24.107  75.236 0.0000000000
52517  -29.704  -27.697  85.327 0.0000000000
52520  -32.522  -27.645  84.577 0.0000000000
110478  -30.284  -27.275  84.574 0.0000000000
118765  -27.722  -29.620  83.612 0.0000000000
119189  -27.575  -30.323  82.566 0.0000000000
72441  -46.638  -7.353  58.843 0.0000000000
73282  -48.276  -6.448  59.627 0.0000000000
73283  -49.319  -6.380  59.810 0.0000000000
68047  -41.192  -11.844  68.007 0.0000000000
68039  -42.378  -11.702  69.161 0.0000000000
68022  -41.986  -12.772  69.557 0.0000000000
63312  -36.299  -17.408  66.046 0.0000000000
66203  -38.351  -13.878  66.025 0.0000000000
68045  -39.656  -12.666  67.112 0.0000000000
44473  -23.779  -35.369  81.908 0.0000000000
44472  -22.994  -34.943  82.426 0.0000000000
130118  -22.986  -34.874  81.196 0.0000000000
124191  -22.191  -34.288  80.377 0.0000000000
55567  -6.702  -25.676  75.540 0.0000000000
55569  -8.664  -25.206  75.379 0.0000000000
56484  -11.432  -24.677  83.550 0.0000000000
56494  -11.248  -24.665  82.695 0.0000000000
55498  -13.344  -25.999  82.777 0.0000000000
54584  -13.574  -26.699  81.381 0.0000000000
51440  -12.992  -28.882  80.149 0.0000000000
52560  -11.649  -28.962  81.180 0.0000000000
52576  -11.448  -29.270  80.419 0.0000000000
51453  -11.807  -29.650  79.175 0.0000000000
51465  -10.471  -30.327  78.522 0.0000000000
54532  -16.849  -26.873  91.377 0.0000000000
51351  -16.241  -28.721  91.624 0.0000000000
51346  -15.653  -29.569  92.263 0.0000000000
50381  -13.523  -30.544  92.722 0.0000000000
48507  -13.359  -32.279  91.917 0.0000000000
48499  -12.888  -31.825  92.247 0.0000000000
49477  -11.770  -30.986  93.235 0.0000000000
50380  -10.245  -30.730  93.128 0.0000000000
49479  -9.235  -31.069  92.761 0.0000000000
128914  -8.020  -30.765  92.178 0.0000000000
61197  -37.437  -19.465  68.735 0.0000000000
62215  -38.751  -19.132  68.852 0.0000000000
61189  -37.533  -19.581  69.017 0.0000000000
53701  -33.784  -26.576  71.434 0.0000000000
59314  -33.533  -20.346  69.151 0.0000000000
60227  -35.621  -20.058  68.666 0.0000000000
44423  -24.581  -34.492  85.124 0.0000000000
44449  -24.447  -35.217  83.834 0.0000000000
53563  -29.864  -27.124  87.215 0.0000000000
51372  -28.084  -29.143  87.090 0.0000000000
130398  -27.314  -31.683  86.783 0.0000000000
46469  -27.452  -33.822  84.154 0.0000000000
46446  -27.571  -33.969  85.259 0.0000000000
45388  -27.279  -34.487  86.008 0.0000000000
43501  -25.847  -35.729  84.107 0.0000000000
43524  -25.289  -36.243  82.781 0.0000000000
131872  -24.438  -35.676  82.061 0.0000000000
43566  -24.657  -36.146  80.657 0.0000000000
70644  -52.493  -9.299  56.238 0.0000000000
71548  -53.149  -9.059  55.817 0.0000000000
71551  -53.090  -8.733  55.224 0.0000000000
110275  -7.074  -23.408  84.968 0.0000000000
57458  -9.243  -23.794  84.489 0.0000000000
57425  -8.007  -23.512  86.975 0.0000000000
57443  -9.321  -23.476  85.764 0.0000000000
57459  -10.188  -23.834  84.627 0.0000000000
56471  -11.594  -24.582  84.367 0.0000000000
55478  -13.187  -25.308  85.035 0.0000000000
54562  -13.563  -26.766  85.004 0.0000000000
56451  -13.375  -25.086  86.663 0.0000000000
54556  -13.600  -26.619  86.025 0.0000000000
53580  -13.175  -27.598  84.785 0.0000000000
52498  -11.482  -28.699  84.942 0.0000000000
52510  -9.710  -28.563  84.517 0.0000000000
109897  -8.455  -28.656  84.013 0.0000000000
68976  -46.796  -11.046  64.325 0.0000000000
67157  -42.534  -13.136  63.303 0.0000000000
67158  -43.235  -13.181  63.160 0.0000000000
67170  -43.845  -13.025  63.010 0.0000000000
67159  -44.564  -12.515  63.670 0.0000000000
129816  -45.952  -11.928  64.015 0.0000000000
50394  -16.132  -29.614  90.363 0.0000000000
48521  -15.504  -31.194  89.702 0.0000000000
49507  -16.274  -30.770  88.355 0.0000000000
48524  -15.457  -31.348  89.150 0.0000000000
47500  -14.516  -32.065  89.389 0.0000000000
128399  -13.831  -33.707  87.886 0.0000000000
124978  -22.152  -34.666  82.851 0.0000000000
45429  -21.356  -34.595  83.120 0.0000000000
118123  -20.926  -34.856  83.954 0.0000000000
109572  -19.826  -34.062  82.387 0.0000000000
45428  -20.311  -34.755  83.548 0.0000000000
45398  -20.372  -34.462  84.555 0.0000000000
46443  -19.563  -33.730  84.655 0.0000000000
47542  -19.625  -33.149  84.901 0.0000000000
123499  -18.262  -32.298  84.911 0.0000000000
46427  -17.155  -32.913  84.990 0.0000000000
46441  -16.643  -33.269  85.114 0.0000000000
112063  -15.868  -33.209  85.997 0.0000000000
45408  -15.876  -33.353  84.020 0.0000000000
45407  -15.281  -33.567  84.791 0.0000000000
111587  -14.798  -33.694  85.999 0.0000000000
46440  -14.312  -34.041  85.989 0.0000000000
57506  -4.956  -23.181  80.496 0.0000000000
57494  -6.203  -23.849  82.066 0.0000000000
56513  -6.964  -24.116  80.213 0.0000000000
56536  -6.465  -24.711  78.522 0.0000000000
55531  -7.033  -24.794  77.909 0.0000000000
55545  -8.184  -25.308  77.231 0.0000000000
56557  -9.453  -24.758  75.838 0.0000000000
55503  -11.799  -24.840  81.216 0.0000000000
55511  -11.516  -24.783  80.403 0.0000000000
55534  -11.615  -24.849  79.200 0.0000000000
110912  -13.750  -27.643  77.848 0.0000000000
55536  -13.278  -25.680  78.531 0.0000000000
55546  -11.610  -24.836  78.320 0.0000000000
117773  -11.295  -24.698  76.797 0.0000000000
56559  -11.460  -24.727  76.042 0.0000000000
56579  -11.640  -24.731  74.673 0.0000000000
116252  -13.084  -25.492  74.231 0.0000000000
54529  -16.112  -26.128  92.422 0.0000000000
117767  -15.698  -25.870  92.998 0.0000000000
56413  -14.798  -24.604  94.177 0.0000000000
53500  -13.567  -27.461  94.266 0.0000000000
54523  -14.115  -26.015  94.256 0.0000000000
127148  -14.150  -24.724  94.364 0.0000000000
113673  -13.416  -24.305  93.873 0.0000000000
116016  -13.172  -24.258  92.986 0.0000000000
56422  -12.607  -24.190  91.270 0.0000000000
55450  -13.426  -25.604  90.379 0.0000000000
123312  -13.261  -26.668  89.227 0.0000000000
52444  -12.049  -27.998  88.866 0.0000000000
52442  -10.775  -28.441  89.754 0.0000000000
52452  -10.543  -28.623  88.832 0.0000000000
52469  -10.757  -28.712  87.951 0.0000000000
52484  -9.412  -28.726  86.550 0.0000000000
126498  -8.324  -28.552  85.008 0.0000000000
52508  -7.523  -28.790  84.299 0.0000000000
49486  -7.287  -30.815  91.143 0.0000000000
49493  -5.887  -31.424  90.470 0.0000000000
51348  -5.942  -30.069  90.652 0.0000000000
51355  -5.202  -29.257  89.926 0.0000000000
52438  -5.482  -29.153  89.031 0.0000000000
112615  -5.440  -29.209  87.775 0.0000000000
50414  -4.450  -30.500  86.254 0.0000000000
125950  -5.366  -29.557  86.447 0.0000000000
51382  -5.393  -29.819  85.238 0.0000000000
51388  -5.449  -29.912  84.323 0.0000000000
51395  -5.607  -29.941  83.470 0.0000000000
51416  -5.027  -30.654  82.446 0.0000000000
49542  -4.497  -31.705  81.656 0.0000000000
127863  -35.763  -26.107  79.968 0.0000000000
132036  -36.813  -26.594  80.038 0.0000000000
53618  -36.125  -27.078  79.805 0.0000000000
131124  -36.155  -27.047  79.578 0.0000000000
53617  -36.121  -27.196  80.614 0.0000000000
127108  -35.481  -27.569  80.772 0.0000000000
53606  -36.709  -26.922  80.754 0.0000000000
118703  -36.172  -27.250  81.622 0.0000000000
54582  -37.141  -26.512  80.841 0.0000000000
70611  -47.760  -9.082  64.243 0.0000000000
69781  -47.588  -9.686  64.779 0.0000000000
69786  -47.037  -10.341  63.940 0.0000000000
114165  -47.193  -9.703  63.573 0.0000000000
128246  -38.290  -19.052  68.464 0.0000000000
61207  -36.627  -19.283  68.030 0.0000000000
52523  -7.799  -28.906  83.276 0.0000000000
52539  -7.732  -29.293  82.559 0.0000000000
51407  -6.494  -29.886  82.487 0.0000000000
58425  -35.035  -22.309  74.057 0.0000000000
128486  -11.266  -23.369  91.197 0.0000000000
68934  -42.694  -11.168  67.716 0.0000000000
68925  -43.097  -11.068  68.504 0.0000000000
68932  -40.888  -11.525  67.195 0.0000000000
68947  -40.760  -11.458  66.280 0.0000000000
118957  -42.144  -11.264  67.456 0.0000000000
49524  -18.610  -31.734  84.893 0.0000000000
44448  -23.783  -34.941  83.427 0.0000000000
132243  -23.120  -34.735  83.736 0.0000000000
55582  -8.897  -25.299  74.510 0.0000000000
127415  -9.137  -25.360  73.875 0.0000000000
56469  -9.949  -24.013  83.846 0.0000000000
56482  -9.661  -24.371  83.110 0.0000000000
49588  -9.247  -31.457  75.662 0.0000000000
55452  -17.335  -25.697  90.391 0.0000000000
50386  -7.851  -30.125  92.132 0.0000000000
51345  -8.807  -29.206  92.154 0.0000000000
125922  -8.326  -29.399  91.797 0.0000000000
52423  -8.194  -29.395  91.212 0.0000000000
51350  -7.667  -29.626  90.939 0.0000000000
55560  -37.240  -25.061  76.975 0.0000000000
122713  -36.493  -25.371  76.359 0.0000000000
56563  -36.504  -24.465  76.580 0.0000000000
56562  -35.879  -24.080  76.296 0.0000000000
53605  -30.056  -26.676  82.247 0.0000000000
73262  -48.927  -6.444  62.259 0.0000000000
118560  -48.636  -6.674  61.592 0.0000000000
66185  -39.318  -14.860  67.985 0.0000000000
126271  -39.961  -15.148  68.697 0.0000000000
65226  -38.500  -15.676  67.152 0.0000000000
130256  -4.799  -23.464  78.781 0.0000000000
55529  -5.781  -25.185  77.557 0.0000000000
56535  -5.892  -24.958  78.290 0.0000000000
52528  -13.089  -27.867  83.272 0.0000000000
51450  -8.536  -30.557  80.033 0.0000000000
111182  -9.378  -30.085  80.040 0.0000000000
51464  -8.486  -31.145  79.342 0.0000000000
50454  -9.050  -31.243  78.647 0.0000000000
48516  -14.965  -31.092  90.486 0.0000000000
48510  -14.838  -30.958  91.145 0.0000000000
48515  -14.458  -31.407  90.818 0.0000000000
59296  -35.664  -20.165  70.014 0.0000000000
114013  -36.075  -19.962  70.057 0.0000000000
52667  -34.594  -27.638  73.270 0.0000000000
59295  -35.315  -20.598  70.674 0.0000000000
49510  -26.839  -31.031  87.661 0.0000000000
48531  -26.693  -32.299  87.447 0.0000000000
46399  -26.506  -33.349  87.342 0.0000000000
46400  -26.843  -33.245  86.900 0.0000000000
51385  -28.193  -29.334  85.329 0.0000000000
50421  -27.872  -30.635  85.139 0.0000000000
42599  -26.252  -37.245  81.237 0.0000000000
42598  -25.803  -37.191  81.493 0.0000000000
42630  -25.413  -37.317  79.982 0.0000000000
57406  -9.858  -23.052  88.576 0.0000000000
109832  -8.920  -23.062  88.538 0.0000000000
57414  -10.310  -23.220  87.718 0.0000000000
57427  -11.293  -23.670  86.483 0.0000000000
57416  -12.068  -23.711  87.061 0.0000000000
53546  -12.926  -27.394  87.831 0.0000000000
53558  -13.157  -27.597  87.068 0.0000000000
68079  -45.741  -12.309  65.471 0.0000000000
68065  -46.644  -12.066  66.529 0.0000000000
68078  -44.950  -12.604  65.312 0.0000000000
127196  -44.402  -12.544  64.829 0.0000000000
46411  -15.673  -32.727  86.667 0.0000000000
46409  -14.670  -33.111  87.440 0.0000000000
46511  -20.040  -33.307  81.238 0.0000000000
45437  -17.650  -33.460  82.371 0.0000000000
45438  -18.584  -33.829  82.512 0.0000000000
110112  -17.778  -33.821  83.534 0.0000000000
45410  -16.935  -33.705  84.075 0.0000000000
125996  -17.122  -33.701  83.607 0.0000000000
58346  -4.940  -23.078  83.391 0.0000000000
110923  -9.872  -24.499  80.196 0.0000000000
109402  -9.198  -24.534  79.925 0.0000000000
56528  -9.487  -24.614  79.607 0.0000000000
109795  -9.312  -24.886  79.018 0.0000000000
113414  -13.599  -27.444  79.910 0.0000000000
52585  -13.384  -28.324  79.453 0.0000000000
124436  -13.436  -28.074  75.834 0.0000000000
119059  -13.587  -27.049  75.642 0.0000000000
53653  -13.445  -27.713  75.085 0.0000000000
52634  -12.949  -28.856  74.618 0.0000000000
58296  -14.996  -22.840  92.953 0.0000000000
58290  -14.004  -22.601  94.135 0.0000000000
50376  -13.905  -29.448  93.760 0.0000000000
51337  -14.380  -29.009  94.045 0.0000000000
51336  -13.769  -29.010  94.239 0.0000000000
53512  -12.251  -28.086  92.302 0.0000000000
119812  -12.622  -27.613  92.957 0.0000000000
126106  -12.719  -27.382  92.503 0.0000000000
53520  -12.669  -27.643  91.634 0.0000000000
53542  -6.933  -28.886  88.283 0.0000000000
53557  -8.140  -29.148  88.407 0.0000000000
52466  -7.166  -28.876  87.556 0.0000000000
47508  -3.184  -33.532  88.399 0.0000000000
122573  -3.644  -32.781  88.958 0.0000000000
48528  -3.420  -32.739  88.315 0.0000000000
56544  -37.891  -25.786  78.492 0.0000000000
51472  -34.392  -28.675  78.281 0.0000000000
51473  -34.693  -28.885  77.782 0.0000000000
51474  -35.104  -28.450  78.276 0.0000000000
54600  -36.722  -26.737  78.994 0.0000000000
54599  -36.313  -27.097  78.731 0.0000000000
118177  -37.221  -26.338  78.236 0.0000000000
51428  -32.430  -27.425  81.592 0.0000000000
51427  -32.121  -27.352  80.781 0.0000000000
51429  -33.137  -27.559  81.534 0.0000000000
51461  -34.687  -28.307  79.237 0.0000000000
110397  -34.014  -28.372  79.913 0.0000000000
51460  -34.357  -28.460  79.142 0.0000000000
130510  -34.087  -28.047  82.521 0.0000000000
52572  -33.591  -27.763  82.157 0.0000000000
52571  -32.040  -27.570  82.396 0.0000000000
72395  -48.380  -7.352  63.671 0.0000000000
68102  -44.990  -11.885  62.386 0.0000000000
68101  -44.136  -12.219  61.867 0.0000000000
69793  -45.643  -10.524  61.658 0.0000000000
69799  -45.864  -9.669  61.290 0.0000000000
113512  -46.278  -9.389  61.782 0.0000000000
71495  -47.637  -8.453  62.965 0.0000000000
72403  -47.629  -7.748  62.289 0.0000000000
115561  -39.096  -17.050  68.164 0.0000000000
129133  -39.707  -17.530  68.837 0.0000000000
110046  -34.874  -19.920  67.628 0.0000000000
60258  -35.068  -19.678  67.421 0.0000000000
61221  -35.372  -19.149  67.166 0.0000000000
61237  -35.832  -18.534  66.758 0.0000000000
62232  -36.545  -18.482  67.175 0.0000000000
62234  -38.070  -17.943  67.509 0.0000000000
64300  -38.539  -16.504  67.498 0.0000000000
109893  -10.717  -28.544  83.208 0.0000000000
52557  -8.184  -29.468  82.024 0.0000000000
51420  -7.963  -29.961  81.435 0.0000000000
51436  -8.586  -30.027  80.703 0.0000000000
51448  -7.075  -31.207  80.422 0.0000000000
51434  -6.931  -30.791  81.068 0.0000000000
51433  -5.897  -30.870  81.348 0.0000000000
50439  -5.488  -31.549  80.724 0.0000000000
50438  -5.254  -31.332  81.260 0.0000000000
46381  -13.931  -32.815  89.348 0.0000000000
109513  -13.591  -32.895  89.925 0.0000000000
46380  -13.693  -33.170  89.236 0.0000000000
116634  -35.794  -21.040  71.935 0.0000000000
55614  -34.808  -26.064  73.444 0.0000000000
56594  -33.906  -23.959  72.780 0.0000000000
57586  -33.399  -23.437  71.747 0.0000000000
57579  -33.684  -23.088  72.569 0.0000000000
111707  -28.193  -27.438  88.136 0.0000000000
52461  -28.408  -28.070  87.756 0.0000000000
48559  -27.609  -32.731  81.883 0.0000000000
47562  -27.594  -33.511  81.697 0.0000000000
72443  -48.332  -6.794  57.885 0.0000000000
120930  -49.121  -6.938  57.757 0.0000000000
72462  -50.614  -7.545  57.670 0.0000000000
71530  -51.424  -8.536  56.878 0.0000000000
55453  -13.425  -25.169  89.073 0.0000000000
54536  -13.498  -26.036  88.649 0.0000000000
68048  -45.343  -12.124  66.843 0.0000000000
67139  -38.261  -13.579  64.863 0.0000000000
68083  -39.266  -12.207  64.382 0.0000000000
67143  -39.740  -12.532  63.760 0.0000000000
67144  -40.936  -12.662  63.880 0.0000000000
124031  -43.646  -11.615  66.644 0.0000000000
68061  -43.359  -11.788  65.863 0.0000000000
68062  -44.083  -12.140  66.199 0.0000000000
46494  -16.948  -33.211  81.675 0.0000000000
57456  -6.371  -23.603  84.344 0.0000000000
57470  -7.043  -23.865  83.558 0.0000000000
115497  -9.832  -24.532  81.818 0.0000000000
56491  -8.519  -24.383  82.309 0.0000000000
111575  -9.822  -24.536  81.284 0.0000000000
56517  -10.184  -24.552  80.838 0.0000000000
109986  -11.122  -30.387  77.810 0.0000000000
125940  -11.761  -29.917  77.834 0.0000000000
50487  -11.360  -30.327  76.251 0.0000000000
116946  -11.667  -30.039  75.601 0.0000000000
50515  -11.102  -30.548  74.323 0.0000000000
56421  -16.613  -24.405  91.422 0.0000000000
57394  -16.339  -23.608  91.228 0.0000000000
57389  -16.165  -23.926  91.998 0.0000000000
57393  -15.855  -23.287  91.778 0.0000000000
50372  -10.495  -30.252  93.347 0.0000000000
51334  -10.916  -29.739  93.308 0.0000000000
51333  -10.283  -29.613  93.456 0.0000000000
52418  -9.501  -28.787  92.512 0.0000000000
113086  -9.930  -28.738  92.968 0.0000000000
53517  -9.779  -28.645  92.128 0.0000000000
123964  -10.067  -28.556  91.640 0.0000000000
53524  -7.900  -29.250  89.996 0.0000000000
53523  -7.421  -29.202  89.619 0.0000000000
53533  -7.207  -29.182  89.037 0.0000000000
52440  -6.821  -29.037  89.382 0.0000000000
51532  -34.588  -28.397  74.219 0.0000000000
52619  -35.775  -28.081  76.760 0.0000000000
51498  -35.412  -28.670  76.789 0.0000000000
52630  -35.702  -27.770  76.136 0.0000000000
54614  -35.802  -26.256  75.415 0.0000000000
119616  -35.615  -26.711  75.267 0.0000000000
53667  -35.364  -26.970  74.934 0.0000000000
110838  -35.453  -25.913  74.620 0.0000000000
52492  -31.249  -26.842  85.671 0.0000000000
111662  -30.677  -27.046  85.769 0.0000000000
52521  -33.690  -27.730  84.289 0.0000000000
52532  -29.656  -27.329  83.851 0.0000000000
111348  -31.184  -27.097  84.425 0.0000000000
51392  -28.798  -28.125  84.167 0.0000000000
51402  -28.031  -28.571  83.646 0.0000000000
51414  -27.685  -28.899  82.832 0.0000000000
123545  -27.549  -30.516  81.477 0.0000000000
70621  -46.201  -8.865  60.909 0.0000000000
70624  -45.819  -8.538  59.944 0.0000000000
120617  -46.235  -8.222  60.205 0.0000000000
73272  -47.786  -6.683  60.349 0.0000000000
72431  -46.553  -7.571  59.915 0.0000000000
72433  -48.054  -6.703  58.767 0.0000000000
112934  -49.308  -6.176  61.482 0.0000000000
73274  -49.764  -6.189  60.724 0.0000000000
73275  -50.532  -5.878  60.729 0.0000000000
68037  -40.793  -12.718  68.471 0.0000000000
68038  -41.610  -12.265  68.778 0.0000000000
67099  -41.766  -13.914  69.830 0.0000000000
65240  -37.293  -15.446  65.734 0.0000000000
66202  -37.893  -14.412  65.642 0.0000000000
67122  -39.409  -13.771  67.563 0.0000000000
67132  -39.071  -13.304  66.506 0.0000000000
68046  -40.409  -12.219  67.614 0.0000000000
55552  -5.072  -25.386  76.543 0.0000000000
110791  -6.614  -25.154  76.951 0.0000000000
112238  -6.106  -25.413  76.092 0.0000000000
55554  -7.067  -25.387  76.299 0.0000000000
55568  -7.686  -25.602  75.733 0.0000000000
55555  -7.786  -25.428  76.576 0.0000000000
56485  -12.194  -25.081  83.858 0.0000000000
55489  -12.078  -25.084  83.014 0.0000000000
55490  -12.949  -25.461  83.300 0.0000000000
53599  -13.478  -27.449  81.911 0.0000000000
53608  -13.501  -27.618  80.920 0.0000000000
114148  -13.122  -28.463  80.852 0.0000000000
52559  -10.998  -28.844  81.769 0.0000000000
125559  -11.917  -28.764  81.970 0.0000000000
112171  -10.124  -29.855  79.808 0.0000000000
51438  -10.699  -29.551  80.126 0.0000000000
112005  -11.360  -29.565  79.801 0.0000000000
51466  -11.382  -30.047  78.521 0.0000000000
50466  -8.566  -31.579  77.785 0.0000000000
120276  -9.463  -31.223  77.865 0.0000000000
50451  -6.172  -31.806  78.830 0.0000000000
122552  -6.640  -31.736  78.953 0.0000000000
52431  -16.497  -28.219  91.233 0.0000000000
129594  -16.053  -29.077  91.316 0.0000000000
124099  -15.285  -30.644  92.037 0.0000000000
49485  -14.762  -30.802  92.296 0.0000000000
132437  -14.749  -30.076  92.484 0.0000000000
120190  -14.005  -31.102  92.401 0.0000000000
47472  -13.534  -32.395  91.524 0.0000000000
47471  -12.803  -32.590  91.439 0.0000000000
48505  -11.741  -32.119  91.768 0.0000000000
48506  -12.512  -32.201  91.792 0.0000000000
48498  -12.010  -31.765  92.279 0.0000000000
49483  -12.339  -31.417  92.787 0.0000000000
49482  -11.444  -31.343  92.774 0.0000000000
49481  -10.663  -31.210  92.707 0.0000000000
48502  -9.210  -31.825  92.305 0.0000000000
125869  -9.683  -31.282  92.608 0.0000000000
60229  -36.783  -19.635  68.882 0.0000000000
54648  -33.938  -26.252  72.172 0.0000000000
53690  -34.161  -26.812  72.378 0.0000000000
59294  -33.021  -21.250  70.766 0.0000000000
59302  -33.223  -20.783  70.060 0.0000000000
60243  -36.171  -19.773  68.445 0.0000000000
44416  -25.291  -34.502  85.971 0.0000000000
45364  -25.104  -33.847  87.033 0.0000000000
44424  -25.128  -34.825  85.284 0.0000000000
122169  -24.294  -34.672  84.447 0.0000000000
130395  -24.901  -35.565  84.012 0.0000000000
50417  -27.855  -30.105  86.345 0.0000000000
51378  -28.113  -29.330  86.650 0.0000000000
49520  -27.624  -30.803  86.532 0.0000000000
50413  -27.738  -30.041  86.776 0.0000000000
48541  -27.477  -31.688  86.476 0.0000000000
47552  -27.513  -33.578  83.360 0.0000000000
122484  -27.453  -33.117  84.225 0.0000000000
124046  -27.490  -34.392  83.332 0.0000000000
113074  -27.137  -35.980  83.069 0.0000000000
128436  -27.399  -34.993  83.996 0.0000000000
44451  -27.077  -35.632  83.764 0.0000000000
46431  -27.493  -34.148  85.659 0.0000000000
44450  -26.808  -35.722  84.028 0.0000000000
44437  -26.614  -35.360  84.790 0.0000000000
43512  -26.179  -36.200  83.547 0.0000000000
42578  -25.540  -36.790  82.153 0.0000000000
43525  -25.751  -36.765  82.595 0.0000000000
118714  -25.074  -36.114  82.377 0.0000000000
117852  -25.110  -36.238  81.883 0.0000000000
43550  -24.583  -35.859  81.483 0.0000000000
43551  -25.207  -36.553  81.173 0.0000000000
43582  -24.612  -36.541  79.753 0.0000000000
128197  -51.910  -8.905  57.018 0.0000000000
70643  -52.063  -9.240  56.439 0.0000000000
125735  -52.403  -9.051  56.723 0.0000000000
128624  -7.233  -23.149  85.647 0.0000000000
57442  -7.844  -23.548  85.452 0.0000000000
57457  -8.179  -23.830  84.591 0.0000000000
110722  -8.702  -23.696  85.202 0.0000000000
57412  -8.174  -22.829  88.303 0.0000000000
109888  -9.953  -23.348  86.298 0.0000000000
127675  -9.562  -23.674  85.086 0.0000000000
56459  -11.005  -24.166  84.921 0.0000000000
55485  -13.469  -25.932  84.569 0.0000000000
55479  -13.552  -25.919  85.476 0.0000000000
56450  -12.830  -24.359  86.860 0.0000000000
55464  -13.604  -25.658  87.195 0.0000000000
53566  -13.042  -27.764  86.320 0.0000000000
53574  -13.375  -27.344  85.734 0.0000000000
52499  -12.419  -28.252  84.829 0.0000000000
129884  -12.110  -28.473  85.520 0.0000000000
52497  -10.569  -28.871  85.475 0.0000000000
52511  -10.504  -28.660  84.641 0.0000000000
52509  -9.014  -28.562  84.502 0.0000000000
109898  -9.254  -28.531  85.135 0.0000000000
68968  -46.866  -11.133  65.089 0.0000000000
69773  -47.337  -10.789  65.498 0.0000000000
67145  -42.113  -12.629  63.828 0.0000000000
67147  -44.233  -12.704  64.321 0.0000000000
129427  -44.003  -13.001  63.734 0.0000000000
67169  -42.851  -13.144  62.287 0.0000000000
68093  -45.950  -11.943  64.432 0.0000000000
68967  -46.422  -11.556  64.720 0.0000000000
123822  -16.428  -29.729  89.481 0.0000000000
131331  -16.118  -30.328  89.955 0.0000000000
49498  -15.865  -30.816  89.871 0.0000000000
117899  -16.835  -30.722  87.352 0.0000000000
50403  -16.750  -30.053  87.958 0.0000000000
47514  -15.052  -32.040  88.349 0.0000000000
47502  -15.250  -31.628  88.811 0.0000000000
48523  -15.161  -31.535  89.474 0.0000000000
47501  -14.831  -31.806  89.071 0.0000000000
46382  -14.193  -32.485  89.094 0.0000000000
45370  -14.420  -33.517  87.186 0.0000000000
45369  -14.046  -33.838  87.217 0.0000000000
110382  -13.369  -33.795  87.442 0.0000000000
46424  -13.523  -33.938  86.678 0.0000000000
129889  -22.398  -34.724  82.276 0.0000000000
45441  -20.894  -34.435  82.739 0.0000000000
44445  -21.056  -34.755  83.749 0.0000000000
46497  -19.594  -33.485  81.886 0.0000000000
45453  -19.196  -33.757  82.203 0.0000000000
45427  -19.480  -34.504  83.233 0.0000000000
45397  -19.264  -34.158  84.190 0.0000000000
45396  -18.142  -33.696  84.135 0.0000000000
47541  -18.740  -32.874  84.635 0.0000000000
47535  -17.753  -32.556  84.878 0.0000000000
46442  -17.426  -33.309  84.546 0.0000000000
45394  -16.043  -33.449  85.317 0.0000000000
46468  -16.140  -32.903  83.285 0.0000000000
46454  -14.983  -33.455  84.305 0.0000000000
45393  -15.463  -33.555  85.279 0.0000000000
45392  -14.768  -33.812  85.393 0.0000000000
46453  -14.071  -34.152  85.275 0.0000000000
58352  -4.847  -22.957  82.074 0.0000000000
58361  -4.874  -23.012  81.378 0.0000000000
58372  -5.003  -22.458  80.612 0.0000000000
56489  -6.859  -24.260  82.333 0.0000000000
56502  -6.934  -24.130  81.308 0.0000000000
120368  -7.289  -24.217  79.602 0.0000000000
121650  -6.740  -24.239  79.183 0.0000000000
56525  -7.025  -24.301  78.721 0.0000000000
55518  -6.779  -24.685  78.266 0.0000000000
55519  -7.392  -24.540  78.397 0.0000000000
129452  -8.900  -25.062  77.424 0.0000000000
55556  -8.569  -25.181  76.447 0.0000000000
55496  -11.987  -24.990  82.143 0.0000000000
55523  -13.047  -25.652  79.957 0.0000000000
55512  -12.401  -25.337  80.572 0.0000000000
55522  -12.116  -25.209  79.726 0.0000000000
124229  -12.904  -25.500  79.274 0.0000000000
52603  -12.917  -29.085  77.840 0.0000000000
52604  -13.370  -28.445  77.491 0.0000000000
116018  -13.591  -26.317  77.153 0.0000000000
54603  -13.788  -26.487  77.989 0.0000000000
55548  -13.315  -25.726  77.528 0.0000000000
55547  -12.600  -25.247  77.911 0.0000000000
56550  -11.993  -24.887  77.334 0.0000000000
56572  -12.180  -24.884  75.492 0.0000000000
56571  -11.093  -24.702  75.387 0.0000000000
55585  -12.500  -25.050  74.724 0.0000000000
109520  -12.213  -24.917  74.048 0.0000000000
57388  -12.382  -22.825  93.401 0.0000000000
53522  -16.454  -27.294  91.810 0.0000000000
54531  -16.449  -26.526  91.933 0.0000000000
53514  -16.162  -26.946  92.290 0.0000000000
53502  -15.011  -27.122  93.996 0.0000000000
54527  -15.788  -26.571  92.803 0.0000000000
54526  -15.258  -26.232  93.642 0.0000000000
55443  -15.308  -25.283  93.575 0.0000000000
126960  -14.619  -25.485  94.196 0.0000000000
52413  -12.532  -28.565  93.315 0.0000000000
52414  -13.337  -28.307  94.123 0.0000000000
126263  -13.011  -27.799  93.758 0.0000000000
54522  -13.580  -26.528  94.102 0.0000000000
55442  -13.760  -25.710  94.007 0.0000000000
129701  -14.021  -25.334  94.284 0.0000000000
119756  -13.811  -24.910  94.120 0.0000000000
56414  -13.744  -24.132  94.330 0.0000000000
55444  -13.579  -25.301  93.529 0.0000000000
54530  -13.370  -25.956  92.044 0.0000000000
55446  -13.389  -25.151  92.620 0.0000000000
56420  -13.031  -24.600  91.912 0.0000000000
56423  -13.134  -24.892  90.835 0.0000000000
53539  -13.018  -27.247  89.963 0.0000000000
53538  -12.688  -27.354  88.846 0.0000000000
52435  -10.213  -28.701  90.421 0.0000000000
52450  -8.772  -29.124  88.114 0.0000000000
126676  -9.989  -28.848  88.183 0.0000000000
52468  -9.953  -28.910  87.344 0.0000000000
110453  -7.043  -28.983  86.086 0.0000000000
110438  -7.936  -28.699  85.954 0.0000000000
52494  -7.331  -28.856  85.249 0.0000000000
52507  -6.583  -29.156  84.682 0.0000000000
49494  -6.787  -31.202  90.826 0.0000000000
48517  -4.186  -31.652  90.078 0.0000000000
49496  -4.917  -31.170  90.370 0.0000000000
50389  -5.860  -30.785  90.606 0.0000000000
50392  -5.010  -30.399  90.487 0.0000000000
130086  -5.199  -29.729  90.412 0.0000000000
50396  -4.587  -29.902  90.124 0.0000000000
51354  -4.780  -29.667  89.248 0.0000000000
132642  -4.974  -29.489  88.276 0.0000000000
52448  -5.610  -29.041  88.394 0.0000000000
51367  -5.014  -29.711  87.332 0.0000000000
51375  -5.009  -29.880  86.560 0.0000000000
51381  -5.078  -29.880  85.961 0.0000000000
52479  -5.600  -29.363  85.970 0.0000000000
123976  -4.875  -30.215  85.448 0.0000000000
51387  -5.027  -30.289  84.646 0.0000000000
51394  -5.101  -30.364  83.798 0.0000000000
51405  -5.240  -30.385  82.986 0.0000000000
54596  -36.197  -26.034  79.962 0.0000000000
56534  -37.701  -26.107  79.512 0.0000000000
55528  -36.484  -26.224  79.965 0.0000000000
55517  -37.247  -26.268  79.977 0.0000000000
52590  -35.238  -27.849  79.365 0.0000000000
52591  -35.408  -27.852  78.751 0.0000000000
52592  -35.776  -27.373  79.301 0.0000000000
114176  -36.365  -26.878  79.564 0.0000000000
52573  -34.246  -27.973  81.741 0.0000000000
51445  -34.106  -28.109  80.833 0.0000000000
52583  -34.547  -28.005  80.908 0.0000000000
52584  -35.022  -27.958  80.286 0.0000000000
53598  -36.109  -27.208  82.638 0.0000000000
71473  -48.113  -8.466  64.431 0.0000000000
68980  -46.131  -11.194  63.291 0.0000000000
69789  -46.322  -10.425  62.960 0.0000000000
70614  -46.534  -9.629  62.534 0.0000000000
112581  -38.703  -17.629  67.842 0.0000000000
62216  -39.534  -18.229  68.871 0.0000000000
60242  -35.491  -20.015  68.024 0.0000000000
52541  -9.246  -28.793  82.505 0.0000000000
52540  -8.405  -28.968  82.565 0.0000000000
126464  -6.623  -30.183  81.978 0.0000000000
109939  -13.281  -33.717  88.232 0.0000000000
110422  -13.201  -33.570  89.055 0.0000000000
46391  -11.487  -33.686  88.228 0.0000000000
115109  -34.476  -24.131  74.350 0.0000000000
57572  -34.366  -23.229  74.019 0.0000000000
58430  -35.243  -21.775  73.370 0.0000000000
54540  -30.088  -26.166  88.043 0.0000000000
46498  -27.553  -34.301  80.759 0.0000000000
73296  -50.031  -6.633  59.127 0.0000000000
72445  -50.780  -7.070  58.556 0.0000000000
73286  -52.367  -6.009  59.610 0.0000000000
57401  -11.037  -23.683  90.173 0.0000000000
124498  -12.018  -24.105  89.923 0.0000000000
56427  -13.288  -24.926  89.910 0.0000000000
68926  -43.904  -11.063  68.988 0.0000000000
68059  -39.435  -12.226  66.059 0.0000000000
68946  -39.940  -11.572  65.680 0.0000000000
127301  -40.756  -11.629  65.404 0.0000000000
68959  -41.635  -11.538  65.754 0.0000000000
68949  -42.791  -11.365  66.856 0.0000000000
50415  -18.150  -30.453  85.911 0.0000000000
49523  -18.101  -31.237  85.648 0.0000000000
47534  -17.347  -32.003  85.433 0.0000000000
44422  -23.879  -34.091  84.868 0.0000000000
55593  -7.446  -25.969  74.333 0.0000000000
55594  -8.226  -25.663  73.932 0.0000000000
57471  -8.005  -24.029  83.704 0.0000000000
56481  -8.747  -24.319  83.047 0.0000000000
113549  -10.299  -30.889  76.897 0.0000000000
50501  -10.163  -31.052  75.540 0.0000000000
55451  -17.106  -24.948  90.921 0.0000000000
122944  -16.750  -25.065  91.551 0.0000000000
109680  -9.517  -30.100  93.335 0.0000000000
51339  -9.615  -29.290  93.223 0.0000000000
52424  -9.207  -29.003  92.033 0.0000000000
52429  -8.801  -29.212  91.397 0.0000000000
52428  -8.357  -29.340  90.961 0.0000000000
52427  -7.871  -29.350  90.598 0.0000000000
114159  -36.511  -26.617  77.007 0.0000000000
53648  -36.107  -26.917  76.509 0.0000000000
54610  -36.243  -26.213  76.212 0.0000000000
55573  -35.923  -25.669  75.687 0.0000000000
55572  -35.699  -25.314  75.297 0.0000000000
51457  -32.033  -27.771  78.451 0.0000000000
52553  -32.284  -27.662  83.199 0.0000000000
52534  -31.777  -27.522  83.826 0.0000000000
52552  -31.615  -27.493  83.009 0.0000000000
53588  -30.229  -26.866  83.130 0.0000000000
52550  -28.165  -27.834  82.842 0.0000000000
117314  -27.740  -28.243  82.107 0.0000000000
67112  -40.507  -13.782  68.871 0.0000000000
66173  -41.076  -14.377  69.456 0.0000000000
63313  -37.146  -16.535  66.451 0.0000000000
66196  -38.355  -14.853  66.528 0.0000000000
44511  -23.521  -35.194  79.572 0.0000000000
128047  -5.331  -25.147  77.118 0.0000000000
55542  -6.112  -25.235  77.310 0.0000000000
119288  -6.614  -25.039  77.604 0.0000000000
54574  -13.531  -26.639  83.189 0.0000000000
52544  -13.160  -27.973  82.424 0.0000000000
125796  -12.666  -28.471  82.153 0.0000000000
51423  -10.639  -29.153  80.931 0.0000000000
51451  -9.925  -30.180  79.214 0.0000000000
50465  -7.655  -31.863  77.534 0.0000000000
50464  -6.921  -32.340  77.163 0.0000000000
50390  -15.898  -29.549  90.994 0.0000000000
121992  -15.956  -29.444  91.550 0.0000000000
119317  -15.672  -30.143  91.227 0.0000000000
49492  -15.348  -30.631  91.517 0.0000000000
49491  -14.876  -31.040  91.860 0.0000000000
46363  -11.749  -32.930  90.779 0.0000000000
47478  -12.066  -32.744  91.063 0.0000000000
47469  -11.550  -32.513  91.313 0.0000000000
48504  -10.987  -32.062  91.769 0.0000000000
48496  -10.468  -31.566  92.216 0.0000000000
48503  -10.258  -31.878  91.643 0.0000000000
111250  -9.544  -31.999  91.737 0.0000000000
60217  -36.584  -19.724  69.285 0.0000000000
55633  -33.669  -25.520  71.317 0.0000000000
47506  -26.140  -32.809  88.098 0.0000000000
45374  -26.044  -34.521  86.759 0.0000000000
44425  -25.696  -34.943  85.419 0.0000000000
52490  -29.454  -27.660  86.566 0.0000000000
110668  -29.734  -27.394  86.863 0.0000000000
51379  -28.231  -29.216  86.163 0.0000000000
49527  -27.755  -31.339  85.571 0.0000000000
44474  -27.390  -36.022  81.938 0.0000000000
45430  -27.389  -35.633  82.672 0.0000000000
43537  -27.165  -36.581  81.993 0.0000000000
43536  -27.157  -36.851  82.020 0.0000000000
42565  -26.527  -37.049  82.391 0.0000000000
42564  -26.084  -37.083  82.510 0.0000000000
42579  -26.061  -37.356  82.051 0.0000000000
126131  -25.771  -37.218  81.938 0.0000000000
112665  -49.550  -8.210  55.923 0.0000000000
57413  -8.735  -23.035  87.609 0.0000000000
109889  -9.674  -23.125  87.161 0.0000000000
131452  -10.682  -23.651  86.124 0.0000000000
57445  -11.182  -23.975  85.668 0.0000000000
124379  -12.947  -24.640  86.181 0.0000000000
54542  -13.552  -26.255  87.743 0.0000000000
52487  -12.322  -28.285  86.181 0.0000000000
52485  -10.334  -28.957  86.389 0.0000000000
68962  -47.087  -11.378  65.745 0.0000000000
123526  -46.787  -11.700  65.739 0.0000000000
68081  -46.973  -11.747  66.143 0.0000000000
120390  -43.730  -12.654  64.539 0.0000000000
67148  -44.754  -12.430  64.326 0.0000000000
68087  -46.059  -11.920  65.081 0.0000000000
127074  -16.497  -30.159  88.753 0.0000000000
48533  -16.008  -31.913  87.423 0.0000000000
48529  -15.769  -31.423  88.381 0.0000000000
114671  -14.932  -32.414  87.933 0.0000000000
46393  -14.428  -32.851  88.282 0.0000000000
45380  -14.396  -33.770  86.616 0.0000000000
45469  -21.838  -34.195  81.161 0.0000000000
45455  -21.231  -34.188  82.095 0.0000000000
126606  -20.446  -34.220  82.487 0.0000000000
45411  -18.668  -34.142  83.696 0.0000000000
126179  -17.248  -33.501  84.440 0.0000000000
119869  -14.182  -33.899  84.464 0.0000000000
128464  -8.042  -24.411  80.896 0.0000000000
56527  -8.448  -24.516  79.516 0.0000000000
55520  -8.150  -24.639  78.726 0.0000000000
55533  -8.500  -24.984  78.441 0.0000000000
56537  -9.115  -25.033  78.242 0.0000000000
121943  -9.711  -24.670  77.764 0.0000000000
55513  -13.284  -25.957  80.823 0.0000000000
52614  -13.357  -28.353  76.661 0.0000000000
53635  -13.641  -27.841  77.129 0.0000000000
53643  -13.646  -27.519  76.469 0.0000000000
55558  -13.312  -25.826  76.665 0.0000000000
55571  -13.378  -26.039  75.820 0.0000000000
123013  -13.395  -26.342  74.905 0.0000000000
53663  -13.473  -27.178  74.500 0.0000000000
52421  -15.272  -28.149  92.893 0.0000000000
53508  -15.892  -27.293  92.584 0.0000000000
52416  -14.846  -28.143  93.922 0.0000000000
128513  -14.390  -27.589  94.345 0.0000000000
53505  -12.605  -27.918  93.168 0.0000000000
54533  -13.443  -26.292  91.165 0.0000000000
53529  -12.686  -27.639  90.635 0.0000000000
53528  -11.720  -27.859  90.465 0.0000000000
53535  -8.579  -29.200  89.655 0.0000000000
53545  -9.153  -29.067  89.365 0.0000000000
53544  -8.696  -29.127  88.888 0.0000000000
52467  -8.954  -28.836  87.228 0.0000000000
52482  -7.552  -28.893  86.790 0.0000000000
49499  -3.903  -32.088  89.520 0.0000000000
120073  -4.183  -31.148  89.318 0.0000000000
50395  -4.381  -30.300  89.612 0.0000000000
50402  -4.173  -30.932  88.197 0.0000000000
50408  -4.306  -30.813  87.153 0.0000000000
51386  -4.715  -30.555  84.846 0.0000000000
50457  -33.921  -28.945  77.314 0.0000000000
50474  -34.207  -29.168  77.043 0.0000000000
50475  -34.533  -29.111  77.285 0.0000000000
51488  -35.281  -28.687  77.623 0.0000000000
52610  -35.941  -27.748  77.517 0.0000000000
53631  -36.019  -27.458  78.427 0.0000000000
53640  -36.218  -27.133  77.554 0.0000000000
129367  -37.490  -25.657  77.622 0.0000000000
52569  -30.984  -27.373  81.814 0.0000000000
130822  -31.123  -27.344  81.051 0.0000000000
51442  -32.188  -27.422  79.677 0.0000000000
51444  -33.526  -27.916  80.684 0.0000000000
114684  -33.343  -28.005  79.556 0.0000000000
51458  -32.727  -27.812  78.828 0.0000000000
51471  -34.041  -28.760  77.877 0.0000000000
52536  -33.714  -27.979  83.624 0.0000000000
52556  -35.001  -27.829  83.184 0.0000000000
52555  -34.313  -28.056  83.137 0.0000000000
109590  -32.987  -27.732  83.378 0.0000000000
52570  -31.479  -27.507  82.287 0.0000000000
73254  -48.564  -6.850  63.007 0.0000000000
68985  -45.449  -11.337  61.991 0.0000000000
68987  -44.184  -11.323  60.738 0.0000000000
69797  -44.564  -10.658  60.527 0.0000000000
65215  -39.696  -15.781  68.595 0.0000000000
65216  -40.130  -16.293  69.294 0.0000000000
60257  -34.308  -19.715  66.980 0.0000000000
61235  -34.097  -19.552  65.822 0.0000000000
62246  -35.299  -18.326  65.925 0.0000000000
63303  -37.425  -17.218  67.001 0.0000000000
64313  -37.571  -16.556  66.758 0.0000000000
58371  -4.821  -22.647  79.749 0.0000000000
52558  -9.472  -28.955  81.792 0.0000000000
51422  -9.699  -29.222  81.116 0.0000000000
51449  -7.800  -31.072  79.917 0.0000000000
50442  -6.406  -31.564  79.841 0.0000000000
111492  -5.885  -31.727  79.578 0.0000000000
50441  -5.578  -31.777  79.919 0.0000000000
47491  -14.545  -32.083  90.020 0.0000000000
47481  -14.237  -31.913  90.551 0.0000000000
47490  -14.076  -32.318  90.253 0.0000000000
47489  -13.613  -32.650  90.489 0.0000000000
46370  -12.974  -32.977  90.680 0.0000000000
46369  -12.287  -33.115  90.479 0.0000000000
46368  -11.556  -33.126  90.293 0.0000000000
59290  -36.109  -20.762  71.487 0.0000000000
124846  -34.948  -26.522  73.568 0.0000000000
53684  -34.754  -26.847  72.988 0.0000000000
54637  -34.308  -25.934  72.653 0.0000000000
109772  -33.885  -25.488  72.277 0.0000000000
56601  -33.676  -24.976  71.750 0.0000000000
116893  -33.522  -24.440  71.324 0.0000000000
51364  -27.184  -29.407  88.127 0.0000000000
50407  -27.233  -30.176  87.678 0.0000000000
49538  -27.663  -30.904  83.692 0.0000000000
118950  -27.615  -31.682  84.343 0.0000000000
49539  -27.555  -31.938  83.562 0.0000000000
121242  -27.604  -33.189  82.554 0.0000000000
45459  -27.585  -34.977  81.765 0.0000000000
122126  -27.597  -34.952  81.060 0.0000000000
45458  -27.453  -35.754  81.257 0.0000000000
44488  -27.186  -36.454  81.340 0.0000000000
43568  -26.961  -36.614  80.819 0.0000000000
111727  -26.560  -36.987  80.702 0.0000000000
42615  -26.139  -37.269  80.256 0.0000000000
71537  -48.766  -7.691  56.249 0.0000000000
72461  -49.747  -7.507  57.336 0.0000000000
72468  -49.593  -7.842  56.581 0.0000000000
71538  -50.185  -8.330  56.301 0.0000000000
117579  -52.279  -7.686  58.318 0.0000000000
57408  -11.856  -23.668  88.047 0.0000000000
56431  -13.109  -24.629  88.364 0.0000000000
112770  -45.365  -12.516  65.997 0.0000000000
68049  -46.144  -12.252  67.103 0.0000000000
67142  -38.766  -12.766  63.996 0.0000000000
68084  -42.804  -12.479  64.562 0.0000000000
68076  -42.603  -11.827  65.286 0.0000000000
131269  -16.939  -31.209  86.670 0.0000000000
127826  -19.629  -33.081  80.418 0.0000000000
46510  -19.092  -32.950  80.939 0.0000000000
46496  -18.845  -33.171  81.671 0.0000000000
45424  -16.797  -33.470  83.302 0.0000000000
57469  -5.359  -23.475  83.868 0.0000000000
111158  -6.039  -23.803  83.660 0.0000000000
56479  -6.584  -24.154  83.070 0.0000000000
56490  -7.639  -24.379  82.271 0.0000000000
56480  -7.834  -24.351  82.983 0.0000000000
115498  -8.248  -24.371  81.620 0.0000000000
56516  -9.431  -24.468  80.749 0.0000000000
130095  -12.906  -29.162  78.420 0.0000000000
51480  -12.326  -29.498  77.457 0.0000000000
51492  -12.357  -29.449  76.742 0.0000000000
124499  -12.684  -29.078  75.149 0.0000000000
58309  -15.787  -22.591  90.037 0.0000000000
113047  -15.550  -23.436  92.475 0.0000000000
57386  -15.207  -23.531  93.422 0.0000000000
50374  -12.608  -30.022  93.430 0.0000000000
112241  -13.311  -29.411  93.640 0.0000000000
51335  -12.493  -29.325  93.427 0.0000000000
110175  -11.582  -29.219  93.216 0.0000000000
52420  -11.447  -28.799  92.831 0.0000000000
51340  -10.202  -29.057  93.235 0.0000000000
52419  -10.477  -28.823  92.869 0.0000000000
53504  -10.886  -28.748  92.481 0.0000000000
53511  -11.376  -28.611  92.122 0.0000000000
53518  -10.828  -28.450  91.622 0.0000000000
111555  -11.206  -28.006  91.078 0.0000000000
53526  -9.690  -28.803  91.046 0.0000000000
53525  -8.856  -29.177  90.514 0.0000000000
53515  -8.449  -29.281  90.652 0.0000000000
53534  -7.871  -29.244  89.485 0.0000000000
51545  -34.375  -28.136  73.389 0.0000000000
52652  -34.737  -27.741  73.976 0.0000000000
50493  -34.531  -29.297  76.824 0.0000000000
51508  -34.927  -28.974  75.749 0.0000000000
52631  -35.828  -27.275  76.084 0.0000000000
123747  -35.454  -28.013  75.737 0.0000000000
51521  -35.144  -28.334  75.411 0.0000000000
52640  -35.240  -27.635  75.166 0.0000000000
52653  -35.056  -27.331  74.469 0.0000000000
53675  -35.178  -26.713  74.268 0.0000000000
54629  -35.160  -26.216  74.175 0.0000000000
56589  -35.307  -25.425  74.627 0.0000000000
56581  -35.518  -24.965  75.020 0.0000000000
56580  -35.016  -24.423  74.818 0.0000000000
57566  -35.293  -23.265  74.959 0.0000000000
52478  -30.749  -26.884  86.271 0.0000000000
52503  -30.003  -27.540  85.991 0.0000000000
112159  -28.784  -28.253  85.013 0.0000000000
52504  -32.024  -27.323  85.134 0.0000000000
52519  -31.813  -27.338  84.634 0.0000000000
52518  -30.716  -27.105  85.216 0.0000000000
113214  -28.118  -28.934  84.417 0.0000000000
49540  -27.613  -31.470  82.711 0.0000000000
48558  -27.615  -31.976  81.969 0.0000000000
131188  -27.576  -31.746  81.545 0.0000000000
71514  -46.161  -8.098  59.309 0.0000000000
71517  -46.205  -7.784  58.285 0.0000000000
68924  -42.070  -11.451  68.212 0.0000000000
66164  -40.879  -15.277  69.665 0.0000000000
113173  -23.775  -35.270  82.492 0.0000000000
44486  -23.052  -34.948  81.800 0.0000000000
121727  -22.794  -34.606  79.989 0.0000000000
113348  -22.543  -34.598  80.825 0.0000000000
45480  -21.503  -33.777  80.367 0.0000000000
46525  -19.677  -33.125  79.583 0.0000000000
55553  -5.433  -25.478  76.275 0.0000000000
55497  -12.843  -25.480  82.423 0.0000000000
55505  -13.298  -26.033  81.874 0.0000000000
54579  -13.538  -26.692  82.314 0.0000000000
52577  -13.337  -28.186  80.252 0.0000000000
52543  -12.161  -28.541  82.694 0.0000000000
52561  -12.561  -28.741  81.331 0.0000000000
109985  -12.296  -29.015  80.606 0.0000000000
51439  -12.149  -29.315  79.882 0.0000000000
51479  -10.236  -30.683  77.698 0.0000000000
49575  -9.280  -31.442  76.502 0.0000000000
52430  -16.391  -27.996  91.721 0.0000000000
114150  -16.163  -28.370  92.167 0.0000000000
51347  -16.054  -29.181  92.056 0.0000000000
51343  -15.693  -28.760  92.482 0.0000000000
51342  -15.107  -29.459  92.525 0.0000000000
51341  -14.265  -29.388  92.849 0.0000000000
132343  -13.747  -29.814  92.851 0.0000000000
48514  -14.056  -31.942  91.223 0.0000000000
48508  -14.113  -32.171  92.010 0.0000000000
48500  -13.811  -31.877  92.297 0.0000000000
49484  -13.232  -31.310  92.605 0.0000000000
49478  -12.696  -30.777  93.132 0.0000000000
124376  -12.018  -30.507  93.424 0.0000000000
124320  -10.088  -31.183  92.703 0.0000000000
49480  -9.763  -30.749  93.109 0.0000000000
115927  -9.254  -30.404  93.027 0.0000000000
50387  -8.579  -30.369  92.644 0.0000000000
61198  -38.133  -19.417  68.816 0.0000000000
114869  -37.199  -19.559  69.372 0.0000000000
52680  -34.005  -27.347  72.330 0.0000000000
132563  -34.560  -20.201  68.862 0.0000000000
59315  -35.196  -20.148  69.041 0.0000000000
60244  -36.899  -19.442  68.513 0.0000000000
46383  -25.221  -33.283  88.008 0.0000000000
45372  -24.913  -34.071  86.385 0.0000000000
45386  -24.352  -33.896  85.716 0.0000000000
53553  -29.666  -26.866  87.698 0.0000000000
52476  -29.216  -27.685  86.911 0.0000000000
53562  -29.424  -27.426  87.193 0.0000000000
52475  -28.727  -28.075  87.219 0.0000000000
50412  -27.556  -30.093  87.172 0.0000000000
49511  -27.157  -31.588  87.065 0.0000000000
123181  -27.504  -32.404  84.288 0.0000000000
126241  -27.590  -32.119  84.820 0.0000000000
48549  -27.635  -32.117  85.333 0.0000000000
124569  -27.430  -35.079  83.355 0.0000000000
46455  -27.534  -33.924  84.773 0.0000000000
118315  -27.572  -32.715  85.574 0.0000000000
47538  -27.533  -33.136  85.804 0.0000000000
46416  -27.250  -33.237  86.418 0.0000000000
46415  -27.038  -33.480  86.625 0.0000000000
45387  -26.858  -34.740  86.189 0.0000000000
44436  -26.080  -35.315  84.778 0.0000000000
110155  -25.820  -36.587  83.126 0.0000000000
43511  -25.621  -36.192  83.354 0.0000000000
43500  -25.281  -35.676  84.060 0.0000000000
43510  -25.027  -35.800  83.498 0.0000000000
43523  -24.616  -35.623  83.013 0.0000000000
43535  -24.553  -35.683  82.441 0.0000000000
44487  -23.785  -35.394  81.122 0.0000000000
70653  -51.719  -9.151  55.881 0.0000000000
69820  -52.154  -9.318  55.885 0.0000000000
70645  -52.965  -9.295  55.938 0.0000000000
69827  -52.282  -9.215  54.941 0.0000000000
71556  -53.017  -8.116  54.329 0.0000000000
109831  -8.415  -23.413  86.030 0.0000000000
56470  -10.834  -24.284  84.092 0.0000000000
55484  -13.043  -25.428  84.192 0.0000000000
56460  -11.792  -24.381  85.155 0.0000000000
56472  -12.402  -24.917  84.676 0.0000000000
54569  -13.499  -26.621  84.065 0.0000000000
52514  -13.188  -27.583  83.990 0.0000000000
55472  -13.587  -25.827  86.357 0.0000000000
52513  -12.757  -28.037  84.042 0.0000000000
52512  -12.023  -28.464  84.084 0.0000000000
109894  -11.105  -28.522  84.003 0.0000000000
109895  -10.193  -28.520  83.885 0.0000000000
109896  -9.331  -28.589  83.866 0.0000000000
69780  -47.195  -10.435  64.742 0.0000000000
69774  -47.572  -10.204  65.291 0.0000000000
68916  -43.253  -11.378  69.539 0.0000000000
124979  -39.203  -18.683  68.880 0.0000000000
66220  -41.651  -13.464  62.663 0.0000000000
67168  -42.319  -13.309  62.594 0.0000000000
66234  -42.114  -13.470  61.994 0.0000000000
67176  -42.809  -12.979  61.460 0.0000000000
67177  -43.556  -12.697  62.164 0.0000000000
68096  -44.413  -12.419  62.755 0.0000000000
68097  -45.132  -11.986  63.288 0.0000000000
67160  -45.357  -12.073  64.064 0.0000000000
68974  -45.813  -11.758  63.614 0.0000000000
68975  -46.346  -11.586  63.970 0.0000000000
50393  -15.835  -30.391  90.547 0.0000000000
49497  -15.482  -30.956  90.251 0.0000000000
48520  -15.146  -31.379  90.004 0.0000000000
49500  -15.904  -30.943  89.110 0.0000000000
47492  -14.869  -31.761  89.817 0.0000000000
125583  -14.269  -32.304  89.718 0.0000000000
46392  -14.110  -33.061  88.745 0.0000000000
44460  -22.773  -34.843  83.101 0.0000000000
44447  -22.145  -34.682  83.794 0.0000000000
44459  -21.804  -34.675  83.520 0.0000000000
44446  -21.494  -34.713  84.109 0.0000000000
45414  -21.063  -34.669  84.437 0.0000000000
45440  -20.123  -34.493  82.868 0.0000000000
45413  -20.641  -34.792  84.126 0.0000000000
46445  -21.103  -34.342  84.913 0.0000000000
46444  -20.609  -34.113  85.024 0.0000000000
120043  -20.436  -33.582  85.245 0.0000000000
125434  -16.866  -32.423  85.502 0.0000000000
46426  -16.369  -32.863  85.819 0.0000000000
45382  -15.323  -33.414  86.015 0.0000000000
126370  -15.884  -33.496  84.583 0.0000000000
46439  -13.753  -34.162  86.010 0.0000000000
57516  -5.019  -23.463  79.495 0.0000000000
57483  -5.629  -23.595  82.990 0.0000000000
123752  -5.457  -23.502  82.148 0.0000000000
130576  -5.838  -23.668  81.639 0.0000000000
56501  -6.315  -23.763  80.909 0.0000000000
57507  -5.601  -23.585  80.200 0.0000000000
57517  -5.759  -23.987  79.377 0.0000000000
56524  -6.064  -24.499  79.003 0.0000000000
55543  -7.228  -25.004  77.598 0.0000000000
55544  -7.937  -25.158  77.772 0.0000000000
56569  -9.565  -24.891  74.968 0.0000000000
56507  -11.095  -24.616  81.819 0.0000000000
56518  -10.934  -24.580  81.013 0.0000000000
56530  -11.171  -24.673  79.758 0.0000000000
53626  -13.732  -27.326  78.868 0.0000000000
54597  -13.657  -26.306  78.859 0.0000000000
55535  -12.353  -25.238  78.835 0.0000000000
56539  -10.838  -24.582  78.998 0.0000000000
109976  -10.597  -24.591  78.119 0.0000000000
56549  -11.197  -24.688  77.574 0.0000000000
56548  -10.448  -24.593  77.214 0.0000000000
56560  -12.141  -24.928  76.447 0.0000000000
56558  -10.479  -24.642  76.193 0.0000000000
56570  -10.211  -24.713  75.390 0.0000000000
56578  -10.531  -24.794  74.711 0.0000000000
55584  -10.920  -24.876  73.897 0.0000000000
55598  -12.622  -25.147  73.419 0.0000000000
55599  -13.246  -25.679  73.299 0.0000000000
130295  -16.825  -26.203  91.506 0.0000000000
55447  -16.484  -25.634  91.927 0.0000000000
55445  -15.934  -25.165  92.747 0.0000000000
56415  -15.387  -24.424  93.491 0.0000000000
57383  -14.941  -23.908  94.127 0.0000000000
53501  -14.219  -26.836  94.332 0.0000000000
56412  -14.320  -23.979  94.444 0.0000000000
57381  -13.852  -23.355  94.380 0.0000000000
57385  -13.332  -23.447  94.083 0.0000000000
56416  -12.942  -23.459  93.583 0.0000000000
130041  -13.437  -24.730  93.307 0.0000000000
56419  -12.601  -23.690  92.478 0.0000000000
54534  -13.383  -26.525  90.178 0.0000000000
123619  -13.480  -25.910  89.513 0.0000000000
52454  -12.204  -27.904  88.161 0.0000000000
52436  -10.960  -28.149  90.489 0.0000000000
129315  -11.407  -28.040  89.926 0.0000000000
52441  -9.923  -28.890  89.555 0.0000000000
52443  -11.427  -28.220  89.240 0.0000000000
52453  -11.449  -28.347  88.446 0.0000000000
52470  -11.631  -28.429  87.670 0.0000000000
118885  -11.022  -28.877  87.079 0.0000000000
52496  -9.715  -28.726  85.761 0.0000000000
123992  -8.896  -28.599  86.598 0.0000000000
52495  -8.843  -28.474  85.958 0.0000000000
52522  -6.852  -29.145  83.680 0.0000000000
50385  -7.639  -30.637  91.642 0.0000000000
50384  -7.423  -30.162  91.155 0.0000000000
48518  -4.849  -31.870  90.087 0.0000000000
125572  -6.430  -30.988  90.712 0.0000000000
126122  -6.776  -30.535  90.787 0.0000000000
51349  -6.933  -29.796  90.626 0.0000000000
52432  -6.253  -28.928  89.761 0.0000000000
52439  -6.153  -28.892  88.910 0.0000000000
52449  -6.103  -28.872  88.170 0.0000000000
52464  -5.829  -29.054  87.485 0.0000000000
51374  -4.708  -30.156  86.782 0.0000000000
52463  -5.429  -29.471  87.059 0.0000000000
52480  -5.876  -29.056  86.764 0.0000000000
112876  -6.223  -28.965  86.075 0.0000000000
110874  -5.996  -29.239  85.368 0.0000000000
126482  -5.867  -29.541  84.730 0.0000000000
52506  -6.068  -29.500  83.991 0.0000000000
51396  -6.317  -29.633  83.164 0.0000000000
51406  -5.808  -30.046  82.696 0.0000000000
122242  -5.433  -30.366  82.345 0.0000000000
129733  -4.914  -31.642  81.259 0.0000000000
43502  -26.383  -35.709  84.121 0.0000000000
43513  -26.595  -36.079  83.568 0.0000000000
43526  -26.469  -36.611  82.957 0.0000000000
43527  -26.761  -36.677  82.674 0.0000000000
43528  -27.093  -36.398  82.576 0.0000000000
43552  -26.995  -36.882  81.767 0.0000000000
43553  -27.008  -36.736  81.314 0.0000000000
44415  -24.842  -34.336  85.755 0.0000000000
44417  -25.839  -34.751  86.151 0.0000000000
44426  -26.349  -35.056  85.610 0.0000000000
44427  -26.953  -35.025  85.496 0.0000000000
44434  -24.871  -35.212  84.548 0.0000000000
44438  -27.052  -35.215  84.704 0.0000000000
45366  -26.311  -34.035  87.134 0.0000000000
45367  -26.759  -33.725  86.851 0.0000000000
45373  -25.428  -34.306  86.633 0.0000000000
45375  -26.606  -34.346  86.665 0.0000000000
45376  -27.000  -34.146  86.511 0.0000000000
45402  -27.251  -34.744  85.413 0.0000000000
45415  -27.267  -35.539  83.383 0.0000000000
45416  -27.439  -34.507  84.697 0.0000000000
45431  -27.439  -34.483  84.106 0.0000000000
45443  -27.490  -35.551  82.060 0.0000000000
45470  -27.480  -35.029  80.423 0.0000000000
46364  -12.298  -32.906  90.927 0.0000000000
46384  -25.491  -33.452  87.867 0.0000000000
46385  -26.035  -33.288  87.901 0.0000000000
46386  -26.344  -33.049  87.708 0.0000000000
46397  -25.252  -33.696  87.526 0.0000000000
46398  -25.883  -33.741  87.563 0.0000000000
46432  -27.491  -33.468  86.046 0.0000000000
46483  -27.570  -34.154  82.341 0.0000000000
47507  -26.518  -32.772  87.586 0.0000000000
47517  -26.792  -32.830  87.120 0.0000000000
47518  -26.986  -32.923  86.789 0.0000000000
47528  -27.450  -32.905  86.142 0.0000000000
47546  -27.561  -33.357  85.305 0.0000000000
47548  -27.517  -33.396  84.750 0.0000000000
47574  -27.557  -33.620  81.029 0.0000000000
48532  -26.956  -32.317  87.020 0.0000000000
48535  -27.222  -32.272  86.695 0.0000000000
48536  -27.436  -32.475  86.277 0.0000000000
48554  -27.547  -32.755  84.953 0.0000000000
49476  -10.900  -30.790  93.015 0.0000000000
49505  -26.543  -31.693  87.954 0.0000000000
49509  -26.321  -30.922  88.422 0.0000000000
49516  -27.263  -30.792  87.262 0.0000000000
49517  -27.447  -30.987  86.869 0.0000000000
49534  -27.756  -31.017  84.543 0.0000000000
49543  -27.633  -31.267  81.867 0.0000000000
50377  -8.508  -29.530  92.345 0.0000000000
50382  -14.150  -30.272  92.523 0.0000000000
50383  -15.292  -30.193  92.296 0.0000000000
50418  -27.934  -30.280  85.800 0.0000000000
50440  -5.449  -32.042  79.403 0.0000000000
50467  -9.735  -31.191  77.091 0.0000000000
51352  -6.023  -29.363  90.354 0.0000000000
51371  -27.614  -29.503  87.503 0.0000000000
51415  -32.866  -27.507  82.492 0.0000000000
51509  -35.313  -28.636  76.031 0.0000000000
52422  -15.886  -27.968  92.529 0.0000000000
52491  -30.252  -27.236  86.323 0.0000000000
52575  -35.614  -27.492  81.382 0.0000000000
52582  -31.587  -27.282  80.439 0.0000000000
52599  -35.774  -27.530  78.808 0.0000000000
52609  -35.680  -28.286  77.368 0.0000000000
52688  -33.766  -27.189  71.616 0.0000000000
53556  -7.557  -29.003  88.112 0.0000000000
54548  -13.668  -26.489  86.900 0.0000000000
54583  -36.539  -25.895  79.949 0.0000000000
54595  -36.100  -26.296  79.990 0.0000000000
55462  -30.343  -25.446  87.901 0.0000000000
55532  -7.714  -24.886  78.150 0.0000000000
56504  -8.741  -24.395  81.048 0.0000000000
56512  -6.404  -23.948  79.728 0.0000000000
57382  -14.525  -23.338  94.130 0.0000000000
57493  -5.344  -23.407  81.287 0.0000000000
58362  -5.098  -22.243  81.600 0.0000000000
58382  -4.644  -22.788  78.992 0.0000000000
66207  -38.408  -13.405  63.742 0.0000000000
70654  -52.488  -9.279  55.690 0.0000000000
109713  -34.671  -27.916  82.462 0.0000000000
110184  -14.726  -32.707  87.846 0.0000000000
110343  -33.065  -27.866  84.065 0.0000000000
111251  -27.329  -33.809  86.292 0.0000000000
114078  -11.785  -29.887  93.454 0.0000000000
114469  -34.627  -28.545  78.466 0.0000000000
115307  -35.557  -27.462  83.160 0.0000000000
116214  -27.636  -32.086  85.923 0.0000000000
117261  -9.614  -28.793  91.607 0.0000000000
119559  -27.565  -33.600  85.659 0.0000000000
121012  -13.435  -27.185  84.292 0.0000000000
121130  -8.187  -29.213  89.035 0.0000000000
122649  -15.476  -26.961  93.175 0.0000000000
122723  -27.558  -32.688  85.877 0.0000000000
123849  -5.607  -25.297  76.890 0.0000000000
126033  -7.419  -24.289  80.616 0.0000000000
128859  -27.282  -35.123  84.275 0.0000000000
128892  -27.251  -32.808  86.476 0.0000000000
129117  -27.346  -34.703  85.022 0.0000000000
129949  -12.793  -28.793  80.746 0.0000000000
130021  -27.503  -34.332  85.189 0.0000000000
130622  -34.461  -28.508  78.731 0.0000000000
131632  -28.003  -28.253  83.223 0.0000000000
131715  -32.724  -27.644  79.631 0.0000000000
132118  -5.204  -23.334  83.313 0.0000000000
132449  -27.492  -35.385  80.805 0.0000000000
132657  -29.464  -27.774  84.605 0.0000000000
