#!ascii label  , from subject sub-v1s8x0051338_ses-1 vox2ras=TkReg
894
17862  -34.070  -66.859  7.380 0.5000000000
116045  -33.082  -66.554  8.504 0.8000000119
17842  -32.536  -66.509  10.140 0.8000000119
17853  -32.602  -66.674  9.181 0.8000000119
17051  -35.019  -67.147  6.512 0.5000000000
17858  -33.534  -66.758  7.910 0.5000000000
118772  -33.554  -66.013  8.240 0.6000000238
18626  -33.139  -65.996  11.701 0.6999999881
18639  -32.915  -65.869  10.580 0.6999999881
17854  -33.078  -65.883  8.919 0.8000000119
18664  -33.581  -65.269  8.566 0.6999999881
17867  -36.788  -66.519  6.243 0.6000000238
17863  -34.735  -66.565  6.839 0.5000000000
18667  -34.883  -65.743  7.111 0.6000000238
113154  -32.591  -65.955  13.780 0.6999999881
18665  -34.176  -65.488  7.884 0.6000000238
19522  -35.024  -64.995  7.476 0.6000000238
112052  -33.061  -66.036  12.843 0.6999999881
17818  -32.651  -66.824  12.249 0.6999999881
18654  -33.161  -65.115  10.052 0.6999999881
19520  -35.076  -64.228  7.989 0.6000000238
18662  -33.255  -65.149  9.256 0.8000000119
126354  -34.062  -64.109  8.517 0.8000000119
18671  -37.306  -65.905  6.396 0.4000000060
18668  -36.179  -65.445  6.911 0.6000000238
127800  -32.827  -65.229  13.974 0.6999999881
20401  -36.551  -64.168  7.542 0.6000000238
19493  -33.588  -64.501  13.127 0.6999999881
18627  -33.477  -65.138  12.283 0.6999999881
18640  -33.361  -65.177  11.053 0.6999999881
19508  -33.487  -64.396  10.384 0.6999999881
19514  -33.450  -64.426  9.531 0.6000000238
114681  -35.471  -63.384  8.089 0.6999999881
116618  -36.266  -62.132  8.253 0.5000000000
20384  -33.950  -63.013  10.147 0.6000000238
20392  -34.047  -63.120  9.316 0.6000000238
126664  -34.725  -62.484  8.745 0.6000000238
22319  -35.388  -61.679  8.516 0.6000000238
22318  -34.747  -61.583  8.899 0.6000000238
116771  -36.615  -60.941  8.445 0.5000000000
120476  -38.823  -65.440  6.923 0.4000000060
18669  -37.899  -65.430  6.701 0.5000000000
18600  -31.755  -65.166  14.467 0.6999999881
19524  -37.995  -64.881  6.980 0.6000000238
20402  -37.941  -64.337  7.325 0.6000000238
128870  -33.761  -64.301  12.255 0.6999999881
20397  -36.737  -63.524  7.777 0.6000000238
20373  -33.983  -62.956  11.041 0.6999999881
21376  -37.059  -62.948  8.071 0.5000000000
22321  -37.458  -62.147  8.228 0.6000000238
20372  -33.778  -63.677  10.698 0.6999999881
21372  -34.157  -62.376  9.641 0.6000000238
22320  -36.151  -61.476  8.400 0.5000000000
23162  -38.859  -61.233  8.239 0.5000000000
122560  -34.914  -60.991  8.748 0.5000000000
19485  -29.397  -64.356  13.622 0.6000000238
20351  -30.317  -63.361  14.303 0.6000000238
19521  -38.788  -65.079  7.498 0.5000000000
19517  -39.177  -64.557  7.986 0.5000000000
121489  -30.568  -64.292  14.397 0.6999999881
18599  -30.845  -65.192  14.476 0.6999999881
19525  -38.734  -64.921  7.280 0.5000000000
20400  -39.245  -64.309  7.841 0.5000000000
20395  -40.114  -63.428  8.569 0.4000000060
19472  -33.004  -64.089  14.272 0.6999999881
20399  -39.003  -64.341  7.505 0.5000000000
20361  -33.555  -63.737  13.769 0.6999999881
20366  -33.923  -63.696  12.721 0.6999999881
21378  -39.315  -63.854  7.758 0.5000000000
21352  -34.185  -62.236  11.400 0.6999999881
21363  -34.091  -62.283  10.473 0.6000000238
22323  -39.902  -62.391  8.006 0.5000000000
23157  -34.548  -60.999  9.294 0.6000000238
22322  -38.817  -62.231  8.071 0.5000000000
119493  -34.574  -60.125  9.421 0.5000000000
23160  -34.785  -60.249  8.811 0.5000000000
113688  -36.110  -60.013  8.464 0.5000000000
113975  -38.941  -60.156  8.263 0.5000000000
23161  -37.038  -60.373  8.462 0.5000000000
23969  -40.677  -60.120  8.061 0.3000000119
21365  -38.917  -62.615  9.814 0.3000000119
19492  -28.792  -63.805  12.804 0.6000000238
20360  -29.500  -63.407  13.625 0.6000000238
20394  -39.443  -64.002  8.440 0.4000000060
21373  -39.566  -63.424  9.150 0.4000000060
122365  -31.913  -63.141  14.484 0.6000000238
111144  -39.815  -63.859  8.115 0.5000000000
20353  -32.949  -63.247  14.385 0.6999999881
117517  -39.673  -63.247  7.898 0.5000000000
22324  -40.896  -62.257  8.050 0.5000000000
22295  -34.259  -61.544  10.816 0.5000000000
23164  -40.904  -61.254  7.911 0.4000000060
23163  -39.925  -61.320  8.115 0.3000000119
23165  -41.762  -60.927  7.765 0.4000000060
23967  -37.877  -59.303  8.418 0.5000000000
23968  -39.588  -59.571  8.263 0.4000000060
20364  -28.565  -63.021  12.225 0.6000000238
21335  -29.365  -62.651  13.307 0.6000000238
21336  -29.843  -62.571  13.934 0.6000000238
21323  -30.562  -62.468  14.340 0.6000000238
21324  -31.397  -62.406  14.479 0.6000000238
126991  -40.835  -62.469  9.273 0.3000000119
115087  -40.377  -63.033  8.340 0.4000000060
21326  -33.218  -62.342  14.302 0.6000000238
22315  -41.489  -62.391  8.847 0.3000000119
21337  -33.780  -62.217  13.797 0.6000000238
21346  -34.268  -62.184  12.416 0.6999999881
23159  -42.398  -61.457  8.634 0.3000000119
21374  -41.304  -62.424  8.369 0.3000000119
22282  -34.316  -61.440  12.754 0.6000000238
111230  -42.619  -60.753  8.665 0.3000000119
126992  -42.295  -61.669  8.133 0.3000000119
23132  -34.404  -60.651  12.160 0.5000000000
22289  -34.344  -61.505  11.781 0.5000000000
23148  -34.420  -60.669  10.265 0.5000000000
23971  -42.624  -59.731  8.054 0.3000000119
129824  -42.295  -61.363  7.921 0.3000000119
24744  -34.855  -59.074  8.774 0.5000000000
23970  -41.737  -59.737  7.883 0.3000000119
23961  -34.632  -59.419  9.746 0.5000000000
126911  -38.747  -59.250  8.354 0.4000000060
128695  -40.350  -58.961  8.196 0.3000000119
21344  -28.996  -62.292  12.538 0.5000000000
22279  -29.506  -61.927  13.373 0.6000000238
22280  -30.194  -61.664  14.045 0.5000000000
21325  -32.357  -62.397  14.463 0.6000000238
23113  -33.060  -60.845  14.358 0.5000000000
24740  -42.666  -59.134  9.197 0.3000000119
22281  -33.954  -61.477  13.540 0.6000000238
122384  -43.120  -58.382  8.600 0.3000000119
24741  -43.024  -59.171  8.332 0.3000000119
118575  -34.544  -59.809  10.507 0.5000000000
24738  -35.387  -58.393  9.210 0.5000000000
116816  -38.291  -58.634  8.524 0.4000000060
25549  -38.735  -58.060  8.709 0.4000000060
118896  -29.712  -61.043  13.369 0.5000000000
23123  -30.344  -60.722  13.892 0.5000000000
22268  -30.913  -61.141  14.340 0.5000000000
114901  -30.911  -61.843  14.415 0.5000000000
23111  -31.538  -60.809  14.467 0.5000000000
117145  -41.832  -57.159  10.140 0.3000000119
25532  -42.274  -58.154  9.647 0.3000000119
23124  -33.615  -60.791  13.874 0.6000000238
121172  -34.271  -59.912  12.816 0.6000000238
118394  -34.418  -59.832  11.994 0.5000000000
125954  -35.144  -58.431  9.702 0.5000000000
24748  -41.387  -58.700  8.079 0.4000000060
25542  -40.184  -57.464  8.764 0.4000000060
125594  -30.446  -60.030  13.772 0.5000000000
23110  -31.012  -60.265  14.259 0.5000000000
23909  -32.164  -59.478  14.556 0.5000000000
26398  -41.198  -56.973  11.148 0.4000000060
26411  -41.512  -56.233  10.548 0.4000000060
120129  -32.621  -60.142  14.474 0.5000000000
122036  -33.257  -60.079  14.168 0.5000000000
121414  -42.246  -56.412  9.683 0.4000000060
25543  -42.673  -57.412  9.121 0.3000000119
23923  -33.389  -59.278  13.923 0.4000000060
25544  -43.671  -57.639  8.170 0.3000000119
122147  -33.750  -59.999  13.553 0.5000000000
23936  -34.320  -59.158  12.406 0.4000000060
24719  -34.823  -58.646  11.030 0.4000000060
25541  -39.252  -57.378  9.182 0.4000000060
23922  -30.154  -59.459  13.485 0.5000000000
23907  -30.747  -59.466  13.979 0.5000000000
122233  -31.727  -58.917  14.490 0.5000000000
27298  -40.632  -55.686  11.515 0.4000000060
23910  -32.868  -59.386  14.383 0.5000000000
24681  -33.086  -58.578  14.290 0.4000000060
28214  -41.443  -54.686  10.347 0.4000000060
28222  -42.156  -54.800  9.580 0.4000000060
24698  -33.638  -58.460  13.721 0.4000000060
24699  -34.222  -58.453  12.992 0.4000000060
27309  -42.598  -55.692  9.142 0.4000000060
24711  -34.587  -58.532  12.023 0.4000000060
25516  -34.962  -57.998  11.663 0.4000000060
25529  -35.765  -57.658  10.736 0.4000000060
25538  -36.334  -57.981  9.399 0.4000000060
25531  -37.078  -57.428  9.910 0.4000000060
26419  -39.926  -56.726  9.272 0.4000000060
26425  -41.407  -56.876  8.099 0.4000000060
26420  -40.610  -56.798  8.689 0.4000000060
24697  -30.432  -58.731  13.723 0.5000000000
24678  -31.077  -58.780  14.225 0.4000000060
28201  -40.212  -54.554  11.465 0.4000000060
28202  -40.868  -54.575  10.976 0.4000000060
24679  -31.603  -58.109  14.525 0.5000000000
24680  -32.592  -57.950  14.577 0.4000000060
118115  -42.453  -54.126  8.996 0.4000000060
25506  -34.638  -57.728  12.725 0.4000000060
25517  -35.518  -57.557  11.442 0.4000000060
26426  -42.357  -56.932  7.474 0.3000000119
26417  -38.439  -56.930  9.631 0.4000000060
116094  -30.685  -57.968  14.121 0.4000000060
25473  -31.968  -57.307  14.894 0.5000000000
25474  -32.819  -57.307  14.767 0.4000000060
29167  -41.039  -53.951  10.507 0.4000000060
25476  -34.045  -57.164  14.252 0.4000000060
25475  -33.415  -57.710  14.299 0.4000000060
26372  -34.653  -57.005  13.679 0.4000000060
25493  -34.071  -57.753  13.620 0.4000000060
26384  -35.076  -57.033  12.960 0.4000000060
26394  -35.873  -57.032  12.022 0.4000000060
25518  -36.274  -57.044  11.297 0.4000000060
26409  -37.736  -56.675  10.187 0.4000000060
27314  -41.768  -56.029  7.658 0.4000000060
26418  -39.122  -56.455  9.642 0.4000000060
123661  -40.990  -56.209  8.511 0.4000000060
112520  -31.007  -57.195  14.588 0.4000000060
26354  -32.486  -56.695  15.073 0.4000000060
26355  -33.430  -56.765  14.754 0.4000000060
115886  -34.987  -56.302  14.021 0.4000000060
26373  -35.292  -56.446  13.465 0.4000000060
26386  -36.375  -56.407  12.128 0.4000000060
27318  -43.045  -56.162  6.978 0.4000000060
27284  -37.247  -55.464  11.468 0.4000000060
115074  -37.992  -55.941  10.579 0.4000000060
27296  -37.704  -55.318  10.876 0.4000000060
26410  -38.459  -56.138  10.089 0.4000000060
122983  -39.861  -55.261  9.292 0.4000000060
26341  -32.935  -56.084  15.258 0.4000000060
26342  -33.671  -55.890  15.040 0.4000000060
27260  -34.885  -55.613  14.305 0.4000000060
28188  -35.952  -54.815  13.142 0.4000000060
27272  -35.728  -55.728  13.358 0.4000000060
28189  -36.484  -54.796  12.502 0.4000000060
27273  -36.256  -55.673  12.736 0.4000000060
27283  -36.769  -55.588  12.092 0.4000000060
28213  -37.848  -54.403  10.571 0.4000000060
28229  -41.596  -54.927  7.588 0.3000000119
28227  -39.968  -54.400  8.777 0.4000000060
27313  -40.770  -55.307  8.541 0.4000000060
27227  -32.455  -55.486  15.353 0.4000000060
28157  -33.974  -54.677  15.018 0.4000000060
124083  -33.563  -54.172  15.178 0.4000000060
28158  -34.613  -54.725  14.489 0.4000000060
28176  -35.355  -54.929  13.875 0.4000000060
28199  -36.910  -54.747  11.852 0.4000000060
28200  -37.337  -54.621  11.222 0.4000000060
28236  -43.679  -55.503  6.172 0.4000000060
128992  -42.565  -55.505  6.936 0.3000000119
28220  -38.566  -54.494  9.986 0.4000000060
28228  -40.676  -54.242  8.039 0.5000000000
28234  -41.366  -54.019  7.254 0.4000000060
29175  -39.360  -53.793  8.929 0.5000000000
113405  -33.677  -53.167  14.779 0.4000000060
30098  -34.326  -53.001  14.214 0.4000000060
29116  -34.837  -53.914  14.045 0.4000000060
29131  -34.940  -53.124  13.465 0.4000000060
29132  -35.453  -53.937  13.322 0.4000000060
29174  -38.671  -53.705  9.451 0.4000000060
29185  -40.537  -53.555  7.527 0.5000000000
30097  -33.555  -52.358  14.563 0.4000000060
30110  -34.209  -52.258  13.984 0.4000000060
30121  -34.814  -52.449  12.898 0.4000000060
29183  -38.962  -53.115  8.656 0.4000000060
29184  -39.839  -53.460  8.169 0.5000000000
31047  -33.109  -51.449  14.526 0.4000000060
31058  -33.870  -51.619  13.935 0.4000000060
31070  -34.395  -51.822  12.374 0.4000000060
30170  -39.131  -52.763  7.701 0.5000000000
32912  -33.143  -49.669  13.285 0.4000000060
31973  -33.467  -50.806  13.886 0.4000000060
31983  -33.515  -50.298  13.211 0.4000000060
31069  -33.977  -51.137  13.030 0.4000000060
31994  -33.667  -50.559  12.505 0.4000000060
113906  -34.025  -51.351  10.539 0.5000000000
31972  -33.033  -50.059  13.846 0.4000000060
24745  -35.191  -58.825  8.759 0.5000000000
25547  -36.893  -58.181  8.795 0.5000000000
25550  -39.677  -58.098  8.523 0.4000000060
17049  -34.366  -67.304  6.975 0.5000000000
17024  -32.393  -67.271  9.847 0.8000000119
113615  -32.499  -67.106  10.592 0.8000000119
17008  -32.290  -67.734  12.272 0.6999999881
17052  -36.101  -67.305  6.276 0.5000000000
16995  -32.240  -67.335  13.161 0.6999999881
17053  -37.767  -66.938  5.823 0.5000000000
17811  -31.964  -66.879  13.933 0.6999999881
18670  -38.835  -65.858  6.705 0.4000000060
17868  -38.204  -66.312  6.007 0.4000000060
18601  -32.368  -65.450  14.233 0.6999999881
20350  -29.899  -64.038  14.140 0.6999999881
18666  -38.440  -65.870  7.475 0.4000000060
19516  -37.993  -64.940  8.693 0.4000000060
19484  -28.738  -64.779  13.143 0.6000000238
21364  -38.131  -63.212  9.808 0.4000000060
20371  -28.192  -63.048  11.518 0.6000000238
21343  -28.463  -62.406  11.647 0.5000000000
22294  -28.761  -61.613  11.821 0.5000000000
23131  -29.403  -60.414  12.597 0.5000000000
23921  -29.645  -59.538  12.941 0.4000000060
25492  -30.091  -57.970  13.442 0.4000000060
26371  -30.242  -57.038  13.855 0.4000000060
26352  -30.639  -56.313  14.425 0.4000000060
27226  -31.701  -55.535  15.159 0.4000000060
29093  -32.874  -54.005  15.485 0.4000000060
29092  -32.105  -53.460  15.578 0.4000000060
30077  -32.040  -52.599  15.496 0.4000000060
132602  -31.934  -51.922  15.295 0.4000000060
32911  -32.592  -49.306  13.780 0.4000000060
17036  -32.389  -67.524  9.077 0.8000000119
18653  -32.780  -65.810  9.672 0.8000000119
17864  -35.813  -66.127  6.619 0.5000000000
17828  -32.744  -66.632  11.092 0.6999999881
19499  -33.657  -64.394  11.368 0.6999999881
19523  -36.420  -64.811  7.270 0.6000000238
20396  -34.427  -63.485  8.600 0.6999999881
20398  -38.038  -63.867  7.529 0.6000000238
21375  -35.843  -62.639  8.182 0.6000000238
20352  -32.313  -63.927  14.436 0.6999999881
120446  -38.866  -63.041  7.777 0.5000000000
127219  -31.060  -63.029  14.476 0.6000000238
20393  -38.357  -64.319  9.038 0.5000000000
21366  -40.050  -62.765  9.382 0.3000000119
23966  -35.967  -59.184  8.568 0.5000000000
22269  -31.722  -61.583  14.490 0.6000000238
23953  -34.674  -59.176  10.531 0.5000000000
110493  -36.850  -58.836  8.556 0.5000000000
128379  -37.118  -57.748  9.167 0.4000000060
25537  -35.673  -58.052  9.981 0.4000000060
25551  -40.680  -58.089  8.307 0.4000000060
26395  -36.917  -56.269  11.497 0.4000000060
26353  -31.496  -56.389  14.975 0.4000000060
27297  -38.308  -55.282  10.384 0.4000000060
31082  -33.890  -51.156  11.786 0.4000000060
132581  -27.434  -78.541  9.030 0.4000000060
115039  -27.971  -78.570  8.957 0.4000000060
8203  -30.268  -78.673  9.550 0.4000000060
8902  -31.306  -78.654  9.458 0.4000000060
117155  -29.163  -78.266  10.275 0.4000000060
8884  -30.753  -78.185  10.232 0.4000000060
8885  -31.782  -77.955  9.991 0.4000000060
9621  -32.098  -77.177  10.298 0.4000000060
10310  -32.775  -76.675  8.712 0.5000000000
8883  -29.921  -78.023  10.658 0.4000000060
9620  -31.381  -77.510  10.652 0.4000000060
10288  -32.117  -76.364  10.463 0.5000000000
11003  -32.379  -75.843  9.157 0.5000000000
11735  -30.711  -74.855  6.858 0.6000000238
9606  -29.751  -77.487  11.880 0.4000000060
9608  -31.087  -77.083  11.272 0.4000000060
10287  -31.751  -76.157  10.958 0.4000000060
11011  -31.783  -75.181  7.539 0.5000000000
17865  -38.693  -66.253  6.354 0.3000000119
17861  -38.647  -66.297  6.982 0.4000000060
20385  -37.149  -64.520  9.761 0.3000000119
11019  -31.384  -75.323  6.235 0.5000000000
15521  -35.578  -69.419  7.070 0.5000000000
111028  -38.410  -67.452  5.772 0.4000000060
11686  -30.271  -74.884  11.934 0.4000000060
10986  -31.776  -75.465  10.395 0.5000000000
11726  -31.242  -74.796  8.402 0.5000000000
10274  -30.406  -76.094  12.319 0.4000000060
10280  -30.732  -76.602  11.772 0.4000000060
11746  -30.718  -74.853  6.078 0.6000000238
11752  -31.163  -74.933  5.725 0.6000000238
13249  -31.481  -72.352  6.890 0.6999999881
16290  -35.241  -68.630  6.788 0.5000000000
13259  -32.125  -73.188  6.427 0.6999999881
13966  -33.906  -71.339  8.089 0.6999999881
112114  -32.587  -72.268  7.225 0.6999999881
131013  -33.344  -70.906  7.913 0.6999999881
11708  -31.214  -74.744  9.647 0.5000000000
11734  -29.849  -74.600  7.545 0.6000000238
11745  -29.839  -74.481  6.598 0.6000000238
13257  -30.217  -73.069  6.521 0.6000000238
11695  -30.326  -74.613  11.005 0.4000000060
11707  -30.220  -74.525  9.818 0.5000000000
11744  -29.018  -74.319  6.910 0.6000000238
128818  -30.213  -73.872  6.246 0.6000000238
131984  -30.803  -72.702  6.627 0.6000000238
13258  -31.004  -73.445  6.306 0.6000000238
124858  -32.730  -70.612  7.736 0.6999999881
128836  -34.413  -68.427  7.068 0.6000000238
16295  -34.910  -67.849  6.622 0.5000000000
11723  -27.822  -74.682  9.034 0.6000000238
13228  -27.854  -73.703  8.196 0.6000000238
13235  -28.465  -72.945  7.806 0.6999999881
13246  -28.666  -73.139  7.152 0.6000000238
12481  -28.863  -73.617  6.705 0.6000000238
113535  -30.863  -71.286  7.583 0.6000000238
11706  -29.578  -74.528  10.353 0.5000000000
119023  -29.406  -74.533  8.517 0.6000000238
124274  -31.484  -70.957  7.566 0.6000000238
111708  -32.793  -69.870  7.714 0.6999999881
15519  -33.268  -69.253  7.570 0.6999999881
122759  -33.676  -68.539  7.378 0.6999999881
13229  -28.417  -72.866  8.744 0.6000000238
13960  -29.247  -72.267  8.415 0.6999999881
14762  -30.713  -70.971  7.961 0.6000000238
17043  -33.667  -67.391  7.511 0.5000000000
15517  -31.905  -69.733  7.983 0.6999999881
15518  -32.477  -69.367  7.775 0.6999999881
14741  -31.342  -70.230  10.206 0.6999999881
16273  -31.941  -69.043  9.706 0.6999999881
14750  -30.836  -70.931  9.716 0.6999999881
14751  -31.281  -70.200  9.219 0.6000000238
15510  -31.588  -69.463  8.978 0.5000000000
14755  -30.761  -70.878  8.627 0.6999999881
16281  -32.877  -67.519  8.229 0.5000000000
14763  -31.397  -70.532  7.853 0.6000000238
129983  -32.595  -68.284  8.215 0.6999999881
16288  -32.865  -68.513  7.774 0.6000000238
16266  -32.146  -68.609  10.546 0.6999999881
119890  -32.358  -67.786  10.555 0.6999999881
16260  -32.234  -68.161  11.399 0.6999999881
16297  -37.117  -67.812  5.986 0.5000000000
127604  -32.343  -68.176  8.671 0.6000000238
112211  -28.491  -78.436  9.637 0.4000000060
10301  -32.424  -76.595  9.750 0.4000000060
9597  -30.134  -76.799  12.239 0.4000000060
113676  -31.700  -76.833  10.907 0.4000000060
11696  -31.048  -74.895  10.669 0.4000000060
120321  -30.794  -75.218  11.505 0.4000000060
15520  -34.397  -69.221  7.398 0.6999999881
11750  -29.210  -74.124  6.585 0.6000000238
13974  -30.122  -71.864  7.551 0.6000000238
11732  -28.305  -74.401  8.167 0.6999999881
11743  -28.492  -74.159  7.278 0.6000000238
13973  -29.276  -72.413  7.583 0.6000000238
14756  -31.387  -70.139  8.372 0.6000000238
15503  -31.609  -69.683  9.726 0.6000000238
13951  -29.310  -72.178  9.530 0.5000000000
126392  -28.509  -74.543  11.095 0.4000000060
13217  -27.655  -73.402  9.165 0.5000000000
13937  -30.296  -71.212  11.509 0.6000000238
11704  -26.575  -74.647  9.976 0.5000000000
11722  -27.058  -74.431  9.234 0.5000000000
122948  -29.691  -71.684  11.255 0.5000000000
13920  -29.581  -71.378  12.020 0.5000000000
13218  -28.468  -72.568  9.837 0.5000000000
14740  -30.847  -70.807  10.796 0.6000000238
15492  -31.557  -69.551  11.535 0.5000000000
118661  -31.550  -69.216  12.224 0.6999999881
15482  -31.172  -69.453  12.862 0.6000000238
17007  -31.888  -68.104  13.103 0.6000000238
11693  -27.369  -74.632  11.143 0.5000000000
12450  -26.334  -74.274  9.559 0.5000000000
124920  -27.342  -72.597  10.693 0.5000000000
13919  -28.755  -71.459  12.182 0.5000000000
121815  -28.898  -71.925  11.415 0.5000000000
16247  -31.928  -68.504  12.245 0.6000000238
14693  -29.828  -70.145  13.181 0.6000000238
15458  -30.918  -69.134  13.477 0.5000000000
16994  -31.727  -67.651  13.702 0.6000000238
11703  -25.857  -74.459  10.092 0.5000000000
111152  -25.975  -73.860  9.791 0.5000000000
13934  -27.062  -72.095  11.352 0.5000000000
13918  -27.826  -71.302  12.108 0.5000000000
14692  -29.029  -70.242  13.147 0.5000000000
15457  -30.210  -69.383  13.585 0.5000000000
16987  -31.325  -67.578  14.195 0.6000000238
11683  -25.798  -74.565  11.358 0.5000000000
13215  -25.430  -73.589  10.221 0.5000000000
13933  -26.049  -71.878  10.899 0.5000000000
14726  -26.389  -70.803  11.628 0.5000000000
129264  -26.645  -69.997  12.050 0.6000000238
14710  -27.310  -70.550  12.249 0.4000000060
16244  -26.523  -68.308  12.121 0.4000000060
15479  -27.305  -69.608  12.480 0.5000000000
15480  -28.040  -69.143  12.922 0.5000000000
131796  -27.987  -70.667  12.473 0.4000000060
17004  -26.717  -67.362  12.141 0.4000000060
17006  -27.663  -67.404  12.773 0.5000000000
16246  -27.930  -68.252  12.958 0.5000000000
16993  -29.376  -67.967  14.020 0.6000000238
16203  -30.179  -68.090  14.294 0.6000000238
17799  -31.251  -66.821  14.411 0.6000000238
120795  -30.969  -66.042  14.521 0.6000000238
16245  -27.242  -68.743  12.539 0.5000000000
17816  -27.444  -66.479  12.435 0.5000000000
113275  -28.102  -66.813  13.068 0.5000000000
16992  -28.534  -67.562  13.466 0.5000000000
17827  -27.207  -65.664  11.867 0.4000000060
116640  -27.701  -65.686  12.421 0.5000000000
129307  -29.280  -65.968  13.885 0.6000000238
116066  -29.214  -67.221  13.984 0.6000000238
18598  -30.042  -65.796  14.302 0.6000000238
17817  -28.174  -66.084  12.919 0.5000000000
20370  -27.790  -63.508  11.140 0.3000000119
19497  -27.668  -64.267  11.618 0.4000000060
18638  -27.188  -64.923  11.393 0.4000000060
18624  -27.618  -65.004  12.100 0.5000000000
18614  -29.362  -65.228  13.768 0.5000000000
19468  -29.979  -64.815  14.210 0.6000000238
24710  -29.578  -58.864  12.496 0.3000000119
23138  -28.933  -60.204  11.759 0.3000000119
132545  -28.997  -60.905  11.984 0.4000000060
22293  -28.232  -61.774  11.063 0.4000000060
25491  -29.752  -57.257  12.946 0.3000000119
27242  -30.955  -55.545  14.761 0.3000000119
118040  -30.194  -56.167  13.796 0.3000000119
28155  -30.667  -54.773  14.385 0.3000000119
28156  -31.349  -54.697  15.079 0.3000000119
123632  -31.542  -53.875  15.321 0.3000000119
29114  -31.438  -53.144  15.267 0.3000000119
30095  -31.386  -52.314  15.090 0.3000000119
31046  -32.275  -51.354  14.949 0.3000000119
19498  -28.103  -63.634  11.978 0.5000000000
114955  -29.716  -58.107  12.701 0.3000000119
16259  -31.907  -68.920  11.420 0.5000000000
13216  -26.823  -73.617  9.696 0.5000000000
15456  -29.408  -69.498  13.493 0.5000000000
16985  -29.875  -67.362  14.330 0.6000000238
15528  -36.487  -68.763  6.245 0.3000000119
14757  -34.525  -70.832  8.095 0.6000000238
14766  -34.909  -70.133  7.686 0.6000000238
17037  -37.558  -67.693  8.994 0.3000000119
17045  -37.981  -67.672  7.778 0.3000000119
16291  -38.632  -67.863  6.415 0.3000000119
17050  -38.595  -66.921  6.435 0.3000000119
126896  -38.732  -67.304  5.912 0.3000000119
17054  -38.657  -66.782  5.933 0.3000000119
14758  -35.367  -70.836  8.012 0.6000000238
14767  -35.925  -70.195  7.423 0.5000000000
17026  -37.612  -67.441  9.945 0.3000000119
17044  -37.397  -67.220  8.678 0.3000000119
124175  -37.953  -67.070  7.669 0.3000000119
17860  -37.640  -66.688  8.190 0.3000000119
16298  -38.686  -67.960  5.892 0.3000000119
116545  -37.990  -68.400  5.772 0.3000000119
15522  -36.590  -69.628  6.643 0.4000000060
11694  -29.520  -74.521  11.296 0.4000000060
17025  -37.102  -67.086  9.563 0.3000000119
17843  -36.810  -66.501  9.858 0.3000000119
17855  -37.056  -66.819  9.153 0.3000000119
8216  -31.857  -79.479  8.406 0.5000000000
8218  -33.210  -78.827  8.249 0.5000000000
8919  -29.671  -78.901  8.882 0.4000000060
8215  -30.585  -79.080  8.906 0.4000000060
130569  -31.356  -79.154  8.839 0.4000000060
10320  -32.723  -76.240  5.848 0.5000000000
10317  -33.351  -77.375  6.909 0.5000000000
8921  -32.815  -78.437  8.852 0.5000000000
8922  -33.308  -78.299  8.285 0.5000000000
8903  -32.163  -78.353  9.421 0.4000000060
12483  -34.269  -73.359  7.132 0.6000000238
11753  -33.166  -74.531  5.605 0.6000000238
11758  -32.524  -75.244  5.492 0.5000000000
10316  -32.871  -76.498  6.534 0.5000000000
9631  -32.548  -77.582  9.461 0.3000000119
10311  -33.184  -77.066  7.741 0.5000000000
13251  -34.736  -72.881  7.794 0.6000000238
12482  -33.303  -73.035  6.847 0.6000000238
12491  -32.328  -74.634  5.544 0.6000000238
11012  -32.343  -75.678  6.960 0.4000000060
11020  -32.056  -75.792  5.971 0.5000000000
13968  -35.756  -71.501  8.276 0.6000000238
16299  -38.696  -68.740  5.896 0.3000000119
14768  -36.884  -70.288  7.097 0.4000000060
13250  -33.553  -72.163  7.668 0.6000000238
11024  -31.481  -75.246  5.803 0.4000000060
16292  -38.842  -68.603  6.200 0.3000000119
132402  -38.334  -68.150  7.474 0.3000000119
14776  -37.494  -69.783  6.280 0.3000000119
14759  -36.299  -70.856  7.870 0.5000000000
13236  -34.386  -72.174  8.046 0.6000000238
110127  -34.063  -72.719  7.539 0.6000000238
14769  -37.790  -70.425  6.652 0.3000000119
113634  -35.085  -73.555  7.484 0.5000000000
12472  -36.014  -72.785  8.300 0.5000000000
117086  -36.090  -72.064  8.443 0.5000000000
13238  -36.764  -72.322  8.479 0.4000000060
13969  -36.639  -71.525  8.264 0.5000000000
12485  -36.373  -74.059  7.847 0.5000000000
114573  -35.634  -74.297  7.246 0.5000000000
13239  -37.459  -72.631  8.491 0.4000000060
111139  -37.640  -71.698  8.213 0.4000000060
11759  -33.472  -75.289  5.510 0.5000000000
11747  -34.688  -74.048  6.670 0.5000000000
13978  -37.239  -70.947  7.641 0.4000000060
115366  -25.354  -81.299  3.187 0.3000000119
127557  -26.130  -81.817  2.979 0.3000000119
6937  -27.173  -81.894  3.020 0.3000000119
6939  -28.944  -81.254  3.315 0.3000000119
121222  -29.720  -81.880  3.357 0.4000000060
113777  -27.989  -80.955  3.399 0.3000000119
8270  -27.885  -79.900  3.869 0.3000000119
120502  -30.595  -82.204  3.370 0.4000000060
125330  -29.731  -81.007  3.492 0.4000000060
115765  -29.368  -80.511  3.603 0.3000000119
7581  -32.754  -81.339  3.713 0.4000000060
7568  -33.286  -80.920  3.751 0.4000000060
7578  -30.094  -80.593  3.709 0.4000000060
7564  -29.285  -79.990  3.914 0.4000000060
8265  -28.923  -79.550  4.419 0.4000000060
7550  -29.522  -79.867  4.514 0.4000000060
7571  -36.237  -79.748  4.808 0.3000000119
7569  -34.142  -80.710  3.894 0.4000000060
122960  -32.813  -80.766  4.362 0.4000000060
7553  -32.294  -80.723  5.306 0.4000000060
7552  -31.351  -80.621  5.055 0.4000000060
10324  -37.281  -77.157  6.731 0.3000000119
8968  -35.664  -79.379  4.639 0.4000000060
131862  -33.982  -79.391  4.875 0.4000000060
121540  -34.209  -79.944  4.359 0.4000000060
8252  -33.587  -79.952  5.109 0.4000000060
8240  -33.807  -79.465  5.940 0.4000000060
7543  -32.626  -80.427  6.267 0.4000000060
7542  -31.720  -80.528  6.127 0.4000000060
7541  -30.715  -80.264  5.812 0.4000000060
10323  -36.530  -76.673  6.097 0.4000000060
9668  -35.611  -77.690  4.881 0.4000000060
8946  -34.067  -78.612  6.006 0.4000000060
7532  -33.418  -79.684  6.826 0.4000000060
7529  -31.095  -80.196  6.852 0.4000000060
7530  -32.107  -80.311  7.060 0.4000000060
8238  -29.221  -79.507  6.101 0.4000000060
10327  -35.191  -76.930  5.201 0.4000000060
8958  -34.399  -78.038  5.236 0.4000000060
9658  -33.989  -77.685  5.853 0.4000000060
115094  -33.709  -79.100  6.895 0.4000000060
8232  -31.492  -79.905  7.713 0.4000000060
8233  -32.456  -79.807  7.796 0.4000000060
11031  -34.778  -76.162  5.458 0.4000000060
11030  -33.839  -76.072  5.478 0.4000000060
10321  -33.348  -77.086  6.141 0.4000000060
11025  -34.474  -75.350  5.658 0.4000000060
111207  -38.293  -72.464  8.425 0.3000000119
13970  -38.703  -71.626  7.885 0.3000000119
9650  -33.652  -78.144  6.723 0.4000000060
13979  -38.210  -71.035  7.170 0.3000000119
6940  -30.425  -81.261  3.495 0.4000000060
7579  -30.926  -80.962  3.635 0.4000000060
7566  -31.977  -80.947  4.354 0.4000000060
116281  -29.978  -80.244  4.048 0.4000000060
8961  -36.693  -78.700  5.099 0.4000000060
8266  -34.924  -80.136  4.473 0.4000000060
9660  -37.710  -78.057  6.308 0.3000000119
9669  -36.463  -77.917  5.065 0.4000000060
8253  -34.712  -79.326  4.638 0.4000000060
8241  -34.260  -78.812  5.117 0.4000000060
10328  -36.085  -77.114  5.290 0.4000000060
10326  -34.383  -76.798  5.402 0.4000000060
10325  -33.569  -76.730  5.686 0.4000000060
11756  -35.933  -75.090  6.737 0.4000000060
6323  -34.085  -82.070  3.897 0.3000000119
122724  -31.540  -83.225  3.644 0.3000000119
126619  -29.727  -83.193  3.322 0.3000000119
6320  -31.489  -82.387  3.483 0.3000000119
6944  -33.747  -81.807  3.679 0.3000000119
6942  -32.147  -81.762  3.651 0.3000000119
125873  -34.253  -81.418  3.860 0.3000000119
7582  -33.582  -81.335  3.664 0.3000000119
123513  -34.793  -80.830  4.346 0.3000000119
10318  -36.956  -76.262  7.020 0.3000000119
11021  -36.745  -75.403  7.210 0.3000000119
11748  -36.537  -74.676  7.481 0.3000000119
11736  -37.124  -74.174  8.082 0.3000000119
7556  -36.352  -80.236  5.173 0.3000000119
11027  -36.183  -75.884  6.450 0.3000000119
6941  -31.265  -81.535  3.504 0.4000000060
6943  -33.062  -81.841  3.621 0.3000000119
7531  -32.964  -80.070  7.056 0.4000000060
7544  -33.305  -80.123  6.201 0.4000000060
7551  -30.349  -80.238  4.721 0.4000000060
7554  -33.051  -80.450  5.315 0.4000000060
7565  -30.933  -80.633  4.022 0.4000000060
7567  -32.540  -81.061  3.831 0.4000000060
7570  -35.659  -80.311  4.689 0.3000000119
7577  -28.721  -80.223  3.638 0.3000000119
7580  -31.791  -81.195  3.765 0.4000000060
8217  -32.700  -79.197  8.405 0.5000000000
8234  -33.241  -79.401  7.647 0.4000000060
8251  -29.793  -79.883  5.457 0.4000000060
8264  -28.421  -79.502  4.230 0.4000000060
8899  -26.814  -78.541  9.005 0.4000000060
8901  -29.373  -78.541  9.549 0.4000000060
8920  -32.072  -78.928  8.965 0.4000000060
8935  -33.506  -78.663  7.679 0.4000000060
8959  -35.089  -78.422  4.753 0.4000000060
8960  -36.035  -78.492  4.686 0.4000000060
8969  -36.329  -79.152  4.805 0.4000000060
9607  -30.423  -77.224  11.607 0.4000000060
9618  -29.988  -77.696  11.270 0.4000000060
9619  -30.588  -77.612  10.940 0.4000000060
9641  -33.133  -77.652  8.544 0.5000000000
9642  -33.439  -77.880  7.733 0.5000000000
9659  -36.936  -77.502  5.744 0.4000000060
9666  -34.277  -77.343  5.448 0.4000000060
9667  -34.833  -77.519  5.087 0.4000000060
9670  -37.216  -78.315  5.572 0.3000000119
10281  -31.302  -76.414  11.363 0.4000000060
10322  -35.676  -76.355  5.676 0.3000000119
10974  -30.512  -75.525  12.093 0.4000000060
10980  -31.346  -75.655  11.186 0.4000000060
10987  -32.252  -75.836  9.910 0.5000000000
11002  -31.924  -75.210  9.413 0.5000000000
11026  -35.382  -75.550  5.954 0.4000000060
11028  -32.156  -75.573  5.733 0.5000000000
11029  -32.911  -75.910  5.591 0.4000000060
11682  -25.480  -74.506  10.664 0.5000000000
11692  -26.156  -74.714  10.775 0.5000000000
11705  -27.526  -74.772  9.949 0.5000000000
11724  -28.944  -74.608  9.296 0.6999999881
11725  -30.473  -74.545  8.837 0.5000000000
11733  -28.890  -74.411  7.597 0.6000000238
11751  -29.999  -74.330  6.379 0.6000000238
11754  -34.154  -74.570  5.887 0.5000000000
11755  -35.095  -74.764  6.268 0.4000000060
11757  -31.767  -75.099  5.580 0.6000000238
12449  -25.646  -74.049  9.924 0.5000000000
12465  -27.625  -74.228  8.492 0.6000000238
12471  -28.143  -73.962  7.779 0.6999999881
12473  -36.747  -73.338  8.312 0.4000000060
12474  -37.754  -73.431  8.401 0.3000000119
12480  -28.434  -73.788  7.110 0.6000000238
12484  -35.857  -73.550  7.906 0.5000000000
12486  -29.550  -73.668  6.452 0.6000000238
12487  -30.703  -74.492  5.999 0.6000000238
12488  -31.621  -74.314  5.758 0.6999999881
12489  -32.728  -73.862  5.891 0.6000000238
12490  -33.746  -73.844  6.229 0.6000000238
13204  -27.799  -72.773  10.195 0.5000000000
13227  -27.194  -74.105  8.985 0.5000000000
13234  -28.257  -73.534  7.554 0.6999999881
13237  -35.299  -72.292  8.270 0.6000000238
13247  -29.473  -72.760  6.858 0.6000000238
13248  -30.549  -72.152  7.011 0.6000000238
13252  -35.387  -73.039  7.996 0.5000000000
13935  -28.047  -71.944  11.524 0.5000000000
13936  -29.235  -72.070  10.574 0.5000000000
13952  -30.144  -71.584  10.395 0.5000000000
13961  -30.147  -71.646  9.123 0.6999999881
13965  -30.000  -71.595  8.093 0.6000000238
13967  -34.860  -71.510  8.216 0.6000000238
13975  -31.263  -71.577  7.300 0.6000000238
13976  -32.061  -71.327  7.400 0.6000000238
13977  -33.023  -71.444  7.696 0.6999999881
14711  -28.157  -70.075  12.767 0.4000000060
14712  -29.367  -70.852  12.706 0.5000000000
14713  -30.271  -70.655  12.437 0.5000000000
14727  -26.935  -71.350  11.718 0.4000000060
14728  -31.130  -70.005  12.217 0.6999999881
14729  -31.302  -70.134  11.188 0.5000000000
14764  -32.027  -70.237  7.592 0.6000000238
14765  -33.722  -70.239  7.904 0.6999999881
15481  -30.605  -69.846  13.050 0.6000000238
15512  -32.282  -68.895  8.234 0.6999999881
15529  -37.342  -69.158  6.052 0.3000000119
15530  -38.145  -69.187  5.854 0.3000000119
16204  -30.850  -68.084  14.282 0.6000000238
16222  -29.757  -68.755  13.919 0.6000000238
16223  -30.569  -68.687  14.017 0.5000000000
16224  -31.297  -68.344  13.810 0.5000000000
16265  -31.743  -69.465  10.614 0.6999999881
16274  -32.240  -68.172  9.591 0.6999999881
16280  -31.947  -68.798  8.870 0.6000000238
16289  -33.380  -67.970  7.580 0.6000000238
16296  -35.882  -68.103  6.294 0.5000000000
16986  -30.674  -67.476  14.409 0.6000000238
17005  -27.198  -68.008  12.536 0.5000000000
17016  -32.472  -67.371  11.359 0.6999999881
17798  -30.391  -66.697  14.439 0.6000000238
17800  -31.818  -66.027  14.352 0.6999999881
17809  -28.768  -66.558  13.610 0.6000000238
17810  -29.570  -66.610  14.176 0.6000000238
17812  -32.541  -66.627  13.265 0.6999999881
17826  -26.672  -66.402  11.660 0.4000000060
17859  -34.137  -66.239  7.589 0.5000000000
17866  -35.582  -66.729  6.465 0.5000000000
18613  -28.714  -65.640  13.381 0.5000000000
18615  -33.174  -65.276  13.394 0.6999999881
18625  -28.180  -65.269  12.716 0.6000000238
18637  -26.680  -65.571  11.204 0.4000000060
18663  -37.172  -66.287  8.955 0.3000000119
18672  -38.440  -65.967  6.304 0.4000000060
19469  -31.273  -64.583  14.499 0.6999999881
19470  -31.864  -64.451  14.489 0.6999999881
19471  -32.545  -64.735  14.307 0.6999999881
19486  -33.180  -64.621  13.891 0.6999999881
19491  -28.161  -64.440  12.385 0.5000000000
19518  -33.624  -64.538  8.836 0.8000000119
19519  -34.186  -64.753  8.228 0.6999999881
19526  -39.044  -64.558  7.534 0.5000000000
20365  -29.056  -63.039  12.879 0.6000000238
20367  -34.178  -62.953  12.074 0.6999999881
20383  -33.681  -63.708  9.809 0.6000000238
20391  -33.736  -63.832  9.044 0.6999999881
21338  -34.166  -62.052  13.201 0.6000000238
21345  -34.029  -62.847  13.203 0.6999999881
21377  -38.382  -63.406  7.738 0.5000000000
22270  -32.736  -61.608  14.432 0.5000000000
22271  -33.443  -61.560  14.145 0.6000000238
22288  -29.221  -61.369  12.616 0.5000000000
22305  -34.252  -61.619  9.942 0.6000000238
22314  -34.426  -61.812  9.306 0.5000000000
22316  -42.010  -62.040  8.435 0.3000000119
22317  -42.509  -61.076  8.171 0.3000000119
23112  -32.280  -60.868  14.504 0.5000000000
23122  -29.915  -60.204  13.359 0.5000000000
23125  -34.173  -60.713  13.194 0.6000000238
23139  -34.451  -60.204  11.244 0.5000000000
23150  -42.299  -60.802  9.408 0.3000000119
23158  -42.027  -61.812  9.173 0.3000000119
23908  -31.423  -59.516  14.374 0.5000000000
23924  -33.914  -59.187  13.253 0.4000000060
23935  -29.337  -59.573  12.138 0.3000000119
23943  -34.544  -59.315  11.375 0.5000000000
23962  -42.758  -60.050  8.912 0.3000000119
23963  -42.721  -60.084  8.273 0.3000000119
23964  -34.683  -59.446  8.937 0.5000000000
23965  -35.159  -59.555  8.615 0.5000000000
24696  -29.876  -58.771  13.174 0.5000000000
24720  -35.216  -58.163  10.632 0.4000000060
24730  -34.887  -58.741  10.072 0.5000000000
24737  -34.809  -58.778  9.140 0.5000000000
24739  -36.032  -58.510  8.842 0.5000000000
24746  -37.524  -58.561  8.586 0.5000000000
24747  -39.182  -58.722  8.388 0.4000000060
25507  -35.276  -57.359  12.272 0.4000000060
25530  -36.343  -57.500  10.332 0.4000000060
25539  -37.750  -57.387  9.468 0.4000000060
25540  -38.403  -57.577  9.187 0.4000000060
25548  -37.785  -58.022  8.887 0.5000000000
26340  -32.206  -56.063  15.220 0.4000000060
26356  -34.356  -56.357  14.481 0.4000000060
26385  -35.702  -56.554  12.723 0.4000000060
26396  -37.480  -56.112  10.943 0.4000000060
26408  -36.983  -56.836  10.708 0.4000000060
26421  -43.107  -56.660  8.617 0.3000000119
27228  -33.153  -55.381  15.374 0.4000000060
27243  -34.253  -55.418  14.800 0.4000000060
27261  -35.338  -55.838  13.869 0.4000000060
27286  -41.052  -56.121  11.202 0.4000000060
27299  -41.171  -55.380  10.910 0.4000000060
27306  -39.020  -55.428  9.786 0.4000000060
27307  -40.364  -56.069  9.115 0.4000000060
27308  -41.784  -55.510  10.050 0.4000000060
28136  -32.054  -54.300  15.500 0.3000000119
28137  -32.661  -54.811  15.467 0.4000000060
28138  -33.333  -54.712  15.345 0.4000000060
28221  -39.263  -54.481  9.436 0.5000000000
28241  -44.440  -54.883  5.807 0.4000000060
29094  -33.440  -53.634  15.120 0.4000000060
29115  -34.096  -53.880  14.715 0.4000000060
29166  -38.155  -53.835  10.073 0.4000000060
29191  -40.004  -53.016  7.215 0.5000000000
30078  -32.916  -53.016  15.290 0.4000000060
30096  -32.619  -52.102  15.076 0.4000000060
30111  -34.545  -52.552  13.584 0.4000000060
31059  -34.341  -51.965  13.310 0.4000000060
32927  -33.324  -49.818  12.472 0.4000000060
109959  -29.903  -78.383  10.077 0.4000000060
111217  -28.791  -78.665  8.869 0.4000000060
112226  -42.409  -60.587  7.933 0.3000000119
112865  -26.532  -69.200  12.088 0.6000000238
113045  -30.792  -83.271  3.423 0.3000000119
113382  -32.827  -76.290  7.647 0.4000000060
113815  -32.384  -58.729  14.526 0.4000000060
113974  -39.958  -60.446  8.182 0.3000000119
113976  -36.940  -59.633  8.486 0.5000000000
114791  -40.808  -62.843  8.672 0.3000000119
115675  -28.607  -74.643  10.121 0.4000000060
116741  -33.593  -62.904  14.008 0.6000000238
117094  -37.754  -61.164  8.328 0.5000000000
117126  -32.621  -50.615  14.464 0.4000000060
117796  -34.396  -60.926  11.237 0.5000000000
119525  -32.022  -54.974  15.329 0.4000000060
120083  -40.937  -57.430  8.372 0.4000000060
120275  -31.497  -68.831  13.026 0.6000000238
120411  -28.793  -74.450  12.297 0.4000000060
120544  -28.803  -68.691  13.503 0.6000000238
120822  -35.484  -60.653  8.547 0.5000000000
120870  -32.454  -49.864  14.273 0.4000000060
120887  -33.952  -63.675  11.670 0.6999999881
121088  -31.838  -60.181  14.532 0.5000000000
121321  -34.023  -67.920  7.156 0.6000000238
122058  -28.555  -70.803  12.634 0.5000000000
122996  -33.567  -80.411  4.251 0.4000000060
123169  -41.849  -61.884  7.962 0.3000000119
124330  -38.699  -68.596  7.170 0.3000000119
124358  -32.478  -75.727  8.162 0.5000000000
124613  -31.820  -69.384  8.455 0.6000000238
124799  -28.539  -72.318  10.675 0.5000000000
125513  -33.701  -55.219  15.176 0.4000000060
125537  -37.888  -60.270  8.366 0.5000000000
125879  -30.826  -70.600  11.671 0.5000000000
126314  -38.801  -64.549  7.259 0.6000000238
126513  -34.452  -81.720  4.172 0.3000000119
126939  -25.411  -74.176  10.237 0.5000000000
127324  -39.664  -55.981  9.496 0.4000000060
127458  -26.193  -73.012  10.327 0.5000000000
127594  -31.318  -63.819  14.489 0.6999999881
127743  -30.906  -75.940  11.765 0.4000000060
127749  -28.695  -69.558  13.243 0.5000000000
128996  -34.702  -81.276  4.305 0.3000000119
129219  -28.676  -74.049  6.792 0.6000000238
129466  -32.046  -75.258  8.607 0.5000000000
129646  -34.527  -60.017  9.959 0.5000000000
130096  -31.360  -65.617  14.485 0.6000000238
132482  -28.167  -72.330  11.000 0.5000000000
132738  -40.640  -55.069  11.351 0.4000000060
