#!ascii label  , from subject sub-v1s8x0051328_ses-1 vox2ras=TkReg
1073
51682  -10.227  -29.239  91.104 0.0000000000
60668  -32.771  -20.826  77.896 0.0000000000
131306  -30.724  -14.054  73.986 0.0000000000
61597  -24.484  -18.506  81.465 0.0000000000
71217  -40.236  -8.492  59.350 0.0000000000
69336  -34.162  -10.803  65.416 0.0000000000
61583  -33.729  -18.801  82.642 0.0000000000
60654  -28.448  -20.458  79.237 0.0000000000
76513  -43.192  -3.631  63.481 0.0000000000
145722  -43.858  2.675  61.722 0.0000000000
83797  -45.421  4.513  57.545 0.0000000000
69248  -34.497  -10.076  73.680 0.0000000000
132323  -31.483  -12.356  69.133 0.0000000000
69276  -37.344  -8.967  69.612 0.0000000000
147300  -40.389  -10.209  65.684 0.0000000000
60620  -18.044  -20.283  81.313 0.0000000000
49964  -7.440  -30.114  95.714 0.0000000000
64353  -30.907  -16.598  77.999 0.0000000000
68274  -33.163  -12.154  77.660 0.0000000000
60648  -20.711  -20.167  79.108 0.0000000000
61639  -24.355  -18.983  75.860 0.0000000000
80197  -44.015  -0.122  52.573 0.0000000000
81982  -48.558  2.417  54.446 0.0000000000
128782  -36.739  -8.877  61.993 0.0000000000
153768  -44.024  -8.684  61.848 0.0000000000
52742  -11.582  -27.721  87.741 0.0000000000
47361  -4.065  -34.570  94.991 0.0000000000
80099  -42.953  0.673  63.513 0.0000000000
69261  -36.224  -9.015  71.695 0.0000000000
57627  -15.489  -23.102  81.023 0.0000000000
150577  -8.809  -29.614  93.411 0.0000000000
61644  -32.752  -19.156  76.233 0.0000000000
62521  -32.477  -18.991  77.707 0.0000000000
60636  -22.214  -19.340  80.407 0.0000000000
61625  -22.310  -19.073  77.143 0.0000000000
128038  -24.687  -18.686  79.440 0.0000000000
151399  -30.540  -21.779  79.041 0.0000000000
60675  -28.629  -20.362  76.741 0.0000000000
59644  -30.810  -21.787  76.578 0.0000000000
59552  -23.376  -19.316  83.068 0.0000000000
144416  -21.456  -19.625  81.482 0.0000000000
79261  -38.675  -1.080  58.442 0.0000000000
80178  -42.097  0.821  53.799 0.0000000000
82898  -46.603  4.053  55.425 0.0000000000
68317  -32.889  -11.274  67.001 0.0000000000
70246  -35.241  -9.841  64.254 0.0000000000
138995  -41.786  -10.560  63.924 0.0000000000
56672  -13.922  -24.154  84.632 0.0000000000
56633  -13.231  -24.659  87.016 0.0000000000
133585  -12.659  -25.180  88.704 0.0000000000
52763  -12.010  -28.151  85.780 0.0000000000
48287  -5.249  -33.924  93.645 0.0000000000
60641  -32.825  -20.443  80.212 0.0000000000
63415  -32.933  -17.851  80.407 0.0000000000
64315  -33.686  -16.843  82.826 0.0000000000
61579  -26.982  -18.135  83.279 0.0000000000
61600  -27.923  -18.203  81.122 0.0000000000
60609  -29.830  -20.291  82.212 0.0000000000
142221  -31.146  -21.363  80.851 0.0000000000
136316  -42.288  -6.694  60.993 0.0000000000
76510  -40.554  -3.358  62.456 0.0000000000
79247  -41.028  0.396  61.237 0.0000000000
134850  -42.156  2.025  59.069 0.0000000000
81970  -43.133  3.231  56.489 0.0000000000
82876  -44.298  3.469  59.331 0.0000000000
67402  -32.593  -12.563  73.835 0.0000000000
67412  -31.403  -13.538  72.018 0.0000000000
69258  -32.931  -11.201  71.563 0.0000000000
69272  -33.650  -10.348  69.219 0.0000000000
131644  -35.636  -10.271  67.742 0.0000000000
69338  -36.701  -10.270  65.851 0.0000000000
129181  -38.480  -9.636  67.870 0.0000000000
150945  -16.055  -20.306  83.496 0.0000000000
140651  -14.723  -23.254  82.615 0.0000000000
79327  -49.421  -0.490  51.804 0.0000000000
50775  -6.114  -29.629  96.769 0.0000000000
63460  -31.458  -17.961  75.241 0.0000000000
65338  -29.920  -15.371  76.637 0.0000000000
65306  -31.867  -15.740  80.184 0.0000000000
66332  -30.745  -13.934  78.737 0.0000000000
66360  -31.762  -13.311  75.959 0.0000000000
68285  -33.949  -11.312  75.636 0.0000000000
61618  -27.158  -19.254  78.218 0.0000000000
60603  -20.654  -19.686  82.685 0.0000000000
147452  -18.744  -20.802  79.936 0.0000000000
81978  -44.640  2.818  54.551 0.0000000000
81055  -45.884  1.588  53.454 0.0000000000
79310  -48.249  -0.170  53.044 0.0000000000
81058  -50.125  1.114  53.412 0.0000000000
50835  -9.360  -30.445  88.788 0.0000000000
50014  -7.557  -31.252  91.301 0.0000000000
128022  -39.271  -8.779  60.757 0.0000000000
131801  -39.309  -9.483  64.183 0.0000000000
70278  -41.010  -9.710  62.343 0.0000000000
72068  -42.702  -8.182  60.472 0.0000000000
73813  -44.280  -6.148  62.432 0.0000000000
51704  -10.799  -28.773  89.584 0.0000000000
49157  -6.795  -31.819  93.617 0.0000000000
48268  -5.374  -32.537  95.684 0.0000000000
49125  -4.034  -32.082  96.504 0.0000000000
50815  -9.677  -29.325  92.392 0.0000000000
60677  -32.975  -20.825  76.932 0.0000000000
60687  -33.121  -20.170  76.689 0.0000000000
144709  -32.684  -19.934  78.228 0.0000000000
60638  -23.800  -18.938  81.011 0.0000000000
60652  -23.814  -18.931  80.081 0.0000000000
127606  -24.787  -18.477  80.454 0.0000000000
59618  -31.382  -22.060  78.174 0.0000000000
59630  -30.694  -21.937  77.587 0.0000000000
59631  -31.725  -21.869  77.142 0.0000000000
59645  -31.536  -21.718  76.107 0.0000000000
60586  -24.947  -18.551  83.463 0.0000000000
59535  -24.048  -18.917  83.804 0.0000000000
60605  -23.840  -18.879  82.599 0.0000000000
60624  -23.016  -19.235  81.577 0.0000000000
81042  -40.958  0.961  54.782 0.0000000000
65357  -29.590  -15.467  74.548 0.0000000000
151567  -29.773  -15.319  73.029 0.0000000000
69298  -33.603  -10.925  66.568 0.0000000000
68340  -32.942  -11.843  65.292 0.0000000000
137151  -34.797  -10.488  65.200 0.0000000000
138008  -13.336  -25.546  84.889 0.0000000000
56652  -13.648  -24.199  85.590 0.0000000000
54767  -12.897  -26.401  85.226 0.0000000000
54757  -12.660  -26.235  86.515 0.0000000000
53823  -12.550  -27.828  84.780 0.0000000000
60630  -33.645  -19.905  81.979 0.0000000000
62506  -33.651  -18.195  81.788 0.0000000000
154228  -33.878  -17.901  82.521 0.0000000000
61558  -28.684  -18.220  83.889 0.0000000000
61581  -28.748  -18.553  82.460 0.0000000000
60570  -30.403  -18.967  83.604 0.0000000000
131393  -33.044  -19.816  83.476 0.0000000000
153632  -31.824  -20.540  82.838 0.0000000000
59578  -32.776  -20.802  82.054 0.0000000000
59590  -31.974  -21.252  80.371 0.0000000000
74727  -42.170  -5.206  62.579 0.0000000000
75684  -41.333  -4.631  62.435 0.0000000000
76512  -42.244  -3.517  63.296 0.0000000000
81000  -43.060  1.703  62.649 0.0000000000
79234  -41.915  0.438  62.295 0.0000000000
81003  -42.480  1.570  61.391 0.0000000000
129948  -41.452  1.174  60.092 0.0000000000
81954  -43.112  2.408  59.984 0.0000000000
81959  -43.407  2.885  59.286 0.0000000000
81955  -43.878  2.959  60.108 0.0000000000
68292  -33.351  -11.558  73.931 0.0000000000
68299  -32.717  -11.852  72.210 0.0000000000
69253  -33.764  -10.460  72.502 0.0000000000
69267  -36.596  -8.953  70.989 0.0000000000
135075  -35.033  -9.473  70.041 0.0000000000
69274  -35.628  -9.861  69.224 0.0000000000
146880  -35.219  -10.246  68.477 0.0000000000
69284  -36.023  -10.033  68.512 0.0000000000
129182  -37.184  -9.654  67.890 0.0000000000
69286  -37.681  -9.421  68.402 0.0000000000
60581  -17.760  -19.553  82.747 0.0000000000
61554  -17.249  -19.394  84.233 0.0000000000
151520  -16.884  -19.946  82.583 0.0000000000
149046  -15.036  -22.986  82.260 0.0000000000
80208  -49.511  0.341  51.568 0.0000000000
128626  -49.413  1.692  51.487 0.0000000000
49949  -6.936  -29.931  96.445 0.0000000000
63443  -32.120  -18.318  76.798 0.0000000000
62543  -32.241  -18.569  75.255 0.0000000000
63441  -31.113  -17.549  76.221 0.0000000000
64362  -30.271  -16.549  76.396 0.0000000000
64352  -30.275  -16.003  77.356 0.0000000000
151501  -33.077  -16.850  81.240 0.0000000000
64336  -32.403  -16.864  80.061 0.0000000000
65296  -32.172  -15.329  81.023 0.0000000000
68263  -33.140  -12.428  78.832 0.0000000000
67345  -32.108  -13.243  79.701 0.0000000000
67364  -32.445  -13.117  77.801 0.0000000000
66344  -31.943  -13.439  77.413 0.0000000000
67375  -32.696  -12.485  76.664 0.0000000000
67384  -32.805  -12.332  75.890 0.0000000000
67376  -33.040  -12.058  76.424 0.0000000000
131070  -23.810  -19.047  76.673 0.0000000000
61601  -28.495  -19.340  80.407 0.0000000000
128369  -27.426  -18.921  79.208 0.0000000000
60653  -27.870  -19.805  78.800 0.0000000000
61643  -28.081  -19.980  76.134 0.0000000000
152391  -21.624  -19.948  83.316 0.0000000000
59601  -21.075  -19.845  80.038 0.0000000000
59584  -20.006  -20.086  80.422 0.0000000000
59599  -19.356  -20.673  79.580 0.0000000000
59598  -18.399  -21.265  79.144 0.0000000000
82892  -44.298  3.929  56.728 0.0000000000
81973  -43.532  3.035  55.612 0.0000000000
140661  -44.626  3.877  55.873 0.0000000000
82909  -48.098  3.255  54.847 0.0000000000
81980  -46.645  2.815  54.371 0.0000000000
81990  -47.139  2.106  53.939 0.0000000000
80189  -47.625  0.455  53.267 0.0000000000
152947  -48.437  1.145  53.743 0.0000000000
80190  -48.990  -0.022  53.128 0.0000000000
81049  -49.901  1.551  53.962 0.0000000000
67418  -31.524  -12.735  70.693 0.0000000000
66434  -30.527  -14.065  70.619 0.0000000000
71198  -37.385  -9.321  60.377 0.0000000000
71183  -37.619  -8.931  61.498 0.0000000000
69339  -39.304  -9.626  65.735 0.0000000000
69356  -37.434  -9.728  65.520 0.0000000000
127581  -40.202  -10.102  64.974 0.0000000000
70281  -43.089  -9.724  62.763 0.0000000000
70264  -41.798  -10.118  63.198 0.0000000000
70280  -42.458  -9.777  62.571 0.0000000000
70292  -41.516  -9.432  61.633 0.0000000000
71187  -43.025  -8.885  61.297 0.0000000000
129890  -43.783  -7.256  61.076 0.0000000000
73824  -44.548  -7.275  61.372 0.0000000000
53803  -11.989  -26.909  87.568 0.0000000000
52714  -11.684  -27.222  89.185 0.0000000000
53782  -11.456  -27.580  90.124 0.0000000000
128677  -11.153  -28.527  88.840 0.0000000000
50837  -10.526  -29.613  88.235 0.0000000000
50843  -10.796  -29.733  87.546 0.0000000000
49172  -6.330  -32.810  91.064 0.0000000000
50007  -7.502  -31.323  92.283 0.0000000000
49164  -6.224  -32.629  92.030 0.0000000000
47370  -4.447  -34.112  94.637 0.0000000000
48279  -5.092  -33.452  94.420 0.0000000000
48273  -4.763  -33.017  95.136 0.0000000000
48263  -4.989  -32.922  96.250 0.0000000000
48266  -4.325  -33.308  95.838 0.0000000000
60572  -31.454  -19.455  84.052 0.0000000000
78315  -43.540  -1.252  64.335 0.0000000000
79217  -43.020  -0.861  63.774 0.0000000000
152865  -43.823  0.412  64.277 0.0000000000
69254  -34.515  -9.473  72.779 0.0000000000
58589  -17.149  -21.493  80.088 0.0000000000
59546  -16.114  -21.300  81.715 0.0000000000
51661  -9.588  -28.401  95.147 0.0000000000
49973  -8.021  -29.752  94.858 0.0000000000
60699  -33.063  -19.764  76.043 0.0000000000
62527  -32.502  -18.808  76.870 0.0000000000
63429  -32.129  -18.014  78.318 0.0000000000
69228  -33.878  -11.112  76.797 0.0000000000
60649  -21.517  -19.803  79.394 0.0000000000
60663  -21.274  -19.926  78.426 0.0000000000
61614  -22.850  -19.378  78.852 0.0000000000
140317  -23.307  -19.145  78.195 0.0000000000
128131  -25.156  -18.999  77.859 0.0000000000
59616  -29.877  -21.415  79.083 0.0000000000
60666  -28.398  -20.426  78.392 0.0000000000
59629  -29.688  -21.399  78.050 0.0000000000
59643  -29.945  -21.460  77.022 0.0000000000
59659  -30.846  -21.669  75.493 0.0000000000
59534  -22.704  -19.691  83.555 0.0000000000
152964  -21.819  -19.863  82.699 0.0000000000
59550  -21.988  -19.799  82.461 0.0000000000
59586  -21.732  -19.454  81.012 0.0000000000
142453  -38.339  -2.105  60.080 0.0000000000
79309  -43.199  -0.032  52.821 0.0000000000
132529  -47.010  5.098  57.331 0.0000000000
83808  -46.146  4.576  56.179 0.0000000000
68312  -31.940  -11.829  68.456 0.0000000000
133417  -34.492  -10.370  62.723 0.0000000000
71159  -35.835  -9.058  63.305 0.0000000000
69342  -42.344  -10.571  65.476 0.0000000000
136427  -41.239  -10.975  64.711 0.0000000000
69361  -42.810  -10.482  64.951 0.0000000000
57592  -14.351  -22.842  85.452 0.0000000000
57586  -14.206  -22.809  86.344 0.0000000000
56603  -13.449  -23.770  87.845 0.0000000000
55657  -12.881  -25.097  87.450 0.0000000000
54745  -12.419  -26.396  87.140 0.0000000000
129593  -11.906  -27.811  86.435 0.0000000000
147024  -11.413  -29.329  86.366 0.0000000000
134813  -11.784  -29.057  85.519 0.0000000000
59605  -32.634  -20.732  79.403 0.0000000000
61619  -32.651  -19.659  79.051 0.0000000000
62509  -33.049  -18.614  80.447 0.0000000000
64330  -33.364  -17.331  81.420 0.0000000000
60607  -25.817  -18.132  82.891 0.0000000000
61598  -25.492  -17.977  81.125 0.0000000000
128595  -27.247  -17.952  82.325 0.0000000000
61590  -28.691  -19.153  81.219 0.0000000000
60627  -28.904  -20.145  80.898 0.0000000000
59537  -30.705  -20.455  82.905 0.0000000000
59553  -30.164  -20.864  81.867 0.0000000000
59587  -29.826  -21.039  80.714 0.0000000000
59603  -30.703  -21.646  79.560 0.0000000000
135074  -31.892  -21.362  79.650 0.0000000000
61556  -26.791  -18.308  84.143 0.0000000000
72067  -41.882  -7.943  60.051 0.0000000000
72074  -40.594  -7.985  59.191 0.0000000000
128776  -40.698  -6.304  61.309 0.0000000000
75693  -39.854  -4.801  62.094 0.0000000000
76520  -39.751  -3.682  62.121 0.0000000000
78328  -41.961  -0.903  63.303 0.0000000000
78338  -40.729  -1.065  62.307 0.0000000000
78336  -39.312  -1.900  61.276 0.0000000000
79246  -39.919  0.188  60.230 0.0000000000
80140  -40.518  0.963  58.667 0.0000000000
81027  -40.684  1.424  57.721 0.0000000000
81035  -41.368  2.056  56.350 0.0000000000
81963  -42.482  2.679  57.926 0.0000000000
82880  -43.549  3.396  57.931 0.0000000000
82887  -44.794  4.165  58.017 0.0000000000
82870  -45.631  4.023  60.755 0.0000000000
83791  -46.526  4.780  58.877 0.0000000000
66386  -31.605  -13.421  74.290 0.0000000000
66404  -30.884  -14.112  72.443 0.0000000000
67410  -31.937  -13.039  72.458 0.0000000000
68298  -32.231  -12.541  72.034 0.0000000000
68303  -31.968  -12.013  70.604 0.0000000000
69260  -34.320  -9.554  71.867 0.0000000000
69265  -33.356  -10.409  70.864 0.0000000000
133809  -32.663  -10.975  69.108 0.0000000000
147716  -33.361  -10.596  68.443 0.0000000000
69283  -33.683  -10.674  67.546 0.0000000000
69319  -34.329  -10.703  66.176 0.0000000000
132860  -35.085  -10.560  65.857 0.0000000000
69300  -36.150  -10.248  67.031 0.0000000000
69322  -37.551  -9.849  66.703 0.0000000000
127916  -40.228  -9.854  66.947 0.0000000000
151822  -40.531  -9.741  67.255 0.0000000000
69326  -41.388  -10.433  66.427 0.0000000000
59513  -15.681  -20.834  84.059 0.0000000000
59530  -15.821  -21.151  82.512 0.0000000000
58554  -15.337  -21.788  82.963 0.0000000000
143812  -14.829  -22.300  84.112 0.0000000000
57599  -14.332  -23.587  84.138 0.0000000000
64371  -29.605  -15.761  75.179 0.0000000000
66358  -30.095  -14.417  75.534 0.0000000000
62514  -32.677  -18.267  79.796 0.0000000000
130555  -32.251  -17.279  79.437 0.0000000000
64342  -30.901  -15.835  78.826 0.0000000000
65313  -30.745  -14.695  79.217 0.0000000000
138862  -30.429  -15.573  78.054 0.0000000000
65326  -30.232  -14.767  77.404 0.0000000000
66350  -30.771  -14.011  76.807 0.0000000000
66373  -31.497  -13.448  75.259 0.0000000000
67393  -32.179  -12.985  75.120 0.0000000000
68291  -32.976  -12.173  74.294 0.0000000000
132360  -34.062  -10.929  74.467 0.0000000000
69229  -34.312  -10.922  76.074 0.0000000000
148134  -34.988  -10.418  75.312 0.0000000000
61606  -25.703  -18.466  79.615 0.0000000000
128052  -26.514  -18.735  78.896 0.0000000000
61628  -25.780  -19.176  76.979 0.0000000000
60665  -27.874  -19.801  77.891 0.0000000000
61641  -26.626  -19.296  76.575 0.0000000000
60583  -19.964  -19.612  83.376 0.0000000000
60601  -18.498  -19.650  82.055 0.0000000000
59548  -21.069  -19.773  82.157 0.0000000000
59569  -19.690  -19.984  80.834 0.0000000000
59582  -18.652  -20.479  80.597 0.0000000000
59597  -17.558  -21.684  79.307 0.0000000000
81040  -42.331  2.106  55.027 0.0000000000
149217  -42.919  1.942  54.392 0.0000000000
81053  -43.973  1.413  53.525 0.0000000000
82907  -46.091  3.503  54.908 0.0000000000
81988  -45.291  2.247  53.854 0.0000000000
80198  -45.059  0.100  52.569 0.0000000000
80199  -46.141  0.031  52.639 0.0000000000
79318  -46.870  -0.626  52.355 0.0000000000
78427  -48.446  -1.171  51.794 0.0000000000
79320  -48.905  -0.609  52.442 0.0000000000
80201  -49.635  0.274  52.408 0.0000000000
50827  -9.715  -29.736  90.450 0.0000000000
50009  -8.903  -30.257  91.591 0.0000000000
50021  -8.234  -31.137  89.628 0.0000000000
66403  -30.158  -14.785  71.881 0.0000000000
128536  -39.274  -9.050  59.891 0.0000000000
69355  -36.416  -9.878  65.367 0.0000000000
70248  -37.175  -9.406  64.857 0.0000000000
71160  -37.846  -8.879  63.401 0.0000000000
69359  -40.697  -10.517  64.298 0.0000000000
70276  -39.726  -9.422  63.392 0.0000000000
71170  -38.797  -9.099  62.930 0.0000000000
71185  -39.516  -8.788  61.792 0.0000000000
71201  -40.498  -8.855  60.811 0.0000000000
71218  -40.782  -8.583  60.286 0.0000000000
72913  -42.666  -7.857  60.343 0.0000000000
73822  -43.147  -6.491  61.391 0.0000000000
75686  -43.523  -4.552  63.211 0.0000000000
52684  -10.882  -28.123  91.899 0.0000000000
53773  -11.314  -27.707  90.951 0.0000000000
51692  -10.694  -28.795  90.659 0.0000000000
50832  -9.823  -29.763  89.462 0.0000000000
50027  -9.737  -30.817  87.943 0.0000000000
50001  -8.644  -30.184  92.372 0.0000000000
49991  -7.809  -30.583  93.645 0.0000000000
49980  -6.892  -30.843  94.732 0.0000000000
48288  -5.635  -33.189  93.331 0.0000000000
49142  -5.959  -32.001  94.747 0.0000000000
49136  -6.360  -31.116  95.573 0.0000000000
49122  -5.963  -31.189  96.073 0.0000000000
49953  -4.671  -31.225  96.302 0.0000000000
133068  -3.482  -34.743  95.008 0.0000000000
48264  -3.391  -33.093  95.586 0.0000000000
51675  -10.502  -28.501  92.234 0.0000000000
139122  -9.848  -29.406  91.744 0.0000000000
60678  -32.968  -20.115  77.439 0.0000000000
128348  -32.191  -21.580  78.007 0.0000000000
59632  -32.476  -21.330  77.268 0.0000000000
60606  -24.668  -18.468  82.802 0.0000000000
150181  -24.330  -18.578  82.194 0.0000000000
60625  -23.707  -18.900  81.870 0.0000000000
81038  -40.295  1.179  55.508 0.0000000000
66370  -29.732  -15.019  74.358 0.0000000000
65366  -29.553  -15.586  73.741 0.0000000000
66384  -30.058  -14.772  73.670 0.0000000000
69318  -33.536  -11.126  65.752 0.0000000000
68329  -32.879  -11.504  66.100 0.0000000000
69335  -33.481  -11.387  64.992 0.0000000000
143115  -33.883  -11.002  64.525 0.0000000000
54776  -13.210  -26.294  84.452 0.0000000000
53824  -12.910  -27.104  84.504 0.0000000000
53817  -12.594  -27.115  85.420 0.0000000000
61591  -33.722  -19.201  82.384 0.0000000000
61592  -33.754  -18.673  82.325 0.0000000000
62493  -33.844  -18.470  82.676 0.0000000000
61559  -29.538  -18.381  84.141 0.0000000000
61570  -29.656  -18.767  83.312 0.0000000000
60592  -33.445  -19.545  83.156 0.0000000000
59557  -32.825  -20.544  82.740 0.0000000000
60611  -33.583  -19.748  82.623 0.0000000000
60629  -33.146  -20.540  81.584 0.0000000000
61546  -29.108  -18.203  85.062 0.0000000000
137296  -42.720  -4.417  63.080 0.0000000000
75685  -41.895  -4.305  62.973 0.0000000000
77386  -42.823  -2.468  63.636 0.0000000000
153304  -43.510  2.264  62.347 0.0000000000
148535  -42.582  1.328  62.272 0.0000000000
81004  -43.079  1.987  61.678 0.0000000000
81012  -42.860  1.944  60.687 0.0000000000
81949  -43.507  2.496  60.840 0.0000000000
81950  -44.220  3.174  61.031 0.0000000000
69247  -33.849  -10.669  73.431 0.0000000000
138643  -37.038  -8.972  70.249 0.0000000000
137704  -36.147  -9.251  70.048 0.0000000000
145195  -36.777  -9.143  69.621 0.0000000000
69275  -36.375  -9.483  69.144 0.0000000000
69285  -36.728  -9.541  68.461 0.0000000000
134940  -37.088  -9.136  69.025 0.0000000000
60600  -17.399  -20.030  81.987 0.0000000000
81066  -49.914  1.205  51.672 0.0000000000
81065  -49.474  0.891  51.327 0.0000000000
49957  -8.070  -29.361  95.977 0.0000000000
50783  -8.090  -28.885  96.654 0.0000000000
137520  -7.772  -28.766  97.033 0.0000000000
49956  -7.543  -29.707  96.182 0.0000000000
63428  -31.686  -17.718  77.622 0.0000000000
63442  -31.608  -17.831  76.766 0.0000000000
64363  -30.924  -17.098  77.114 0.0000000000
65297  -32.761  -16.050  81.546 0.0000000000
66311  -32.422  -14.749  81.950 0.0000000000
68273  -33.118  -12.416  78.093 0.0000000000
67356  -32.865  -12.798  78.265 0.0000000000
67365  -32.839  -12.592  77.511 0.0000000000
67374  -32.409  -12.969  77.015 0.0000000000
67366  -32.945  -12.221  77.073 0.0000000000
68280  -33.285  -11.814  77.000 0.0000000000
59615  -19.559  -20.917  77.877 0.0000000000
60662  -20.350  -20.430  77.880 0.0000000000
60639  -28.617  -20.367  80.068 0.0000000000
61608  -28.088  -19.670  79.630 0.0000000000
59600  -20.288  -20.214  79.820 0.0000000000
60647  -19.869  -20.646  78.822 0.0000000000
59614  -19.039  -21.073  78.466 0.0000000000
79316  -44.748  -0.720  52.292 0.0000000000
153484  -44.695  4.225  57.283 0.0000000000
82893  -45.169  4.407  56.590 0.0000000000
81981  -47.608  2.639  54.424 0.0000000000
81047  -48.067  1.835  54.048 0.0000000000
130264  -47.563  1.234  53.586 0.0000000000
81048  -49.037  1.509  54.023 0.0000000000
68306  -31.456  -12.515  69.927 0.0000000000
67417  -30.959  -13.246  70.226 0.0000000000
67420  -30.907  -13.131  69.231 0.0000000000
71168  -35.837  -9.130  62.420 0.0000000000
71181  -35.545  -9.671  61.953 0.0000000000
127578  -36.816  -9.142  61.200 0.0000000000
70294  -43.556  -9.120  62.222 0.0000000000
70293  -43.044  -9.284  61.970 0.0000000000
71188  -43.642  -8.732  61.383 0.0000000000
72058  -43.891  -8.188  61.017 0.0000000000
72059  -44.379  -8.012  61.289 0.0000000000
153728  -11.718  -27.255  88.308 0.0000000000
52729  -11.454  -27.938  88.616 0.0000000000
52728  -11.225  -28.446  87.976 0.0000000000
132675  -10.808  -29.047  88.372 0.0000000000
51733  -11.126  -29.159  87.342 0.0000000000
47362  -4.236  -33.362  95.031 0.0000000000
148601  -3.978  -33.683  94.931 0.0000000000
69250  -36.123  -8.948  72.782 0.0000000000
145511  -16.602  -22.093  80.178 0.0000000000
153993  -9.394  -29.003  93.790 0.0000000000
50801  -9.357  -28.789  94.419 0.0000000000
50795  -9.089  -28.797  95.228 0.0000000000
50794  -8.714  -29.291  94.638 0.0000000000
60686  -32.951  -20.598  76.002 0.0000000000
61645  -32.817  -19.462  76.965 0.0000000000
127813  -32.232  -18.433  77.635 0.0000000000
60650  -22.204  -19.489  79.541 0.0000000000
60664  -22.007  -19.456  78.715 0.0000000000
138400  -23.717  -18.911  78.965 0.0000000000
151667  -24.639  -18.847  78.586 0.0000000000
61615  -24.100  -19.097  77.784 0.0000000000
60667  -28.936  -21.065  78.754 0.0000000000
59658  -30.042  -21.433  75.975 0.0000000000
59660  -31.760  -21.635  75.201 0.0000000000
151933  -23.336  -19.323  83.652 0.0000000000
59551  -22.525  -19.675  82.731 0.0000000000
60623  -22.284  -19.349  81.332 0.0000000000
60635  -21.686  -19.626  80.171 0.0000000000
79244  -38.610  -1.196  59.288 0.0000000000
68316  -32.132  -11.731  67.374 0.0000000000
68315  -31.377  -12.343  67.566 0.0000000000
69353  -34.573  -10.401  64.371 0.0000000000
70245  -34.492  -10.043  63.528 0.0000000000
70260  -34.638  -9.682  63.029 0.0000000000
70262  -35.841  -9.429  64.021 0.0000000000
69343  -42.939  -10.246  65.768 0.0000000000
70283  -44.168  -8.896  63.445 0.0000000000
57591  -14.121  -23.477  85.057 0.0000000000
56651  -13.286  -24.865  86.275 0.0000000000
56634  -13.548  -24.044  86.512 0.0000000000
56617  -13.495  -23.910  87.241 0.0000000000
56616  -13.179  -24.409  87.698 0.0000000000
55674  -12.954  -25.428  86.760 0.0000000000
53809  -12.533  -26.842  86.082 0.0000000000
53808  -12.245  -27.006  86.664 0.0000000000
51748  -11.681  -28.522  86.226 0.0000000000
60656  -32.797  -20.148  79.608 0.0000000000
152278  -33.060  -19.863  80.312 0.0000000000
63411  -33.595  -17.799  81.734 0.0000000000
64322  -33.560  -17.209  82.085 0.0000000000
60588  -29.536  -19.234  82.575 0.0000000000
61589  -28.442  -18.462  81.884 0.0000000000
60608  -29.153  -19.569  81.794 0.0000000000
60590  -30.697  -19.920  83.441 0.0000000000
59576  -31.300  -21.076  81.517 0.0000000000
59554  -30.774  -20.811  82.223 0.0000000000
59575  -30.667  -21.120  81.333 0.0000000000
59574  -30.125  -21.073  81.178 0.0000000000
59588  -30.575  -21.296  80.516 0.0000000000
59602  -29.875  -21.160  79.978 0.0000000000
144680  -32.865  -20.608  80.810 0.0000000000
59591  -32.484  -20.913  80.076 0.0000000000
145369  -32.314  -21.078  79.287 0.0000000000
61568  -27.778  -18.061  83.703 0.0000000000
72902  -42.133  -7.432  60.419 0.0000000000
73821  -41.457  -6.812  60.782 0.0000000000
138177  -41.556  -6.248  61.431 0.0000000000
75683  -40.580  -4.167  62.345 0.0000000000
75694  -40.766  -5.049  62.019 0.0000000000
80098  -42.831  -0.023  63.676 0.0000000000
78320  -42.641  -1.327  63.609 0.0000000000
79221  -42.446  -0.371  63.448 0.0000000000
79233  -41.329  -0.070  62.122 0.0000000000
79224  -41.399  -0.680  62.826 0.0000000000
153634  -40.268  -1.082  61.806 0.0000000000
78337  -40.068  -1.789  61.888 0.0000000000
128936  -40.487  -0.427  61.538 0.0000000000
78347  -39.169  -1.190  60.739 0.0000000000
149908  -40.382  0.158  60.872 0.0000000000
81017  -41.809  1.516  59.572 0.0000000000
80130  -41.070  1.108  59.457 0.0000000000
81022  -41.435  1.608  58.667 0.0000000000
81028  -41.528  2.014  57.756 0.0000000000
81023  -42.046  2.193  58.304 0.0000000000
82881  -43.648  3.257  58.671 0.0000000000
141977  -44.234  3.660  58.386 0.0000000000
82882  -44.972  4.070  58.870 0.0000000000
67401  -31.999  -13.078  73.371 0.0000000000
128848  -32.384  -11.969  71.443 0.0000000000
68304  -32.615  -11.259  70.807 0.0000000000
145322  -35.208  -8.999  71.876 0.0000000000
153451  -34.830  -9.170  71.392 0.0000000000
129281  -34.038  -10.049  70.059 0.0000000000
68308  -33.025  -10.578  70.033 0.0000000000
148198  -34.231  -10.363  68.430 0.0000000000
69299  -34.725  -10.408  67.642 0.0000000000
152427  -34.303  -10.557  66.920 0.0000000000
130803  -35.172  -10.417  66.770 0.0000000000
150087  -37.790  -9.655  67.915 0.0000000000
69301  -36.944  -9.886  67.205 0.0000000000
69302  -37.913  -9.707  67.351 0.0000000000
69323  -38.599  -9.686  66.578 0.0000000000
69303  -39.159  -9.683  67.175 0.0000000000
138992  -41.049  -9.501  67.838 0.0000000000
145975  -41.065  -9.729  67.315 0.0000000000
69304  -40.928  -10.069  66.858 0.0000000000
69327  -41.905  -9.986  66.789 0.0000000000
60563  -16.909  -19.732  83.363 0.0000000000
60562  -16.342  -19.934  84.041 0.0000000000
152356  -15.936  -20.203  84.515 0.0000000000
58578  -15.797  -22.166  81.378 0.0000000000
58564  -15.084  -22.570  82.709 0.0000000000
58553  -14.988  -22.276  83.402 0.0000000000
57606  -14.689  -22.941  83.542 0.0000000000
57600  -14.514  -22.897  84.553 0.0000000000
56692  -14.357  -23.770  83.199 0.0000000000
50774  -5.325  -29.633  96.739 0.0000000000
146248  -30.799  -17.587  74.827 0.0000000000
64372  -29.948  -16.548  75.494 0.0000000000
65349  -29.816  -15.800  75.954 0.0000000000
65337  -29.714  -15.026  75.851 0.0000000000
61620  -32.647  -18.940  79.373 0.0000000000
64343  -31.763  -16.459  79.460 0.0000000000
64354  -31.730  -17.191  78.695 0.0000000000
67354  -31.120  -13.481  79.009 0.0000000000
67344  -31.365  -13.497  79.537 0.0000000000
65327  -30.502  -14.732  78.372 0.0000000000
66343  -30.875  -13.880  77.712 0.0000000000
66351  -31.789  -13.497  76.779 0.0000000000
149210  -31.357  -13.626  76.413 0.0000000000
66359  -30.835  -13.813  75.951 0.0000000000
68284  -33.290  -11.838  75.733 0.0000000000
68287  -33.002  -12.106  75.109 0.0000000000
68288  -33.656  -11.522  75.155 0.0000000000
139705  -33.382  -11.686  74.624 0.0000000000
68289  -34.217  -11.052  75.179 0.0000000000
69219  -34.327  -10.588  77.406 0.0000000000
70115  -34.950  -10.271  76.615 0.0000000000
69244  -34.693  -10.576  74.987 0.0000000000
61613  -21.809  -19.454  77.788 0.0000000000
60674  -21.144  -20.032  77.378 0.0000000000
61636  -21.695  -19.542  77.018 0.0000000000
61599  -26.868  -18.019  80.630 0.0000000000
128033  -25.916  -18.153  80.301 0.0000000000
61617  -26.100  -19.200  78.055 0.0000000000
61629  -26.604  -19.274  77.431 0.0000000000
138164  -28.505  -20.334  77.560 0.0000000000
60582  -18.852  -19.205  82.970 0.0000000000
60602  -19.674  -19.500  82.279 0.0000000000
138512  -21.706  -19.799  82.197 0.0000000000
59549  -21.638  -19.834  82.616 0.0000000000
59571  -21.298  -19.726  81.799 0.0000000000
59583  -19.281  -20.461  80.281 0.0000000000
135901  -17.980  -21.034  79.962 0.0000000000
81036  -42.001  2.344  56.080 0.0000000000
81972  -42.793  2.735  55.839 0.0000000000
130037  -43.928  2.844  54.969 0.0000000000
81977  -43.282  2.517  54.898 0.0000000000
131775  -43.967  2.486  54.506 0.0000000000
81046  -44.388  2.143  53.961 0.0000000000
83809  -47.110  4.644  55.911 0.0000000000
82897  -45.569  4.046  55.631 0.0000000000
81989  -46.211  2.264  53.855 0.0000000000
81054  -44.927  1.507  53.448 0.0000000000
80187  -45.538  0.838  53.012 0.0000000000
79317  -45.484  -0.474  52.346 0.0000000000
80200  -47.265  -0.017  52.848 0.0000000000
79319  -47.924  -0.685  52.477 0.0000000000
78426  -47.393  -1.251  51.888 0.0000000000
80191  -49.564  0.438  53.136 0.0000000000
80192  -50.173  0.812  52.936 0.0000000000
80202  -50.016  0.935  52.252 0.0000000000
50831  -9.053  -30.384  89.795 0.0000000000
50022  -8.653  -31.068  88.918 0.0000000000
66420  -30.724  -14.111  71.518 0.0000000000
71199  -38.401  -9.141  60.035 0.0000000000
69337  -35.752  -10.334  65.631 0.0000000000
70249  -38.303  -9.364  64.955 0.0000000000
128429  -38.058  -9.127  64.217 0.0000000000
70263  -36.817  -9.176  63.960 0.0000000000
69370  -41.141  -10.703  63.974 0.0000000000
127551  -41.150  -10.099  63.068 0.0000000000
69369  -40.888  -10.343  63.643 0.0000000000
70277  -40.532  -9.827  63.062 0.0000000000
71171  -39.722  -9.136  62.685 0.0000000000
70290  -40.380  -9.269  62.238 0.0000000000
70304  -41.944  -9.065  61.064 0.0000000000
70291  -40.838  -9.301  61.549 0.0000000000
70303  -41.284  -9.077  60.920 0.0000000000
71202  -41.822  -8.520  60.495 0.0000000000
73823  -44.074  -6.640  61.620 0.0000000000
74728  -43.536  -6.002  62.222 0.0000000000
127834  -43.112  -5.252  62.720 0.0000000000
131993  -43.858  -5.366  62.856 0.0000000000
52713  -11.322  -28.141  89.482 0.0000000000
52700  -11.125  -28.320  90.369 0.0000000000
51691  -10.318  -29.242  90.092 0.0000000000
51703  -10.386  -29.319  89.063 0.0000000000
50842  -10.388  -30.304  87.704 0.0000000000
50032  -10.082  -31.336  87.040 0.0000000000
50820  -8.341  -30.668  91.075 0.0000000000
50008  -8.259  -30.785  91.944 0.0000000000
49165  -6.876  -31.937  92.673 0.0000000000
49999  -7.332  -31.188  93.211 0.0000000000
49990  -7.248  -31.152  94.041 0.0000000000
49981  -7.575  -30.398  94.408 0.0000000000
48294  -5.360  -34.020  92.776 0.0000000000
48274  -5.381  -32.523  95.052 0.0000000000
48280  -5.610  -32.682  94.442 0.0000000000
49135  -5.824  -31.821  95.379 0.0000000000
49143  -6.361  -31.290  94.909 0.0000000000
49128  -6.413  -30.994  95.774 0.0000000000
135220  -5.781  -31.746  95.732 0.0000000000
49126  -4.831  -32.189  96.374 0.0000000000
49952  -4.292  -30.574  96.009 0.0000000000
47359  -3.502  -33.836  94.958 0.0000000000
50808  -9.416  -29.232  93.228 0.0000000000
150158  -32.639  -19.502  77.767 0.0000000000
60637  -22.986  -19.140  80.711 0.0000000000
60651  -22.894  -19.119  79.746 0.0000000000
59604  -31.045  -22.057  78.948 0.0000000000
59617  -30.526  -21.869  78.494 0.0000000000
59646  -32.339  -21.326  76.235 0.0000000000
60585  -24.152  -18.769  83.173 0.0000000000
60604  -23.103  -19.351  82.331 0.0000000000
79262  -38.981  -0.324  58.176 0.0000000000
150563  -41.436  0.693  54.217 0.0000000000
64378  -29.489  -16.192  74.298 0.0000000000
68328  -32.219  -11.902  66.483 0.0000000000
68339  -32.306  -12.415  65.623 0.0000000000
55709  -13.685  -24.854  84.253 0.0000000000
55692  -13.593  -24.731  84.994 0.0000000000
55691  -13.376  -25.025  85.568 0.0000000000
128244  -12.998  -25.739  85.913 0.0000000000
141630  -12.718  -26.473  85.854 0.0000000000
148520  -12.324  -27.783  85.414 0.0000000000
52780  -12.216  -28.455  85.065 0.0000000000
60642  -33.309  -20.033  81.064 0.0000000000
132105  -33.296  -19.221  80.819 0.0000000000
61602  -33.665  -19.124  81.753 0.0000000000
62499  -33.795  -18.188  82.276 0.0000000000
63404  -33.757  -17.654  82.354 0.0000000000
128398  -28.079  -18.009  83.057 0.0000000000
61569  -28.823  -18.391  83.143 0.0000000000
59538  -31.253  -20.539  82.869 0.0000000000
59539  -32.302  -20.425  83.039 0.0000000000
59556  -32.276  -20.680  82.487 0.0000000000
59577  -32.027  -20.965  81.724 0.0000000000
137194  -31.644  -21.268  80.903 0.0000000000
135777  -32.477  -20.954  81.085 0.0000000000
149859  -28.544  -18.104  84.605 0.0000000000
127963  -42.237  -6.043  61.764 0.0000000000
74726  -41.445  -5.564  62.096 0.0000000000
76511  -41.300  -3.626  62.845 0.0000000000
150228  -42.756  1.122  62.996 0.0000000000
80103  -42.392  0.542  62.915 0.0000000000
80108  -42.138  1.026  61.947 0.0000000000
80107  -41.638  0.738  61.607 0.0000000000
80118  -41.425  1.074  60.824 0.0000000000
80119  -41.965  1.348  61.160 0.0000000000
81010  -41.958  1.445  60.360 0.0000000000
81018  -42.484  1.863  59.900 0.0000000000
81953  -42.733  2.433  59.231 0.0000000000
82869  -44.722  3.546  60.355 0.0000000000
133967  -32.928  -12.147  73.585 0.0000000000
68295  -32.550  -12.462  72.920 0.0000000000
68296  -33.187  -11.552  72.980 0.0000000000
68300  -33.222  -11.140  72.205 0.0000000000
69266  -35.510  -9.059  70.987 0.0000000000
69273  -34.675  -10.083  69.258 0.0000000000
129183  -36.400  -9.949  67.839 0.0000000000
61555  -18.066  -19.192  84.458 0.0000000000
61567  -17.974  -19.172  83.624 0.0000000000
60580  -16.185  -20.349  82.852 0.0000000000
58577  -15.308  -22.710  81.912 0.0000000000
79340  -49.574  -0.548  50.950 0.0000000000
80207  -49.254  0.278  50.884 0.0000000000
81077  -48.574  1.325  51.070 0.0000000000
50776  -6.785  -29.407  96.815 0.0000000000
62544  -32.427  -18.708  76.066 0.0000000000
63461  -31.894  -18.205  76.056 0.0000000000
63459  -30.589  -17.263  75.542 0.0000000000
64329  -32.946  -17.316  80.701 0.0000000000
64328  -32.565  -16.421  80.784 0.0000000000
138411  -32.723  -12.917  78.989 0.0000000000
67355  -32.175  -13.275  78.747 0.0000000000
67363  -31.510  -13.488  78.218 0.0000000000
67383  -32.354  -12.844  76.108 0.0000000000
70116  -35.973  -9.940  76.339 0.0000000000
61626  -23.109  -18.902  77.337 0.0000000000
134915  -27.772  -18.500  80.025 0.0000000000
59531  -21.179  -19.824  82.943 0.0000000000
59585  -20.870  -19.746  80.814 0.0000000000
82891  -43.614  3.530  57.047 0.0000000000
82895  -43.841  3.547  56.151 0.0000000000
82896  -44.254  3.297  55.353 0.0000000000
82908  -47.111  3.414  54.827 0.0000000000
81056  -46.684  1.633  53.583 0.0000000000
80188  -46.674  0.837  53.202 0.0000000000
133169  -48.350  0.502  53.432 0.0000000000
81057  -49.042  0.674  53.571 0.0000000000
139689  -49.563  1.018  53.620 0.0000000000
50026  -8.997  -31.251  88.206 0.0000000000
50025  -8.475  -31.679  88.389 0.0000000000
129699  -31.260  -13.312  71.198 0.0000000000
67416  -30.460  -14.042  69.677 0.0000000000
71197  -36.559  -9.544  60.760 0.0000000000
144243  -38.493  -8.825  61.042 0.0000000000
146073  -37.786  -9.930  66.017 0.0000000000
69357  -38.436  -9.579  65.502 0.0000000000
69358  -39.312  -9.640  64.960 0.0000000000
70265  -42.527  -10.156  63.351 0.0000000000
150913  -41.296  -10.447  63.587 0.0000000000
70279  -41.684  -9.761  62.423 0.0000000000
127892  -42.329  -9.323  61.660 0.0000000000
71203  -42.581  -8.726  60.886 0.0000000000
72903  -43.427  -7.949  60.633 0.0000000000
71204  -43.300  -8.427  60.834 0.0000000000
72904  -44.174  -7.807  61.115 0.0000000000
54736  -12.391  -26.143  87.806 0.0000000000
146200  -12.035  -26.585  88.462 0.0000000000
54731  -12.045  -26.228  89.380 0.0000000000
50848  -10.764  -30.541  86.977 0.0000000000
49179  -7.042  -32.102  90.523 0.0000000000
49173  -6.912  -32.011  91.650 0.0000000000
49156  -6.198  -32.497  93.036 0.0000000000
47380  -4.943  -34.802  94.093 0.0000000000
49134  -5.364  -32.605  95.959 0.0000000000
48267  -4.997  -33.149  95.919 0.0000000000
48262  -4.285  -32.900  96.424 0.0000000000
60571  -30.939  -19.087  84.087 0.0000000000
60574  -33.315  -19.273  83.778 0.0000000000
77387  -43.575  -2.198  64.236 0.0000000000
78321  -43.143  -1.624  63.866 0.0000000000
152152  -43.277  -0.441  64.042 0.0000000000
80093  -43.323  0.204  64.009 0.0000000000
81943  -44.154  2.753  62.545 0.0000000000
81945  -44.683  3.354  61.918 0.0000000000
129695  -35.010  -9.106  73.321 0.0000000000
69255  -35.721  -8.963  72.404 0.0000000000
135410  -37.928  -9.027  69.085 0.0000000000
59568  -17.558  -20.891  80.702 0.0000000000
59567  -16.994  -20.709  81.400 0.0000000000
59566  -16.577  -21.546  80.863 0.0000000000
147788  -8.509  -29.080  96.014 0.0000000000
49965  -7.940  -29.631  95.551 0.0000000000
130396  -22.579  -19.216  78.009 0.0000000000
61627  -24.756  -19.077  76.862 0.0000000000
60655  -29.025  -21.039  79.620 0.0000000000
139286  -28.908  -20.863  78.021 0.0000000000
60676  -29.150  -20.896  77.313 0.0000000000
60685  -29.305  -20.922  76.406 0.0000000000
59532  -21.817  -19.946  83.226 0.0000000000
59533  -22.008  -19.887  83.144 0.0000000000
59573  -22.406  -19.585  82.091 0.0000000000
59572  -21.881  -19.653  81.840 0.0000000000
146847  -21.371  -19.609  80.707 0.0000000000
77409  -38.256  -2.741  60.463 0.0000000000
83798  -46.319  4.777  57.927 0.0000000000
83804  -46.080  4.772  57.015 0.0000000000
83805  -47.344  5.017  56.506 0.0000000000
81983  -49.467  2.239  54.420 0.0000000000
68311  -31.169  -12.641  68.419 0.0000000000
132453  -36.756  -8.783  62.960 0.0000000000
128118  -40.937  -10.839  65.689 0.0000000000
69341  -41.704  -10.774  65.597 0.0000000000
69360  -42.107  -10.830  64.753 0.0000000000
69371  -42.627  -10.439  64.119 0.0000000000
70266  -43.198  -10.005  63.553 0.0000000000
70282  -43.625  -9.394  63.046 0.0000000000
71172  -44.081  -8.833  62.528 0.0000000000
71190  -44.491  -8.401  61.995 0.0000000000
72060  -44.709  -8.048  61.665 0.0000000000
57585  -13.920  -23.410  85.965 0.0000000000
137293  -13.862  -23.367  86.823 0.0000000000
54737  -12.601  -25.434  87.953 0.0000000000
54746  -12.677  -25.770  87.239 0.0000000000
148347  -11.802  -27.532  87.052 0.0000000000
52741  -11.507  -28.349  87.012 0.0000000000
47369  -4.387  -35.247  94.750 0.0000000000
59619  -32.714  -20.451  78.790 0.0000000000
61609  -32.855  -19.385  79.936 0.0000000000
63416  -33.077  -18.097  80.570 0.0000000000
62505  -33.507  -18.563  81.386 0.0000000000
129446  -33.399  -18.121  81.188 0.0000000000
63410  -33.270  -17.753  81.006 0.0000000000
63398  -33.948  -17.359  83.015 0.0000000000
60626  -25.102  -18.138  82.103 0.0000000000
61588  -26.393  -17.794  81.758 0.0000000000
61580  -27.931  -17.996  82.595 0.0000000000
60589  -30.190  -19.978  82.962 0.0000000000
59536  -30.329  -20.615  82.466 0.0000000000
60628  -29.620  -20.598  81.301 0.0000000000
60640  -29.214  -20.784  80.447 0.0000000000
59589  -31.315  -21.517  80.155 0.0000000000
152059  -31.340  -21.785  79.400 0.0000000000
129721  -31.793  -21.646  78.847 0.0000000000
133380  -32.476  -21.062  78.685 0.0000000000
60568  -25.995  -18.638  84.641 0.0000000000
60587  -25.898  -18.380  83.780 0.0000000000
72075  -40.991  -8.160  59.889 0.0000000000
147166  -40.987  -7.832  59.726 0.0000000000
72912  -41.163  -7.369  60.108 0.0000000000
153533  -40.957  -5.835  61.803 0.0000000000
74735  -40.153  -5.705  61.776 0.0000000000
73820  -39.958  -6.177  61.221 0.0000000000
143397  -42.109  -1.797  63.426 0.0000000000
77392  -40.890  -2.665  62.797 0.0000000000
79225  -41.830  -0.060  62.945 0.0000000000
78326  -40.597  -1.960  62.490 0.0000000000
77401  -40.242  -2.697  62.228 0.0000000000
77400  -39.486  -2.708  61.718 0.0000000000
77399  -38.685  -2.670  61.208 0.0000000000
78335  -38.616  -1.981  60.687 0.0000000000
78346  -38.617  -1.471  60.057 0.0000000000
79253  -39.054  -0.438  59.033 0.0000000000
80117  -40.818  0.681  60.307 0.0000000000
80129  -40.299  0.547  59.459 0.0000000000
80139  -39.692  0.226  58.657 0.0000000000
133499  -39.905  0.737  57.879 0.0000000000
80153  -39.921  1.049  57.030 0.0000000000
81034  -40.419  1.493  56.830 0.0000000000
140298  -40.675  1.633  56.210 0.0000000000
132297  -41.062  1.900  56.990 0.0000000000
81029  -41.730  2.366  56.963 0.0000000000
81969  -42.403  2.835  56.911 0.0000000000
81958  -42.986  2.897  58.461 0.0000000000
81964  -42.960  3.175  57.468 0.0000000000
82886  -44.170  3.797  57.564 0.0000000000
82859  -44.946  3.618  61.167 0.0000000000
82877  -45.308  3.929  59.768 0.0000000000
83781  -45.888  4.397  59.306 0.0000000000
83790  -45.646  4.460  58.427 0.0000000000
83799  -47.134  5.209  58.388 0.0000000000
136859  -30.638  -14.272  73.192 0.0000000000
66385  -31.272  -13.718  73.286 0.0000000000
67409  -31.524  -13.495  72.692 0.0000000000
150602  -31.771  -13.025  71.816 0.0000000000
67413  -31.872  -12.607  71.336 0.0000000000
69259  -33.611  -10.355  71.669 0.0000000000
129720  -34.376  -9.664  70.955 0.0000000000
137012  -32.399  -11.324  70.058 0.0000000000
68307  -31.955  -11.802  69.567 0.0000000000
68313  -32.767  -11.128  67.978 0.0000000000
69320  -35.986  -10.457  66.182 0.0000000000
69321  -36.818  -10.198  66.416 0.0000000000
69324  -39.852  -9.725  66.414 0.0000000000
69325  -40.649  -10.313  66.370 0.0000000000
69287  -38.731  -9.346  68.435 0.0000000000
128791  -39.659  -9.587  67.690 0.0000000000
70199  -40.500  -9.341  68.439 0.0000000000
69289  -40.446  -9.540  67.779 0.0000000000
141510  -42.233  -10.188  66.221 0.0000000000
59547  -16.470  -20.492  82.117 0.0000000000
58565  -15.539  -21.959  82.204 0.0000000000
146968  -15.678  -21.038  83.266 0.0000000000
59512  -15.228  -21.671  83.713 0.0000000000
142222  -15.080  -21.607  84.489 0.0000000000
58545  -14.649  -22.247  84.948 0.0000000000
56691  -14.057  -24.316  83.774 0.0000000000
134854  -49.466  2.619  51.529 0.0000000000
81997  -48.605  2.347  51.310 0.0000000000
64379  -29.713  -16.574  74.778 0.0000000000
66357  -29.682  -14.959  75.060 0.0000000000
66371  -30.118  -14.509  74.623 0.0000000000
61632  -32.532  -19.240  78.450 0.0000000000
62513  -32.404  -18.569  78.626 0.0000000000
63414  -32.616  -17.665  79.936 0.0000000000
63421  -32.352  -17.902  79.128 0.0000000000
65295  -31.545  -14.726  80.571 0.0000000000
66314  -31.303  -13.895  80.285 0.0000000000
65305  -31.070  -14.670  79.975 0.0000000000
64335  -31.167  -15.490  79.576 0.0000000000
66349  -30.129  -14.494  76.423 0.0000000000
66372  -30.786  -13.918  74.963 0.0000000000
132054  -32.245  -12.888  74.246 0.0000000000
136718  -32.596  -12.559  75.373 0.0000000000
67394  -32.619  -12.556  74.647 0.0000000000
68281  -33.581  -11.559  76.247 0.0000000000
69230  -35.007  -10.378  75.968 0.0000000000
69238  -34.610  -10.695  75.533 0.0000000000
133098  -34.854  -10.020  74.254 0.0000000000
61607  -26.847  -18.332  79.733 0.0000000000
61616  -25.491  -18.770  78.747 0.0000000000
61640  -25.224  -19.089  75.981 0.0000000000
61630  -27.318  -19.429  77.238 0.0000000000
61631  -28.035  -19.754  76.997 0.0000000000
132313  -25.976  -19.224  76.035 0.0000000000
60564  -19.032  -19.371  84.159 0.0000000000
59570  -20.595  -19.727  81.261 0.0000000000
60622  -20.264  -19.690  81.675 0.0000000000
60621  -19.172  -19.839  81.356 0.0000000000
81039  -41.328  1.683  55.474 0.0000000000
81043  -41.716  1.369  54.528 0.0000000000
81044  -42.389  1.526  54.231 0.0000000000
81052  -43.003  1.313  53.700 0.0000000000
80185  -43.564  0.638  53.130 0.0000000000
82906  -45.093  3.501  55.049 0.0000000000
81979  -45.644  2.900  54.404 0.0000000000
80186  -44.508  0.756  52.991 0.0000000000
141341  -46.053  -0.676  52.240 0.0000000000
78425  -46.367  -1.240  51.874 0.0000000000
137409  -49.178  -1.079  51.646 0.0000000000
79321  -49.312  -0.185  52.658 0.0000000000
81067  -50.406  1.636  52.083 0.0000000000
50821  -9.542  -29.749  91.290 0.0000000000
50826  -9.043  -30.231  90.783 0.0000000000
50825  -8.519  -30.692  90.346 0.0000000000
50015  -7.798  -31.214  90.384 0.0000000000
49185  -8.053  -31.798  88.898 0.0000000000
50020  -7.543  -31.899  89.600 0.0000000000
136064  -30.208  -14.787  72.726 0.0000000000
67424  -30.742  -13.364  68.420 0.0000000000
128722  -39.978  -8.741  60.011 0.0000000000
69354  -35.437  -10.018  65.026 0.0000000000
70247  -36.130  -9.553  64.670 0.0000000000
69340  -40.685  -10.685  65.044 0.0000000000
152335  -40.084  -9.972  64.395 0.0000000000
70250  -40.351  -9.999  63.790 0.0000000000
153107  -38.781  -9.243  63.605 0.0000000000
71169  -37.735  -8.821  62.481 0.0000000000
71184  -38.698  -8.853  62.092 0.0000000000
71186  -40.095  -8.863  61.339 0.0000000000
71200  -39.825  -8.781  60.583 0.0000000000
131533  -42.930  -7.313  60.741 0.0000000000
74736  -42.818  -5.840  62.176 0.0000000000
146520  -44.993  -7.368  61.712 0.0000000000
51683  -10.620  -28.679  91.480 0.0000000000
150653  -11.180  -27.787  91.611 0.0000000000
138395  -11.019  -28.334  91.192 0.0000000000
50836  -10.059  -29.963  88.524 0.0000000000
50849  -11.076  -29.965  86.757 0.0000000000
50814  -9.316  -29.769  92.029 0.0000000000
50807  -9.019  -29.660  92.761 0.0000000000
49992  -8.333  -29.993  93.141 0.0000000000
50000  -7.918  -30.604  92.767 0.0000000000
49982  -8.344  -29.878  94.011 0.0000000000
49972  -7.371  -30.228  95.136 0.0000000000
48295  -5.730  -33.291  92.440 0.0000000000
144653  -5.576  -33.163  93.996 0.0000000000
49150  -6.111  -32.421  93.980 0.0000000000
49151  -6.577  -31.583  94.384 0.0000000000
49971  -6.828  -30.722  95.421 0.0000000000
49963  -7.001  -30.573  95.802 0.0000000000
49955  -7.045  -30.415  96.098 0.0000000000
49123  -6.644  -30.673  96.115 0.0000000000
49948  -6.283  -30.439  96.402 0.0000000000
49127  -5.470  -32.074  96.062 0.0000000000
49954  -5.514  -31.331  96.249 0.0000000000
49947  -5.486  -30.453  96.466 0.0000000000
49946  -4.862  -30.285  96.352 0.0000000000
46498  -3.730  -35.421  95.232 0.0000000000
47360  -3.826  -34.030  94.966 0.0000000000
48265  -3.870  -33.300  95.828 0.0000000000
49133  -3.577  -32.684  96.308 0.0000000000
49950  -7.396  -29.465  96.505 0.0000000000
50784  -8.520  -28.697  96.620 0.0000000000
50788  -8.538  -29.242  95.384 0.0000000000
50800  -9.010  -29.315  93.918 0.0000000000
51674  -10.214  -28.999  91.919 0.0000000000
53816  -12.310  -27.444  85.976 0.0000000000
59521  -31.112  -20.094  83.420 0.0000000000
59524  -32.731  -20.234  83.229 0.0000000000
59555  -31.574  -20.778  82.329 0.0000000000
60591  -33.236  -20.156  82.989 0.0000000000
60610  -33.301  -20.380  82.355 0.0000000000
61560  -33.657  -18.799  84.153 0.0000000000
61582  -33.650  -19.144  82.840 0.0000000000
61603  -33.732  -18.498  81.998 0.0000000000
66321  -30.858  -13.935  79.533 0.0000000000
70261  -35.079  -9.466  63.494 0.0000000000
71189  -44.227  -8.323  61.461 0.0000000000
72896  -45.110  -7.701  62.050 0.0000000000
72905  -44.739  -7.726  61.458 0.0000000000
77393  -41.741  -2.637  63.271 0.0000000000
77421  -38.249  -2.481  59.670 0.0000000000
78327  -41.287  -1.650  63.021 0.0000000000
78357  -38.261  -1.879  59.447 0.0000000000
79232  -39.767  -0.389  60.848 0.0000000000
79245  -39.142  -0.534  60.020 0.0000000000
80128  -39.611  0.022  59.491 0.0000000000
81011  -42.390  1.644  60.670 0.0000000000
81045  -43.586  2.017  54.148 0.0000000000
81957  -42.461  2.447  58.622 0.0000000000
129541  -33.995  -18.039  82.789 0.0000000000
134671  -39.336  0.186  57.865 0.0000000000
146347  -39.817  -1.105  61.382 0.0000000000
148294  -7.788  -29.022  96.667 0.0000000000
150658  -42.064  2.447  57.611 0.0000000000
150902  -6.697  -30.804  95.765 0.0000000000
152855  -46.719  4.849  56.595 0.0000000000
