#!ascii label  , from subject sub-v1s8x0051328_ses-1 vox2ras=TkReg
844
21085  -32.710  -66.380  14.784 0.5000000000
21069  -30.657  -66.959  15.459 0.8000000119
21081  -28.342  -66.194  14.595 0.8000000119
21083  -29.385  -65.969  14.970 0.8000000119
21084  -30.427  -66.180  15.127 0.8000000119
21086  -33.698  -66.787  14.663 0.5000000000
21070  -32.165  -67.215  15.179 0.5000000000
145971  -31.500  -66.455  15.067 0.6000000238
129658  -27.371  -65.431  12.529 0.6999999881
146274  -28.651  -65.200  13.666 0.6999999881
21895  -30.252  -65.510  14.553 0.8000000119
134441  -31.113  -65.667  14.610 0.6999999881
21088  -35.198  -66.705  14.293 0.6000000238
21897  -33.669  -65.746  14.457 0.5000000000
21896  -32.827  -65.559  14.399 0.6000000238
21921  -26.838  -65.100  10.969 0.6999999881
136992  -32.030  -65.695  14.509 0.6000000238
136526  -32.917  -64.803  13.466 0.6000000238
145958  -27.240  -65.044  11.720 0.6999999881
21108  -26.841  -65.741  11.809 0.6999999881
21909  -29.307  -65.066  13.758 0.6999999881
21912  -32.462  -65.133  13.986 0.6000000238
22732  -32.953  -64.635  12.608 0.6000000238
21910  -30.187  -64.956  13.751 0.8000000119
22714  -31.136  -64.798  13.386 0.8000000119
22715  -32.131  -64.765  13.202 0.6999999881
21899  -35.190  -65.860  14.282 0.4000000060
22708  -34.206  -64.947  14.092 0.6000000238
22758  -27.232  -64.733  9.883 0.6999999881
22716  -33.756  -64.618  13.173 0.6000000238
22759  -27.637  -64.276  9.773 0.6999999881
22727  -27.773  -64.646  12.034 0.6999999881
21908  -28.058  -65.035  13.096 0.6999999881
22729  -29.474  -64.290  12.394 0.6999999881
22730  -30.483  -64.452  12.618 0.6000000238
22731  -31.561  -64.557  12.385 0.6999999881
151366  -32.746  -64.458  9.913 0.5000000000
22747  -29.119  -63.982  11.335 0.6000000238
130974  -30.157  -64.110  11.437 0.6000000238
140484  -31.176  -64.301  11.430 0.6000000238
22761  -31.840  -64.315  10.251 0.6000000238
22748  -30.831  -64.050  10.581 0.6000000238
23554  -32.398  -64.128  9.647 0.5000000000
22718  -35.567  -64.329  13.476 0.4000000060
22709  -35.171  -64.939  14.062 0.5000000000
23558  -26.637  -63.683  8.907 0.6999999881
22717  -34.732  -64.418  13.387 0.6000000238
22734  -34.312  -64.288  12.318 0.6000000238
23542  -28.047  -63.993  10.076 0.6999999881
22733  -33.620  -64.536  11.897 0.6000000238
22746  -28.183  -64.079  11.246 0.6999999881
22750  -33.400  -64.494  10.870 0.5000000000
22763  -33.280  -64.468  10.086 0.6000000238
22760  -30.940  -63.841  9.960 0.6000000238
23562  -32.871  -63.784  9.331 0.5000000000
23563  -33.666  -63.683  9.263 0.5000000000
23553  -31.481  -63.695  9.716 0.5000000000
22757  -24.450  -64.502  10.165 0.6000000238
23541  -25.225  -63.213  10.647 0.6000000238
133365  -36.305  -64.124  13.366 0.5000000000
151231  -35.704  -63.970  13.251 0.5000000000
23548  -25.467  -63.284  9.771 0.6999999881
23557  -25.874  -63.538  9.084 0.6999999881
23530  -34.535  -63.937  11.806 0.5000000000
23559  -27.361  -63.499  8.960 0.6999999881
23549  -27.875  -63.845  9.117 0.6999999881
23550  -28.506  -63.463  9.134 0.6999999881
23545  -34.109  -64.104  10.719 0.5000000000
23551  -29.440  -63.420  9.311 0.6999999881
23556  -33.685  -64.052  9.855 0.5000000000
23552  -30.457  -63.447  9.453 0.6000000238
23564  -34.291  -63.373  9.185 0.5000000000
24383  -31.085  -63.149  9.359 0.5000000000
24387  -32.298  -62.988  9.439 0.5000000000
24389  -34.553  -62.925  8.742 0.5000000000
24388  -33.409  -63.204  8.984 0.5000000000
25220  -35.872  -62.409  7.781 0.3000000119
24365  -34.769  -62.629  12.935 0.3000000119
22743  -23.379  -64.491  11.519 0.6000000238
22744  -24.152  -64.246  11.105 0.6000000238
23531  -34.966  -63.448  12.777 0.4000000060
24364  -34.578  -63.010  12.122 0.4000000060
131455  -26.179  -62.185  10.122 0.6000000238
24377  -34.329  -63.311  11.287 0.5000000000
24385  -26.790  -62.967  9.082 0.6999999881
23560  -27.869  -63.131  8.896 0.6999999881
24384  -34.255  -63.510  10.201 0.5000000000
24381  -29.047  -62.834  9.036 0.5000000000
138210  -34.611  -63.105  9.308 0.5000000000
24382  -29.976  -63.004  8.971 0.5000000000
25216  -35.930  -62.064  8.411 0.4000000060
24392  -35.789  -62.535  7.975 0.3000000119
25217  -36.140  -61.988  8.015 0.4000000060
26017  -33.456  -61.423  9.098 0.5000000000
26018  -34.317  -61.720  8.588 0.4000000060
23529  -23.916  -63.329  12.412 0.6000000238
24360  -24.707  -62.881  12.245 0.6000000238
24373  -25.331  -62.763  11.364 0.6000000238
148667  -25.878  -62.338  10.872 0.6000000238
24362  -26.342  -61.880  10.989 0.6000000238
25205  -33.886  -61.651  11.321 0.3000000119
24376  -34.143  -62.474  11.267 0.4000000060
24379  -26.758  -62.354  9.515 0.6000000238
24380  -27.613  -62.193  9.345 0.6000000238
149383  -28.322  -62.694  9.015 0.6999999881
136278  -34.944  -60.420  10.284 0.3000000119
25212  -34.367  -62.532  10.353 0.3000000119
25207  -28.506  -61.953  9.562 0.6000000238
26016  -36.203  -60.451  9.183 0.3000000119
26019  -35.611  -61.431  9.275 0.3000000119
25203  -29.153  -61.562  10.521 0.5000000000
25208  -29.515  -62.302  9.460 0.5000000000
25209  -30.452  -62.477  9.527 0.5000000000
26820  -36.429  -60.242  8.607 0.3000000119
26020  -36.153  -61.291  8.494 0.3000000119
25210  -31.483  -62.338  9.858 0.5000000000
26022  -36.086  -61.060  8.266 0.3000000119
26012  -30.977  -61.617  10.422 0.5000000000
26822  -34.053  -60.568  8.885 0.4000000060
138216  -35.924  -60.979  8.233 0.3000000119
24359  -23.252  -62.833  13.050 0.5000000000
24348  -24.684  -62.228  12.978 0.6000000238
133162  -25.247  -62.419  12.222 0.5000000000
25201  -27.453  -61.224  10.840 0.6000000238
25193  -27.140  -61.051  11.769 0.5000000000
27591  -36.889  -58.358  9.366 0.3000000119
25202  -28.223  -61.246  10.603 0.6000000238
26817  -36.782  -59.411  9.070 0.3000000119
25204  -30.069  -61.667  10.419 0.5000000000
26814  -32.162  -60.352  10.483 0.5000000000
26818  -33.229  -59.530  9.744 0.4000000060
25176  -24.229  -61.518  13.376 0.5000000000
25177  -25.008  -61.531  13.198 0.5000000000
25191  -25.524  -61.882  12.622 0.5000000000
24361  -25.780  -62.123  11.684 0.5000000000
25999  -26.725  -60.928  12.726 0.5000000000
28377  -35.969  -57.055  10.450 0.3000000119
28387  -36.802  -57.447  9.743 0.3000000119
25194  -27.896  -60.833  11.554 0.6000000238
26006  -28.797  -61.036  11.534 0.6000000238
26007  -29.740  -61.063  11.394 0.5000000000
26009  -31.429  -60.653  10.860 0.5000000000
26823  -35.162  -60.178  8.468 0.4000000060
27594  -34.092  -58.457  9.197 0.4000000060
25985  -25.559  -60.348  13.698 0.5000000000
25986  -26.323  -60.603  13.421 0.5000000000
25987  -27.088  -60.417  13.325 0.5000000000
30037  -35.433  -55.567  11.154 0.4000000060
30963  -36.005  -55.040  10.780 0.4000000060
26000  -27.538  -60.640  12.481 0.5000000000
26001  -28.431  -60.562  12.406 0.5000000000
30049  -36.992  -55.412  10.025 0.4000000060
29218  -37.469  -56.934  9.336 0.3000000119
25989  -28.991  -60.140  13.182 0.4000000060
28388  -37.444  -57.729  8.815 0.3000000119
26002  -29.430  -60.567  12.346 0.5000000000
26003  -30.436  -60.436  12.089 0.4000000060
26004  -31.258  -60.137  11.612 0.4000000060
27593  -33.442  -58.541  9.706 0.4000000060
26780  -25.481  -59.634  14.179 0.5000000000
26801  -26.428  -60.016  14.013 0.5000000000
26802  -27.500  -59.960  14.003 0.5000000000
31888  -35.859  -54.152  11.092 0.4000000060
25988  -27.997  -60.246  13.220 0.5000000000
26803  -28.485  -59.795  13.942 0.4000000060
30974  -36.567  -54.629  10.511 0.4000000060
30050  -37.741  -55.256  9.357 0.4000000060
26804  -29.443  -59.545  13.846 0.4000000060
26808  -30.108  -59.847  13.035 0.4000000060
30058  -37.767  -56.152  9.150 0.4000000060
26809  -31.098  -59.692  12.479 0.4000000060
136431  -31.712  -59.159  11.770 0.4000000060
143955  -32.525  -59.359  10.531 0.4000000060
151811  -32.226  -58.972  11.135 0.4000000060
141454  -33.614  -57.875  9.563 0.4000000060
29226  -34.685  -56.993  9.061 0.4000000060
150213  -26.139  -59.392  14.535 0.4000000060
31889  -36.111  -53.300  10.938 0.4000000060
31899  -36.794  -53.948  10.479 0.4000000060
26781  -26.982  -59.427  14.574 0.5000000000
26782  -27.961  -59.371  14.591 0.4000000060
131893  -30.278  -59.246  13.782 0.4000000060
30976  -38.221  -54.580  9.149 0.4000000060
26805  -30.977  -59.178  13.253 0.4000000060
26806  -31.431  -58.960  12.565 0.4000000060
29230  -36.184  -57.363  8.395 0.3000000119
151278  -32.958  -57.679  10.252 0.4000000060
27547  -26.844  -58.226  15.512 0.4000000060
27548  -27.813  -58.136  15.504 0.5000000000
27549  -28.745  -58.010  15.352 0.4000000060
134356  -37.177  -53.026  10.315 0.4000000060
27568  -29.264  -58.540  14.936 0.4000000060
26783  -28.925  -59.219  14.539 0.4000000060
28355  -30.593  -57.551  14.335 0.4000000060
26784  -29.840  -58.940  14.400 0.4000000060
27577  -30.713  -58.479  13.962 0.4000000060
27578  -31.400  -58.335  13.037 0.4000000060
27584  -31.785  -58.288  12.132 0.4000000060
28375  -32.451  -57.587  11.029 0.4000000060
140867  -34.470  -56.159  9.353 0.4000000060
28385  -32.937  -56.788  10.284 0.4000000060
29225  -33.779  -56.241  9.681 0.4000000060
28338  -28.175  -57.224  15.582 0.4000000060
28339  -29.148  -57.275  15.281 0.4000000060
29182  -30.382  -56.695  14.476 0.4000000060
28356  -31.230  -57.549  13.548 0.4000000060
29227  -35.405  -56.438  8.790 0.4000000060
29195  -31.874  -56.243  12.293 0.4000000060
29205  -32.269  -56.837  11.498 0.4000000060
30034  -32.332  -55.929  11.536 0.4000000060
29215  -32.772  -56.256  10.623 0.4000000060
29216  -33.154  -56.238  10.154 0.4000000060
29167  -28.756  -56.477  15.299 0.4000000060
29181  -29.625  -56.539  14.964 0.4000000060
30011  -30.060  -55.775  14.374 0.4000000060
30016  -30.640  -55.399  13.686 0.4000000060
147196  -30.938  -56.900  13.933 0.4000000060
30017  -31.378  -55.542  13.067 0.4000000060
29191  -31.412  -56.599  13.230 0.4000000060
30961  -32.464  -55.150  11.495 0.4000000060
30055  -33.999  -55.581  9.753 0.3000000119
30046  -32.970  -55.664  10.564 0.4000000060
29997  -28.272  -55.683  15.213 0.4000000060
29998  -29.144  -55.783  14.856 0.4000000060
30931  -28.607  -54.506  14.159 0.4000000060
30015  -29.956  -54.954  13.785 0.4000000060
30939  -30.762  -54.605  13.253 0.4000000060
30950  -32.057  -54.342  12.092 0.4000000060
30024  -31.966  -55.316  12.147 0.4000000060
30986  -36.510  -54.416  8.785 0.4000000060
30985  -35.389  -54.896  9.165 0.3000000119
30971  -32.857  -55.110  10.994 0.4000000060
30983  -33.673  -55.017  10.217 0.5000000000
30984  -34.345  -54.920  9.751 0.4000000060
142898  -33.091  -54.495  10.964 0.5000000000
151654  -28.307  -53.796  13.742 0.4000000060
30937  -28.931  -53.972  13.478 0.4000000060
145915  -29.282  -54.561  13.784 0.4000000060
31860  -29.410  -53.405  12.930 0.4000000060
31861  -30.317  -53.820  12.938 0.4000000060
143241  -32.650  -54.426  11.428 0.4000000060
30973  -33.886  -54.250  10.289 0.5000000000
32849  -28.025  -52.615  13.284 0.4000000060
32850  -28.794  -52.721  12.951 0.4000000060
32858  -29.561  -52.621  12.560 0.4000000060
31896  -33.371  -53.841  10.791 0.4000000060
31897  -33.603  -52.974  10.631 0.5000000000
33817  -28.373  -51.975  13.200 0.4000000060
140851  -29.094  -51.599  13.334 0.4000000060
33819  -29.652  -51.457  12.975 0.4000000060
32882  -33.715  -52.049  10.489 0.5000000000
35621  -29.897  -49.497  15.398 0.4000000060
34768  -29.036  -50.498  14.055 0.4000000060
35638  -29.452  -49.895  14.638 0.4000000060
34782  -29.456  -51.023  13.673 0.4000000060
35639  -30.260  -49.962  14.929 0.4000000060
147548  -31.092  -49.725  14.708 0.5000000000
35637  -28.483  -49.753  14.234 0.4000000060
26013  -31.772  -61.327  10.254 0.5000000000
26815  -32.718  -60.116  10.061 0.5000000000
141645  -34.148  -59.319  9.093 0.4000000060
143905  -33.039  -67.356  14.905 0.5000000000
21082  -28.784  -66.858  15.235 0.8000000119
151502  -27.877  -66.080  14.086 0.8000000119
21109  -26.995  -66.343  12.653 0.6999999881
20255  -35.293  -67.420  14.206 0.5000000000
142066  -35.737  -67.047  14.056 0.5000000000
21940  -26.801  -65.348  9.922 0.6999999881
21914  -35.787  -65.451  14.059 0.4000000060
21100  -35.957  -66.275  14.020 0.4000000060
22768  -26.881  -64.739  8.956 0.6999999881
23547  -24.878  -63.786  10.417 0.6999999881
130317  -36.860  -64.728  13.533 0.4000000060
23519  -36.659  -63.392  13.312 0.4000000060
22756  -23.498  -64.962  10.856 0.6000000238
23528  -22.777  -63.584  12.488 0.6000000238
24358  -22.265  -62.753  12.951 0.5000000000
24347  -23.737  -62.174  13.268 0.5000000000
25984  -24.703  -60.760  13.515 0.5000000000
26800  -24.688  -59.862  13.829 0.4000000060
27546  -25.850  -58.205  15.342 0.4000000060
28336  -26.290  -57.532  15.723 0.4000000060
28337  -27.205  -57.475  15.717 0.4000000060
142584  -26.652  -56.905  15.823 0.4000000060
139184  -27.467  -55.882  15.590 0.4000000060
30922  -28.067  -54.851  14.863 0.4000000060
153018  -27.791  -53.968  14.452 0.4000000060
31858  -27.835  -53.221  13.667 0.4000000060
33816  -27.517  -51.840  13.411 0.4000000060
35620  -28.944  -49.187  14.958 0.4000000060
21068  -29.742  -66.820  15.446 0.8000000119
21894  -29.588  -65.383  14.314 0.8000000119
21087  -34.466  -66.322  14.447 0.5000000000
21099  -27.559  -65.951  13.463 0.6999999881
22728  -28.540  -64.358  12.290 0.6999999881
21913  -33.303  -65.060  14.017 0.6000000238
140483  -32.879  -64.616  11.539 0.6999999881
22751  -33.985  -64.352  11.234 0.6000000238
22762  -32.751  -64.564  10.548 0.6000000238
22749  -32.101  -64.602  11.321 0.6000000238
24378  -26.069  -62.812  9.389 0.6999999881
22764  -33.666  -64.327  10.457 0.5000000000
24374  -25.645  -62.693  10.272 0.6000000238
23518  -35.804  -63.634  13.189 0.5000000000
23517  -35.058  -63.974  12.889 0.5000000000
24363  -34.196  -62.445  11.907 0.3000000119
25211  -32.183  -61.983  9.727 0.5000000000
25192  -26.361  -61.537  12.030 0.6000000238
26008  -30.628  -60.944  11.164 0.5000000000
26014  -32.562  -61.082  9.759 0.5000000000
27592  -32.934  -58.658  10.253 0.4000000060
26811  -31.904  -59.741  11.080 0.4000000060
26819  -35.159  -58.923  8.597 0.4000000060
28364  -31.753  -57.347  12.467 0.4000000060
29166  -28.024  -56.389  15.528 0.4000000060
30035  -32.661  -55.740  11.009 0.4000000060
34783  -30.142  -50.784  13.505 0.4000000060
12068  -27.420  -77.519  7.410 0.4000000060
12842  -28.805  -76.816  7.171 0.4000000060
13572  -30.065  -75.723  9.220 0.4000000060
13573  -30.741  -75.008  8.671 0.4000000060
12057  -28.557  -77.047  9.182 0.4000000060
12834  -29.390  -76.466  8.870 0.4000000060
13554  -30.512  -74.837  9.686 0.4000000060
13538  -30.079  -74.727  10.466 0.4000000060
147237  -31.617  -72.817  10.832 0.5000000000
12819  -28.919  -76.594  9.832 0.4000000060
13553  -29.820  -75.539  10.059 0.4000000060
13517  -30.143  -73.787  10.943 0.5000000000
15070  -30.977  -72.988  10.829 0.5000000000
15863  -30.615  -72.394  12.321 0.6000000238
12806  -28.439  -76.374  10.562 0.4000000060
13536  -28.688  -75.682  10.972 0.4000000060
14301  -29.230  -73.908  11.351 0.4000000060
15895  -31.448  -72.694  11.252 0.5000000000
21915  -36.482  -65.486  13.772 0.3000000119
21916  -37.348  -65.458  13.490 0.4000000060
15034  -31.601  -73.621  12.728 0.5000000000
19404  -35.323  -69.159  13.783 0.5000000000
20267  -36.362  -67.096  13.722 0.4000000060
14299  -27.596  -74.316  11.533 0.4000000060
15069  -30.083  -72.743  11.526 0.5000000000
15879  -30.531  -72.231  11.856 0.5000000000
12783  -27.348  -75.784  11.366 0.4000000060
15864  -31.060  -73.316  13.241 0.6000000238
15850  -31.257  -73.256  14.161 0.6000000238
15836  -31.892  -72.349  14.759 0.6999999881
19390  -35.116  -68.246  14.130 0.5000000000
142545  -32.294  -73.201  14.172 0.6999999881
16707  -33.502  -71.418  14.339 0.6999999881
19403  -34.627  -69.007  14.172 0.6999999881
16706  -32.778  -71.377  14.703 0.6999999881
17615  -33.533  -70.640  14.453 0.6999999881
15878  -29.629  -71.853  11.911 0.5000000000
16747  -29.983  -71.887  12.200 0.6000000238
16721  -30.012  -72.087  12.824 0.6000000238
15834  -30.091  -72.250  14.477 0.6000000238
142620  -28.190  -72.738  11.453 0.4000000060
15052  -29.061  -72.647  11.639 0.5000000000
16733  -29.416  -71.546  12.803 0.6000000238
133655  -30.389  -72.759  13.716 0.6000000238
16704  -30.421  -71.800  15.135 0.6000000238
127908  -31.878  -71.280  15.174 0.6000000238
24349  -35.859  -62.877  13.314 0.3000000119
15835  -30.825  -72.524  14.715 0.6000000238
128515  -32.711  -70.310  14.914 0.6999999881
19389  -34.122  -68.348  14.486 0.6000000238
20254  -34.530  -67.354  14.457 0.5000000000
15876  -27.262  -72.696  11.164 0.6000000238
16744  -28.155  -71.270  11.273 0.6000000238
132059  -28.398  -70.814  11.727 0.6999999881
17645  -28.826  -70.940  13.286 0.6000000238
140354  -29.247  -71.457  13.802 0.6000000238
17613  -30.081  -71.027  15.451 0.6000000238
15050  -27.629  -73.432  11.465 0.5000000000
17614  -30.970  -71.173  15.496 0.6000000238
17596  -31.683  -70.350  15.415 0.6999999881
19387  -32.793  -68.775  15.009 0.6999999881
18534  -32.987  -69.421  14.824 0.6999999881
20253  -33.738  -67.612  14.671 0.6000000238
19388  -33.468  -68.916  14.646 0.6999999881
17659  -27.883  -70.506  11.254 0.6000000238
17660  -28.117  -70.213  11.929 0.6999999881
17644  -28.334  -70.311  12.835 0.6999999881
17661  -28.757  -70.965  12.348 0.6999999881
17612  -29.351  -70.677  15.153 0.6000000238
18523  -30.398  -69.379  15.620 0.6999999881
18524  -31.389  -69.465  15.544 0.6999999881
20239  -32.532  -68.010  15.176 0.6000000238
18545  -27.576  -69.071  13.182 0.6999999881
20251  -28.318  -67.713  15.158 0.6999999881
18558  -27.817  -69.665  12.541 0.6999999881
19386  -28.043  -68.625  14.698 0.6000000238
19372  -28.624  -68.413  15.331 0.5000000000
17630  -28.465  -70.301  13.858 0.6999999881
18521  -28.694  -69.279  15.230 0.6000000238
142824  -30.029  -68.424  15.630 0.6999999881
148305  -31.378  -67.244  15.398 0.5000000000
17594  -29.804  -70.150  15.505 0.6000000238
19374  -31.077  -68.599  15.611 0.6999999881
19375  -32.014  -68.699  15.396 0.6000000238
20265  -27.365  -67.574  13.582 0.6999999881
138619  -28.066  -67.000  14.838 0.6999999881
144404  -27.225  -66.801  13.345 0.6999999881
20237  -30.826  -67.763  15.586 0.6000000238
143889  -29.212  -67.757  15.523 0.6999999881
20266  -35.836  -67.731  13.861 0.5000000000
12064  -28.799  -77.001  8.219 0.4000000060
14318  -30.849  -73.819  10.230 0.4000000060
13535  -28.019  -75.974  11.118 0.4000000060
13537  -29.390  -75.305  10.716 0.4000000060
154385  -29.197  -73.220  11.516 0.4000000060
14300  -28.420  -74.413  11.451 0.4000000060
17616  -34.274  -70.161  14.195 0.6999999881
18535  -33.622  -69.709  14.519 0.6999999881
16720  -29.724  -72.051  13.781 0.6000000238
16703  -29.608  -71.558  14.729 0.6000000238
15877  -28.680  -71.893  11.589 0.6999999881
16745  -28.821  -71.353  11.894 0.6000000238
19402  -27.772  -69.131  13.929 0.6999999881
18522  -29.501  -69.323  15.520 0.6000000238
20250  -27.766  -67.682  14.431 0.6000000238
144385  -27.649  -69.915  11.294 0.5000000000
139096  -26.381  -73.046  10.674 0.4000000060
15894  -27.462  -71.705  10.790 0.5000000000
18569  -27.576  -69.487  11.748 0.6000000238
15068  -26.050  -73.742  10.788 0.4000000060
149982  -25.991  -72.596  9.911 0.5000000000
15893  -26.717  -72.185  10.400 0.5000000000
16760  -26.949  -71.278  10.046 0.5000000000
17672  -27.432  -70.069  10.632 0.5000000000
18585  -26.976  -69.539  9.975 0.5000000000
18557  -27.384  -68.966  12.385 0.6000000238
131768  -26.990  -68.291  12.320 0.5000000000
18579  -27.255  -69.285  10.861 0.5000000000
20282  -26.705  -67.836  11.718 0.6999999881
19422  -26.786  -68.310  10.775 0.6000000238
20281  -26.534  -67.392  10.918 0.6000000238
15908  -25.216  -72.871  9.344 0.5000000000
147846  -25.469  -72.046  8.948 0.5000000000
16770  -26.417  -70.803  9.341 0.5000000000
17681  -26.443  -69.814  9.095 0.5000000000
17682  -27.006  -70.374  9.920 0.5000000000
20274  -26.886  -67.422  12.677 0.6000000238
139932  -26.571  -68.894  9.318 0.6000000238
149763  -26.566  -67.730  10.372 0.5000000000
133852  -26.418  -66.598  10.761 0.6000000238
15919  -24.487  -72.482  8.602 0.5000000000
16777  -25.018  -71.512  8.384 0.5000000000
17687  -24.642  -70.926  7.830 0.5000000000
132040  -25.993  -70.446  8.740 0.5000000000
130522  -26.133  -68.931  8.328 0.5000000000
20273  -26.559  -66.722  11.702 0.6000000238
19435  -26.236  -68.153  8.810 0.5000000000
20295  -26.305  -67.342  9.031 0.6000000238
15096  -23.489  -73.228  8.546 0.5000000000
16776  -23.994  -71.765  8.132 0.5000000000
16785  -23.525  -71.210  7.683 0.5000000000
17692  -22.957  -70.539  7.572 0.5000000000
19443  -22.717  -69.206  7.737 0.6000000238
17693  -24.161  -70.331  7.615 0.4000000060
19438  -23.214  -68.453  8.037 0.4000000060
19444  -23.985  -68.899  7.640 0.5000000000
19445  -24.998  -68.682  7.644 0.5000000000
18591  -25.491  -69.254  7.758 0.4000000060
20297  -22.118  -68.227  8.443 0.4000000060
20298  -23.170  -67.806  8.474 0.5000000000
19439  -24.468  -68.171  7.859 0.5000000000
21125  -21.714  -67.016  9.282 0.4000000060
20300  -25.662  -67.400  8.257 0.6000000238
20301  -26.025  -67.535  8.511 0.6000000238
150542  -26.288  -65.967  8.677 0.6000000238
21945  -26.196  -65.198  8.738 0.6000000238
21126  -23.098  -66.722  9.271 0.5000000000
21127  -24.263  -66.241  8.926 0.5000000000
138121  -23.958  -67.757  8.191 0.5000000000
142102  -21.904  -65.901  10.388 0.4000000060
21937  -23.030  -65.660  10.329 0.5000000000
151786  -24.811  -65.770  8.793 0.6000000238
21131  -25.424  -66.685  8.400 0.6000000238
21944  -25.328  -65.403  8.745 0.6000000238
21938  -23.999  -65.232  9.937 0.5000000000
22725  -21.998  -64.163  12.071 0.3000000119
21930  -22.520  -65.408  10.905 0.5000000000
134835  -24.470  -65.533  9.193 0.5000000000
22766  -25.304  -64.081  9.400 0.6000000238
26779  -24.763  -59.227  14.194 0.3000000119
26799  -23.780  -60.125  13.648 0.3000000119
136973  -23.843  -60.903  13.525 0.4000000060
24346  -22.830  -62.116  13.323 0.4000000060
147496  -25.342  -57.471  15.645 0.3000000119
138776  -26.543  -56.085  15.888 0.3000000119
29164  -25.868  -56.783  15.933 0.3000000119
136562  -26.935  -55.231  15.705 0.3000000119
30921  -27.362  -54.558  15.255 0.3000000119
31848  -27.290  -53.094  14.441 0.3000000119
33803  -26.981  -51.732  13.625 0.3000000119
35652  -28.046  -50.439  13.707 0.3000000119
22742  -22.440  -64.800  11.473 0.5000000000
27545  -24.859  -58.093  15.124 0.3000000119
19414  -27.229  -68.314  13.021 0.5000000000
15909  -26.194  -71.785  9.515 0.5000000000
19441  -25.912  -68.088  8.163 0.5000000000
21948  -25.848  -65.976  8.490 0.6000000238
19405  -35.955  -68.581  13.627 0.3000000119
16708  -34.187  -71.002  14.095 0.6000000238
18547  -34.827  -69.686  13.942 0.6000000238
22736  -39.458  -64.376  12.529 0.3000000119
131330  -38.995  -65.181  12.701 0.3000000119
21102  -37.912  -66.366  13.203 0.3000000119
135970  -38.866  -66.811  12.560 0.3000000119
20268  -37.212  -67.235  13.368 0.3000000119
21101  -36.880  -66.320  13.614 0.3000000119
18548  -35.379  -69.840  13.602 0.6000000238
23533  -40.047  -63.568  12.426 0.3000000119
23532  -38.979  -63.672  12.710 0.3000000119
21922  -38.201  -65.330  13.151 0.3000000119
145296  -37.709  -64.616  13.296 0.3000000119
20275  -38.048  -67.454  12.858 0.3000000119
19406  -36.587  -67.942  13.467 0.3000000119
19415  -36.757  -68.818  13.149 0.4000000060
15049  -26.785  -73.725  11.290 0.4000000060
24368  -41.585  -62.686  12.613 0.3000000119
24366  -39.592  -62.803  12.703 0.3000000119
23521  -38.506  -63.039  12.984 0.3000000119
22720  -38.071  -63.816  13.082 0.3000000119
147419  -32.014  -73.134  8.507 0.5000000000
129143  -32.542  -72.871  8.865 0.5000000000
12843  -29.456  -76.439  7.676 0.4000000060
13586  -30.143  -75.856  8.175 0.4000000060
14344  -31.438  -74.193  8.066 0.4000000060
14354  -31.873  -73.353  7.419 0.5000000000
14284  -33.212  -74.427  12.833 0.5000000000
14302  -32.705  -74.362  11.258 0.5000000000
14334  -32.066  -72.961  9.515 0.5000000000
142103  -32.242  -72.995  9.748 0.5000000000
14333  -31.385  -73.819  9.268 0.4000000060
15851  -34.785  -73.101  13.086 0.6000000238
15022  -33.779  -73.549  13.337 0.6000000238
15021  -32.748  -73.751  13.511 0.5000000000
14283  -32.538  -74.387  12.228 0.5000000000
15084  -31.644  -73.090  10.187 0.3000000119
131386  -31.967  -72.796  10.320 0.4000000060
15054  -32.093  -73.603  11.524 0.5000000000
15852  -35.187  -72.083  13.204 0.6000000238
149287  -33.338  -72.917  13.883 0.6000000238
15035  -31.981  -73.870  12.300 0.4000000060
14273  -32.283  -74.084  12.935 0.5000000000
17646  -35.478  -71.164  13.289 0.6000000238
18559  -36.934  -69.641  12.738 0.4000000060
15838  -33.876  -71.919  14.013 0.6000000238
15020  -31.822  -73.655  13.522 0.4000000060
128207  -39.423  -65.895  12.458 0.3000000119
19416  -37.400  -68.148  13.024 0.3000000119
145811  -36.105  -69.546  13.350 0.5000000000
15837  -32.976  -72.246  14.386 0.6000000238
16722  -34.685  -71.497  13.635 0.6000000238
134946  -34.298  -72.499  13.541 0.6000000238
131848  -37.521  -68.987  12.566 0.3000000119
15865  -35.613  -72.667  12.717 0.5000000000
15866  -36.369  -72.502  12.333 0.5000000000
16734  -36.028  -71.694  12.735 0.5000000000
16735  -36.836  -71.744  12.230 0.4000000060
134739  -36.628  -71.014  12.507 0.5000000000
15038  -35.979  -73.208  12.354 0.5000000000
15881  -37.084  -72.502  11.859 0.4000000060
17662  -37.864  -70.537  11.773 0.4000000060
127461  -37.152  -70.408  12.369 0.4000000060
17647  -36.459  -70.317  12.880 0.5000000000
15036  -34.299  -74.101  12.752 0.5000000000
15037  -35.261  -73.626  12.532 0.5000000000
136912  -28.116  -78.082  4.004 0.3000000119
145529  -29.006  -78.638  3.661 0.3000000119
12109  -30.458  -77.878  3.450 0.3000000119
12882  -31.018  -77.143  3.554 0.3000000119
12883  -32.758  -76.675  3.452 0.4000000060
12881  -30.010  -76.795  3.865 0.3000000119
144553  -30.504  -76.125  4.185 0.3000000119
12884  -33.686  -76.662  3.324 0.4000000060
12871  -32.013  -76.017  3.989 0.4000000060
147091  -31.291  -76.356  3.879 0.3000000119
12869  -29.642  -75.905  4.506 0.3000000119
14374  -34.820  -74.839  4.864 0.4000000060
13615  -32.596  -75.341  4.376 0.4000000060
13614  -31.662  -75.036  4.652 0.4000000060
133394  -30.263  -75.342  4.720 0.4000000060
151806  -31.497  -74.385  5.170 0.4000000060
12836  -37.137  -76.524  7.758 0.3000000119
14371  -35.240  -74.755  5.296 0.4000000060
132824  -35.601  -74.941  5.909 0.4000000060
14370  -34.442  -74.061  5.620 0.4000000060
14365  -34.023  -73.119  6.228 0.4000000060
14369  -32.775  -73.504  5.674 0.4000000060
14368  -31.915  -73.746  5.689 0.4000000060
13558  -37.683  -75.924  9.432 0.3000000119
13589  -35.679  -75.273  6.589 0.4000000060
13588  -35.013  -74.696  7.180 0.4000000060
14356  -34.994  -74.315  6.538 0.4000000060
14355  -34.420  -73.623  7.238 0.4000000060
14346  -33.925  -73.527  8.059 0.4000000060
15109  -34.091  -72.772  6.936 0.4000000060
15108  -33.495  -72.515  7.345 0.4000000060
14364  -32.567  -72.984  6.401 0.4000000060
14367  -31.132  -74.298  5.532 0.4000000060
13557  -36.242  -76.181  9.466 0.4000000060
131535  -35.435  -75.999  8.854 0.4000000060
134612  -33.803  -74.480  8.969 0.4000000060
15098  -33.454  -72.813  7.938 0.4000000060
14363  -31.634  -73.605  6.363 0.4000000060
15107  -32.883  -72.534  7.178 0.4000000060
13604  -30.390  -74.906  5.220 0.4000000060
13540  -35.212  -75.859  10.084 0.4000000060
13556  -34.464  -75.445  9.396 0.4000000060
13555  -33.735  -75.133  9.929 0.4000000060
14335  -33.209  -74.077  9.586 0.4000000060
147875  -32.579  -72.782  7.874 0.4000000060
13520  -35.463  -75.525  10.878 0.4000000060
13518  -33.874  -75.393  10.792 0.4000000060
133870  -33.253  -74.930  12.005 0.4000000060
15056  -36.590  -73.289  11.913 0.4000000060
134660  -34.945  -75.299  11.427 0.4000000060
14285  -34.874  -74.661  12.071 0.4000000060
137881  -38.003  -71.271  11.502 0.3000000119
18570  -38.474  -69.946  11.566 0.3000000119
15085  -32.851  -73.043  9.210 0.4000000060
15055  -35.887  -74.001  11.993 0.4000000060
140057  -33.899  -74.777  12.285 0.4000000060
13626  -33.526  -75.646  3.936 0.4000000060
14373  -33.950  -74.389  5.071 0.4000000060
145287  -33.183  -74.085  5.221 0.4000000060
14372  -32.343  -74.346  5.055 0.4000000060
13590  -36.572  -75.368  5.837 0.4000000060
139185  -37.785  -76.585  7.979 0.3000000119
135869  -34.467  -73.534  6.506 0.4000000060
154346  -37.110  -76.252  9.277 0.3000000119
12821  -36.289  -76.383  8.131 0.4000000060
13575  -35.534  -75.724  7.606 0.4000000060
13574  -34.499  -74.945  8.128 0.4000000060
135363  -36.007  -75.758  10.287 0.4000000060
13539  -34.356  -75.557  10.265 0.4000000060
14320  -33.235  -74.740  10.541 0.4000000060
14305  -35.710  -74.865  11.451 0.4000000060
13620  -37.262  -75.627  4.290 0.3000000119
12885  -34.702  -76.892  3.210 0.3000000119
12112  -33.984  -77.615  2.953 0.3000000119
13628  -35.419  -76.147  3.444 0.3000000119
13618  -36.044  -75.535  3.807 0.3000000119
13617  -35.180  -75.414  4.037 0.3000000119
13598  -37.303  -75.330  5.291 0.3000000119
14375  -35.773  -75.137  4.566 0.3000000119
13541  -36.914  -75.694  9.997 0.3000000119
132068  -37.265  -74.843  10.555 0.3000000119
14306  -36.733  -74.241  11.326 0.3000000119
15057  -37.372  -73.284  11.392 0.3000000119
12844  -37.704  -75.578  5.851 0.3000000119
14321  -36.350  -75.201  10.807 0.3000000119
12069  -28.148  -77.313  7.770 0.4000000060
12075  -28.082  -77.040  6.737 0.4000000060
12108  -29.523  -77.648  3.724 0.3000000119
12805  -27.502  -76.588  10.819 0.4000000060
12807  -29.205  -76.041  10.376 0.4000000060
12820  -29.519  -76.136  9.712 0.4000000060
12822  -36.919  -76.497  8.633 0.4000000060
12823  -38.009  -76.396  8.723 0.3000000119
12835  -36.699  -76.091  6.915 0.4000000060
12870  -31.035  -75.554  4.402 0.4000000060
12872  -32.902  -76.061  3.774 0.4000000060
13515  -28.037  -75.197  11.441 0.4000000060
13516  -28.882  -74.888  11.230 0.4000000060
13519  -34.638  -75.565  10.883 0.4000000060
13597  -36.218  -75.121  5.177 0.3000000119
13605  -36.635  -75.358  4.356 0.3000000119
13606  -37.350  -75.382  4.849 0.3000000119
13613  -30.895  -74.805  4.908 0.4000000060
13616  -34.222  -75.177  4.353 0.4000000060
13627  -34.490  -75.971  3.588 0.3000000119
14303  -33.433  -75.064  11.296 0.4000000060
14304  -34.106  -75.251  11.598 0.4000000060
14319  -32.627  -73.691  10.149 0.5000000000
14345  -33.372  -73.267  8.694 0.4000000060
14366  -35.005  -74.324  5.883 0.4000000060
15051  -28.455  -73.562  11.503 0.5000000000
15053  -31.557  -73.112  11.754 0.5000000000
15071  -32.194  -73.116  10.640 0.5000000000
15083  -24.667  -73.932  9.588 0.5000000000
15097  -33.034  -72.667  8.417 0.4000000060
15099  -33.913  -72.887  7.482 0.4000000060
15106  -32.274  -72.880  7.026 0.4000000060
15113  -33.433  -72.612  6.701 0.4000000060
15114  -33.293  -72.971  6.108 0.4000000060
15880  -31.120  -72.497  11.676 0.5000000000
15882  -37.778  -72.474  11.367 0.3000000119
16705  -31.203  -71.867  15.174 0.6000000238
16736  -37.329  -71.120  12.040 0.4000000060
16746  -29.319  -71.559  12.240 0.6000000238
16748  -37.509  -71.814  11.733 0.4000000060
16749  -38.080  -71.885  11.332 0.3000000119
16761  -27.532  -70.845  10.614 0.5000000000
16778  -25.453  -70.675  8.195 0.5000000000
17593  -29.183  -69.941  15.292 0.6000000238
17595  -30.694  -70.284  15.595 0.6999999881
17611  -28.748  -70.152  14.828 0.6000000238
17631  -28.989  -70.890  14.349 0.6000000238
17688  -25.139  -70.102  7.707 0.4000000060
17689  -25.842  -69.861  8.217 0.5000000000
18525  -32.314  -69.496  15.245 0.6999999881
18533  -28.213  -69.572  14.376 0.6999999881
18536  -34.297  -69.521  14.259 0.6999999881
18546  -27.970  -69.725  13.431 0.6999999881
18589  -23.493  -69.698  7.611 0.6000000238
18590  -24.630  -69.469  7.571 0.4000000060
19373  -29.168  -68.648  15.526 0.5000000000
19401  -27.569  -68.421  13.827 0.6999999881
19423  -27.095  -68.743  11.632 0.5000000000
19429  -26.880  -68.842  10.113 0.5000000000
19440  -25.655  -68.564  7.857 0.5000000000
20236  -30.086  -67.522  15.602 0.8000000119
20238  -31.694  -67.911  15.452 0.5000000000
20252  -33.284  -68.172  14.799 0.6000000238
20290  -26.403  -67.094  9.985 0.5000000000
20294  -22.519  -67.453  8.860 0.4000000060
20299  -24.835  -67.369  8.174 0.6000000238
21110  -38.654  -65.916  12.821 0.3000000119
21113  -26.470  -65.860  10.937 0.6999999881
21121  -26.492  -66.128  9.918 0.6999999881
21128  -26.450  -66.452  9.037 0.6000000238
21129  -23.837  -67.120  8.612 0.5000000000
21130  -24.729  -66.664  8.490 0.5000000000
21132  -26.070  -66.739  8.564 0.6000000238
21892  -28.179  -65.624  13.922 0.6999999881
21893  -28.872  -65.534  14.280 0.8000000119
21898  -34.531  -65.535  14.314 0.5000000000
21911  -31.615  -65.147  14.018 0.6999999881
21929  -21.499  -65.351  10.928 0.4000000060
21939  -24.847  -64.846  9.301 0.6000000238
21942  -22.434  -66.330  9.828 0.5000000000
21943  -23.572  -65.942  9.610 0.5000000000
21946  -26.583  -65.582  9.079 0.6000000238
21947  -25.118  -66.086  8.572 0.6000000238
22712  -28.926  -64.708  13.135 0.6999999881
22713  -29.680  -64.672  13.172 0.6999999881
22726  -22.870  -64.245  11.965 0.5000000000
22735  -38.535  -64.490  12.901 0.3000000119
22737  -40.543  -64.223  12.187 0.3000000119
22745  -27.478  -64.435  10.936 0.6999999881
22767  -26.137  -64.264  8.861 0.6999999881
22769  -27.347  -64.200  9.115 0.6999999881
23539  -23.715  -64.024  11.943 0.6000000238
23540  -24.645  -63.516  11.475 0.6000000238
23543  -28.823  -63.818  10.122 0.6999999881
23544  -29.956  -63.929  10.098 0.6000000238
23555  -33.144  -64.215  9.619 0.5000000000
23561  -32.041  -63.584  9.570 0.5000000000
24375  -26.930  -61.696  10.211 0.6000000238
24386  -27.262  -62.780  9.071 0.6999999881
24390  -35.140  -62.662  8.496 0.3000000119
24391  -35.837  -62.408  7.859 0.3000000119
25175  -23.367  -61.446  13.423 0.4000000060
25178  -25.800  -61.176  13.165 0.5000000000
25200  -26.851  -61.450  11.142 0.6000000238
25206  -27.733  -61.533  10.022 0.6000000238
25213  -35.074  -62.382  9.283 0.5000000000
25214  -32.938  -62.227  9.232 0.5000000000
25215  -33.947  -62.452  8.685 0.4000000060
25218  -36.116  -61.156  8.294 0.4000000060
25219  -34.915  -62.375  8.359 0.3000000119
25221  -35.903  -62.304  7.864 0.4000000060
26015  -34.529  -61.548  10.332 0.3000000119
26021  -36.011  -61.792  7.930 0.3000000119
26821  -36.358  -60.109  8.511 0.3000000119
27564  -25.407  -58.868  14.705 0.4000000060
27565  -26.438  -58.850  15.009 0.4000000060
27566  -27.413  -58.833  15.122 0.5000000000
27567  -28.374  -58.733  15.082 0.4000000060
27569  -30.032  -58.179  14.715 0.4000000060
27586  -32.211  -58.311  11.415 0.4000000060
27587  -32.562  -58.388  10.778 0.4000000060
28350  -29.924  -57.373  14.907 0.4000000060
28374  -32.138  -57.650  11.674 0.4000000060
28384  -32.612  -56.885  10.763 0.4000000060
28389  -33.544  -57.053  9.684 0.4000000060
28390  -34.384  -57.853  9.077 0.4000000060
28393  -35.630  -58.031  8.498 0.4000000060
29165  -27.352  -56.663  15.700 0.4000000060
29190  -30.870  -56.127  13.855 0.4000000060
29206  -32.532  -56.322  11.047 0.4000000060
29208  -35.628  -56.365  10.798 0.4000000060
29217  -36.581  -56.656  10.133 0.3000000119
29228  -37.728  -57.036  8.544 0.3000000119
30009  -28.680  -55.191  14.681 0.4000000060
30010  -29.287  -55.136  14.276 0.4000000060
30047  -33.408  -55.624  10.162 0.5000000000
30048  -36.258  -55.866  10.483 0.4000000060
30056  -34.844  -55.630  9.282 0.3000000119
30057  -35.907  -55.826  8.696 0.4000000060
30938  -29.753  -54.204  13.361 0.4000000060
30972  -33.225  -55.091  10.590 0.4000000060
30975  -37.313  -54.628  9.862 0.4000000060
31859  -28.493  -53.302  13.254 0.4000000060
31886  -32.866  -53.732  11.318 0.4000000060
32848  -27.398  -52.454  13.666 0.3000000119
33818  -29.169  -52.116  12.878 0.4000000060
33827  -29.645  -52.018  12.403 0.4000000060
34769  -29.866  -50.425  14.203 0.4000000060
34770  -30.620  -50.152  14.043 0.5000000000
34780  -27.686  -51.193  13.453 0.3000000119
34781  -28.652  -51.174  13.584 0.4000000060
127995  -31.110  -72.616  11.394 0.5000000000
129112  -33.627  -73.576  5.646 0.4000000060
129447  -25.619  -64.714  8.889 0.6999999881
129834  -26.537  -68.073  9.762 0.5000000000
130702  -25.342  -68.014  7.875 0.6000000238
131464  -34.036  -69.095  14.411 0.6999999881
132199  -33.292  -74.852  4.704 0.4000000060
133589  -37.092  -56.232  9.807 0.4000000060
134899  -24.058  -62.715  12.874 0.6000000238
135980  -35.756  -70.374  13.320 0.6000000238
135998  -34.950  -70.506  13.715 0.6000000238
136022  -25.775  -71.199  8.845 0.5000000000
137450  -27.676  -66.731  14.105 0.8000000119
138248  -36.108  -70.903  12.962 0.5000000000
138577  -40.640  -62.924  12.490 0.3000000119
139013  -30.858  -65.188  14.096 0.8000000119
139383  -34.713  -54.163  9.754 0.4000000060
139757  -35.292  -61.499  8.316 0.3000000119
140067  -36.060  -64.820  13.787 0.4000000060
140231  -27.997  -72.059  11.208 0.5000000000
142076  -31.814  -72.799  10.964 0.4000000060
142652  -33.173  -60.497  9.548 0.5000000000
144546  -36.085  -61.799  7.998 0.4000000060
145447  -35.918  -62.588  7.738 0.3000000119
147035  -32.324  -64.639  12.218 0.6999999881
147895  -27.619  -55.245  15.331 0.4000000060
148440  -29.471  -57.910  15.125 0.4000000060
149005  -29.542  -74.578  10.987 0.4000000060
149075  -31.175  -72.918  12.267 0.5000000000
149648  -27.254  -75.089  11.520 0.4000000060
150220  -33.081  -72.547  7.745 0.4000000060
150519  -36.209  -76.369  8.809 0.4000000060
151705  -25.735  -72.314  9.414 0.5000000000
152023  -33.428  -54.566  10.585 0.5000000000
152139  -33.736  -53.654  10.506 0.5000000000
152147  -21.294  -64.014  11.982 0.3000000119
152619  -34.458  -73.691  6.088 0.4000000060
