#!ascii label  , from subject sub-v1s8x0051328_ses-1 vox2ras=TkReg
1867
144943  -1.878  -79.865  13.040 0.5000000000
126385  -1.879  -82.598  11.466 0.5000000000
7687  -1.873  -83.583  10.141 0.5000000000
7059  -2.796  -84.191  9.788 0.5000000000
11272  -3.246  -78.026  12.369 0.5000000000
11271  -2.430  -78.538  12.527 0.5000000000
12012  -2.458  -77.937  12.058 0.5000000000
127359  -1.593  -78.566  12.323 0.5000000000
12022  -1.848  -78.202  11.892 0.6000000238
126383  -0.214  -80.020  13.003 0.5000000000
7070  -3.908  -84.656  9.552 0.5000000000
127174  -1.243  -81.306  12.455 0.5000000000
6450  -3.830  -84.871  8.538 0.5000000000
127006  -1.079  -82.270  10.708 0.6000000238
134862  -2.993  -84.388  8.983 0.6000000238
7686  -0.854  -82.263  10.238 0.6000000238
7069  -2.087  -84.025  9.336 0.6000000238
7078  -3.162  -84.501  8.154 0.6999999881
8399  -1.084  -82.614  8.798 0.6999999881
7086  -1.974  -83.763  8.436 0.6999999881
8419  -2.207  -82.909  8.216 0.6999999881
7718  -2.775  -83.614  7.914 0.6999999881
7719  -3.563  -83.791  7.341 0.6999999881
150710  -3.591  -76.962  11.653 0.5000000000
12038  -3.030  -77.533  10.955 0.6000000238
12024  -3.709  -77.068  10.667 0.6000000238
12050  -3.563  -77.945  10.056 0.6000000238
126389  -0.587  -80.314  12.065 0.5000000000
6459  -3.991  -85.010  7.933 0.5000000000
6473  -4.768  -85.228  7.760 0.5000000000
6487  -5.714  -85.274  6.603 0.6999999881
6472  -4.398  -84.929  7.357 0.6999999881
7098  -4.935  -84.262  6.401 0.6999999881
127229  -1.021  -81.704  11.160 0.6000000238
127148  -0.938  -81.419  10.656 0.6999999881
7097  -4.117  -84.292  7.046 0.6999999881
9103  -1.025  -81.537  9.759 0.6999999881
9120  -1.873  -82.026  8.808 0.6999999881
8435  -5.076  -83.374  6.696 0.6999999881
8402  -3.747  -82.917  8.606 0.6999999881
133583  -3.262  -83.384  8.008 0.6999999881
8434  -4.125  -83.599  7.337 0.6999999881
149078  -6.168  -82.633  6.172 0.6999999881
132791  -4.634  -83.330  8.217 0.6999999881
8422  -6.142  -83.125  7.540 0.6999999881
131183  -5.822  -82.991  6.683 0.6999999881
8436  -6.634  -82.627  6.705 0.6999999881
12772  -4.142  -76.485  11.380 0.5000000000
12810  -4.330  -76.855  9.538 0.6000000238
12060  -5.408  -77.343  7.649 0.6000000238
12052  -4.681  -77.560  8.467 0.6000000238
135797  -5.376  -78.273  8.277 0.6000000238
11291  -2.856  -78.151  10.628 0.6000000238
11307  -4.663  -78.506  8.746 0.6000000238
126930  -1.685  -79.251  10.970 0.6000000238
7113  -6.086  -84.546  5.978 0.6999999881
9815  -1.458  -80.220  10.709 0.6999999881
7112  -5.630  -83.968  5.939 0.6999999881
7114  -6.853  -84.681  5.869 0.6999999881
7115  -7.529  -84.059  5.700 0.6999999881
10562  -2.363  -79.944  10.176 0.6999999881
7743  -6.688  -83.783  5.732 0.6999999881
7122  -8.158  -83.606  5.584 0.6999999881
9827  -1.630  -80.802  9.974 0.6999999881
9105  -2.916  -81.220  9.634 0.6999999881
7731  -5.016  -83.662  6.149 0.6999999881
7742  -6.199  -83.196  5.638 0.6999999881
7752  -6.987  -83.040  4.988 0.6999999881
7753  -7.533  -83.331  5.064 0.6999999881
9121  -2.415  -81.846  9.121 0.6999999881
8381  -3.238  -82.124  9.362 0.6999999881
140739  -5.798  -82.869  6.064 0.6999999881
8461  -6.745  -82.005  4.720 0.6999999881
136883  -4.612  -82.928  8.898 0.6999999881
9143  -6.721  -82.236  6.059 0.6999999881
9171  -6.178  -82.193  5.022 0.6999999881
8403  -5.457  -83.260  8.510 0.6999999881
154265  -7.047  -82.112  6.204 0.6999999881
136852  -7.060  -81.114  4.860 0.6999999881
8423  -7.057  -82.763  7.638 0.6999999881
9144  -6.908  -81.625  5.463 0.6999999881
8437  -7.466  -82.261  6.870 0.6999999881
12791  -4.558  -75.981  9.839 0.5000000000
12828  -5.141  -75.860  7.963 0.6000000238
12829  -6.051  -76.399  7.096 0.6000000238
13564  -5.818  -75.291  7.673 0.5000000000
137158  -7.774  -77.319  7.993 0.6000000238
135096  -6.220  -74.276  9.079 0.5000000000
13544  -5.516  -74.969  8.626 0.5000000000
12061  -6.810  -77.660  7.455 0.6000000238
12792  -7.866  -77.123  9.131 0.6000000238
12053  -6.395  -78.218  8.197 0.6000000238
12054  -7.328  -77.829  8.564 0.6000000238
11306  -4.038  -78.610  9.267 0.6000000238
150845  -3.131  -79.455  9.811 0.6999999881
10565  -4.870  -79.366  9.345 0.6999999881
9829  -3.174  -80.171  9.714 0.6999999881
139160  -3.833  -79.809  9.480 0.6999999881
7744  -8.935  -83.542  5.759 0.6999999881
9106  -3.950  -81.556  9.949 0.6999999881
9816  -4.176  -80.823  10.147 0.6999999881
8462  -8.058  -82.687  4.698 0.6999999881
144208  -9.302  -83.974  6.205 0.6999999881
142858  -4.828  -81.348  10.573 0.6999999881
8470  -7.247  -81.523  3.885 0.6999999881
7759  -9.004  -82.430  4.628 0.6999999881
6489  -9.352  -84.945  7.413 0.6999999881
8366  -5.703  -82.635  10.304 0.6000000238
9183  -6.857  -81.166  3.867 0.6999999881
8471  -7.995  -82.024  4.127 0.6999999881
141194  -9.506  -83.145  5.241 0.6999999881
7117  -10.107  -84.141  5.827 0.6999999881
6490  -10.277  -84.846  6.983 0.6999999881
8384  -5.999  -83.178  9.381 0.6999999881
9862  -7.186  -80.477  4.307 0.6999999881
9875  -7.056  -80.064  3.522 0.6000000238
8479  -8.640  -80.747  3.081 0.6999999881
133674  -8.849  -81.536  3.892 0.6999999881
8424  -8.016  -82.384  7.691 0.6000000238
138347  -7.611  -81.651  6.111 0.6999999881
9145  -8.530  -81.017  5.992 0.6999999881
9157  -7.523  -81.041  5.244 0.6999999881
9863  -8.185  -80.351  4.872 0.6000000238
9892  -7.917  -79.221  2.954 0.6000000238
9122  -9.058  -81.709  7.778 0.6000000238
9135  -8.320  -81.753  6.893 0.6000000238
9864  -9.023  -79.641  4.411 0.5000000000
134669  -8.310  -79.226  3.380 0.5000000000
10627  -9.336  -79.171  3.631 0.5000000000
136945  -9.119  -81.247  6.871 0.6000000238
9146  -9.609  -80.611  6.353 0.5000000000
9855  -9.166  -80.296  5.451 0.5000000000
12841  -7.250  -76.141  7.025 0.6000000238
13578  -7.235  -75.336  6.996 0.6000000238
13526  -8.815  -76.054  9.603 0.5000000000
13527  -9.636  -75.806  9.919 0.6999999881
14339  -6.475  -74.811  7.444 0.5000000000
14347  -7.188  -74.355  7.217 0.6000000238
14348  -8.155  -74.860  7.099 0.6000000238
132540  -7.071  -72.894  8.370 0.6000000238
14340  -6.637  -73.896  7.890 0.6000000238
129570  -8.514  -76.629  10.802 0.4000000060
15089  -7.205  -73.489  7.603 0.6000000238
12040  -7.933  -77.076  10.172 0.5000000000
11293  -6.905  -78.151  9.501 0.6000000238
11292  -6.456  -78.845  10.105 0.6000000238
10545  -5.374  -79.853  10.110 0.6999999881
10566  -5.705  -79.202  9.605 0.6000000238
9818  -5.469  -80.582  10.878 0.6999999881
9090  -5.311  -81.988  10.797 0.6000000238
9802  -5.617  -81.456  11.152 0.6000000238
128376  -6.926  -83.230  9.292 0.6000000238
8480  -9.619  -81.296  3.266 0.6000000238
8472  -9.969  -82.081  3.934 0.6000000238
7123  -10.477  -83.662  4.893 0.6999999881
6500  -10.550  -84.693  6.131 0.6999999881
6491  -10.937  -85.402  7.149 0.6999999881
8406  -8.486  -82.445  8.559 0.6000000238
10653  -8.877  -79.337  2.905 0.6000000238
6477  -11.041  -85.584  8.066 0.6999999881
10621  -10.099  -79.553  4.457 0.4000000060
10639  -10.267  -79.508  3.436 0.4000000060
9199  -10.248  -80.562  2.805 0.5000000000
137208  -10.389  -81.726  3.228 0.6000000238
131490  -10.787  -84.477  5.384 0.6000000238
132227  -11.567  -85.716  6.364 0.6000000238
9136  -9.864  -80.959  7.308 0.5000000000
9849  -11.153  -80.607  7.046 0.5000000000
9848  -10.477  -80.501  6.685 0.5000000000
139424  -10.125  -80.015  5.512 0.5000000000
8488  -10.954  -81.252  2.977 0.4000000060
8473  -10.777  -82.453  3.224 0.6000000238
13546  -10.045  -75.612  8.935 0.6000000238
13545  -9.000  -75.745  8.856 0.6000000238
140754  -9.788  -76.230  10.852 0.6000000238
15100  -7.946  -73.746  7.069 0.6000000238
141259  -9.078  -74.806  7.255 0.5000000000
13581  -10.660  -75.094  6.980 0.6000000238
14350  -10.669  -74.462  6.420 0.6000000238
12794  -8.957  -76.098  10.458 0.6000000238
15090  -7.795  -72.564  7.669 0.6999999881
145439  -9.591  -73.153  6.519 0.6000000238
143500  -10.486  -72.715  6.306 0.6000000238
12026  -8.115  -77.260  11.110 0.5000000000
12774  -8.707  -76.838  11.676 0.6000000238
15912  -8.198  -71.485  8.201 0.6000000238
15921  -9.813  -71.824  6.702 0.6999999881
11281  -7.740  -78.030  11.511 0.5000000000
16772  -8.909  -70.425  8.036 0.6999999881
11280  -7.145  -78.425  10.712 0.6000000238
17684  -9.333  -69.641  8.564 0.6000000238
151360  -5.987  -80.348  11.267 0.6000000238
10525  -6.782  -79.198  11.157 0.6000000238
9803  -6.524  -80.183  11.672 0.6000000238
140517  -6.029  -80.897  11.539 0.6000000238
8368  -7.380  -83.051  10.792 0.6000000238
7699  -7.911  -83.155  10.219 0.6000000238
128861  -10.775  -80.898  9.720 0.6000000238
129988  -8.825  -82.482  9.298 0.6000000238
148069  -11.358  -80.879  9.290 0.6000000238
9123  -9.988  -81.062  8.308 0.6000000238
7130  -11.123  -83.877  3.558 0.6000000238
7124  -11.298  -84.625  4.480 0.6000000238
5918  -11.996  -85.982  5.707 0.6000000238
9137  -10.625  -80.688  7.706 0.5000000000
9147  -11.609  -80.715  6.532 0.5000000000
9856  -11.040  -80.290  5.958 0.5000000000
5908  -12.504  -86.347  6.335 0.6000000238
8482  -11.435  -81.944  3.008 0.4000000060
7131  -11.760  -84.396  3.608 0.6000000238
6502  -11.764  -85.409  4.658 0.6000000238
13547  -11.169  -75.888  8.743 0.6000000238
12814  -11.788  -76.536  9.508 0.5000000000
12796  -11.288  -76.711  10.375 0.6000000238
12777  -11.631  -77.339  11.038 0.5000000000
13567  -10.358  -75.316  8.071 0.6000000238
13569  -12.354  -75.653  7.835 0.6000000238
12795  -10.432  -76.246  10.456 0.5000000000
12776  -10.689  -76.804  11.184 0.5000000000
12760  -10.385  -76.768  12.213 0.5000000000
13582  -11.829  -75.236  6.981 0.5000000000
13568  -11.352  -75.420  7.866 0.6000000238
14358  -12.048  -74.138  6.223 0.5000000000
12759  -9.437  -76.562  12.107 0.6000000238
16780  -10.501  -70.814  7.255 0.6999999881
15922  -11.048  -71.581  6.555 0.6000000238
16781  -11.360  -71.012  7.304 0.6000000238
11273  -7.693  -78.786  12.246 0.5000000000
17679  -9.492  -69.364  9.291 0.5000000000
17685  -10.108  -69.779  8.610 0.6999999881
10526  -7.183  -79.499  12.013 0.5000000000
9070  -6.863  -81.943  12.209 0.5000000000
8350  -6.817  -82.480  11.474 0.6000000238
8371  -10.053  -81.701  11.071 0.6000000238
150189  -8.816  -82.724  10.863 0.5000000000
9091  -10.838  -81.131  10.669 0.6000000238
8388  -10.101  -81.409  10.184 0.6000000238
129915  -12.042  -81.277  7.798 0.5000000000
140117  -12.229  -84.059  3.042 0.5000000000
6508  -12.308  -84.703  3.020 0.5000000000
5923  -12.699  -86.402  4.722 0.6000000238
5376  -13.223  -87.078  5.054 0.6000000238
12815  -12.659  -76.649  9.264 0.6000000238
12797  -12.321  -77.138  10.254 0.6000000238
12833  -12.984  -76.146  8.304 0.6000000238
147056  -11.325  -77.369  12.649 0.5000000000
13583  -12.886  -75.473  6.891 0.6000000238
14359  -12.965  -74.282  6.423 0.6999999881
12747  -9.709  -76.718  12.929 0.6000000238
15923  -12.040  -71.863  6.691 0.6000000238
15928  -12.304  -72.682  6.334 0.6000000238
12002  -9.326  -77.296  13.478 0.6000000238
16767  -10.675  -70.154  8.711 0.6000000238
15914  -11.949  -71.783  7.645 0.6000000238
11274  -8.230  -78.029  12.440 0.5000000000
9792  -7.102  -80.464  12.528 0.5000000000
17652  -9.080  -69.647  10.762 0.5000000000
16753  -9.769  -69.559  9.896 0.6000000238
127585  -8.131  -82.695  12.100 0.5000000000
8354  -10.073  -82.191  11.895 0.6000000238
8353  -9.295  -82.486  11.433 0.5000000000
9092  -11.687  -81.333  10.682 0.5000000000
9108  -11.518  -81.096  9.979 0.5000000000
6509  -13.057  -85.317  3.044 0.6000000238
135607  -12.882  -86.205  3.958 0.6000000238
12798  -13.127  -76.883  9.886 0.6000000238
127767  -13.011  -77.362  10.769 0.5000000000
12778  -12.342  -77.517  11.062 0.5000000000
13548  -14.041  -75.738  8.697 0.6999999881
12005  -12.045  -77.670  13.609 0.5000000000
14360  -13.941  -74.241  6.527 0.6999999881
13584  -13.879  -75.378  6.835 0.6000000238
11990  -11.220  -77.343  14.560 0.5000000000
15929  -12.787  -73.087  6.501 0.6000000238
12015  -10.404  -76.863  13.096 0.5000000000
11988  -9.635  -77.413  14.281 0.6000000238
15091  -12.647  -72.870  7.771 0.6999999881
11265  -9.025  -78.035  14.033 0.6000000238
15902  -11.576  -71.802  8.764 0.6000000238
11264  -8.562  -78.861  13.788 0.6000000238
15871  -10.387  -71.906  11.388 0.6999999881
15887  -10.686  -71.518  10.379 0.6999999881
9780  -7.662  -80.676  13.320 0.5000000000
10504  -8.115  -79.747  13.596 0.5000000000
129383  -9.940  -70.669  10.775 0.6000000238
8321  -8.084  -81.699  13.572 0.5000000000
133002  -9.322  -70.585  11.494 0.5000000000
137032  -8.593  -82.401  13.307 0.6000000238
8336  -7.844  -82.321  12.822 0.5000000000
130927  -8.481  -70.507  12.717 0.6000000238
8337  -8.680  -82.609  12.597 0.5000000000
9080  -10.733  -81.505  11.528 0.6000000238
9093  -12.304  -81.670  10.744 0.5000000000
135358  -13.651  -76.794  10.567 0.6999999881
12779  -13.525  -77.243  11.474 0.5000000000
12017  -13.313  -77.552  12.335 0.5000000000
13549  -14.774  -75.248  9.075 0.8000000119
12799  -14.357  -75.879  10.282 0.6999999881
12016  -12.430  -77.759  12.507 0.5000000000
11991  -12.277  -77.663  14.656 0.5000000000
15093  -15.256  -73.473  7.286 0.6999999881
14352  -15.095  -74.112  6.769 0.6999999881
133572  -14.700  -75.172  8.035 0.8000000119
15104  -14.421  -73.555  6.929 0.6999999881
11975  -11.498  -77.498  15.440 0.5000000000
14327  -13.383  -73.486  8.419 0.6999999881
148109  -14.331  -73.434  7.412 0.6999999881
11973  -9.893  -77.514  14.984 0.6000000238
11974  -10.562  -77.424  15.266 0.5000000000
136837  -11.704  -72.986  10.886 0.6000000238
15077  -12.317  -72.909  8.960 0.6000000238
10497  -9.122  -79.327  14.976 0.6000000238
15872  -11.122  -72.451  11.089 0.6999999881
15888  -11.456  -72.397  9.968 0.6999999881
9781  -8.257  -80.754  14.057 0.6000000238
10496  -8.625  -79.789  14.409 0.6000000238
146866  -10.159  -72.278  12.261 0.6000000238
8307  -9.354  -82.232  14.268 0.6000000238
8339  -10.120  -82.452  12.825 0.6000000238
16714  -8.472  -70.933  13.723 0.6000000238
9072  -10.699  -81.871  12.219 0.6000000238
9081  -11.989  -81.543  11.312 0.5000000000
13509  -14.898  -75.438  10.916 0.6000000238
12780  -14.247  -76.494  11.391 0.5000000000
12762  -13.948  -77.134  12.209 0.5000000000
136543  -12.866  -77.787  14.014 0.5000000000
14329  -15.523  -74.236  7.871 0.8000000119
11976  -12.474  -77.545  15.565 0.5000000000
14328  -14.401  -73.382  8.267 0.6999999881
10475  -9.905  -78.768  16.253 0.6000000238
15782  -8.284  -72.730  18.479 0.6000000238
15062  -12.914  -73.763  9.768 0.8000000119
14967  -9.227  -72.956  18.131 0.6000000238
15043  -11.573  -73.149  11.644 0.6999999881
15044  -12.240  -73.529  11.213 0.8000000119
15805  -9.042  -71.965  16.284 0.6000000238
15027  -10.708  -72.858  12.944 0.6000000238
9053  -9.229  -81.575  14.715 0.6000000238
8308  -10.232  -82.394  14.349 0.6000000238
15829  -9.519  -72.319  14.557 0.6000000238
16698  -9.136  -71.892  13.857 0.6000000238
151640  -10.027  -72.396  12.935 0.6000000238
139037  -9.778  -82.540  13.659 0.6000000238
153052  -11.387  -82.126  13.397 0.6000000238
16715  -9.073  -71.421  13.098 0.5000000000
8341  -12.350  -81.800  12.007 0.5000000000
8355  -12.778  -81.957  11.217 0.5000000000
8356  -13.101  -82.208  11.977 0.5000000000
13498  -14.878  -75.798  11.887 0.5000000000
12763  -14.438  -76.550  12.359 0.5000000000
13529  -15.675  -74.512  10.298 0.6000000238
13510  -15.510  -75.008  11.480 0.5000000000
14342  -15.606  -73.490  7.792 0.8000000119
14313  -16.107  -73.782  9.339 0.6999999881
15078  -15.428  -73.175  8.233 0.8000000119
14311  -13.646  -73.747  9.523 0.8000000119
11237  -10.449  -78.366  16.541 0.6000000238
11948  -11.945  -77.743  17.165 0.5000000000
14932  -9.989  -73.133  20.227 0.6000000238
14292  -13.298  -73.998  10.501 0.8000000119
10455  -10.843  -78.728  17.227 0.5000000000
141860  -10.576  -73.401  18.749 0.6999999881
14957  -9.716  -73.377  18.850 0.6000000238
129716  -12.211  -73.710  12.056 0.8000000119
148974  -9.381  -79.956  15.572 0.6000000238
10488  -9.801  -79.585  16.209 0.6000000238
10476  -10.278  -79.159  16.757 0.6000000238
14969  -10.703  -73.401  17.492 0.6000000238
140599  -9.868  -81.988  14.945 0.6000000238
9769  -9.463  -81.005  15.280 0.6000000238
9019  -10.731  -81.039  16.250 0.6000000238
130575  -9.687  -72.539  15.941 0.6000000238
15013  -10.791  -73.114  13.881 0.6000000238
15014  -11.486  -73.444  13.405 0.5000000000
131174  -11.240  -82.255  14.219 0.6000000238
15830  -10.132  -72.817  14.300 0.6000000238
131664  -11.863  -81.885  12.762 0.6000000238
8325  -12.060  -82.117  13.589 0.6000000238
150234  -12.769  -82.163  12.870 0.5000000000
8342  -13.566  -82.574  12.590 0.5000000000
7679  -13.702  -82.871  11.835 0.5000000000
7680  -14.478  -83.412  11.572 0.5000000000
14294  -16.115  -74.241  11.157 0.6000000238
15079  -15.908  -73.017  8.506 0.6999999881
16600  -10.684  -71.498  21.664 0.6000000238
15755  -9.769  -72.618  20.869 0.6000000238
141240  -14.931  -72.798  9.146 0.8000000119
151758  -11.718  -78.954  18.010 0.5000000000
15757  -11.231  -72.279  20.365 0.6000000238
15045  -14.285  -73.587  11.221 0.8000000119
10457  -12.067  -79.533  18.102 0.5000000000
14946  -11.051  -73.171  19.275 0.6999999881
132717  -13.322  -73.928  13.069 0.8000000119
9746  -11.144  -80.564  16.901 0.6000000238
9727  -11.575  -80.077  17.526 0.6000000238
134015  -11.607  -73.457  17.712 0.8000000119
154210  -12.780  -73.936  13.226 0.6999999881
9039  -10.310  -81.494  15.575 0.6000000238
9020  -11.585  -81.330  16.427 0.6000000238
14978  -11.213  -73.545  16.842 0.6999999881
14986  -10.769  -73.374  16.072 0.6999999881
139713  -11.575  -73.597  14.411 0.6000000238
8309  -11.499  -82.163  14.953 0.6000000238
8275  -12.898  -82.196  15.859 0.6000000238
15818  -10.173  -72.879  15.287 0.6000000238
8296  -12.109  -82.130  15.303 0.5000000000
139440  -12.835  -82.332  13.892 0.5000000000
14295  -16.447  -73.599  10.947 0.6000000238
14281  -16.404  -73.733  11.766 0.5000000000
17499  -10.104  -70.210  23.159 0.6000000238
137484  -16.127  -72.370  9.842 0.6999999881
17500  -10.383  -70.665  22.653 0.6000000238
15903  -15.594  -72.617  9.027 0.6999999881
16757  -15.971  -71.743  10.249 0.6000000238
16601  -11.132  -71.246  21.123 0.6000000238
17509  -10.731  -70.739  21.861 0.6000000238
15889  -15.274  -72.224  9.778 0.6000000238
15860  -14.676  -72.614  11.262 0.6999999881
15771  -11.423  -72.609  19.669 0.8000000119
15030  -14.278  -73.440  12.227 0.6999999881
132903  -14.536  -72.411  12.360 0.6000000238
15783  -11.686  -72.881  18.997 0.8000000119
14999  -13.686  -73.687  13.741 0.8000000119
14988  -14.199  -73.198  14.004 0.6999999881
14970  -12.470  -73.277  17.532 0.6999999881
129900  -11.663  -73.678  16.108 0.6999999881
127829  -12.961  -73.826  15.315 0.6000000238
127511  -13.654  -73.521  15.197 0.8000000119
18435  -9.091  -69.065  24.086 0.6000000238
18446  -10.400  -70.013  22.365 0.6000000238
17521  -11.080  -70.597  21.004 0.6999999881
17639  -14.224  -70.379  11.629 0.6000000238
17522  -11.398  -71.196  20.401 0.6999999881
17539  -11.687  -71.217  19.478 0.6999999881
16717  -14.410  -71.809  13.104 0.6999999881
16699  -14.129  -71.222  13.896 0.6000000238
16638  -12.101  -71.905  19.173 0.8000000119
17554  -12.435  -71.264  18.040 0.6000000238
15796  -13.133  -72.811  17.247 0.5000000000
16700  -14.288  -72.093  14.968 0.6999999881
128805  -14.017  -71.174  14.964 0.6999999881
139775  -13.665  -70.194  13.099 0.6000000238
15795  -12.595  -72.678  18.050 0.8000000119
15807  -13.672  -72.399  16.574 0.6000000238
15819  -13.995  -72.892  15.798 0.6000000238
19274  -8.270  -68.774  24.352 0.6000000238
19287  -8.692  -68.357  23.601 0.6000000238
19301  -9.587  -68.585  21.458 0.6999999881
19295  -9.548  -68.590  22.385 0.6000000238
18457  -10.638  -69.923  21.517 0.6999999881
18466  -10.705  -69.923  20.617 0.6999999881
17538  -11.205  -70.565  20.118 0.6999999881
18478  -11.144  -70.478  19.118 0.6000000238
16716  -14.055  -70.744  12.574 0.6000000238
17553  -11.746  -70.858  18.563 0.6000000238
16676  -13.000  -71.285  17.261 0.6000000238
18553  -13.766  -69.256  11.912 0.5000000000
18529  -13.023  -69.621  14.632 0.6000000238
18540  -13.379  -68.828  12.513 0.5000000000
19395  -12.831  -68.108  12.801 0.5000000000
132617  -12.465  -68.953  14.356 0.6000000238
18528  -12.802  -68.833  13.400 0.5000000000
20134  -6.877  -67.718  23.985 0.6000000238
19286  -7.828  -68.105  23.830 0.6000000238
19294  -8.980  -68.088  21.910 0.6999999881
20156  -8.256  -67.883  22.307 0.6999999881
19300  -8.841  -68.244  20.969 0.6999999881
19311  -9.461  -68.749  20.514 0.6999999881
19323  -9.235  -69.006  19.573 0.6000000238
18477  -10.552  -69.984  19.634 0.5000000000
18489  -10.339  -69.997  18.707 0.6999999881
19336  -9.888  -69.228  17.720 0.6000000238
18490  -11.013  -70.180  17.999 0.6000000238
154322  -10.984  -69.787  17.140 0.6000000238
19346  -10.758  -69.186  16.706 0.6000000238
18519  -12.435  -69.364  15.343 0.6000000238
19368  -11.918  -68.625  14.785 0.5000000000
20230  -11.305  -67.945  14.576 0.5000000000
20260  -11.580  -66.733  12.908 0.5000000000
20974  -3.563  -65.859  23.764 0.6999999881
21779  -3.584  -65.745  22.957 0.6999999881
22581  -3.194  -64.329  22.974 0.6999999881
20141  -5.624  -67.064  22.895 0.6000000238
20979  -4.145  -66.194  22.478 0.6999999881
22588  -3.321  -64.219  22.042 0.6999999881
23403  -3.751  -63.438  21.749 0.6999999881
23391  -4.510  -62.967  22.109 0.6000000238
20142  -6.663  -67.321  23.137 0.6999999881
20980  -4.674  -66.924  22.180 0.6999999881
20985  -3.827  -66.470  21.329 0.6999999881
21789  -3.599  -64.189  21.122 0.6999999881
20155  -6.751  -67.731  21.636 0.6999999881
20148  -6.235  -67.396  22.247 0.6999999881
21790  -3.405  -65.410  20.860 0.6999999881
19310  -8.559  -68.622  20.034 0.6999999881
19322  -8.349  -68.851  19.102 0.6000000238
128814  -9.106  -69.114  18.721 0.6000000238
19343  -8.933  -68.189  17.636 0.6000000238
20219  -8.555  -66.878  16.219 0.6000000238
18499  -10.475  -69.542  17.440 0.6000000238
19345  -10.116  -68.897  16.997 0.6000000238
20220  -9.293  -67.282  15.821 0.6000000238
19366  -10.109  -67.627  15.540 0.5000000000
20228  -9.672  -66.901  14.682 0.6000000238
146155  -9.363  -66.303  14.070 0.6000000238
19367  -11.248  -68.671  15.783 0.5000000000
20229  -10.564  -67.291  14.246 0.5000000000
20242  -10.044  -66.455  13.564 0.5000000000
21773  -3.088  -65.405  23.502 0.6999999881
23389  -3.593  -63.357  22.478 0.6999999881
23390  -4.031  -62.847  22.150 0.6000000238
24222  -4.939  -62.847  22.740 0.6000000238
134159  -6.343  -63.609  22.382 0.6000000238
23393  -7.224  -64.358  21.989 0.4000000060
22608  -3.721  -64.774  20.337 0.6000000238
23405  -4.794  -63.428  21.380 0.5000000000
23406  -5.945  -63.897  21.583 0.5000000000
22597  -7.896  -65.078  21.120 0.4000000060
22590  -9.382  -64.795  21.942 0.5000000000
147424  -8.188  -67.987  21.433 0.6999999881
20154  -5.575  -67.627  21.202 0.8000000119
20161  -3.932  -66.940  20.529 0.6999999881
22609  -4.817  -64.724  19.862 0.5000000000
22610  -5.992  -64.885  19.949 0.4000000060
22611  -7.288  -65.174  20.133 0.4000000060
22598  -8.527  -65.193  20.331 0.4000000060
22612  -9.369  -64.766  20.000 0.4000000060
136084  -6.306  -68.028  20.834 0.8000000119
20163  -5.328  -68.066  20.092 0.8000000119
20162  -4.454  -67.502  20.305 0.8000000119
21007  -3.819  -66.643  18.980 0.8000000119
21819  -4.523  -65.693  18.958 0.6000000238
21797  -5.257  -65.225  19.239 0.5000000000
21798  -6.439  -65.135  19.236 0.4000000060
20164  -7.881  -68.258  20.519 0.6999999881
19309  -7.559  -68.586  19.522 0.8000000119
20180  -6.519  -68.415  18.825 0.6999999881
20194  -7.560  -67.889  17.886 0.5000000000
21821  -6.607  -65.113  18.627 0.5000000000
21799  -7.632  -65.156  19.285 0.4000000060
22640  -8.596  -64.990  19.457 0.4000000060
19321  -7.497  -68.425  18.570 0.6000000238
20206  -8.186  -67.525  17.312 0.5000000000
20218  -7.713  -66.527  16.719 0.5000000000
21052  -8.338  -65.933  15.545 0.6000000238
20227  -8.912  -66.556  14.994 0.6000000238
21062  -8.938  -65.781  14.238 0.6000000238
23375  -3.438  -63.344  23.405 0.6000000238
24203  -3.898  -62.664  23.916 0.5000000000
24205  -5.212  -62.663  23.508 0.5000000000
144300  -5.998  -62.294  23.874 0.4000000060
23377  -6.173  -63.146  22.864 0.5000000000
23378  -7.155  -63.641  23.026 0.5000000000
139763  -8.027  -64.249  22.690 0.5000000000
23394  -8.970  -64.339  22.723 0.5000000000
22591  -10.213  -64.445  21.700 0.5000000000
23397  -11.385  -63.332  21.976 0.5000000000
22599  -9.499  -65.007  20.999 0.5000000000
24272  -11.395  -62.100  20.938 0.5000000000
20178  -4.288  -67.565  19.157 0.6999999881
21008  -4.262  -66.838  18.338 0.6000000238
21840  -5.700  -65.930  17.707 0.5000000000
21820  -5.532  -65.459  18.420 0.5000000000
23428  -9.767  -63.539  19.777 0.5000000000
24271  -10.549  -61.958  20.096 0.5000000000
131251  -6.595  -68.376  20.013 0.8000000119
20179  -5.397  -68.183  19.040 0.6999999881
20192  -5.670  -67.696  18.118 0.6000000238
21841  -6.321  -65.161  17.939 0.5000000000
22638  -7.132  -64.833  18.394 0.4000000060
22639  -8.070  -64.650  18.747 0.5000000000
23453  -8.931  -63.889  19.056 0.4000000060
24270  -9.967  -62.434  19.641 0.5000000000
20205  -7.073  -67.151  17.358 0.5000000000
21050  -6.994  -65.565  16.812 0.5000000000
21854  -6.406  -65.790  17.256 0.6000000238
22660  -6.596  -65.241  17.386 0.5000000000
22662  -7.521  -64.061  18.027 0.5000000000
23467  -7.834  -63.198  17.696 0.5000000000
21051  -7.533  -65.732  16.400 0.5000000000
21869  -7.407  -65.043  16.100 0.5000000000
21855  -6.970  -65.050  16.743 0.5000000000
22672  -7.167  -64.351  16.925 0.5000000000
21870  -7.925  -65.222  15.557 0.6000000238
21876  -8.029  -64.575  15.290 0.6000000238
24187  -4.276  -62.209  24.821 0.5000000000
136632  -4.735  -62.144  24.847 0.5000000000
24188  -5.367  -62.197  24.382 0.5000000000
24189  -6.991  -62.502  24.388 0.4000000060
24206  -6.534  -62.887  23.535 0.4000000060
25039  -4.658  -62.041  25.305 0.5000000000
25041  -6.227  -61.774  24.777 0.4000000060
24207  -7.651  -63.193  23.947 0.5000000000
23379  -8.343  -63.777  23.378 0.6000000238
23380  -9.409  -63.690  23.266 0.5000000000
23396  -10.753  -63.834  22.264 0.5000000000
24225  -11.495  -62.816  22.522 0.4000000060
25089  -11.965  -61.604  21.420 0.4000000060
25898  -12.447  -60.720  21.479 0.4000000060
143588  -6.827  -61.626  25.500 0.4000000060
25042  -7.440  -62.153  25.146 0.4000000060
24190  -8.028  -62.758  24.755 0.4000000060
24208  -8.822  -63.096  24.022 0.5000000000
133608  -10.260  -62.820  23.446 0.5000000000
24191  -8.723  -62.357  24.666 0.4000000060
25043  -9.281  -61.730  24.498 0.4000000060
24192  -9.582  -62.417  23.921 0.5000000000
25056  -10.551  -62.205  23.497 0.4000000060
24211  -11.379  -62.416  23.097 0.4000000060
25070  -12.649  -61.424  22.453 0.4000000060
25877  -13.128  -60.657  22.404 0.4000000060
25000  -6.963  -61.278  26.199 0.4000000060
25027  -7.791  -61.740  25.658 0.4000000060
149922  -8.190  -62.248  25.234 0.4000000060
25820  -8.859  -60.527  26.510 0.4000000060
25838  -9.021  -60.913  25.683 0.4000000060
25850  -9.589  -60.807  24.361 0.4000000060
25055  -9.864  -61.615  24.000 0.5000000000
142055  -10.481  -61.529  23.790 0.5000000000
25057  -11.465  -61.762  23.424 0.4000000060
25058  -12.363  -61.557  23.153 0.4000000060
25863  -9.847  -60.726  24.034 0.4000000060
26664  -11.344  -59.308  24.326 0.4000000060
26665  -12.340  -59.404  24.346 0.4000000060
26679  -12.836  -60.212  23.859 0.4000000060
25867  -13.315  -60.343  23.149 0.4000000060
25798  -8.572  -60.123  27.533 0.4000000060
25800  -9.443  -59.576  26.824 0.3000000119
26663  -8.998  -60.140  24.300 0.3000000119
148640  -9.102  -60.099  24.006 0.4000000060
132447  -8.138  -58.493  25.415 0.4000000060
27432  -8.740  -59.206  25.485 0.3000000119
26662  -8.354  -59.312  24.144 0.3000000119
26675  -8.560  -59.484  23.970 0.4000000060
28247  -9.747  -57.847  23.928 0.5000000000
27447  -11.708  -58.592  24.530 0.4000000060
27448  -12.762  -58.587  24.510 0.4000000060
27449  -13.565  -58.368  24.246 0.4000000060
28249  -14.303  -57.156  23.602 0.3000000119
29077  -10.033  -57.088  24.000 0.5000000000
29057  -10.687  -56.694  24.350 0.5000000000
28232  -12.089  -57.814  24.667 0.4000000060
28233  -13.106  -57.767  24.592 0.4000000060
28234  -13.860  -57.545  24.300 0.3000000119
27412  -9.132  -58.803  26.305 0.4000000060
28227  -7.475  -57.237  25.155 0.4000000060
27453  -7.753  -58.029  24.352 0.4000000060
28245  -7.971  -57.718  23.966 0.5000000000
28246  -8.639  -57.915  23.757 0.5000000000
29055  -7.644  -56.630  24.720 0.4000000060
29076  -9.106  -57.022  23.821 0.5000000000
29056  -9.605  -56.305  23.980 0.5000000000
29888  -10.339  -55.659  24.300 0.4000000060
29059  -12.649  -56.209  24.929 0.4000000060
142306  -13.432  -56.944  24.649 0.3000000119
139846  -9.504  -54.808  24.183 0.3000000119
139962  -10.599  -54.775  24.510 0.3000000119
29889  -11.583  -55.477  24.943 0.3000000119
27411  -8.393  -58.135  26.273 0.4000000060
147881  -7.758  -56.036  24.652 0.3000000119
151907  -8.082  -55.613  24.436 0.4000000060
30789  -13.604  -54.527  25.127 0.3000000119
29054  -7.496  -56.175  25.265 0.3000000119
140449  -7.824  -54.643  24.865 0.3000000119
13579  -7.974  -75.808  7.291 0.6000000238
13566  -9.351  -75.497  8.086 0.5000000000
17576  -13.505  -70.628  15.557 0.6000000238
17575  -13.037  -70.522  16.538 0.6000000238
7676  -3.358  -83.531  11.365 0.5000000000
139636  -1.094  -82.896  10.107 0.6000000238
127332  -0.556  -79.595  12.508 0.5000000000
7710  -1.462  -83.263  8.787 0.6999999881
7088  -3.266  -84.110  7.667 0.6999999881
7730  -4.546  -83.886  6.915 0.6999999881
8421  -5.220  -83.321  7.416 0.6999999881
134474  -5.325  -78.822  8.816 0.5000000000
8460  -6.246  -82.559  4.960 0.6999999881
8365  -4.772  -82.147  10.292 0.6999999881
8382  -4.186  -82.373  9.554 0.6999999881
9172  -6.789  -81.451  4.765 0.6999999881
8404  -6.522  -83.168  8.482 0.6999999881
12812  -8.360  -76.514  8.674 0.6000000238
9184  -6.980  -80.740  3.155 0.6999999881
8385  -7.191  -83.275  10.030 0.6000000238
140614  -8.746  -72.857  6.901 0.6999999881
8386  -7.959  -82.992  9.399 0.6000000238
7760  -10.659  -83.021  3.847 0.6000000238
146326  -11.379  -85.266  5.519 0.6000000238
8407  -9.367  -81.900  8.803 0.5000000000
147927  -11.644  -80.875  7.270 0.5000000000
7137  -11.692  -83.981  3.009 0.5000000000
130980  -9.036  -74.116  6.742 0.6000000238
15920  -8.814  -71.654  7.462 0.6999999881
12001  -8.654  -77.974  13.252 0.6000000238
8351  -7.720  -82.865  11.483 0.5000000000
8369  -8.681  -82.747  10.108 0.5000000000
9107  -10.116  -81.236  9.259 0.6000000238
8387  -9.443  -82.044  9.689 0.5000000000
9124  -10.822  -80.705  8.738 0.5000000000
5919  -12.595  -86.413  5.415 0.6000000238
6506  -12.676  -85.404  3.631 0.6000000238
7138  -12.950  -84.697  2.937 0.5000000000
15915  -12.534  -72.347  6.966 0.6000000238
11238  -11.146  -78.044  16.911 0.5000000000
15793  -8.561  -72.391  17.777 0.6000000238
16697  -8.857  -71.596  14.598 0.6000000238
8340  -11.034  -81.972  12.805 0.6000000238
15794  -9.141  -72.447  17.231 0.6000000238
133533  -13.006  -74.084  11.465 0.8000000119
148527  -10.164  -72.951  16.136 0.6000000238
9041  -12.049  -81.863  15.969 0.6000000238
14998  -10.767  -73.174  14.642 0.6000000238
135510  -12.123  -82.210  14.455 0.6000000238
15017  -14.264  -73.323  13.169 0.8000000119
9747  -11.947  -80.922  17.120 0.6000000238
127677  -12.568  -73.884  14.544 0.6000000238
14987  -12.113  -73.795  15.319 0.6999999881
14980  -12.912  -73.428  16.757 0.6000000238
17565  -11.832  -70.581  17.818 0.6000000238
16688  -14.016  -71.735  15.821 0.6999999881
18501  -12.286  -69.861  16.395 0.6000000238
19379  -11.784  -67.948  13.705 0.5000000000
19334  -8.397  -68.488  18.188 0.5000000000
18510  -11.415  -69.514  16.527 0.6000000238
20243  -10.846  -66.614  13.070 0.5000000000
20967  -4.180  -66.189  23.721 0.6999999881
20140  -4.813  -66.669  23.175 0.6000000238
21785  -3.405  -65.712  21.913 0.6999999881
20153  -4.616  -67.217  21.260 0.8000000119
21795  -3.649  -65.584  19.917 0.6000000238
23376  -3.869  -62.759  22.874 0.6000000238
22596  -6.647  -64.741  20.913 0.5000000000
22595  -5.360  -64.244  20.646 0.5000000000
23452  -8.200  -63.417  18.303 0.5000000000
134597  -4.672  -62.555  24.104 0.5000000000
23407  -10.813  -63.741  21.408 0.5000000000
20191  -4.784  -67.472  18.360 0.6000000238
130642  -5.893  -66.417  17.491 0.6000000238
22680  -7.575  -64.188  16.006 0.5000000000
25040  -5.207  -61.784  25.112 0.5000000000
24210  -10.930  -62.886  23.100 0.5000000000
25819  -7.775  -60.795  26.876 0.4000000060
25001  -8.260  -61.167  26.058 0.4000000060
25028  -8.701  -61.671  25.312 0.4000000060
26650  -8.947  -59.903  25.118 0.3000000119
25029  -9.326  -61.111  24.956 0.4000000060
132753  -10.273  -60.308  23.974 0.5000000000
26678  -11.526  -60.190  24.096 0.4000000060
26676  -9.240  -59.726  23.873 0.4000000060
26677  -10.287  -59.570  24.037 0.4000000060
26666  -13.252  -59.237  24.157 0.4000000060
27457  -13.824  -58.790  23.815 0.4000000060
27445  -7.948  -58.586  24.209 0.3000000119
27455  -8.433  -58.832  23.867 0.5000000000
27456  -9.382  -58.785  23.826 0.4000000060
28231  -10.927  -57.688  24.418 0.5000000000
27446  -10.572  -58.639  24.209 0.4000000060
27450  -14.049  -57.914  23.961 0.4000000060
29058  -11.527  -56.358  24.774 0.5000000000
151111  -11.533  -57.118  24.665 0.4000000060
136216  -12.398  -57.033  24.755 0.4000000060
29075  -8.252  -56.978  23.913 0.5000000000
29905  -8.047  -56.237  24.258 0.5000000000
29906  -8.602  -56.185  24.009 0.4000000060
29890  -12.923  -55.251  25.092 0.4000000060
29886  -8.400  -55.497  24.231 0.4000000060
30783  -7.807  -55.355  24.726 0.3000000119
145340  -8.258  -54.211  24.500 0.3000000119
30785  -8.683  -54.804  24.219 0.3000000119
5313  -12.989  -86.979  11.808 0.5000000000
5852  -13.783  -86.643  11.440 0.5000000000
130737  -15.256  -86.478  12.281 0.5000000000
5853  -14.912  -86.482  11.524 0.5000000000
5837  -15.918  -86.493  12.796 0.5000000000
5854  -16.062  -86.621  11.750 0.5000000000
153775  -16.986  -87.088  11.861 0.6000000238
5851  -12.784  -86.626  11.200 0.5000000000
134379  -14.438  -86.423  10.533 0.5000000000
153370  -15.793  -86.677  10.362 0.5000000000
138450  -17.520  -88.395  11.906 0.6000000238
5878  -16.220  -87.047  9.915 0.6000000238
5314  -16.716  -87.027  11.253 0.6000000238
5312  -12.311  -87.218  11.461 0.4000000060
4805  -9.296  -88.189  7.736 0.4000000060
4795  -9.674  -88.059  8.641 0.4000000060
4797  -10.979  -88.780  9.279 0.5000000000
4789  -10.583  -88.094  9.865 0.5000000000
4790  -11.594  -88.617  10.076 0.5000000000
5338  -11.001  -87.663  10.557 0.5000000000
5337  -10.339  -87.330  10.022 0.5000000000
4776  -11.903  -87.959  10.951 0.5000000000
5327  -11.502  -87.080  11.031 0.5000000000
132628  -17.305  -89.391  11.968 0.6000000238
4278  -17.118  -90.388  11.838 0.6000000238
5865  -12.376  -86.327  10.602 0.5000000000
5866  -13.298  -86.393  10.571 0.5000000000
5875  -12.799  -86.162  9.846 0.5000000000
4780  -17.159  -89.344  10.566 0.6000000238
5876  -13.749  -86.337  9.741 0.5000000000
5339  -15.808  -87.089  9.047 0.6000000238
133771  -16.792  -87.962  9.767 0.6000000238
4286  -17.107  -90.308  10.996 0.6000000238
4791  -16.335  -88.787  9.016 0.6000000238
4285  -16.966  -90.218  10.107 0.6000000238
3783  -17.026  -90.915  9.979 0.6999999881
4295  -16.479  -89.835  9.372 0.6000000238
3301  -16.688  -91.355  8.506 0.6999999881
5917  -7.646  -86.093  7.011 0.6000000238
5906  -8.159  -86.166  7.533 0.6000000238
149682  -8.089  -84.706  6.626 0.6000000238
5354  -8.507  -87.106  7.384 0.5000000000
5355  -8.964  -87.333  8.232 0.5000000000
5882  -9.091  -85.906  8.411 0.6000000238
5343  -9.962  -87.671  9.456 0.5000000000
5883  -9.172  -86.499  8.712 0.5000000000
6454  -10.014  -85.996  9.268 0.5000000000
5873  -11.050  -86.138  10.048 0.5000000000
6455  -10.616  -85.918  9.391 0.5000000000
5874  -11.871  -85.974  10.044 0.5000000000
3271  -18.075  -91.663  12.341 0.6999999881
134951  -17.593  -91.428  11.978 0.6000000238
3278  -18.371  -91.624  11.373 0.8000000119
148163  -13.243  -86.205  8.868 0.5000000000
5885  -14.198  -86.456  8.932 0.5000000000
5345  -15.412  -87.301  8.230 0.6000000238
3784  -17.279  -91.221  10.375 0.6999999881
3291  -18.292  -91.938  10.347 0.6999999881
5340  -16.341  -87.731  9.172 0.6000000238
144177  -17.145  -91.880  8.499 0.6999999881
4798  -15.697  -89.278  8.099 0.6000000238
4302  -16.011  -89.864  8.541 0.6000000238
3808  -15.940  -90.878  7.057 0.6999999881
134617  -16.825  -91.565  7.888 0.6999999881
132507  -17.764  -91.431  7.798 0.6000000238
5371  -7.621  -86.840  6.675 0.5000000000
6499  -7.533  -85.343  6.629 0.6000000238
7100  -8.824  -84.476  6.772 0.6000000238
6475  -9.517  -85.545  8.184 0.6000000238
6476  -10.172  -85.250  7.812 0.6000000238
6456  -11.373  -85.816  9.422 0.5000000000
5895  -11.875  -85.892  7.891 0.6000000238
3272  -18.902  -91.388  12.095 0.6999999881
128313  -12.454  -86.072  8.300 0.5000000000
136202  -12.488  -86.281  7.393 0.5000000000
3292  -19.865  -91.745  10.117 0.5000000000
3280  -21.337  -91.341  10.502 0.6000000238
5896  -13.238  -86.468  7.820 0.6000000238
5358  -15.034  -87.526  7.428 0.5000000000
3304  -19.163  -92.225  9.596 0.6000000238
4807  -15.143  -88.515  6.964 0.5000000000
3302  -17.572  -92.134  9.071 0.6999999881
2891  -18.841  -92.465  8.721 0.6000000238
4312  -15.358  -89.601  7.052 0.5000000000
2898  -18.491  -92.301  8.204 0.6000000238
3810  -18.831  -91.809  7.747 0.6000000238
4325  -15.214  -90.058  6.273 0.5000000000
3818  -15.637  -90.340  6.561 0.6000000238
4313  -17.588  -90.424  7.618 0.5000000000
4818  -16.823  -89.006  6.443 0.5000000000
4799  -18.648  -89.042  8.322 0.5000000000
145848  -6.605  -85.769  6.027 0.6000000238
6498  -7.017  -85.512  6.045 0.6000000238
5914  -6.160  -85.954  6.123 0.4000000060
3293  -20.907  -91.790  9.623 0.6000000238
5909  -13.292  -86.701  6.905 0.5000000000
3305  -20.120  -92.232  9.298 0.5000000000
5357  -14.686  -87.874  6.635 0.5000000000
2892  -19.761  -92.442  8.650 0.5000000000
3320  -21.243  -91.882  8.074 0.5000000000
3306  -21.645  -91.792  8.794 0.5000000000
4821  -14.617  -89.110  5.614 0.5000000000
3331  -19.608  -92.094  7.774 0.5000000000
4315  -19.924  -90.477  7.699 0.5000000000
4324  -14.874  -89.808  5.862 0.6000000238
4334  -15.787  -89.283  5.169 0.6000000238
149382  -18.428  -89.889  8.025 0.5000000000
4304  -19.242  -89.736  8.039 0.6000000238
4822  -16.241  -89.197  5.628 0.6000000238
4823  -16.679  -88.208  5.692 0.5000000000
6486  -4.926  -84.761  6.725 0.4000000060
5367  -13.371  -86.856  6.173 0.5000000000
3800  -21.826  -91.351  7.881 0.5000000000
4817  -14.425  -88.179  5.944 0.5000000000
4824  -14.120  -88.244  4.779 0.5000000000
4316  -20.871  -89.955  7.425 0.5000000000
4317  -21.734  -89.901  7.246 0.5000000000
4318  -22.092  -89.570  7.315 0.5000000000
4802  -22.341  -89.159  7.814 0.5000000000
131874  -23.804  -86.221  8.039 0.5000000000
4827  -14.751  -88.339  4.007 0.6000000238
4825  -15.815  -88.571  4.532 0.6000000238
4305  -20.022  -89.577  7.787 0.5000000000
5374  -16.263  -88.360  4.978 0.6000000238
5888  -19.579  -86.723  8.500 0.5000000000
5924  -17.473  -86.641  4.264 0.5000000000
138269  -17.553  -86.371  5.097 0.5000000000
5930  -14.202  -86.433  3.056 0.5000000000
143110  -21.381  -89.123  7.092 0.5000000000
144715  -21.849  -89.149  7.002 0.5000000000
5363  -22.366  -88.088  7.249 0.5000000000
5351  -22.743  -87.263  7.229 0.5000000000
5386  -14.137  -87.042  3.267 0.5000000000
5387  -14.790  -86.995  3.063 0.6000000238
4801  -20.567  -89.017  7.519 0.5000000000
149864  -21.107  -88.507  7.063 0.5000000000
5891  -23.227  -86.740  7.548 0.5000000000
6470  -24.437  -85.817  7.778 0.5000000000
5378  -16.344  -87.766  4.281 0.5000000000
5349  -20.494  -88.175  7.916 0.5000000000
5899  -21.247  -86.865  7.452 0.5000000000
6510  -13.699  -85.285  2.960 0.5000000000
5911  -23.289  -86.178  6.816 0.5000000000
5902  -23.232  -86.629  6.960 0.5000000000
5892  -24.031  -86.113  7.257 0.5000000000
7085  -26.015  -84.621  7.304 0.4000000060
5912  -23.870  -86.039  6.821 0.4000000060
13506  -5.274  -75.436  10.266 0.4000000060
14943  -8.455  -73.284  19.783 0.5000000000
151184  -10.098  -71.759  22.576 0.5000000000
15738  -9.566  -72.299  21.620 0.5000000000
17492  -9.732  -70.502  24.005 0.5000000000
16574  -10.162  -70.993  23.274 0.5000000000
14931  -9.082  -73.078  20.357 0.5000000000
20131  -4.109  -66.849  24.824 0.5000000000
146122  -3.241  -65.889  24.212 0.5000000000
22578  -2.992  -64.357  23.946 0.5000000000
5380  -13.253  -86.894  4.337 0.5000000000
143173  -13.770  -87.770  5.031 0.5000000000
5329  -17.214  -88.287  10.516 0.6000000238
5877  -15.342  -86.563  9.901 0.6000000238
4779  -16.865  -88.926  9.849 0.6000000238
5346  -15.966  -88.044  8.457 0.6000000238
3316  -16.326  -91.107  7.707 0.6999999881
5894  -8.660  -86.382  8.115 0.6000000238
5897  -13.900  -86.558  8.217 0.5000000000
131838  -15.616  -90.417  6.804 0.6000000238
3820  -16.605  -90.991  7.327 0.6000000238
4327  -16.621  -90.120  6.840 0.6000000238
3279  -19.560  -91.395  11.139 0.6999999881
5368  -13.988  -87.291  6.411 0.5000000000
4311  -14.814  -89.222  6.236 0.5000000000
4331  -15.782  -89.845  5.828 0.6000000238
4326  -16.221  -89.820  6.147 0.6000000238
4800  -19.636  -88.752  8.276 0.5000000000
3332  -20.506  -91.787  7.705 0.5000000000
149950  -21.352  -90.594  7.433 0.5000000000
148265  -14.830  -89.129  4.781 0.5000000000
5375  -17.082  -87.226  5.339 0.5000000000
4826  -14.074  -88.127  4.134 0.5000000000
4829  -15.901  -87.936  3.929 0.5000000000
5383  -15.298  -87.716  3.610 0.5000000000
5362  -21.995  -87.987  6.838 0.5000000000
5361  -21.369  -87.837  7.008 0.5000000000
5900  -21.976  -87.244  6.848 0.5000000000
6484  -24.690  -85.607  7.360 0.5000000000
6481  -21.779  -86.517  7.196 0.4000000060
6495  -24.929  -85.389  7.045 0.4000000060
3785  -25.593  -90.944  10.457 0.5000000000
3297  -24.853  -91.227  10.030 0.6000000238
3309  -24.212  -91.209  9.607 0.6000000238
3282  -23.475  -91.412  10.574 0.6000000238
3776  -22.736  -90.870  11.347 0.4000000060
4296  -23.813  -90.474  9.298 0.4000000060
3802  -23.012  -90.697  8.655 0.4000000060
3792  -23.758  -91.035  9.217 0.5000000000
3295  -23.096  -91.520  9.807 0.6000000238
3307  -22.616  -91.478  9.086 0.5000000000
3321  -22.106  -91.467  8.396 0.4000000060
3281  -22.422  -91.357  10.518 0.5000000000
3294  -22.064  -91.599  9.652 0.5000000000
3775  -21.598  -90.845  11.337 0.6000000238
3762  -19.515  -90.881  12.697 0.6000000238
3263  -18.458  -91.322  12.976 0.6000000238
3270  -17.606  -91.291  12.998 0.6000000238
3761  -17.173  -91.007  12.403 0.6000000238
149032  -17.040  -90.081  13.607 0.6000000238
4271  -17.103  -90.299  12.680 0.5000000000
4759  -17.378  -88.837  12.750 0.5000000000
5299  -17.424  -87.776  13.218 0.4000000060
5822  -16.453  -86.672  13.404 0.5000000000
7084  -25.545  -84.716  7.917 0.3000000119
5304  -14.347  -86.660  12.336 0.4000000060
9729  -13.076  -80.824  17.824 0.4000000060
9002  -13.711  -81.443  17.574 0.4000000060
9022  -13.343  -81.836  16.706 0.5000000000
21886  -10.099  -65.441  13.376 0.5000000000
22702  -9.508  -64.943  13.840 0.5000000000
21878  -10.016  -64.984  13.935 0.5000000000
21871  -9.494  -64.510  14.318 0.4000000060
23496  -8.650  -63.426  14.933 0.4000000060
21822  -11.326  -65.128  18.665 0.4000000060
24309  -8.193  -62.593  16.154 0.4000000060
23487  -9.210  -62.563  15.548 0.4000000060
22682  -9.371  -63.098  15.433 0.4000000060
23477  -7.926  -62.794  17.057 0.4000000060
24318  -8.758  -62.199  16.075 0.4000000060
23469  -11.113  -63.517  18.478 0.4000000060
24302  -8.386  -62.333  17.709 0.4000000060
25139  -9.493  -61.067  17.113 0.4000000060
24303  -11.079  -61.757  17.904 0.4000000060
24289  -8.857  -62.463  18.424 0.4000000060
25131  -9.345  -60.902  17.863 0.4000000060
24290  -9.375  -62.446  19.058 0.4000000060
25121  -9.468  -60.861  18.547 0.4000000060
25897  -11.539  -60.539  20.529 0.3000000119
25107  -11.060  -61.192  20.289 0.4000000060
27475  -13.719  -58.931  22.840 0.3000000119
26714  -12.745  -59.829  21.525 0.3000000119
26713  -11.838  -59.766  20.658 0.3000000119
21842  -10.698  -65.234  17.812 0.4000000060
22663  -10.333  -64.523  17.340 0.4000000060
149529  -9.482  -63.969  15.711 0.4000000060
141310  -9.925  -64.731  15.233 0.4000000060
22673  -9.868  -63.560  16.515 0.4000000060
23488  -9.577  -62.558  16.124 0.4000000060
23454  -11.699  -63.386  19.102 0.4000000060
23479  -10.748  -62.610  17.809 0.4000000060
24312  -10.436  -61.794  17.168 0.4000000060
24320  -9.418  -62.091  16.199 0.4000000060
148773  -23.267  -82.927  15.117 0.3000000119
7651  -23.640  -83.298  14.392 0.3000000119
151879  -23.288  -84.818  14.817 0.4000000060
7030  -23.546  -84.283  14.504 0.3000000119
129417  -24.062  -83.907  13.835 0.4000000060
5811  -24.523  -86.433  14.296 0.3000000119
6411  -23.752  -85.113  14.432 0.3000000119
6422  -24.314  -84.692  13.653 0.4000000060
5292  -24.825  -87.135  14.632 0.3000000119
5823  -24.947  -86.260  13.554 0.3000000119
6423  -24.849  -85.434  13.143 0.3000000119
5293  -25.647  -87.558  14.052 0.3000000119
5824  -25.540  -86.977  13.336 0.3000000119
5839  -25.684  -86.946  12.689 0.3000000119
5294  -26.509  -88.238  13.445 0.3000000119
5300  -26.143  -87.546  12.954 0.3000000119
144264  -26.155  -87.622  12.286 0.3000000119
4753  -27.191  -89.028  12.934 0.3000000119
4760  -26.598  -88.516  11.860 0.3000000119
3736  -28.074  -90.758  14.529 0.3000000119
138258  -27.928  -90.230  14.019 0.3000000119
4266  -27.540  -89.952  13.006 0.3000000119
4274  -27.215  -90.065  11.991 0.3000000119
4770  -26.862  -89.468  11.524 0.3000000119
3755  -27.750  -90.682  13.790 0.4000000060
132477  -24.144  -83.302  13.522 0.3000000119
6399  -23.210  -85.330  15.085 0.4000000060
7040  -24.574  -84.663  12.958 0.4000000060
5802  -24.038  -86.745  15.049 0.3000000119
5838  -24.847  -85.918  12.556 0.4000000060
4744  -26.330  -88.470  14.542 0.3000000119
149979  -25.257  -86.503  12.474 0.4000000060
5317  -25.773  -87.913  11.662 0.4000000060
4735  -26.741  -89.092  15.274 0.3000000119
4769  -26.163  -88.880  11.191 0.4000000060
3718  -28.220  -91.030  15.747 0.3000000119
4241  -27.416  -89.869  15.848 0.4000000060
4279  -26.358  -89.803  10.868 0.4000000060
3780  -26.528  -90.625  11.622 0.3000000119
3704  -27.950  -91.094  16.386 0.3000000119
8328  -23.967  -82.595  13.932 0.3000000119
8329  -24.202  -81.974  13.544 0.3000000119
137218  -24.576  -81.231  13.949 0.3000000119
133613  -24.200  -83.355  12.720 0.3000000119
132708  -24.049  -82.625  12.359 0.3000000119
5790  -22.607  -86.042  16.571 0.4000000060
6433  -24.392  -85.153  12.520 0.3000000119
7046  -24.059  -84.204  12.391 0.3000000119
5284  -24.518  -87.400  15.423 0.3000000119
5801  -23.269  -86.204  15.607 0.4000000060
6442  -23.996  -85.884  12.070 0.3000000119
5857  -24.702  -86.555  12.059 0.4000000060
5856  -23.414  -86.851  11.648 0.4000000060
4734  -25.755  -88.442  15.561 0.3000000119
4724  -25.105  -88.414  16.432 0.3000000119
5316  -24.672  -87.446  11.636 0.4000000060
4768  -25.021  -88.435  11.121 0.4000000060
4725  -26.232  -89.079  16.196 0.3000000119
4714  -25.596  -89.085  16.974 0.3000000119
4783  -24.408  -89.049  10.468 0.4000000060
4288  -24.121  -89.720  9.786 0.5000000000
4289  -25.621  -90.313  10.321 0.4000000060
148489  -25.024  -89.804  10.089 0.4000000060
3692  -27.719  -91.853  16.739 0.3000000119
8345  -24.242  -82.021  12.792 0.3000000119
9784  -24.896  -80.757  13.086 0.3000000119
5779  -23.108  -86.825  17.131 0.4000000060
131164  -22.892  -86.050  11.585 0.4000000060
5855  -22.490  -87.174  10.977 0.4000000060
5271  -23.688  -87.332  16.676 0.4000000060
4767  -23.504  -88.039  11.063 0.4000000060
5330  -22.545  -88.060  10.437 0.5000000000
4792  -22.468  -88.943  9.073 0.4000000060
130510  -24.752  -88.563  17.147 0.3000000119
4287  -23.065  -89.453  9.469 0.4000000060
4713  -24.820  -89.054  17.510 0.3000000119
135469  -22.825  -89.942  8.615 0.4000000060
4306  -22.456  -90.133  7.906 0.4000000060
4221  -27.163  -90.540  16.952 0.3000000119
3222  -27.417  -92.148  17.248 0.3000000119
7671  -23.709  -83.290  11.802 0.3000000119
7055  -23.212  -84.154  11.434 0.3000000119
7054  -22.608  -84.951  11.027 0.3000000119
5262  -23.535  -87.567  17.418 0.4000000060
5869  -22.228  -86.728  10.322 0.5000000000
5341  -22.284  -87.560  9.546 0.4000000060
4712  -24.008  -88.348  17.618 0.4000000060
130222  -22.399  -88.331  8.655 0.4000000060
3679  -24.156  -90.372  18.395 0.3000000119
4701  -24.083  -89.007  17.902 0.3000000119
3680  -25.060  -90.325  17.959 0.3000000119
3690  -25.828  -90.838  17.833 0.3000000119
2406  -26.896  -93.195  17.471 0.3000000119
2817  -26.660  -92.519  17.756 0.3000000119
7694  -23.231  -83.532  11.005 0.3000000119
7063  -22.474  -85.146  10.267 0.4000000060
6457  -22.424  -86.020  9.788 0.4000000060
140199  -24.207  -91.206  18.536 0.3000000119
3668  -23.376  -91.035  18.825 0.3000000119
3681  -24.937  -91.019  18.217 0.3000000119
3207  -24.788  -91.816  18.461 0.3000000119
2816  -25.536  -92.574  18.281 0.3000000119
3191  -23.050  -91.916  19.118 0.3000000119
2804  -23.572  -92.664  18.881 0.3000000119
2396  -24.145  -93.355  18.575 0.3000000119
2815  -25.156  -93.380  18.290 0.3000000119
7073  -23.858  -84.286  9.081 0.3000000119
6469  -23.081  -85.769  8.986 0.4000000060
2395  -23.215  -93.294  18.852 0.3000000119
2002  -23.292  -94.462  18.084 0.3000000119
136077  -25.278  -81.588  9.873 0.3000000119
8393  -24.361  -82.760  9.477 0.3000000119
7714  -24.482  -83.657  8.925 0.3000000119
9112  -25.890  -81.721  9.261 0.3000000119
8411  -24.984  -83.105  8.814 0.3000000119
8412  -25.751  -83.148  8.528 0.3000000119
22701  -8.974  -64.684  14.101 0.5000000000
25106  -10.143  -60.771  19.471 0.5000000000
25105  -9.690  -61.393  19.170 0.4000000060
22692  -9.086  -64.179  14.537 0.4000000060
153679  -19.839  -90.983  11.900 0.6000000238
3801  -22.350  -90.895  8.051 0.4000000060
5350  -22.666  -87.510  8.203 0.4000000060
5890  -22.883  -86.609  8.626 0.4000000060
7082  -24.077  -85.359  8.485 0.4000000060
7083  -24.778  -84.620  8.454 0.3000000119
146729  -10.676  -65.470  14.544 0.5000000000
21036  -10.617  -65.708  16.111 0.4000000060
22664  -10.835  -64.459  18.275 0.4000000060
5810  -23.791  -85.951  14.680 0.3000000119
151326  -27.031  -89.147  14.581 0.3000000119
4255  -27.673  -89.792  14.737 0.3000000119
6398  -22.613  -85.326  15.786 0.4000000060
4784  -25.555  -89.378  10.589 0.4000000060
5791  -23.263  -86.713  16.377 0.4000000060
133440  -24.364  -87.701  16.204 0.3000000119
151635  -22.669  -86.588  11.347 0.4000000060
3689  -25.840  -89.947  17.441 0.3000000119
138597  -22.324  -88.146  9.732 0.4000000060
152394  -26.660  -90.793  17.433 0.3000000119
6458  -22.655  -85.421  9.672 0.4000000060
4210  -23.703  -89.490  18.334 0.3000000119
2405  -26.185  -93.343  17.895 0.3000000119
138960  -23.225  -83.954  9.740 0.3000000119
2403  -23.765  -93.883  18.408 0.3000000119
4752  -17.231  -88.743  13.615 0.5000000000
4742  -16.792  -88.775  14.852 0.5000000000
4249  -17.114  -90.256  14.387 0.5000000000
3748  -19.059  -90.891  13.643 0.5000000000
3763  -20.664  -90.465  12.234 0.4000000060
5931  -14.901  -86.019  2.814 0.4000000060
3283  -24.487  -91.402  10.607 0.5000000000
3778  -24.926  -91.255  11.388 0.3000000119
130105  -25.677  -90.720  13.089 0.3000000119
147766  -26.042  -91.061  10.931 0.4000000060
3769  -27.151  -90.611  12.826 0.3000000119
3768  -26.392  -90.915  12.264 0.3000000119
4700  -23.337  -88.606  18.285 0.3000000119
5250  -22.548  -87.349  18.342 0.3000000119
5251  -23.244  -87.780  18.023 0.3000000119
7019  -22.827  -84.547  15.282 0.3000000119
5249  -21.715  -86.972  18.779 0.3000000119
5768  -22.242  -86.622  18.202 0.3000000119
5778  -22.443  -86.336  17.523 0.3000000119
6375  -21.943  -85.563  17.220 0.3000000119
6990  -21.973  -84.197  16.674 0.3000000119
6989  -21.660  -84.274  17.575 0.3000000119
5767  -21.599  -86.228  18.529 0.3000000119
6367  -21.285  -85.357  18.670 0.3000000119
6374  -21.518  -85.075  17.781 0.3000000119
6973  -21.448  -84.399  18.400 0.3000000119
7018  -22.284  -84.605  15.972 0.3000000119
7639  -22.904  -83.009  15.853 0.3000000119
7625  -22.479  -83.302  16.611 0.3000000119
7616  -22.170  -83.378  17.518 0.3000000119
5821  -15.709  -86.478  13.646 0.3000000119
3764  -21.939  -90.235  12.170 0.5000000000
3747  -18.095  -91.306  13.880 0.5000000000
3767  -25.326  -90.874  12.219 0.3000000119
24292  -12.164  -62.668  19.383 0.3000000119
24291  -11.453  -62.596  18.565 0.3000000119
25932  -9.515  -60.359  18.307 0.3000000119
4743  -17.133  -88.002  14.159 0.4000000060
4723  -16.647  -88.713  16.406 0.4000000060
2814  -18.809  -92.086  18.173 0.4000000060
4208  -18.286  -90.006  17.941 0.4000000060
3700  -18.428  -90.243  16.526 0.4000000060
3730  -18.738  -90.466  15.272 0.4000000060
130785  -18.670  -90.826  14.466 0.4000000060
4226  -17.250  -89.379  16.900 0.4000000060
4236  -17.367  -90.145  15.542 0.4000000060
3729  -17.983  -90.931  14.680 0.4000000060
2429  -18.695  -93.799  16.951 0.3000000119
3219  -19.601  -91.555  17.532 0.4000000060
3701  -19.565  -90.323  16.434 0.4000000060
4235  -16.976  -89.564  15.959 0.4000000060
3676  -18.523  -90.652  18.367 0.4000000060
4227  -17.970  -89.957  17.103 0.4000000060
2827  -18.621  -92.666  17.941 0.3000000119
3677  -19.095  -91.091  17.909 0.4000000060
153329  -19.214  -90.457  17.112 0.4000000060
129976  -17.625  -90.022  16.274 0.4000000060
3713  -19.463  -90.075  15.761 0.4000000060
4250  -19.716  -89.937  15.185 0.4000000060
2430  -19.458  -93.645  16.715 0.3000000119
2838  -19.868  -92.838  16.927 0.3000000119
3702  -20.468  -90.642  16.554 0.3000000119
3220  -20.302  -91.420  16.996 0.3000000119
149215  -21.338  -89.584  14.516 0.3000000119
4263  -21.793  -89.488  13.820 0.3000000119
4237  -20.279  -89.937  15.545 0.3000000119
4272  -22.396  -89.641  12.974 0.3000000119
3765  -23.085  -90.290  12.193 0.3000000119
4262  -20.817  -89.671  14.003 0.3000000119
3750  -21.283  -89.790  13.062 0.3000000119
3749  -20.167  -90.298  13.330 0.3000000119
996  -23.480  -97.327  23.134 0.3000000119
1273  -23.694  -96.719  23.398 0.3000000119
3666  -21.665  -90.599  19.802 0.3000000119
1945  -22.960  -94.607  23.610 0.3000000119
128174  -23.071  -93.745  23.838 0.3000000119
2762  -21.214  -92.442  23.549 0.3000000119
130482  -20.519  -92.323  23.043 0.3000000119
3151  -20.449  -91.633  22.734 0.3000000119
3639  -20.352  -90.725  21.880 0.3000000119
133443  -20.614  -90.272  21.111 0.3000000119
144633  -23.319  -92.697  23.904 0.3000000119
129724  -22.278  -92.183  23.798 0.3000000119
3140  -21.591  -91.531  23.590 0.3000000119
129755  -21.112  -90.802  23.435 0.3000000119
3617  -20.756  -90.129  23.216 0.3000000119
3714  -20.738  -90.144  15.884 0.3000000119
1272  -23.270  -96.217  23.237 0.3000000119
2363  -20.489  -93.874  22.780 0.3000000119
147828  -22.158  -94.774  23.474 0.3000000119
137962  -22.894  -95.428  23.341 0.3000000119
1944  -21.377  -94.566  23.321 0.3000000119
2763  -22.131  -93.073  23.877 0.3000000119
3141  -22.681  -91.404  23.716 0.3000000119
2350  -20.980  -93.889  23.389 0.3000000119
2351  -21.926  -94.021  23.754 0.3000000119
2402  -22.731  -93.840  18.722 0.3000000119
2414  -19.090  -93.155  17.387 0.3000000119
2761  -20.651  -93.116  23.163 0.3000000119
2828  -19.348  -92.325  17.679 0.4000000060
2829  -19.982  -92.091  17.193 0.3000000119
2890  -18.141  -92.346  8.729 0.6000000238
3139  -20.784  -91.601  23.265 0.3000000119
3204  -18.549  -91.444  18.453 0.4000000060
3205  -19.107  -91.708  17.993 0.4000000060
3206  -23.889  -91.878  18.736 0.3000000119
3208  -25.769  -91.690  18.133 0.3000000119
3221  -26.700  -91.536  17.642 0.3000000119
3255  -28.148  -91.119  15.210 0.3000000119
3284  -25.392  -91.242  10.738 0.5000000000
3289  -17.091  -91.539  9.399 0.6999999881
3290  -17.635  -91.798  9.942 0.6999999881
3296  -24.017  -91.417  9.937 0.6000000238
3303  -18.217  -92.264  9.422 0.6000000238
3308  -23.511  -91.302  9.403 0.6000000238
3317  -17.746  -92.133  8.366 0.6000000238
3318  -19.317  -92.372  8.091 0.5000000000
3319  -20.227  -92.289  8.025 0.5000000000
3322  -22.946  -91.209  8.769 0.4000000060
3328  -16.449  -91.099  7.461 0.6000000238
3329  -17.103  -91.573  7.737 0.6999999881
3330  -18.003  -91.924  7.969 0.6000000238
3333  -21.304  -91.301  7.632 0.5000000000
3687  -18.886  -90.572  17.605 0.4000000060
3688  -19.646  -90.762  17.217 0.4000000060
3691  -27.471  -91.343  17.108 0.3000000119
3712  -17.965  -90.494  15.630 0.4000000060
3728  -17.460  -90.521  14.860 0.4000000060
3731  -19.739  -90.182  14.350 0.4000000060
3746  -17.464  -90.898  13.955 0.6000000238
3754  -27.513  -90.938  13.660 0.4000000060
3773  -17.240  -90.976  11.357 0.6000000238
3774  -20.566  -91.045  11.309 0.6000000238
3777  -23.834  -91.107  11.399 0.5000000000
3779  -25.888  -91.133  11.409 0.4000000060
3786  -26.238  -90.556  10.868 0.4000000060
3791  -16.684  -90.780  9.344 0.6999999881
3793  -24.534  -90.967  9.571 0.6000000238
3794  -24.819  -90.444  9.785 0.4000000060
3799  -16.277  -90.620  8.504 0.6000000238
3809  -16.002  -90.870  6.975 0.6999999881
3811  -19.746  -91.444  7.623 0.5000000000
3812  -20.660  -90.979  7.535 0.5000000000
3813  -21.850  -90.760  7.560 0.5000000000
3814  -22.124  -90.264  7.551 0.4000000060
3817  -15.157  -90.042  5.946 0.6000000238
3819  -15.928  -90.389  6.491 0.6000000238
3821  -15.491  -90.133  6.074 0.6000000238
4211  -24.616  -89.657  17.933 0.3000000119
4220  -17.726  -89.518  17.636 0.4000000060
4230  -28.040  -90.655  15.961 0.3000000119
4242  -28.089  -90.589  15.224 0.3000000119
4248  -16.931  -89.753  15.095 0.5000000000
4251  -20.567  -89.673  14.865 0.3000000119
4261  -16.976  -89.363  14.334 0.5000000000
4273  -23.415  -89.856  13.025 0.3000000119
4280  -26.754  -90.123  11.325 0.3000000119
4314  -18.799  -90.837  7.781 0.6000000238
4328  -14.523  -88.890  5.051 0.5000000000
4329  -14.894  -89.588  5.360 0.6000000238
4330  -15.356  -89.766  5.578 0.6000000238
4332  -14.508  -88.623  4.538 0.5000000000
4333  -15.258  -89.209  4.817 0.5000000000
4335  -14.957  -88.851  4.415 0.6000000238
4733  -16.664  -88.771  15.555 0.4000000060
4745  -27.328  -89.300  13.808 0.3000000119
4761  -27.193  -89.255  12.238 0.3000000119
4766  -17.410  -88.747  11.250 0.6000000238
4781  -22.595  -88.631  9.848 0.4000000060
4782  -23.203  -88.832  10.240 0.5000000000
4806  -9.864  -88.868  7.768 0.4000000060
4808  -15.465  -88.379  7.690 0.5000000000
4809  -17.385  -89.343  7.366 0.5000000000
4811  -21.672  -88.543  6.878 0.5000000000
4812  -22.018  -88.749  7.008 0.5000000000
4820  -14.219  -88.294  5.307 0.5000000000
4828  -15.343  -88.478  4.235 0.6000000238
5238  -22.115  -87.804  18.808 0.3000000119
5261  -22.922  -87.051  17.837 0.3000000119
5272  -24.252  -87.979  16.971 0.4000000060
5283  -23.776  -87.073  15.858 0.4000000060
5285  -25.320  -87.800  15.012 0.3000000119
5298  -16.994  -87.135  13.694 0.4000000060
5301  -26.697  -88.330  12.594 0.3000000119
5305  -17.449  -87.706  12.289 0.6000000238
5311  -12.058  -86.685  11.070 0.5000000000
5315  -17.337  -87.739  11.349 0.6000000238
5326  -10.829  -86.802  10.517 0.5000000000
5328  -16.827  -87.398  10.566 0.6000000238
5336  -9.841  -87.042  9.598 0.5000000000
5342  -9.434  -87.180  9.094 0.5000000000
5344  -14.659  -86.811  8.160 0.5000000000
5348  -19.692  -87.731  8.494 0.5000000000
5356  -14.156  -86.945  7.330 0.5000000000
5372  -13.120  -86.771  5.690 0.6000000238
5373  -13.744  -87.451  5.617 0.5000000000
5377  -13.690  -87.604  4.565 0.5000000000
5379  -17.024  -87.132  3.859 0.5000000000
5381  -13.847  -87.301  3.932 0.5000000000
5382  -14.567  -87.496  3.777 0.5000000000
5384  -16.447  -87.267  3.702 0.5000000000
5777  -21.838  -85.869  18.010 0.3000000119
5812  -25.126  -86.837  13.976 0.3000000119
5858  -25.470  -87.066  12.077 0.4000000060
5864  -11.568  -86.437  10.632 0.5000000000
5867  -15.452  -86.551  10.813 0.5000000000
5868  -16.176  -86.802  10.781 0.5000000000
5871  -9.669  -86.501  9.266 0.5000000000
5872  -10.286  -86.487  9.786 0.5000000000
5879  -22.425  -86.914  9.395 0.4000000060
5884  -12.248  -85.909  9.199 0.5000000000
5886  -15.012  -86.690  8.977 0.6000000238
5889  -20.415  -86.460  8.263 0.5000000000
5901  -22.558  -86.554  6.909 0.5000000000
5907  -11.723  -85.895  7.177 0.6000000238
5913  -24.442  -85.762  6.935 0.4000000060
5915  -6.905  -86.125  6.304 0.6000000238
5916  -7.241  -86.171  6.458 0.5000000000
5921  -17.947  -85.767  5.531 0.5000000000
5922  -12.051  -85.958  5.038 0.6000000238
5926  -13.674  -86.437  3.671 0.6000000238
5929  -13.682  -85.913  2.977 0.5000000000
5937  -15.707  -85.795  2.555 0.4000000060
6387  -21.691  -84.875  17.098 0.3000000119
6388  -22.035  -85.137  16.482 0.4000000060
6412  -24.414  -85.623  13.924 0.3000000119
6440  -22.552  -85.624  11.240 0.3000000119
6441  -23.338  -85.084  11.738 0.4000000060
6448  -22.323  -85.769  10.695 0.4000000060
6462  -9.563  -85.936  8.822 0.5000000000
6463  -10.207  -85.625  8.718 0.6000000238
6464  -10.936  -85.669  8.910 0.5000000000
6471  -24.932  -85.333  7.916 0.5000000000
6474  -8.801  -85.596  7.878 0.6000000238
6478  -11.641  -85.773  8.650 0.5000000000
6485  -25.284  -85.099  7.386 0.4000000060
6488  -8.281  -85.209  7.232 0.6000000238
6494  -24.150  -85.644  6.758 0.4000000060
6496  -5.919  -85.178  6.094 0.6999999881
6497  -6.430  -85.268  6.023 0.6000000238
6503  -12.260  -85.820  4.312 0.6000000238
6505  -11.935  -85.169  3.979 0.6000000238
6511  -14.279  -85.653  2.973 0.5000000000
6513  -14.382  -85.242  2.951 0.5000000000
7039  -24.367  -84.001  13.162 0.4000000060
7060  -3.573  -84.310  10.285 0.5000000000
7072  -23.056  -84.845  9.494 0.4000000060
7076  -1.795  -83.807  8.947 0.6999999881
7077  -2.486  -84.118  8.731 0.6999999881
7087  -2.480  -84.025  8.065 0.6999999881
7099  -5.454  -84.583  6.057 0.6999999881
7101  -9.737  -84.416  6.611 0.6999999881
7116  -8.339  -84.103  6.141 0.6999999881
7638  -22.427  -83.858  15.852 0.3000000119
7667  -14.256  -83.149  12.388 0.5000000000
7678  -8.191  -83.046  10.821 0.5000000000
7688  -2.950  -83.836  10.573 0.5000000000
7698  -1.401  -83.475  9.494 0.6000000238
7706  -23.753  -83.435  9.565 0.3000000119
7709  -0.949  -82.820  9.490 0.6000000238
7715  -25.385  -83.957  8.439 0.3000000119
7717  -1.990  -83.426  8.174 0.6999999881
7741  -5.573  -83.240  5.990 0.6999999881
7754  -8.531  -83.120  5.196 0.6999999881
7766  -11.156  -83.324  3.038 0.6000000238
7767  -11.771  -83.373  2.925 0.5000000000
7768  -12.305  -83.385  2.943 0.5000000000
8313  -23.699  -82.464  14.741 0.3000000119
8322  -8.740  -82.150  13.859 0.6000000238
8323  -9.281  -82.580  13.071 0.6000000238
8324  -10.616  -82.349  13.588 0.6000000238
8326  -13.531  -82.512  13.391 0.5000000000
8335  -7.412  -82.452  12.130 0.5000000000
8338  -9.387  -82.563  12.287 0.5000000000
8349  -6.014  -82.182  11.056 0.6000000238
8352  -8.493  -82.809  11.438 0.5000000000
8358  -23.838  -82.537  11.672 0.3000000119
8367  -6.559  -82.838  10.622 0.6000000238
8370  -9.412  -82.236  10.552 0.5000000000
8372  -12.818  -82.019  10.409 0.5000000000
8380  -0.885  -82.246  9.541 0.6999999881
8383  -5.087  -82.759  9.557 0.6999999881
8394  -25.256  -82.352  9.190 0.3000000119
8400  -1.677  -82.497  8.518 0.6999999881
8401  -2.554  -82.546  8.609 0.6999999881
8405  -7.500  -82.876  8.504 0.6999999881
8418  -1.565  -82.906  8.314 0.6999999881
8420  -4.273  -83.463  7.607 0.6999999881
8449  -5.932  -82.674  5.366 0.6999999881
8481  -10.879  -81.757  2.977 0.4000000060
9001  -12.828  -81.176  17.229 0.6000000238
9021  -12.443  -81.583  16.552 0.6000000238
9040  -11.280  -81.769  15.665 0.6000000238
9052  -8.708  -81.602  14.246 0.6000000238
9054  -10.717  -82.124  15.006 0.6000000238
9065  -24.468  -81.490  13.169 0.3000000119
9071  -7.301  -81.504  12.785 0.5000000000
9073  -11.434  -81.582  11.983 0.6000000238
9079  -6.277  -81.675  11.654 0.6000000238
9102  -0.787  -81.905  10.145 0.6000000238
9104  -1.841  -81.402  9.353 0.6999999881
9111  -24.662  -82.029  9.845 0.3000000119
9119  -1.271  -82.031  8.997 0.6999999881
9138  -11.313  -80.791  7.898 0.5000000000
9142  -6.066  -82.390  5.595 0.6999999881
9156  -6.417  -81.698  5.080 0.6999999881
9185  -7.778  -81.082  3.465 0.6999999881
9190  -7.629  -80.235  2.900 0.6999999881
9191  -9.554  -80.545  2.932 0.6000000238
9192  -10.269  -81.174  2.944 0.6000000238
9200  -10.630  -81.086  2.902 0.4000000060
9728  -12.364  -80.465  17.759 0.4000000060
9745  -10.389  -80.119  16.614 0.6000000238
9768  -8.833  -80.836  14.676 0.6000000238
9791  -6.606  -81.135  12.151 0.5000000000
9817  -4.761  -80.331  10.110 0.6999999881
9828  -2.381  -80.700  9.760 0.6999999881
9830  -3.624  -80.597  9.849 0.6999999881
9831  -4.204  -79.993  9.529 0.6999999881
9861  -6.719  -80.750  4.127 0.6999999881
9876  -7.724  -79.734  3.883 0.6000000238
9891  -7.127  -79.855  2.936 0.6999999881
9904  -8.655  -79.978  2.731 0.6000000238
9905  -9.660  -79.904  2.744 0.5000000000
9906  -10.329  -80.180  2.853 0.5000000000
9912  -10.613  -80.728  2.909 0.4000000060
10456  -11.380  -79.213  17.684 0.5000000000
10477  -10.856  -79.636  17.200 0.6000000238
10487  -9.505  -78.951  15.641 0.6000000238
10512  -7.635  -79.661  12.814 0.5000000000
10513  -8.138  -78.832  13.032 0.5000000000
10546  -6.021  -79.704  10.732 0.6000000238
10563  -3.724  -79.341  9.449 0.6999999881
10564  -4.276  -79.182  9.257 0.6999999881
10626  -7.487  -79.531  3.164 0.6000000238
10638  -9.561  -79.169  3.246 0.5000000000
10654  -9.926  -79.531  2.906 0.4000000060
11221  -11.587  -78.420  17.642 0.5000000000
11248  -9.987  -78.043  15.731 0.6000000238
11256  -8.928  -78.850  14.408 0.6000000238
11257  -9.410  -78.251  14.865 0.6000000238
11290  -2.029  -78.380  11.260 0.6000000238
11304  -2.607  -78.965  10.387 0.6999999881
11305  -3.382  -78.758  9.805 0.6000000238
11308  -6.037  -78.592  8.999 0.5000000000
11960  -10.824  -77.753  16.093 0.5000000000
11961  -11.702  -77.609  16.338 0.5000000000
11989  -10.279  -77.136  14.478 0.6000000238
11992  -13.165  -77.581  14.763 0.5000000000
12003  -9.977  -76.876  13.728 0.6000000238
12004  -10.827  -77.140  13.726 0.5000000000
12014  -8.879  -77.163  12.584 0.6000000238
12023  -2.897  -77.498  11.607 0.6000000238
12025  -7.576  -77.756  10.425 0.5000000000
12027  -11.929  -77.668  11.728 0.5000000000
12028  -12.784  -77.604  11.632 0.5000000000
12037  -2.522  -77.836  11.397 0.6000000238
12039  -7.546  -77.616  9.533 0.6000000238
12051  -4.133  -77.768  9.308 0.6000000238
12761  -11.201  -77.272  11.742 0.5000000000
12764  -14.934  -75.900  12.751 0.5000000000
12775  -9.168  -76.337  11.308 0.6000000238
12790  -4.288  -76.455  10.485 0.5000000000
12793  -8.380  -76.523  9.853 0.5000000000
12811  -4.629  -76.440  8.642 0.6000000238
12813  -10.744  -76.024  9.722 0.5000000000
12816  -13.310  -76.229  8.932 0.6000000238
12817  -13.816  -76.192  9.592 0.6999999881
12830  -7.135  -76.856  7.177 0.6000000238
12831  -7.931  -76.598  7.560 0.6000000238
12832  -12.180  -76.185  8.713 0.5000000000
12840  -6.517  -75.693  7.023 0.5000000000
13499  -15.374  -75.326  12.278 0.5000000000
13524  -4.960  -75.434  9.169 0.5000000000
13525  -5.783  -74.861  9.605 0.4000000060
13528  -15.098  -75.084  9.939 0.6000000238
13550  -15.685  -74.356  9.078 0.6000000238
13565  -8.609  -76.101  7.836 0.6000000238
13570  -13.858  -75.659  7.784 0.6999999881
13571  -14.914  -74.741  7.056 0.8000000119
13580  -9.622  -75.008  7.550 0.5000000000
13585  -14.514  -74.608  6.690 0.6999999881
13591  -12.362  -74.878  6.550 0.6000000238
13592  -13.247  -75.072  6.584 0.6999999881
13593  -13.871  -74.927  6.565 0.6999999881
14258  -13.019  -73.942  13.833 0.8000000119
14279  -12.912  -74.054  12.490 0.8000000119
14293  -13.726  -73.923  10.993 0.8000000119
14312  -14.317  -73.429  9.266 0.8000000119
14314  -16.179  -73.701  10.204 0.6000000238
14325  -6.073  -74.426  8.233 0.5000000000
14330  -16.024  -73.539  8.475 0.6999999881
14341  -15.430  -73.825  7.040 0.6999999881
14349  -9.850  -74.551  6.990 0.6000000238
14351  -11.431  -74.716  6.484 0.5000000000
14357  -11.828  -73.338  6.123 0.5000000000
14361  -14.760  -74.023  6.646 0.6999999881
14944  -9.359  -73.344  19.625 0.6000000238
14945  -10.264  -73.329  19.481 0.6999999881
14956  -8.789  -73.252  19.019 0.5000000000
14958  -11.338  -73.283  18.546 0.8000000119
14959  -12.055  -73.103  18.313 0.8000000119
14968  -9.899  -73.071  17.395 0.6000000238
14971  -13.460  -73.105  16.518 0.6000000238
14977  -10.413  -73.206  16.752 0.6000000238
14979  -12.143  -73.610  16.889 0.6999999881
15015  -12.279  -73.823  13.735 0.6999999881
15016  -13.852  -73.751  12.899 0.8000000119
15028  -11.483  -73.293  12.502 0.5000000000
15029  -12.182  -73.720  12.912 0.6999999881
15042  -10.876  -72.706  11.981 0.6000000238
15061  -12.231  -73.325  10.290 0.8000000119
15063  -14.326  -73.584  10.216 0.8000000119
15064  -16.252  -72.998  9.219 0.6999999881
15065  -16.397  -72.979  10.338 0.6000000238
15092  -13.323  -73.212  7.122 0.6000000238
15101  -10.047  -73.895  6.384 0.6000000238
15102  -10.972  -73.525  6.205 0.6000000238
15103  -13.359  -73.407  6.769 0.6999999881
15105  -15.068  -73.760  6.833 0.6999999881
15110  -12.535  -73.430  6.288 0.6999999881
15111  -13.297  -73.614  6.550 0.6000000238
15112  -14.248  -73.742  6.719 0.6999999881
15730  -9.535  -72.107  22.511 0.5000000000
15739  -10.379  -72.150  21.355 0.6000000238
15754  -8.870  -72.516  20.998 0.5000000000
15756  -10.592  -72.537  20.674 0.6000000238
15770  -10.797  -72.940  19.997 0.6000000238
15772  -11.875  -72.328  19.325 0.8000000119
15784  -12.194  -72.497  18.753 0.8000000119
15806  -9.733  -72.707  16.625 0.6000000238
15817  -9.311  -72.116  15.355 0.6000000238
15820  -14.203  -73.052  14.818 0.8000000119
15831  -14.385  -72.395  14.090 0.6999999881
15845  -9.575  -72.161  13.321 0.6000000238
15846  -10.109  -72.694  13.542 0.6000000238
15847  -14.440  -72.684  13.408 0.6999999881
15859  -9.612  -71.819  12.617 0.5000000000
15870  -9.743  -71.430  11.800 0.5000000000
15873  -14.841  -72.752  10.271 0.6000000238
15890  -15.602  -72.149  9.752 0.6000000238
15901  -11.006  -71.126  9.243 0.6000000238
15904  -15.935  -72.516  9.270 0.6999999881
15905  -15.928  -71.999  9.853 0.6000000238
15911  -7.596  -71.910  8.704 0.6000000238
15913  -11.246  -70.841  8.162 0.6000000238
15924  -12.677  -72.683  6.653 0.6000000238
15927  -11.551  -72.491  6.268 0.6000000238
16587  -10.366  -71.303  22.487 0.6000000238
16599  -10.186  -71.885  22.082 0.5000000000
16618  -11.007  -71.889  21.008 0.6000000238
16637  -11.674  -71.875  19.906 0.8000000119
16650  -12.513  -72.001  18.499 0.6000000238
16661  -12.945  -72.040  17.782 0.5000000000
16662  -13.338  -72.011  17.144 0.6000000238
16677  -13.481  -71.425  16.521 0.6000000238
16696  -8.138  -70.811  14.633 0.6000000238
16729  -9.146  -71.011  12.262 0.5000000000
16730  -14.377  -71.272  12.074 0.6000000238
16754  -10.369  -70.379  9.674 0.6000000238
16756  -15.564  -71.658  10.238 0.6000000238
16766  -10.136  -69.685  9.207 0.6000000238
16773  -9.900  -70.189  7.947 0.6999999881
16774  -10.808  -70.204  7.925 0.6000000238
16779  -9.599  -70.858  7.379 0.6999999881
17540  -12.145  -71.495  18.782 0.6000000238
17566  -12.386  -70.597  17.237 0.6000000238
17589  -13.011  -69.862  15.812 0.6000000238
17606  -13.604  -70.379  14.292 0.6999999881
17625  -13.786  -69.881  12.077 0.6000000238
17668  -8.517  -68.977  10.401 0.5000000000
17669  -9.078  -69.034  9.932 0.5000000000
17683  -8.621  -69.761  8.742 0.6000000238
18425  -9.330  -69.818  24.340 0.5000000000
18436  -9.618  -69.578  23.636 0.6000000238
18445  -9.914  -69.351  22.811 0.6000000238
18456  -10.131  -69.221  21.951 0.6000000238
18465  -10.202  -69.204  21.037 0.6999999881
18476  -10.023  -69.373  20.070 0.6999999881
18488  -9.817  -69.514  19.156 0.5000000000
18500  -11.610  -70.118  17.179 0.6000000238
18518  -11.894  -69.170  15.845 0.6000000238
18584  -8.826  -69.167  9.612 0.5000000000
19288  -9.378  -68.724  23.269 0.6000000238
19335  -9.764  -69.462  18.390 0.6000000238
19344  -9.507  -68.537  17.337 0.6000000238
19357  -9.790  -68.038  16.552 0.6000000238
19358  -10.461  -68.429  16.209 0.5000000000
19380  -12.290  -68.287  13.541 0.5000000000
19410  -13.843  -68.828  11.973 0.5000000000
20143  -7.425  -67.643  23.341 0.6000000238
20144  -8.175  -67.825  23.116 0.6999999881
20147  -5.315  -67.279  21.964 0.6999999881
20149  -7.356  -67.575  22.543 0.6999999881
20177  -3.749  -66.952  19.731 0.8000000119
20193  -6.685  -67.811  17.958 0.5000000000
20204  -6.014  -67.032  17.436 0.6000000238
20207  -9.104  -67.644  16.932 0.6000000238
20244  -11.385  -67.293  13.328 0.5000000000
20259  -11.096  -66.207  12.920 0.5000000000
20966  -3.662  -66.258  24.489 0.5000000000
20991  -3.584  -66.275  20.241 0.6999999881
21021  -4.181  -66.268  18.671 0.6000000238
21022  -5.134  -66.780  17.808 0.6000000238
21035  -6.705  -66.302  17.096 0.5000000000
21074  -9.216  -65.188  13.776 0.5000000000
21075  -9.676  -65.763  13.462 0.6000000238
21092  -10.174  -65.632  13.229 0.5000000000
21093  -10.473  -66.024  13.054 0.5000000000
21784  -3.241  -64.972  21.644 0.6999999881
21796  -4.064  -65.003  19.635 0.5000000000
21818  -3.914  -65.884  19.217 0.6000000238
21839  -4.776  -66.284  18.256 0.5000000000
21856  -10.304  -65.200  16.820 0.4000000060
21877  -8.487  -65.034  14.534 0.5000000000
21885  -9.778  -65.368  13.465 0.5000000000
22589  -8.421  -64.815  22.019 0.5000000000
22613  -10.123  -64.244  20.707 0.5000000000
22661  -7.002  -64.601  17.605 0.5000000000
22681  -9.273  -63.864  14.890 0.4000000060
22690  -8.212  -63.854  15.205 0.6000000238
22691  -8.594  -64.236  14.657 0.6000000238
23381  -10.387  -63.471  23.043 0.5000000000
23392  -5.395  -63.158  22.297 0.6000000238
23395  -9.956  -64.211  22.574 0.5000000000
23404  -4.150  -63.279  21.415 0.6999999881
23429  -10.448  -63.142  20.445 0.5000000000
23466  -7.460  -63.685  17.294 0.5000000000
23468  -10.478  -63.594  17.614 0.4000000060
23476  -7.668  -63.398  16.483 0.5000000000
23478  -10.165  -62.603  16.912 0.4000000060
23485  -8.087  -63.205  15.555 0.4000000060
23486  -8.753  -62.628  15.400 0.4000000060
23497  -9.075  -63.155  15.007 0.4000000060
24204  -4.328  -62.648  22.930 0.5000000000
24209  -9.719  -63.094  23.587 0.5000000000
24223  -5.657  -62.823  23.120 0.4000000060
24224  -11.050  -63.297  22.587 0.5000000000
24242  -11.195  -62.892  21.129 0.5000000000
24243  -11.749  -62.592  21.781 0.4000000060
24293  -12.873  -62.325  19.963 0.3000000119
24304  -11.784  -61.768  18.639 0.4000000060
24310  -8.511  -62.105  16.801 0.4000000060
24311  -9.874  -61.905  16.584 0.4000000060
24319  -9.101  -62.259  15.884 0.4000000060
25026  -5.941  -61.542  25.608 0.5000000000
25069  -12.064  -62.175  22.625 0.4000000060
25120  -9.083  -61.570  18.076 0.4000000060
25122  -9.638  -60.495  19.009 0.4000000060
25130  -8.960  -61.539  17.345 0.4000000060
25138  -9.145  -61.782  16.543 0.4000000060
25148  -9.669  -61.452  16.648 0.4000000060
25799  -9.302  -59.977  26.932 0.4000000060
25821  -9.270  -60.184  26.120 0.4000000060
25839  -9.173  -60.612  25.233 0.4000000060
25864  -10.996  -61.022  23.925 0.5000000000
25865  -12.133  -61.049  23.695 0.4000000060
25866  -12.953  -61.043  23.230 0.4000000060
25940  -9.762  -60.355  17.655 0.3000000119
26633  -9.331  -59.494  26.199 0.3000000119
26680  -13.516  -59.624  23.483 0.4000000060
26690  -13.387  -59.772  22.512 0.3000000119
27430  -7.547  -57.520  25.672 0.4000000060
27431  -8.157  -58.956  24.652 0.3000000119
27444  -7.686  -58.019  24.710 0.4000000060
27454  -7.933  -58.348  24.114 0.5000000000
28230  -7.621  -57.350  24.640 0.4000000060
28244  -7.776  -57.740  24.307 0.4000000060
29060  -14.205  -56.814  24.361 0.3000000119
29074  -7.808  -57.011  24.274 0.5000000000
29880  -7.369  -55.619  25.853 0.3000000119
29881  -7.549  -55.689  25.128 0.3000000119
29887  -9.011  -55.466  24.100 0.3000000119
30784  -8.291  -54.898  24.388 0.3000000119
126384  -0.874  -81.053  12.156 0.6000000238
126386  -0.906  -81.745  10.753 0.6000000238
126387  -0.903  -79.717  11.611 0.6999999881
126390  -0.943  -79.019  12.659 0.5000000000
126391  -0.963  -78.846  12.378 0.5000000000
126909  -1.495  -82.739  10.795 0.6000000238
126969  -2.670  -79.265  13.082 0.5000000000
127024  -1.035  -78.722  11.840 0.5000000000
127049  -1.599  -79.044  12.749 0.5000000000
127282  -0.473  -80.410  12.666 0.5000000000
127285  -2.343  -83.216  11.007 0.5000000000
127370  -0.890  -81.096  11.643 0.6000000238
127629  -13.297  -73.793  14.545 0.6000000238
127936  -11.170  -73.457  15.315 0.6999999881
128797  -3.298  -77.327  11.984 0.5000000000
129020  -13.269  -75.751  7.429 0.6000000238
129132  -17.135  -90.887  13.169 0.6000000238
129244  -23.671  -95.133  23.449 0.3000000119
129302  -0.726  -79.597  12.883 0.5000000000
129377  -21.312  -93.307  23.605 0.3000000119
129385  -24.503  -92.622  18.594 0.3000000119
129758  -6.136  -67.272  23.659 0.6000000238
129803  -23.026  -83.646  15.147 0.4000000060
130309  -7.265  -68.012  21.056 0.8000000119
130356  -8.777  -75.411  7.480 0.5000000000
131123  -13.289  -69.530  13.392 0.5000000000
131368  -9.639  -72.446  13.904 0.6000000238
132172  -4.279  -64.037  20.528 0.6000000238
133323  -17.721  -91.403  10.911 0.6000000238
133356  -13.828  -73.489  14.496 0.8000000119
133517  -11.936  -82.635  2.828 0.4000000060
133580  -10.163  -73.376  18.130 0.6999999881
133700  -15.430  -86.471  2.897 0.6000000238
133713  -8.169  -58.225  23.887 0.5000000000
133885  -9.251  -68.909  18.015 0.6000000238
133993  -13.349  -82.495  11.355 0.5000000000
134227  -8.809  -82.703  11.967 0.5000000000
134237  -7.329  -78.782  11.536 0.6000000238
134562  -20.682  -92.194  8.637 0.5000000000
134800  -13.006  -85.996  3.311 0.6000000238
135240  -20.047  -93.422  16.347 0.3000000119
135521  -24.232  -82.663  13.134 0.3000000119
135954  -14.550  -86.445  9.627 0.5000000000
136144  -19.028  -91.791  10.540 0.5000000000
136744  -20.567  -90.912  23.032 0.3000000119
137026  -6.451  -83.169  9.942 0.6000000238
137498  -8.109  -86.972  6.895 0.6000000238
137622  -7.486  -84.690  6.164 0.6000000238
137696  -3.670  -66.270  19.557 0.8000000119
138220  -22.303  -93.276  19.278 0.3000000119
138320  -18.871  -92.166  7.897 0.5000000000
138474  -13.537  -86.921  12.152 0.5000000000
138789  -9.313  -61.639  18.590 0.4000000060
138941  -3.152  -65.170  22.482 0.6999999881
138950  -20.497  -87.296  8.132 0.5000000000
138987  -15.813  -90.419  7.615 0.6000000238
139085  -8.958  -68.078  22.816 0.6000000238
139460  -7.883  -79.594  2.795 0.6000000238
139490  -22.444  -87.322  6.993 0.5000000000
139949  -9.946  -71.617  23.044 0.5000000000
140138  -10.274  -88.308  9.206 0.5000000000
140227  -8.757  -79.074  3.161 0.5000000000
140352  -10.926  -85.185  6.416 0.6999999881
141548  -7.403  -82.360  4.693 0.6999999881
142223  -16.742  -87.451  4.627 0.5000000000
142748  -18.700  -90.304  17.172 0.4000000060
142772  -17.214  -89.669  11.338 0.6000000238
144288  -3.820  -84.510  7.704 0.6999999881
144432  -17.132  -90.761  10.579 0.6000000238
144498  -9.021  -80.187  15.026 0.6000000238
144752  -25.299  -86.257  12.967 0.3000000119
144925  -1.232  -81.946  11.565 0.6000000238
145433  -21.079  -90.208  20.294 0.3000000119
145613  -18.786  -90.226  16.003 0.4000000060
145635  -16.903  -86.929  12.714 0.5000000000
145641  -6.878  -81.249  4.747 0.6999999881
146102  -20.446  -91.433  10.561 0.6000000238
146226  -14.987  -71.828  10.476 0.6999999881
146327  -3.351  -78.771  12.843 0.5000000000
146448  -0.655  -79.483  12.728 0.5000000000
146636  -9.721  -83.648  5.664 0.6999999881
146845  -10.877  -73.445  18.133 0.6999999881
147120  -6.938  -80.451  3.456 0.6999999881
147190  -9.934  -80.590  15.996 0.6000000238
147229  -13.863  -73.861  10.195 0.8000000119
147318  -0.975  -80.679  11.243 0.6999999881
147337  -25.149  -90.858  9.956 0.6000000238
147411  -12.578  -73.721  16.102 0.6999999881
147638  -10.784  -67.943  15.353 0.5000000000
147836  -3.927  -77.565  12.352 0.5000000000
148059  -16.920  -89.565  9.958 0.6000000238
148080  -12.757  -73.824  10.687 0.8000000119
148372  -8.339  -77.447  11.885 0.5000000000
148464  -8.137  -58.961  24.013 0.5000000000
148532  -4.580  -65.166  19.391 0.5000000000
148798  -13.502  -74.688  6.520 0.6999999881
148915  -9.914  -64.482  16.421 0.4000000060
149336  -22.966  -92.000  23.853 0.3000000119
149379  -8.808  -65.130  21.288 0.5000000000
149634  -10.010  -82.787  4.650 0.6000000238
149688  -13.319  -73.521  15.996 0.6000000238
150058  -24.979  -87.957  15.739 0.3000000119
150064  -22.362  -86.303  11.076 0.4000000060
150069  -13.632  -73.928  12.095 0.8000000119
150272  -13.527  -69.504  12.515 0.5000000000
150313  -17.324  -91.856  8.025 0.6999999881
150314  -11.358  -82.596  2.967 0.4000000060
150383  -22.271  -87.522  10.263 0.4000000060
150589  -11.775  -75.760  8.342 0.5000000000
151304  -12.116  -66.891  12.875 0.5000000000
151820  -19.206  -90.351  14.841 0.4000000060
151989  -7.595  -67.827  21.816 0.6999999881
152183  -7.304  -82.080  12.534 0.5000000000
152242  -16.627  -87.783  5.177 0.6000000238
152345  -6.694  -76.287  6.952 0.6000000238
152353  -25.952  -87.563  13.427 0.3000000119
152742  -28.038  -90.418  14.584 0.3000000119
152773  -11.961  -65.113  19.255 0.4000000060
153138  -1.140  -80.953  10.396 0.6999999881
153399  -20.380  -91.025  22.459 0.3000000119
153409  -22.757  -88.007  18.431 0.3000000119
153501  -11.364  -74.087  6.222 0.5000000000
153502  -11.322  -71.685  20.572 0.6999999881
153693  -10.235  -69.769  18.049 0.6999999881
154013  -14.142  -76.972  12.700 0.5000000000
154126  -11.314  -81.357  11.239 0.6000000238
154224  -7.816  -56.463  24.469 0.4000000060
154279  -9.134  -82.441  13.656 0.6000000238
154305  -9.917  -76.430  11.572 0.6000000238
