#!ascii label  , from subject sub-v1s8x0051328_ses-1 vox2ras=TkReg
509
70918  21.211  -8.562  5.744 0.0000000000
76872  29.220  -2.862  1.137 0.0000000000
84854  29.081  5.466  0.916 0.0000000000
140873  22.148  2.932  -0.579 0.0000000000
67524  22.696  -12.288  8.878 0.0000000000
69831  25.440  -9.422  6.911 0.0000000000
72914  25.237  -6.611  2.828 0.0000000000
77878  23.316  -1.668  0.306 0.0000000000
79889  29.282  1.043  0.564 0.0000000000
81016  28.302  1.733  -7.530 0.0000000000
150208  28.186  10.042  -1.505 0.0000000000
140433  21.644  -11.116  7.082 0.0000000000
68723  24.211  -10.458  7.557 0.0000000000
69844  23.946  -9.914  5.561 0.0000000000
149048  20.870  -4.131  1.798 0.0000000000
77881  20.835  -1.014  1.165 0.0000000000
83925  25.175  4.126  0.730 0.0000000000
80955  25.449  1.782  0.458 0.0000000000
82035  29.277  3.028  0.463 0.0000000000
150624  29.948  0.899  -2.772 0.0000000000
83053  29.715  3.880  -3.881 0.0000000000
91476  27.579  12.186  0.944 0.0000000000
141577  27.731  10.168  1.057 0.0000000000
90526  26.801  11.910  -2.071 0.0000000000
74889  27.032  -4.897  2.514 0.0000000000
130143  27.507  -6.228  3.309 0.0000000000
75839  29.460  -4.034  2.786 0.0000000000
142472  25.726  5.898  1.642 0.0000000000
77889  30.534  -1.597  -0.569 0.0000000000
72897  20.185  -6.342  5.426 0.0000000000
71920  22.828  -7.572  4.213 0.0000000000
72930  21.022  -5.941  2.309 0.0000000000
74900  23.691  -4.542  1.645 0.0000000000
130650  26.170  -2.642  1.628 0.0000000000
79891  22.306  0.627  -0.578 0.0000000000
131217  25.363  0.109  0.533 0.0000000000
78866  29.258  -0.918  0.814 0.0000000000
78909  30.098  -1.399  -3.378 0.0000000000
137686  26.864  8.251  1.946 0.0000000000
86721  29.322  7.595  -0.504 0.0000000000
89552  24.538  10.345  -3.821 0.0000000000
87660  26.981  8.228  -3.320 0.0000000000
85811  29.024  5.754  -3.513 0.0000000000
83983  27.898  4.658  -5.202 0.0000000000
70924  25.515  -8.490  4.451 0.0000000000
71902  19.623  -7.827  6.533 0.0000000000
69833  19.641  -8.913  7.498 0.0000000000
69846  21.377  -9.485  6.124 0.0000000000
68744  22.740  -10.703  6.142 0.0000000000
69859  22.634  -9.454  5.399 0.0000000000
83907  27.448  4.500  1.339 0.0000000000
82996  26.996  3.720  1.181 0.0000000000
143768  28.977  4.147  1.211 0.0000000000
83940  30.141  3.782  -0.782 0.0000000000
83949  29.916  4.671  -0.795 0.0000000000
91496  27.687  13.109  -0.901 0.0000000000
149777  27.813  12.323  -0.959 0.0000000000
91507  26.749  12.698  -2.057 0.0000000000
75860  28.775  -4.157  1.122 0.0000000000
74887  28.326  -5.014  1.659 0.0000000000
75847  29.287  -4.085  1.767 0.0000000000
84833  24.084  5.133  0.933 0.0000000000
85746  24.902  6.132  1.623 0.0000000000
67542  21.391  -11.960  8.098 0.0000000000
134024  22.241  -12.883  9.308 0.0000000000
66473  23.081  -12.480  9.701 0.0000000000
67523  23.500  -11.802  9.312 0.0000000000
69832  24.810  -9.896  7.312 0.0000000000
68708  25.270  -10.056  8.755 0.0000000000
144035  20.528  -5.771  3.243 0.0000000000
72919  19.957  -6.233  2.383 0.0000000000
76878  22.372  -2.952  1.143 0.0000000000
75866  22.631  -3.921  1.356 0.0000000000
133735  24.097  -2.911  1.233 0.0000000000
76876  24.824  -3.115  1.445 0.0000000000
77859  24.611  -2.240  1.144 0.0000000000
79893  20.831  1.109  0.009 0.0000000000
80967  22.483  1.480  -0.632 0.0000000000
144088  26.371  1.459  0.732 0.0000000000
79877  25.430  0.952  0.489 0.0000000000
156001  26.987  0.709  1.056 0.0000000000
138896  27.119  -0.217  1.203 0.0000000000
79874  28.964  0.099  0.721 0.0000000000
78884  29.757  -1.171  -0.198 0.0000000000
79900  29.792  -0.376  -1.610 0.0000000000
80995  28.962  1.224  -4.758 0.0000000000
79920  29.992  0.185  -5.091 0.0000000000
88579  28.067  9.974  0.307 0.0000000000
87625  27.427  8.935  1.623 0.0000000000
87637  28.133  8.726  1.188 0.0000000000
86713  28.570  7.874  1.125 0.0000000000
86722  28.902  8.537  -0.588 0.0000000000
138013  28.081  7.105  -3.300 0.0000000000
85814  26.791  6.018  -4.166 0.0000000000
151852  27.820  4.853  -4.022 0.0000000000
147867  23.464  -6.837  3.093 0.0000000000
71919  23.766  -8.002  4.093 0.0000000000
71931  25.001  -7.277  3.284 0.0000000000
132718  28.464  -5.834  4.774 0.0000000000
72905  27.449  -6.783  4.774 0.0000000000
67560  21.130  -11.307  7.634 0.0000000000
67559  21.942  -11.683  7.420 0.0000000000
67540  23.154  -11.713  8.392 0.0000000000
68724  23.374  -10.954  6.861 0.0000000000
68742  24.170  -10.254  6.718 0.0000000000
69843  24.362  -9.993  6.016 0.0000000000
76862  19.896  -2.840  3.015 0.0000000000
77861  21.062  -1.949  1.342 0.0000000000
77880  21.690  -1.362  0.709 0.0000000000
83012  23.767  3.783  0.085 0.0000000000
82054  23.490  2.363  -0.451 0.0000000000
142099  24.942  2.957  0.203 0.0000000000
134066  27.051  2.812  1.013 0.0000000000
82052  29.376  2.050  0.387 0.0000000000
80963  29.891  1.080  -0.857 0.0000000000
149971  30.298  2.350  -1.716 0.0000000000
82070  29.940  2.727  -3.333 0.0000000000
82084  29.114  2.381  -4.809 0.0000000000
90493  26.594  11.293  2.167 0.0000000000
90504  27.485  11.355  1.145 0.0000000000
89538  28.025  10.821  -0.248 0.0000000000
89540  27.946  10.852  -1.271 0.0000000000
73918  25.567  -5.865  2.564 0.0000000000
73907  26.325  -6.500  2.985 0.0000000000
73916  27.509  -5.551  2.611 0.0000000000
74877  28.501  -5.044  2.779 0.0000000000
83026  22.083  3.880  -0.673 0.0000000000
83926  24.326  4.356  0.572 0.0000000000
83909  24.865  4.818  1.063 0.0000000000
84830  27.288  5.400  1.467 0.0000000000
67539  24.013  -11.212  8.859 0.0000000000
136190  29.809  -1.973  0.602 0.0000000000
76871  29.703  -2.625  1.429 0.0000000000
71910  20.712  -7.618  5.548 0.0000000000
70928  21.582  -7.858  5.155 0.0000000000
71922  21.147  -6.914  4.995 0.0000000000
72916  22.726  -6.632  3.145 0.0000000000
72928  23.169  -6.414  2.704 0.0000000000
73931  21.300  -5.398  1.905 0.0000000000
73930  22.501  -5.324  1.823 0.0000000000
74891  24.788  -5.257  2.143 0.0000000000
144986  25.286  -4.589  1.967 0.0000000000
75862  26.883  -3.397  2.033 0.0000000000
76874  28.327  -3.079  1.395 0.0000000000
153225  21.982  -0.409  -0.189 0.0000000000
78885  23.227  -0.480  -0.364 0.0000000000
80965  23.838  0.922  -0.370 0.0000000000
79878  23.939  -0.138  -0.121 0.0000000000
78870  24.405  -0.814  0.301 0.0000000000
78853  25.784  -1.152  1.211 0.0000000000
78851  27.832  -1.333  1.258 0.0000000000
77855  29.113  -2.428  1.106 0.0000000000
77891  29.965  -1.692  -0.298 0.0000000000
78897  30.376  -1.367  -1.933 0.0000000000
79908  29.803  -1.009  -3.504 0.0000000000
150922  26.642  6.838  1.894 0.0000000000
85743  27.523  6.569  1.570 0.0000000000
85765  29.263  6.286  0.625 0.0000000000
90549  26.031  11.267  -3.184 0.0000000000
88587  26.570  9.795  -2.802 0.0000000000
140969  25.431  8.846  -3.069 0.0000000000
87649  27.661  8.770  -2.738 0.0000000000
86731  28.847  8.060  -1.858 0.0000000000
131359  29.654  6.728  -2.091 0.0000000000
85799  30.014  6.175  -1.814 0.0000000000
84891  29.299  5.141  -3.295 0.0000000000
83972  28.249  4.596  -4.853 0.0000000000
83082  28.334  2.925  -6.851 0.0000000000
70917  22.895  -8.861  4.912 0.0000000000
69857  24.372  -9.324  5.120 0.0000000000
70915  25.521  -8.958  5.305 0.0000000000
71930  26.486  -7.394  3.599 0.0000000000
71909  26.614  -7.894  5.260 0.0000000000
70919  20.208  -8.124  6.078 0.0000000000
70907  19.975  -8.479  6.794 0.0000000000
154858  20.634  -8.830  6.320 0.0000000000
68746  20.583  -9.534  6.876 0.0000000000
69860  21.915  -9.282  5.648 0.0000000000
83924  28.426  4.880  1.253 0.0000000000
83923  29.328  4.723  0.651 0.0000000000
140490  29.656  4.937  -0.104 0.0000000000
145603  27.043  13.268  -1.666 0.0000000000
75848  28.730  -4.598  1.176 0.0000000000
76861  29.015  -3.882  1.069 0.0000000000
66487  21.765  -12.565  8.610 0.0000000000
67509  23.839  -11.978  10.158 0.0000000000
69818  25.591  -9.616  7.960 0.0000000000
69830  26.040  -9.192  7.482 0.0000000000
73898  19.984  -5.771  3.660 0.0000000000
73908  20.039  -5.447  3.409 0.0000000000
76889  22.985  -2.367  0.720 0.0000000000
76877  23.321  -3.175  1.198 0.0000000000
77860  23.700  -2.295  0.879 0.0000000000
82056  21.766  2.207  -0.648 0.0000000000
80954  27.535  1.265  1.035 0.0000000000
80953  28.441  0.953  0.973 0.0000000000
79875  27.883  0.419  1.133 0.0000000000
79888  29.653  -0.006  0.082 0.0000000000
79887  29.758  0.168  -0.598 0.0000000000
81005  28.774  1.473  -6.373 0.0000000000
81004  28.926  0.850  -5.497 0.0000000000
89537  28.340  10.099  -0.751 0.0000000000
88574  28.208  9.217  0.572 0.0000000000
88578  28.425  9.287  -0.260 0.0000000000
87636  28.557  8.632  0.406 0.0000000000
88581  28.602  9.324  -1.292 0.0000000000
147194  26.248  6.160  -4.161 0.0000000000
84900  26.214  6.040  -4.547 0.0000000000
84899  26.843  5.781  -4.338 0.0000000000
72915  24.151  -6.684  2.829 0.0000000000
71932  24.061  -7.375  3.386 0.0000000000
153372  28.070  -6.287  5.043 0.0000000000
68726  20.933  -10.551  7.250 0.0000000000
67561  20.460  -10.732  7.864 0.0000000000
67558  22.752  -11.570  7.474 0.0000000000
68725  22.362  -11.281  6.765 0.0000000000
68759  23.128  -10.083  5.663 0.0000000000
68743  23.633  -10.404  6.096 0.0000000000
77862  20.217  -1.617  1.830 0.0000000000
83011  24.633  3.577  0.316 0.0000000000
82040  24.136  2.858  -0.109 0.0000000000
83010  25.424  3.397  0.573 0.0000000000
83007  28.840  3.450  1.170 0.0000000000
83008  27.885  3.183  1.174 0.0000000000
150288  27.830  2.492  1.099 0.0000000000
82036  28.670  2.652  1.076 0.0000000000
82050  30.168  2.243  -0.975 0.0000000000
83023  30.086  3.099  -0.752 0.0000000000
83036  30.107  3.949  -1.649 0.0000000000
83045  30.341  3.001  -2.163 0.0000000000
83046  29.978  3.667  -2.741 0.0000000000
141847  29.360  3.110  -4.360 0.0000000000
90505  27.119  11.831  1.768 0.0000000000
136885  27.105  11.149  1.729 0.0000000000
90525  27.538  11.730  -1.397 0.0000000000
90517  27.925  11.634  -0.633 0.0000000000
90537  27.324  11.115  -2.026 0.0000000000
73917  26.621  -5.684  2.684 0.0000000000
75840  28.964  -4.615  2.199 0.0000000000
74869  28.688  -4.847  3.849 0.0000000000
83943  20.775  5.057  -1.483 0.0000000000
83928  22.329  4.898  -0.175 0.0000000000
83013  23.007  4.094  -0.273 0.0000000000
83927  23.367  4.772  0.362 0.0000000000
147422  24.619  5.469  1.282 0.0000000000
84832  25.327  5.368  1.387 0.0000000000
84831  26.171  5.320  1.461 0.0000000000
85744  26.502  6.099  1.685 0.0000000000
68710  23.645  -11.073  7.927 0.0000000000
68709  24.484  -10.578  8.435 0.0000000000
68696  24.939  -10.721  9.375 0.0000000000
77873  30.113  -1.722  -0.023 0.0000000000
72898  19.696  -6.554  6.173 0.0000000000
71923  20.512  -6.836  5.375 0.0000000000
72918  20.717  -6.039  2.529 0.0000000000
72917  21.764  -6.475  3.103 0.0000000000
72929  22.020  -6.272  2.680 0.0000000000
74892  20.559  -4.838  2.185 0.0000000000
131462  21.087  -4.791  1.767 0.0000000000
75865  23.340  -4.029  1.414 0.0000000000
74901  22.944  -4.688  1.520 0.0000000000
73929  23.319  -5.229  1.827 0.0000000000
73928  24.000  -5.004  2.038 0.0000000000
74899  24.487  -4.509  1.789 0.0000000000
75863  25.754  -3.297  1.687 0.0000000000
131118  27.243  -2.778  1.624 0.0000000000
79879  21.062  0.401  0.201 0.0000000000
78887  21.776  0.081  -0.308 0.0000000000
78886  22.505  -0.296  -0.415 0.0000000000
82039  24.812  2.254  0.142 0.0000000000
82053  24.087  1.909  -0.354 0.0000000000
80956  24.691  1.392  0.134 0.0000000000
79876  26.205  0.452  0.815 0.0000000000
140605  24.637  0.507  0.194 0.0000000000
129888  24.697  -0.202  0.304 0.0000000000
78869  25.186  -0.616  0.661 0.0000000000
77876  24.912  -1.355  0.846 0.0000000000
78868  26.035  -0.376  0.987 0.0000000000
78867  28.361  -0.544  1.131 0.0000000000
78850  28.849  -1.566  1.129 0.0000000000
77856  28.495  -2.366  1.155 0.0000000000
77875  29.453  -1.786  0.809 0.0000000000
77874  29.813  -1.822  0.407 0.0000000000
78865  29.674  -1.386  0.326 0.0000000000
78898  30.096  -1.389  -1.725 0.0000000000
78883  29.987  -1.638  -0.936 0.0000000000
130436  30.110  -1.420  -2.605 0.0000000000
78908  30.565  -1.274  -2.808 0.0000000000
151063  30.894  -0.922  -3.625 0.0000000000
136604  29.759  -0.264  -2.657 0.0000000000
147896  29.676  0.141  -3.491 0.0000000000
88567  27.121  9.855  1.541 0.0000000000
132003  25.793  8.388  2.071 0.0000000000
86697  26.251  7.520  2.034 0.0000000000
85745  25.725  6.675  1.951 0.0000000000
86696  27.180  7.438  1.815 0.0000000000
151000  27.964  7.395  1.486 0.0000000000
85766  28.606  6.911  1.221 0.0000000000
86712  29.176  7.271  0.514 0.0000000000
90550  25.423  11.484  -3.587 0.0000000000
89551  25.490  10.552  -3.507 0.0000000000
89550  26.255  10.504  -2.942 0.0000000000
88588  25.829  9.720  -3.085 0.0000000000
87661  25.242  7.891  -3.219 0.0000000000
87662  24.431  8.492  -3.639 0.0000000000
138986  26.054  8.420  -3.020 0.0000000000
87650  26.841  9.065  -3.020 0.0000000000
87648  28.485  8.768  -2.062 0.0000000000
86740  27.632  7.936  -3.175 0.0000000000
85812  28.257  6.033  -3.865 0.0000000000
151440  28.882  7.358  -2.363 0.0000000000
139419  28.990  6.533  -3.021 0.0000000000
132636  29.595  6.822  -1.145 0.0000000000
85806  29.660  5.958  -2.678 0.0000000000
84877  29.654  5.253  -2.162 0.0000000000
83964  27.913  4.865  -4.314 0.0000000000
83982  28.228  4.474  -4.890 0.0000000000
83070  28.564  3.362  -5.506 0.0000000000
83071  28.148  3.856  -6.012 0.0000000000
70927  22.420  -8.095  4.739 0.0000000000
144128  23.109  -8.299  4.491 0.0000000000
70925  24.583  -8.646  4.524 0.0000000000
70916  25.043  -9.081  4.876 0.0000000000
69856  24.971  -9.439  5.271 0.0000000000
72913  27.003  -6.876  3.311 0.0000000000
154506  26.515  -7.033  3.266 0.0000000000
71917  26.960  -7.241  4.032 0.0000000000
71908  27.269  -7.266  5.675 0.0000000000
147385  26.949  -7.438  4.785 0.0000000000
71901  26.758  -7.835  6.201 0.0000000000
68745  21.691  -10.485  6.492 0.0000000000
69845  22.225  -10.011  5.821 0.0000000000
83908  26.573  4.569  1.322 0.0000000000
82997  25.996  3.930  0.987 0.0000000000
136308  28.068  3.984  1.247 0.0000000000
83006  29.403  3.841  0.649 0.0000000000
83024  29.655  3.460  -0.217 0.0000000000
83941  29.704  4.251  -0.119 0.0000000000
134468  29.708  4.777  -1.649 0.0000000000
141906  27.744  13.264  -0.087 0.0000000000
91487  27.845  12.457  -0.121 0.0000000000
91506  27.278  12.508  -1.492 0.0000000000
75850  27.551  -4.278  2.192 0.0000000000
74888  27.909  -5.119  1.844 0.0000000000
75849  28.462  -4.542  1.346 0.0000000000
84834  23.909  6.039  1.308 0.0000000000
67543  20.376  -11.374  8.374 0.0000000000
67525  19.907  -11.825  9.151 0.0000000000
66488  20.764  -12.374  8.694 0.0000000000
66474  21.228  -13.103  9.221 0.0000000000
66460  23.432  -12.658  10.612 0.0000000000
69819  24.885  -10.127  8.020 0.0000000000
72907  20.443  -6.214  4.449 0.0000000000
72931  20.148  -6.484  1.855 0.0000000000
75867  21.594  -3.847  1.478 0.0000000000
131615  24.118  -3.754  1.450 0.0000000000
76875  25.349  -2.643  1.455 0.0000000000
77858  25.521  -1.942  1.398 0.0000000000
80968  21.825  1.352  -0.563 0.0000000000
137162  23.020  0.958  -0.616 0.0000000000
149050  25.921  2.039  0.617 0.0000000000
79873  29.494  -0.654  0.387 0.0000000000
78899  29.722  -0.973  -0.880 0.0000000000
134897  29.972  -1.285  -2.660 0.0000000000
80989  29.377  0.737  -4.158 0.0000000000
79913  29.686  -0.199  -4.183 0.0000000000
128970  29.257  0.512  -4.682 0.0000000000
79930  29.268  0.713  -5.803 0.0000000000
88575  27.850  9.495  1.133 0.0000000000
137174  27.724  8.105  1.557 0.0000000000
146944  29.002  8.019  0.248 0.0000000000
86749  26.115  7.418  -3.476 0.0000000000
86748  27.114  7.332  -3.603 0.0000000000
148030  26.537  6.682  -3.856 0.0000000000
85813  27.291  6.403  -3.992 0.0000000000
84892  27.362  5.364  -4.163 0.0000000000
84898  27.360  5.308  -4.140 0.0000000000
83974  27.353  5.204  -4.626 0.0000000000
71933  23.208  -7.225  3.579 0.0000000000
71918  24.807  -7.947  3.898 0.0000000000
136349  25.769  -7.809  3.722 0.0000000000
72904  27.789  -6.202  4.237 0.0000000000
150815  27.332  -6.674  3.891 0.0000000000
72896  27.857  -6.545  5.717 0.0000000000
67541  22.280  -12.066  8.079 0.0000000000
128974  24.746  -9.792  6.571 0.0000000000
75868  20.493  -3.599  2.344 0.0000000000
76880  20.409  -2.651  1.987 0.0000000000
76879  21.368  -2.844  1.393 0.0000000000
153393  22.506  -2.300  0.812 0.0000000000
77879  22.550  -1.693  0.442 0.0000000000
83025  23.066  3.154  -0.340 0.0000000000
82055  22.728  2.280  -0.628 0.0000000000
82038  25.577  2.562  0.521 0.0000000000
83009  26.212  3.129  0.855 0.0000000000
146262  26.367  2.342  0.749 0.0000000000
82037  27.239  2.038  0.902 0.0000000000
143028  28.417  1.797  1.015 0.0000000000
80964  29.746  1.093  -0.069 0.0000000000
139509  29.851  1.871  -0.366 0.0000000000
82069  30.195  1.970  -2.511 0.0000000000
83035  30.284  3.108  -1.297 0.0000000000
80982  29.822  1.412  -3.394 0.0000000000
82078  29.437  1.919  -4.141 0.0000000000
80996  28.852  1.735  -5.473 0.0000000000
89527  27.350  10.646  1.344 0.0000000000
90514  27.815  11.544  0.286 0.0000000000
89535  27.746  10.751  0.636 0.0000000000
73906  27.218  -6.152  2.897 0.0000000000
73905  27.745  -5.564  2.486 0.0000000000
73897  28.165  -5.546  3.699 0.0000000000
141329  25.679  4.664  1.197 0.0000000000
84855  28.423  5.929  1.248 0.0000000000
67522  24.338  -11.414  9.730 0.0000000000
77853  29.689  -2.305  0.981 0.0000000000
71921  22.034  -7.126  4.591 0.0000000000
72906  21.333  -6.345  3.860 0.0000000000
71934  22.400  -6.750  3.841 0.0000000000
72927  23.715  -6.103  2.515 0.0000000000
131600  20.464  -5.020  3.058 0.0000000000
73921  19.955  -6.037  1.715 0.0000000000
74902  22.054  -4.699  1.593 0.0000000000
73920  22.052  -5.726  2.226 0.0000000000
141602  22.949  -5.833  2.274 0.0000000000
73919  23.864  -5.552  2.275 0.0000000000
72926  24.532  -6.034  2.466 0.0000000000
74890  25.904  -5.090  2.268 0.0000000000
74898  26.273  -4.135  2.189 0.0000000000
75864  25.114  -3.899  1.699 0.0000000000
75861  28.059  -3.750  1.618 0.0000000000
76873  28.918  -3.286  1.089 0.0000000000
78874  20.532  -0.128  0.903 0.0000000000
78873  21.457  -0.461  0.358 0.0000000000
148822  22.206  -0.879  0.078 0.0000000000
78872  22.926  -1.034  -0.136 0.0000000000
80966  23.293  1.646  -0.586 0.0000000000
79890  23.148  0.230  -0.567 0.0000000000
78871  23.653  -0.975  -0.021 0.0000000000
77877  24.087  -1.533  0.520 0.0000000000
77857  26.440  -1.887  1.546 0.0000000000
78852  26.752  -1.115  1.323 0.0000000000
137423  27.545  -2.074  1.361 0.0000000000
77854  29.508  -2.206  0.908 0.0000000000
77900  30.195  -1.586  -1.170 0.0000000000
78882  31.095  -1.267  -1.107 0.0000000000
78931  29.875  -0.317  -4.355 0.0000000000
78918  30.447  -1.008  -4.098 0.0000000000
135657  26.520  9.101  1.908 0.0000000000
91517  26.243  12.512  -2.707 0.0000000000
142065  26.316  11.774  -2.784 0.0000000000
91527  25.853  11.990  -3.242 0.0000000000
90538  26.579  11.170  -2.542 0.0000000000
89544  26.988  10.465  -2.513 0.0000000000
88585  27.337  9.684  -2.583 0.0000000000
88589  25.026  9.593  -3.575 0.0000000000
150855  26.100  9.150  -2.883 0.0000000000
88584  28.056  9.512  -2.071 0.0000000000
87643  28.851  8.592  -1.418 0.0000000000
87642  29.111  8.087  -1.169 0.0000000000
86711  29.547  6.723  -0.193 0.0000000000
85785  29.708  6.138  -0.818 0.0000000000
85764  29.624  6.049  -0.088 0.0000000000
84878  29.804  5.449  -1.244 0.0000000000
83958  29.587  4.488  -2.749 0.0000000000
147517  28.149  4.996  -4.139 0.0000000000
138462  28.327  4.740  -4.596 0.0000000000
83061  28.918  4.126  -4.692 0.0000000000
83062  28.810  3.622  -4.898 0.0000000000
82085  28.822  2.690  -5.275 0.0000000000
82094  28.630  2.282  -6.384 0.0000000000
83995  27.672  4.287  -6.828 0.0000000000
83083  27.745  3.301  -7.660 0.0000000000
82104  28.067  2.353  -8.121 0.0000000000
82116  27.981  1.953  -8.170 0.0000000000
133514  22.105  -8.711  5.248 0.0000000000
69858  23.472  -9.457  5.229 0.0000000000
70926  23.722  -8.765  4.759 0.0000000000
140199  24.558  -9.673  5.542 0.0000000000
69842  25.095  -9.565  5.902 0.0000000000
70906  25.770  -8.973  6.239 0.0000000000
146760  25.914  -7.122  3.266 0.0000000000
133202  26.405  -7.930  4.297 0.0000000000
70923  26.081  -8.414  4.946 0.0000000000
70914  26.135  -8.368  5.783 0.0000000000
70899  26.052  -8.954  6.953 0.0000000000
76860  29.475  -3.227  1.640 0.0000000000
143956  29.811  -3.377  2.558 0.0000000000
72937  20.302  -6.121  1.748 0.0000000000
76890  21.955  -2.183  0.977 0.0000000000
77890  30.072  -1.703  -0.727 0.0000000000
79892  21.493  0.872  -0.336 0.0000000000
79921  29.451  0.278  -4.828 0.0000000000
80975  30.021  1.127  -1.831 0.0000000000
82051  29.705  2.674  -0.302 0.0000000000
82103  27.867  1.940  -7.763 0.0000000000
83942  21.575  5.066  -1.147 0.0000000000
83963  29.254  4.642  -3.982 0.0000000000
83973  27.830  4.900  -4.240 0.0000000000
84853  29.472  5.507  0.252 0.0000000000
84872  29.691  5.480  -0.455 0.0000000000
86730  29.297  7.471  -1.487 0.0000000000
86739  28.276  8.022  -2.619 0.0000000000
89543  27.705  10.312  -2.060 0.0000000000
90551  24.720  11.690  -3.893 0.0000000000
91518  25.672  12.618  -3.261 0.0000000000
130411  20.872  -3.449  1.683 0.0000000000
143655  20.443  -5.661  1.816 0.0000000000
152498  27.588  4.714  -4.213 0.0000000000
155867  30.216  -2.280  1.393 0.0000000000
